20221212 AAS -1500 -6540000
20221213 AAS -1800 -16430000.000000002
20221214 AAS -14200 -147460000
20221215 AAS -77200 -827880000
20221216 AAS 14900 160400000
20221219 AAS -59600 -540942500
20221220 AAS -20500 -71815000
20221221 AAS 12000 39735000
20221222 AAS 5400 -43471000
20221223 AAS 4500 49710000
20221226 AAS 200 40614000
20221227 AAS -2800 42162400
20221228 AAS -15800 -145400000
20221229 AAS -19300 -16047500
20221230 AAS -22300 -78752400
20230103 AAS 63000 723779200
20230104 AAS 500 84625200
20230105 AAS -75600 -425440400
20230106 AAS 700 13130000
20230109 AAS -15800 -165920000
20230110 AAS 38900 410600000
20230111 AAS -13300 -263090100
20230112 AAS 5500 61190000
20230113 AAS -6600 -132827300
20230116 AAS -1200 -23289000.000000004
20230117 AAS 4700 186390200
20230118 AAS -14900 -1609500
20230119 AAS -40300 -449990000
20230127 AAS -5900 -67237600
20230130 AAS -26100 -299530000
20230131 AAS 32900 389212300
20230201 AAS -121600 -248096300
20230202 AAS 4700 98396000
20230203 AAS -23400 -157020100
20230206 AAS 11900 -18300400
20230207 AAS -24200 -120334100
20230208 AAS -29400 -292712000
20230209 AAS 4900 24419700
20230210 AAS -3300 -34740000
20230213 AAS 11900 123060000
