20230223 AAT 21600 119000000 811187000 500 800
20230223 AAT 21800 120015000 809657000 2000 3600
20230223 AAT 22200 122031000 801513000 2000 2000
20230223 AAT 22600 123949000 774401000 1200 1500
20230223 AAT 22600 124100000 816287000  1000
20230223 AAT 23000 125981000 776433000  400
20230223 AAT 23200 127003000 777455000  200
20230223 AAT 23200 127081000 793863000 2300 2300
20230223 AAT 23400 128101000 794883000  200
20230223 AAT 23500 128509000 772877000 12600 12600
20230223 AAT 23500 128611000 795393000  100
20230223 AAT 24000 131161000 797943000  500
20230223 AAT 24100 131449000 705817000 10500 16700
20230223 AAT 24200 132191000 801513000 500 1200
20230223 AAT 25300 137783000 792835000 600 600
20230223 AAT 25500 138811000 793863000  200
20230223 AAT 25900 140850000 792835000 200 200
20230223 AAT 26100 141872000 792835000 100 100
20230223 AAT 26200 142383000 792835000  3000
20230223 AAT 30400 163453000 737821000  6300
20230223 AAT 31700 170057000 744425000  1300
20230223 AAT 32100 172089000 750521000 800 2000
20230223 AAT 32300 173105000 694133000 10000 10000
20230223 AAT 36100 192413000 772877000 400 4800
20230223 AAT 39900 211741000 501994000 18700 32700
20230223 AAT 40300 213588000 408844000 11400 13300
20230223 AAT 40500 214608000 409864000  200
20230223 AAT 41000 217332000 645252000 9400 15000
20230223 AAT 41100 217668000 412924000  600
20230223 AAT 41100 217843000 646272000 100 300
20230223 AAT 41700 220903000 649332000  600
20230223 AAT 41800 221396000 542636000 6000 6400
20230223 AAT 42300 223905000 694133000 5000 5000
20230223 AAT 43000 227490000 518250000 100 3300
20230223 AAT 43600 230574000 669692000 2100 6100
20230223 AAT 44600 235518000 430774000  3500
20230223 AAT 44800 236636000 616804000 10000 15100
20230223 AAT 47300 249334000 540094000  4300
20230223 AAT 47300 249405000 694133000 1100 1100
20230223 AAT 47400 249844000 540604000  100
20230223 AAT 47500 250425000 689543000  3900
20230223 AAT 48400 255015000 694133000  900
20230223 AAT 49700 261528000 590896000 500 500
20230223 AAT 49800 261880000 399154000 200 200
20230223 AAT 50000 262902000 399154000 300 400
20230223 AAT 50200 263936000 398636000 26000 26000
20230223 AAT 50200 264068000 590896000 1100 10600
20230223 AAT 76200 398636000 398636000  98000
20230223 AAT "acum_busd" "acum_busd_val" "acum_val_bu" "sd" "sum_vol"
