20221212 ABI 0 -3306300 3700 100 200
20221212 ABI -3000 -104506300 3700 3000 3000
20221212 ABI -3900 -134926300 3700 900 900
20221212 ABI -4000 -138306300 3700 100 100
20221212 ABI -5000 -172006300 3700 1000 1000
20221212 ABI -5500 -188676300 3553700  100
20221212 ABI -5600 -192036300 3553700 100 100
20221212 ABI -5600 -192226300 3700 600 600
20221212 ABI -5900 -202116300 3553700 300 300
20221212 ABI "acum_busd" "acum_busd_val" "acum_val_bu" "sd" "sum_vol"
20221213 ABI 0 -3246400 3600 100 200
20221213 ABI "acum_busd" "acum_busd_val" "acum_val_bu" "sd" "sum_vol"
20221214 ABI 100 3600 3600  100
20221214 ABI 300 7163599.999999999 7163599.999999999  200
20221214 ABI 500 14283600 14283600  200
20221214 ABI "acum_busd" "acum_busd_val" "acum_val_bu" "sd" "sum_vol"
20221215 ABI 200 7159999.999999999 7159999.999999999  200
20221215 ABI "acum_busd" "acum_busd_val" "acum_val_bu" "sd" "sum_vol"
20221216 ABI 100 4560000 17900000  500
20221216 ABI -200 -6640000.000000001 0 200 200
20221216 ABI -300 -9990000 0 100 100
20221216 ABI -400 -13340000 0  100
20221216 ABI -400 -13340000 0 100 100
20221216 ABI "acum_busd" "acum_busd_val" "acum_val_bu" "sd" "sum_vol"
20221219 ABI 0 0 0  100
20221219 ABI 1000 30583500.000000007 97733500 700 700
20221219 ABI -100 -6556500 37073500  1000
20221219 ABI -100 -6696500 3500  100
20221219 ABI -1100 -40256500 3373500.0000000005  100
20221219 ABI -1200 -43626500 3500 400 400
20221219 ABI 1500 47363500.00000001 90993500  1600
20221219 ABI 1700 54103500.00000001 97733500  200
20221219 ABI -200 -6700000 0 200 200
20221219 ABI -300 -13396500 3500 200 200
20221219 ABI -400 -16746500 3500 100 100
20221219 ABI -600 -23446500 3500 200 200
20221219 ABI -800 -30146500 3500  100
20221219 ABI -800 -30146500 3500 200 200
20221219 ABI "acum_busd" "acum_busd_val" "acum_val_bu" "sd" "sum_vol"
20221220 ABI 0 0 0  100
20221220 ABI 0 10090100 56440000  100
20221220 ABI 0 10090100 56440000 300 300
20221220 ABI -100 -3310000 0 100 100
20221220 ABI 300 10100000 56440000  1000
20221220 ABI 500 16550000 19860000  600
20221220 ABI 600 20030000 23340000  100
20221220 ABI -600 -9619900 59900000  100
20221220 ABI -700 -13079900 56440000 700 700
20221220 ABI -700 -23000000 23340000 1300 1300
20221220 ABI "acum_busd" "acum_busd_val" "acum_val_bu" "sd" "sum_vol"
20221221 ABI 100 3400 3400  200
20221221 ABI 200 3393400 3393400  100
20221221 ABI "acum_busd" "acum_busd_val" "acum_val_bu" "sd" "sum_vol"
20221222 ABI 100 3390000 3390000  100
20221222 ABI 500 3404000 3404000  400
20221222 ABI 5300 -3191000 3589000 100 100
20221222 ABI 5400 199000 3589000 100 100
20221222 ABI 5500 3589000 3589000  5000
20221222 ABI 5800 14659000 21439000  500
20221222 ABI "acum_busd" "acum_busd_val" "acum_val_bu" "sd" "sum_vol"
20221223 ABI 0 490000.00000000047 7210000  100
20221223 ABI -100 -3099999.9999999995 3620000.0000000005 200 200
20221223 ABI 100 3620000.0000000005 3620000.0000000005  100
20221223 ABI "acum_busd" "acum_busd_val" "acum_val_bu" "sd" "sum_vol"
20221226 ABI 0 4186599.9999999995 21880000  100
20221226 ABI 0 660000 18350000 400 400
20221226 ABI -100 656600 18350000 100 100
20221226 ABI 400 15020000 18350000 100 600
20221226 ABI -700 7689399.999999999 25410000  100
20221226 ABI -700 7689399.999999999 25410000  3000
20221226 ABI -800 4159399.9999999995 21880000 800 800
20221226 ABI "acum_busd" "acum_busd_val" "acum_val_bu" "sd" "sum_vol"
20221227 ABI 0 -3606400 14443600 500 1000
20221227 ABI 2400 -3534400 14539600 800 4000
20221227 ABI 7000 161605600 179679600  4600
20221227 ABI "acum_busd" "acum_busd_val" "acum_val_bu" "sd" "sum_vol"
20221228 ABI 100 3600 3600  100
20221228 ABI 100 3600 3600  100
20221228 ABI 100 3600 3600  500
20221228 ABI 200 3493600 3493600  100
20221228 ABI "acum_busd" "acum_busd_val" "acum_val_bu" "sd" "sum_vol"
20221229 ABI 100 3740000 3740000  2200
20221229 ABI 2600 94990000 94990000  200
20221229 ABI 2600 94990000 94990000  2500
20221229 ABI 2900 105760000 105760000  300
20221229 ABI 3800 138070000 138070000  900
20221229 ABI 4300 156020000 156020000  500
20221229 ABI 4300 156020000 156020000  600
20221229 ABI "acum_busd" "acum_busd_val" "acum_val_bu" "sd" "sum_vol"
20221230 ABI 0 0 0  700
20221230 ABI 1000 34000 34000  1000
20221230 ABI 1300 10504000 10504000  300
20221230 ABI 1500 17404000 17404000  200
20221230 ABI 6800 206737600 213987600 200 500
20221230 ABI 6900 213984000 213984000  5400
20221230 ABI 8700 276027600 283277600  1900
20221230 ABI "acum_busd" "acum_busd_val" "acum_val_bu" "sd" "sum_vol"
20230103 ABI 0 0 3510000  100
20230103 ABI -100 -3510000 0 100 100
20230103 ABI 1100 38740000 42250000  800
20230103 ABI -1200 -7325000 108375000  500
20230103 ABI 1500 52780000 56290000  400
20230103 ABI -1700 -24475000 56325000  700
20230103 ABI -1700 -24575000 91125000  1000
20230103 ABI -200 -6890000 56290000  200
20230103 ABI -200 -6890000 56290000 700 700
20230103 ABI -2400 -24499500 56300500  300
20230103 ABI -2700 -24510000 56290000 2000 2000
20230103 ABI -2700 -59375000 56325000 1000 1000
20230103 ABI 300 10530000 14040000  300
20230103 ABI 500 17680000 56290000 1000 1000
20230103 ABI -700 -24440000 56290000 500 500
20230103 ABI "acum_busd" "acum_busd_val" "acum_val_bu" "sd" "sum_vol"
20230104 ABI 0 3586500 3590000 100 100
20230104 ABI -100 3583000 3590000  1000
20230104 ABI -100 3583000 3590000 100 100
20230104 ABI 100 3590000 3590000  100
20230104 ABI -1300 -38097000 41870000 400 1500
20230104 ABI -1400 -34534000 45440000  100
20230104 ABI -1500 -38104000 41870000 200 200
20230104 ABI -2000 -62537000 3590000 1900 1900
20230104 ABI -3000 -34590000 45440000 1600 1600
20230104 ABI -4300 -31089000 48990000  100
20230104 ABI -4400 -34639000 45440000 1400 1400
20230104 ABI -5100 -58929000 48990000 800 800
20230104 ABI -5600 -76319000 52480000  100
20230104 ABI -5700 -79809000 48990000 600 600
20230104 ABI "acum_busd" "acum_busd_val" "acum_val_bu" "sd" "sum_vol"
20230105 ABI 100 3570000.0000000005 3570000.0000000005  100
20230105 ABI 1300 38377000 38377000  500
20230105 ABI 200 3573500.0000000005 3573500.0000000005  100
20230105 ABI 300 3577000.0000000005 3577000.0000000005  100
20230105 ABI 800 20977000 20977000  100
20230105 ABI 800 20977000 20977000  500
20230105 ABI "acum_busd" "acum_busd_val" "acum_val_bu" "sd" "sum_vol"
20230106 ABI 1700 69803200 69810000  900
20230106 ABI 2000 80153200 80160000  300
20230106 ABI -200 -6800 0 200 200
20230106 ABI 2200 87053200 87060000  200
20230106 ABI 2700 104303200 104310000  500
20230106 ABI 3000 114653200 114660000  300
20230106 ABI 3100 118103200 118110000  400
20230106 ABI 3100 118413200 125260000 100 100
20230106 ABI 3100 118473200 128730000 100 200
20230106 ABI 3200 121763200 121770000  100
20230106 ABI 3200 121763200 121770000  100
20230106 ABI 3200 121833200 125260000 100 200
20230106 ABI 3200 121883200 128730000  100
20230106 ABI 3300 125253200 125260000  100
20230106 ABI 800 36683200 36690000  1000
20230106 ABI "acum_busd" "acum_busd_val" "acum_val_bu" "sd" "sum_vol"
20230109 ABI 1100 23684400 27054400 100 100
20230109 ABI 1200 27054400 27054400  400
20230109 ABI 1200 27104400 30474400  100
20230109 ABI 800 27040000 27040000  900
20230109 ABI "acum_busd" "acum_busd_val" "acum_val_bu" "sd" "sum_vol"
20230110 ABI 100 3400 3400  400
20230110 ABI 14000 172335600 172335600  7000
20230110 ABI 14100 175625600 175625600  100
20230110 ABI 14900 201945600 201945600  800
20230110 ABI 16000 205268600 205268600  1100
20230110 ABI 16700 228298600 228298600  700
20230110 ABI 16800 231588600 231588600  100
20230110 ABI 1700 57800 57800  1100
20230110 ABI 17100 241458600 241458600  300
20230110 ABI 17200 244748600 244748600  100
20230110 ABI 17400 251328600 251328600  200
20230110 ABI 17700 261198600 261198600  300
20230110 ABI 17800 264488600 264488600  100
20230110 ABI 1800 3407800 3407800  100
20230110 ABI 19400 317128600 326998600 300 500
20230110 ABI 19500 320418600 320418600  1700
20230110 ABI 19600 317135200 327005200  200
20230110 ABI 20100 317151700 327021700  500
20230110 ABI 20200 317155000 327025000  100
20230110 ABI 20300 320445000 330315000  100
20230110 ABI 20700 333605000 343475000  400
20230110 ABI 20800 336895000 346765000  100
20230110 ABI 20800 337095000 411965000 2000 2200
20230110 ABI 2200 16807800 16807800  400
20230110 ABI 22600 395575000 405445000  1800
20230110 ABI 3900 67214600 67214600  1700
20230110 ABI 4000 70704600 70704600  100
20230110 ABI 4000 70704600 70704600  100
20230110 ABI 7000 172104600 172104600  3000
20230110 ABI 700 23800 23800  600
20230110 ABI "acum_busd" "acum_busd_val" "acum_val_bu" "sd" "sum_vol"
20230111 ABI 20500 676500 676500  20000
20230111 ABI 34200 460276500 476376500 500 500
20230111 ABI 34300 462976500 462976500  13800
20230111 ABI 34700 476376500 476376500  400
20230111 ABI 35000 483449800 499648800 1000 1000
20230111 ABI 35300 483459700 499658700  300
20230111 ABI 35500 483466300 499665300  200
20230111 ABI 35800 473556100 489718800 1900 1900
20230111 ABI 35900 476866100 493028800  100
20230111 ABI 36000 483482800 499648800 100 100
20230111 ABI 36100 483486100 499648800  200
20230111 ABI 36500 483499300 499698300  1000
20230111 ABI 36800 483509200 499708200  300
20230111 ABI 37500 473612200 489712200  3300
20230111 ABI 37700 473618800 489718800  200
20230111 ABI 500 16500 16500  500
20230111 ABI "acum_busd" "acum_busd_val" "acum_val_bu" "sd" "sum_vol"
20230112 ABI 63200 28540000 35209500 1500 1500
20230112 ABI 63200 28540000 35209500  200
20230112 ABI 63400 35160000 41829500  1000
20230112 ABI 63400 35160000 41829500  200
20230112 ABI 63500 2095500 2095500  63500
20230112 ABI 63500 41856700 61689500 100 100
20230112 ABI 63600 45126700 61689500 100 100
20230112 ABI 63700 -4510500 2109500 200 200
20230112 ABI 63700 48396700 61689500 100 100
20230112 ABI 63800 48400000 61689500 200 200
20230112 ABI 63900 2109500 2109500  400
20230112 ABI 64000 55020000 61689500  600
20230112 ABI 64700 28589500 35209500  1000
20230112 ABI "acum_busd" "acum_busd_val" "acum_val_bu" "sd" "sum_vol"
20230113 ABI 300 9900 9900  300
20230113 ABI 400 13200 13200  100
20230113 ABI 500 16500 16500  100
20230113 ABI 5500 181500 181500  5000
20230113 ABI 5800 191400 191400  300
20230113 ABI 5900 194700 194700  100
20230113 ABI 6000 198000 198000  100
20230113 ABI 7000 231000 231000  1000
20230113 ABI 8000 264000 264000  1000
20230113 ABI "acum_busd" "acum_busd_val" "acum_val_bu" "sd" "sum_vol"
20230116 ABI 0 -6343400.000000002 9759900 400 400
20230116 ABI -100 -3300 0 100 100
20230116 ABI 100 3300 6600  200
20230116 ABI 200 156599.99999999814 16259900  200
20230116 ABI 200 6600 9900  100
20230116 ABI -2100 22810600 39009900 3000 3000
20230116 ABI 300 3256600 3259900  100
20230116 ABI 400 6536600 9759900 100 100
20230116 ABI 500 9756600 9759900  200
20230116 ABI 600 13156599.999999998 29259900  400
20230116 ABI 900 22906600 39009900  300
20230116 ABI "acum_busd" "acum_busd_val" "acum_val_bu" "sd" "sum_vol"
20230117 ABI 1000 32600000 32600000  100
20230117 ABI 100 3350000 3350000  200
20230117 ABI 41000 1066422400 1069618800 100 100
20230117 ABI 41100 1069612400 1069618800  31900
20230117 ABI 500 16350000 16350000  400
20230117 ABI 700 22850000 22850000  200
20230117 ABI 800 32593600 32600000 200 200
20230117 ABI 8600 32843200 32849600  7800
20230117 ABI 900 29350000 29350000  200
20230117 ABI 9200 32862400 32868800  600
20230117 ABI "acum_busd" "acum_busd_val" "acum_val_bu" "sd" "sum_vol"
20230118 ABI 0 200 3400  100
20230118 ABI 0 200 3400  100
20230118 ABI -100 -3200 0 100 100
20230118 ABI -100 -3219800.0000000005 3400 100 100
20230118 ABI "acum_busd" "acum_busd_val" "acum_val_bu" "sd" "sum_vol"
20230119 ABI 0 -3046600 13123400 100 100
20230119 ABI 0 -3226599.9999999995 3400 100 100
20230119 ABI 100 203400 13123400  400
20230119 ABI 100 3400 3400  100
20230119 ABI -300 -12916600 3400 300 300
20230119 ABI "acum_busd" "acum_busd_val" "acum_val_bu" "sd" "sum_vol"
20230127 ABI 1500 97101400 117182900 1000 1000
20230127 ABI 2300 110137000 110170000  2700
20230127 ABI 2400 113517000 113550000  100
20230127 ABI 2500 97134400 117182900 1000 1000
20230127 ABI 3000 113537400 113570400  600
20230127 ABI 3500 93680700 113692900  3600
20230127 ABI 3500 93680700 113692900 600 600
20230127 ABI 3500 97167400 117182900 100 200
20230127 ABI -400 20147000 20180000 800 800
20230127 ABI 400 20173400 20180000 200 200
20230127 ABI 4100 113580700 113692900 1000 1000
20230127 ABI 500 16850000 16850000  100
20230127 ABI 500 16850000 16850000  500
20230127 ABI 5100 113613700 113692900 1400 1400
20230127 ABI 600 20180000 20180000  100
20230127 ABI 6500 113659900 113692900  1800
20230127 ABI 6500 113659900 113692900  3500
20230127 ABI "acum_busd" "acum_busd_val" "acum_val_bu" "sd" "sum_vol"
20230130 ABI 0 3486800 3490000  100
20230130 ABI -100 -3200 0 100 100
20230130 ABI 100 7026799.999999998 26920000  100
20230130 ABI 100 7026799.999999998 26920000 300 300
20230130 ABI 100 7026799.999999998 26920000  900
20230130 ABI 200 10166800 10170000  200
20230130 ABI 400 16986800 26920000 300 300
20230130 ABI 500 20186800 20190000  300
20230130 ABI 600 23576800 23580000  100
20230130 ABI 700 26916800 26920000  100
20230130 ABI "acum_busd" "acum_busd_val" "acum_val_bu" "sd" "sum_vol"
20230131 ABI 0 30000 3390000 100 200
20230131 ABI 0 30000 6750000  100
20230131 ABI -100 -3330000 3390000  100
20230131 ABI -100 -3330000 3390000 100 100
20230131 ABI 100 3360000 46490000  400
20230131 ABI -1700 10034000 53230000  100
20230131 ABI 1700 10149600 53345600  3400
20230131 ABI -1800 6664000 49860000 2000 2000
20230131 ABI 200 6730000 49860000  100
20230131 ABI -300 -9880000 33250000  100
20230131 ABI -300 -9900000 6750000 300 300
20230131 ABI -400 -13190000 29940000 800 1500
20230131 ABI "acum_busd" "acum_busd_val" "acum_val_bu" "sd" "sum_vol"
20230201 ABI 0 0 0  200
20230201 ABI -100 1446600 35050000  500
20230201 ABI -1400 4819000 38470000  100
20230201 ABI -1500 1399000 35050000 1200 1200
20230201 ABI -1900 4802000 38470000 500 500
20230201 ABI -2000 4798600 38470000 100 100
20230201 ABI -2500 -12001400 38470000 500 500
20230201 ABI -2600 -15351400 38470000 100 100
20230201 ABI -300 1439800 35050000 200 200
20230201 ABI 500 17950000 17950000  500
20230201 ABI -600 -15653400 17950000 1100 1100
20230201 ABI "acum_busd" "acum_busd_val" "acum_val_bu" "sd" "sum_vol"
20230202 ABI 0 169999.99999999953 3490000 100 100
20230202 ABI 0 169999.99999999953 3490000  200
20230202 ABI -100 3483400 6810000 200 200
20230202 ABI 100 3490000 3490000  100
20230202 ABI 100 3490000 6810000  100
20230202 ABI -1100 3450400 6810000 1000 1000
20230202 ABI -1200 3447100 6810000 100 100
20230202 ABI -1400 3440500 6810000 200 200
20230202 ABI -3400 3374500 6810000 2000 2000
20230202 ABI -4300 -26415500 6810000  2600
20230202 ABI -4300 -26415500 6810000 900 900
20230202 ABI "acum_busd" "acum_busd_val" "acum_val_bu" "sd" "sum_vol"
20230203 ABI 0 3486700 3490000 100 100
20230203 ABI -100 10116800 10130000  200
20230203 ABI -100 3483400 3490000 100 100
20230203 ABI 100 3490000 3490000  100
20230203 ABI 1100 49956800 49970000  1200
20230203 ABI 1200 53276800 53290000  100
20230203 ABI 1200 53276800 76530000  300
20230203 ABI 1400 59916800 59930000  200
20230203 ABI 1600 66556800 66570000  200
20230203 ABI 1900 76516800 99770000  700
20230203 ABI -200 3480100 3490000 100 100
20230203 ABI -300 3476800 3490000 100 100
20230203 ABI 4500 76602600 99855800  2600
20230203 ABI 4600 76605900 99859100  100
20230203 ABI 5100 76622400 99875600  500
20230203 ABI 900 43316800 66570000 700 700
20230203 ABI "acum_busd" "acum_busd_val" "acum_val_bu" "sd" "sum_vol"
20230206 ABI -1000 -33340000 3429999.9999999995 900 900
20230206 ABI -100 -3190000.0000000005 3429999.9999999995 200 200
20230206 ABI 100 3429999.9999999995 3429999.9999999995  100
20230206 ABI 15000 503260000 573530000  6000
20230206 ABI 15100 503263400 573533400  14100
20230206 ABI 15500 516663400 586933400  400
20230206 ABI 15600 520013400 590283400  100
20230206 ABI -2000 -66840000 3429999.9999999995  100
20230206 ABI -2000 -66840000 3429999.9999999995 1000 1000
20230206 ABI 4000 134160000 204430000  6000
20230206 ABI 9000 301660000 371930000  5000
20230206 ABI "acum_busd" "acum_busd_val" "acum_val_bu" "sd" "sum_vol"
20230207 ABI 100 3440000 3440000  100
20230207 ABI -2300 13490900 13589900  300
20230207 ABI -2400 3357500 3440000 2000 2000
20230207 ABI -2600 3350900 3449900  300
20230207 ABI -2900 3341000 3440000 500 500
20230207 ABI -400 3423500 3440000 500 500
20230207 ABI "acum_busd" "acum_busd_val" "acum_val_bu" "sd" "sum_vol"
20230208 ABI -1500 3332899.9999999995 3515299.9999999995 2000 2000
20230208 ABI 200 3383299.9999999995 3383299.9999999995  200
20230208 ABI -2300 3307399.9999999995 3518599.9999999995  100
20230208 ABI -2400 3304099.9999999995 3515299.9999999995 900 900
20230208 ABI -2400 67399.99999999953 3518599.9999999995 100 100
20230208 ABI 2500 3460899.9999999995 3515299.9999999995  100
20230208 ABI 2500 3460899.9999999995 3515299.9999999995 1700 2300
20230208 ABI 3200 3482299.9999999995 3482299.9999999995  3000
20230208 ABI 3500 3492199.9999999995 3492199.9999999995  300
20230208 ABI 4200 3515299.9999999995 3515299.9999999995  300
20230208 ABI 4200 3515299.9999999995 3515299.9999999995  700
20230208 ABI 500 3396899.9999999995 3515299.9999999995 2000 2000
20230208 ABI "acum_busd" "acum_busd_val" "acum_val_bu" "sd" "sum_vol"
20230209 ABI -300 -9710000 0 300 300
20230209 ABI -3200 -6498300 3326500  200
20230209 ABI -3200 -6498300 3326500 2700 2700
20230209 ABI -3300 -9758300 3326500 100 100
20230209 ABI -3700 -22798300 3326500 400 400
20230209 ABI -500 -6409200 3326500 100 300
20230209 ABI -600 -6412500 3319900  200
20230209 ABI -800 -6419100 3313300  100
20230209 ABI -900 -6422400 3310000 700 800
20230209 ABI "acum_busd" "acum_busd_val" "acum_val_bu" "sd" "sum_vol"
20230210 ABI 200 6559999.999999996 29519999.999999996 100 100
20230210 ABI 300 9839999.999999996 29519999.999999996 100 100
20230210 ABI 400 13119999.999999996 29519999.999999996 200 200
20230210 ABI -5100 -29654400.000000004 29564799.999999996  100
20230210 ABI -5200 -29657600.000000004 29561599.999999996  100
20230210 ABI -5300 -29660800.000000004 29558399.999999996  600
20230210 ABI -5900 -29680000.000000004 29539199.999999996  200
20230210 ABI 600 19679999.999999996 29519999.999999996 300 300
20230210 ABI -6100 -29686400.000000004 29532799.999999996  100
20230210 ABI -6200 -29689600.000000004 29529599.999999996  300
20230210 ABI -6500 -29699200.000000004 29519999.999999996 5600 5600
20230210 ABI 900 29519999.999999996 29519999.999999996  900
20230210 ABI -900 -29520000.000000004 29519999.999999996 1100 1100
20230210 ABI -900 -29520000.000000004 29519999.999999996  500
20230210 ABI "acum_busd" "acum_busd_val" "acum_val_bu" "sd" "sum_vol"
20230213 ABI -1400 -44800000 28800000  700
20230213 ABI 1500 48080000 195280000  5000
20230213 ABI -1800 -57600000 6400000 1800 2000
20230213 ABI -200 -6400000 0 200 200
20230213 ABI -2100 -67200000 6400000 300 300
20230213 ABI 2500 80080000 227280000  1000
20230213 ABI -3500 -111920000 35280000  100
20230213 ABI 3500 112080000 259280000  1000
20230213 ABI -3600 -115120000 32080000  100
20230213 ABI 3600 115280000 262480000  100
20230213 ABI -3700 -118400000 28800000 2300 2300
20230213 ABI 5600 179280000 326480000  2000
20230213 ABI 5600 179280000 326480000  3600
20230213 ABI 5700 182480000 329680000  100
20230213 ABI 5700 182480000 329680000  100
20230213 ABI 5800 185680000 332880000  100
20230213 ABI "acum_busd" "acum_busd_val" "acum_val_bu" "sd" "sum_vol"
20230214 ABI 0 70000 3270000 100 200
20230214 ABI 0 900000 32060000 200 200
20230214 ABI -100 -3130000 3270000 100 100
20230214 ABI 100 4100000 35260000  100
20230214 ABI 200 7060000 32060000 600 900
20230214 ABI 600 19270000 25670000  700
20230214 ABI 700 22470000 28870000  100
20230214 ABI "acum_busd" "acum_busd_val" "acum_val_bu" "sd" "sum_vol"
20230216 ABI 0 0 0  100
20230216 ABI 100 3300000 3300000  100
20230216 ABI 200 6580000 6580000  100
20230216 ABI "acum_busd" "acum_busd_val" "acum_val_bu" "sd" "sum_vol"
20230217 ABI 0 0 0  1000
20230217 ABI -200 -5900000 9600000  200
20230217 ABI -400 -12300000 3200000  100
20230217 ABI -500 -15500000 0 500 500
20230217 ABI "acum_busd" "acum_busd_val" "acum_val_bu" "sd" "sum_vol"
20230220 ABI 0 100000 3200000 100 100
20230220 ABI 1000 31690000 37920000  300
20230220 ABI 100 3200000 3200000  100
20230220 ABI 100 3250000 6350000  100
20230220 ABI 1100 34850000 41080000  100
20230220 ABI 1100 34850000 44240000 100 100
20230220 ABI 1200 38010000 44240000  100
20230220 ABI 1200 38210000 72590000 100 100
20230220 ABI 1300 41360000 72590000 700 700
20230220 ABI 2000 63200000 72590000  900
20230220 ABI 300 9550000 12650000  200
20230220 ABI 700 22210000 28440000 100 100
20230220 ABI 800 25340000 28440000  500
20230220 ABI "acum_busd" "acum_busd_val" "acum_val_bu" "sd" "sum_vol"
