20221212 ACL -28900 -359215000
20221213 ACL -10300 -121485000
20221214 ACL -77900 -937145000
20221215 ACL -83200 -981120000
20221216 ACL -8500 -99085000
20221219 ACL 16600 48598600
20221220 ACL -62100 -722050000
20221221 ACL -73800 -513990700
20221222 ACL -5300 -32530300
20221223 ACL -47300 -501245000
20221226 ACL -84800 -870824000
20221227 ACL -5000 -53619000
20221228 ACL -5700 -57050000
20221229 ACL -1400 -14735000
20221230 ACL -3300 -34465000
20230103 ACL 47000 526891100
20230104 ACL -12800 -145005000
20230105 ACL 5500 49068200
20230106 ACL -20200 -228565000
20230109 ACL -31000 -345245000
20230110 ACL -16100 -172380500
20230111 ACL -29200 -327280000
20230112 ACL 94900 1089086200
20230113 ACL -28400 -330505000
20230116 ACL -10200 -114140000
20230117 ACL 12900 150355000
20230118 ACL 30200 180820200
20230119 ACL -13700 -159671200
20230127 ACL -40100 -378271800
20230130 ACL -25000 -239446200
20230131 ACL 3200 94506000
20230201 ACL -31800 -355831200
20230202 ACL -29300 -343540000
20230203 ACL -4500 -52265000
20230206 ACL -1500 -16640000
20230207 ACL 19700 229214600
20230208 ACL -2700 -30565000
20230209 ACL 82100 774949600
20230210 ACL -3400 -221330200
20230213 ACL -9900 -131185000
