20221212 AMV -291700 -1086520000 4532970000 1706290000 2792810000
20221213 AMV -277700 -991050000 2906930000 826590000 1817640000
20221214 AMV -297700 -1123760000 3112060000 984840000 2108600000
20221215 AMV -217400 -821930000 2633850000 863020000 1684950000
20221216 AMV -87000 -319630000 1825170000 752580000 1072210000
20221219 AMV 967600 3902209999.9999995 11970870000 7936540000 4034330000
20221220 AMV -206200 -774710000 5593650000 2367370000 3142080000
20221221 AMV -681000 -2533010000 5520700000 1414390000 3947400000
20221222 AMV -58500 -205200000 3325540000 1560170000 1765370000
20221223 AMV 288400 1042890000 2682610000 1582400000 539510000
20221226 AMV -637100 -2114680000 3916410000 715320000 2830000000
20221227 AMV -171000 -557810000 2107570000 755330000 1313140000
20221228 AMV 34800 123880000 1976700000 1046040000 922160000
20221229 AMV -61600 -208850000 788890000 251740000 460590000
20221230 AMV -7000 -9440000 2162620000 1067020000 1076460000
20230103 AMV 183600 652080000 2336820000 1493600000 841520000
20230104 AMV 137700 508650000 2682270000 1595460000 1086810000
20230105 AMV 106800 379160000 2202880000 1286820000 907660000
20230106 AMV 4600 26820000 2167660000 1062590000 1035770000
20230109 AMV -171200 -591920000 2220230000 811530000 1403450000
20230110 AMV -150800 -506960000 910160000 201600000 708560000
20230111 AMV -83600 -289420000 2123540000 846360000 1135780000
20230112 AMV -66000 -209140000 1903820000 847340000 1056480000
20230113 AMV -195100 -676620000 1619580000 471480000 1148100000
20230116 AMV -202200 -674600000 1576200000 450800000 1125400000
20230117 AMV 32000 125720000 1920380000 592200000 466480000
20230118 AMV -257400 -898990000 3647080000 1324730000 2223720000
20230119 AMV 311000 1139080000 3009560000 1843200000 704120000
20230127 AMV 171000 658350000 2505150000 1581750000 923400000
20230130 AMV 954700 3731290000 11745920000 7733340000 4002050000
20230131 AMV 647300 2634080000 10896040000 6765060000 4130980000
20230201 AMV -596100 -2300290000 7347110000 2523410000 4823700000
20230202 AMV 33200 150850000 3090690000 1620390000 1469540000
20230203 AMV -159300 -579580000 1884160000 650390000 1229970000
20230206 AMV -14400 -45200000 2007200000 974710000 1019910000
20230207 AMV -117000 -403660000 5090100000 2262190000 2665850000
20230208 AMV -364600 -1346350000 2412820000 532680000 1879030000
20230209 AMV -226300 -835110000 1777830000 470620000 1305730000
20230210 AMV 13300 60420000 1628300000 842140000 781720000
