20230223 AMV -101000 -386070000 333200000  1000
20230223 AMV -101300 -387240000 333200000 300 300
20230223 AMV -102000 -390070000 329200000 6000 6000
20230223 AMV -10300 -32780000 315600000 4000 14000
20230223 AMV 11300 46750000 127200000 15000 15000
20230223 AMV -11500 -37460000 315600000 1200 1200
20230223 AMV 14300 59160000 155600000 1000 7000
20230223 AMV -15100 -54790000 184000000 1000 3000
20230223 AMV -15300 -52060000 324400000 1000 2200
20230223 AMV -15500 -52960000 319600000 5000 6000
20230223 AMV -16000 -58500000 176000000 11000 11000
20230223 AMV -16100 -56400000 275600000 1000 2500
20230223 AMV -16100 -58890000 176000000 100 100
20230223 AMV -16300 -57180000 275600000 200 200
20230223 AMV -16600 -58500000 269600000 20000 20000
20230223 AMV 16900 67650000 89600000 5500 27900
20230223 AMV 17800 73170000 170000000 100 3700
20230223 AMV -179200 -691040000 488430000 800 24900
20230223 AMV 18000 73970000 170800000  200
20230223 AMV -182200 -702740000 488430000 3000 3000
20230223 AMV 18800 77220000 176000000 500 1800
20230223 AMV 19200 76850000 98800000  2300
20230223 AMV -193200 -745640000 488430000 11000 11000
20230223 AMV -193800 -747980000 488430000 600 600
20230223 AMV -196800 -759680000 488430000 3000 3000
20230223 AMV -197300 -761630000 488430000 500 500
20230223 AMV -202500 -781920000 394430000  10300
20230223 AMV 21000 84050000 106000000  1800
20230223 AMV -21200 -75070000 324400000 5900 5900
20230223 AMV 21200 84850000 106800000  200
20230223 AMV -212800 -822090000 354260000  2900
20230223 AMV -215700 -833400000 342950000  1200
20230223 AMV -216200 -835350000 333200000 114900 114900
20230223 AMV -216900 -838080000 338270000 2000 3300
20230223 AMV -247300 -956630000 488430000 50000 50000
20230223 AMV 26300 105250000 127200000  5100
20230223 AMV 2900 17220000 256400000  2000
20230223 AMV -31400 -114850000 324400000 10200 10200
20230223 AMV -33200 -121820000 326400000 2300 2800
20230223 AMV 3400 19500000 269600000 300 300
20230223 AMV 3700 20670000 269600000 200 200
20230223 AMV 3900 21450000 269600000 2000 2000
20230223 AMV -40300 -149510000 326400000 7100 7100
20230223 AMV -4200 -12480000 176000000 11600 11600
20230223 AMV -42600 -158480000 326400000 2300 2300
20230223 AMV -42800 -159260000 326400000 200 200
20230223 AMV -5000 -15600000 176000000 800 800
20230223 AMV 5800 28850000 269200000 300 3500
20230223 AMV 5900 29250000 269600000  100
20230223 AMV -59100 -222760000 329200000 17000 17700
20230223 AMV -60700 -229000000 329200000 1600 1600
20230223 AMV -70700 -268000000 329200000 10000 10000
20230223 AMV 7400 32760000 176000000 11400 11400
20230223 AMV 8300 35050000 127200000 600 600
20230223 AMV 8900 37390000 127200000 2400 2400
20230223 AMV 900 9220000 248400000  10000
20230223 AMV -9100 -30780000 208400000 100 6200
20230223 AMV 9300 39060000 131600000 100 1200
20230223 AMV -96000 -366670000 329200000 25300 25300
20230223 AMV "acum_busd" "acum_busd_val" "acum_val_bu" "sd" "sum_vol"
