20221212 APF 1400 88140000 125390000 88140000 0
20221213 APF -19400 -1203010000 1451110000 124050000 1327060000
20221214 APF -300 -18600000 18600000 0 18600000
20221215 APF -400 -24900000 337480000 118790000 143690000
20221216 APF 200 12500000 12500000 12500000 0
20221219 APF -1200 -75570000 170170000 25080000 100650000
20221220 APF 300 19030000 75370000 19030000 0
20221221 APF -17700 -1103130000 1776170000 336520000 1439650000
20221222 APF -7400 -466000000 844000000 189000000 655000000
20221223 APF -5900 -372100000 372100000 0 372100000
20221226 APF -15900 -1000640000 1340760000 151200000 1151840000
20221227 APF -300 -18610000 18610000 0 18610000
20221228 APF -100 -6200000 6200000 0 6200000
20221229 APF -1000 -61920000 694600000 6290000 68210000
20221230 APF -3500 -217000000 217000000 0 217000000
20230103 APF -200 -12500000 87500000 0 12500000
20230104 APF 2100 130890000 193430000 137140000 6250000
20230105 APF 400 25520000 488080000 69300000 43780000
20230106 APF -200 -12350000 87680000 18900000 31250000
20230109 APF -900 -55200000 461950000 187750000 242950000
20230110 APF -1900 -117190000 370250000 50450000 167640000
20230111 APF 0 60000 168790000 37550000 37490000
20230112 APF 600 37500000 350000000 125000000 87500000
20230113 APF -1800 -112230000 550420000 200270000 312500000
20230116 APF 4800 297550000 647700000 372550000 75000000
20230117 APF -2000 -124690000 318480000 31420000 156110000
20230118 APF 11600 743800000 989340000 863400000 119600000
20230119 APF 10700 690500000 780100000 703300000 12800000
20230127 APF 3300 219800000 822400000 377050000 157250000
20230130 APF -400 -24930000 3939000000 1697820000 1722750000
20230131 APF 15300 1124150000 2602830000 1724400000 600250000
20230201 APF 9100 678450000 2929280000 1756060000 1077610000
20230202 APF 400 29690000 205210000 106800000 77110000
20230203 APF -600 -45610000 507110000 213000000 258610000
20230206 APF 500 36350000 57900000 43500000 7150000
20230207 APF -10400 -737310000 1293810000 206550000 943860000
20230208 APF 6900 497660000 1172960000 799760000 302100000
20230209 APF -3200 -229850000 946950000 279350000 509200000
20230210 APF -2700 -191030000 262550000 28600000 219630000
