20221212 ASG -200 -4800 0 200 200
20221212 ASG -400 -9600 0 200 200
20221212 ASG -800 -9529600 0  200
20221212 ASG -800 -9529600 0 400 400
20221212 ASG "acum_busd" "acum_busd_val" "acum_val_bu" "sd" "sum_vol"
20221213 ASG 100 2380000 2380000  100
20221213 ASG 500 12200000 16960000  100
20221213 ASG 500 12200000 16960000 200 200
20221213 ASG 600 14625000 19385000  100
20221213 ASG 700 16960000 16960000  600
20221213 ASG "acum_busd" "acum_busd_val" "acum_val_bu" "sd" "sum_vol"
20221214 ASG 100 2420000 2420000  100
20221214 ASG "acum_busd" "acum_busd_val" "acum_val_bu" "sd" "sum_vol"
20221215 ASG 200 4700000 4700000  200
20221215 ASG "acum_busd" "acum_busd_val" "acum_val_bu" "sd" "sum_vol"
20221216 ASG 100 2305000 16315000  200
20221216 ASG -100 -2410000 0 100 100
20221216 ASG -100 -2410000 11600000  500
20221216 ASG -600 -14010000 0 500 500
20221216 ASG "acum_busd" "acum_busd_val" "acum_val_bu" "sd" "sum_vol"
20221219 ASG 0 0 0  300
20221219 ASG 1500 36820000 46620000  900
20221219 ASG 2200 51567500 78527500 400 400
20221219 ASG 2400 56677500 83637500  200
20221219 ASG 2600 51577500 78527500  1800
20221219 ASG -300 -7350000 0 300 300
20221219 ASG -400 -9800000 0 100 100
20221219 ASG 600 14500000 24300000  1000
20221219 ASG 800 19670000 46620000 700 700
20221219 ASG "acum_busd" "acum_busd_val" "acum_val_bu" "sd" "sum_vol"
20221220 ASG -100 -2440000 0 100 100
20221220 ASG -600 -14490000 0 500 500
20221220 ASG -900 -21660000 0  100
20221220 ASG -900 -21660000 0 300 300
20221220 ASG "acum_busd" "acum_busd_val" "acum_val_bu" "sd" "sum_vol"
20221221 ASG 300 8700000 23850000 100 100
20221221 ASG 400 11180000 23850000 100 100
20221221 ASG 400 11330000 26480000  100
20221221 ASG 500 13690000 23850000 400 400
20221221 ASG 900 23850000 23850000  100
20221221 ASG 900 23850000 23850000  900
20221221 ASG "acum_busd" "acum_busd_val" "acum_val_bu" "sd" "sum_vol"
20221222 ASG -1000 -26000 0 1000 1000
20221222 ASG "acum_busd" "acum_busd_val" "acum_val_bu" "sd" "sum_vol"
20221226 ASG -300 -7380000 2450000  100
20221226 ASG -400 -9830000 0 400 600
20221226 ASG "acum_busd" "acum_busd_val" "acum_val_bu" "sd" "sum_vol"
20221227 ASG -600 -13990000 0  400
20221227 ASG -600 -13990000 0 600 600
20221227 ASG "acum_busd" "acum_busd_val" "acum_val_bu" "sd" "sum_vol"
20221228 ASG -200 2413100 14100000  100
20221228 ASG -300 -36900 11650000  100
20221228 ASG -400 -2366900 9320000  200
20221228 ASG -500 -11680000 0 500 500
20221228 ASG -600 -7026900 4660000  200
20221228 ASG -800 -11686900 0 300 300
20221228 ASG "acum_busd" "acum_busd_val" "acum_val_bu" "sd" "sum_vol"
20221229 ASG 1500 34950000 46600000  2000
20221229 ASG 1600 37280000 48930000  100
20221229 ASG 2200 51260000 62910000  600
20221229 ASG 2400 55920000 67570000  200
20221229 ASG 3000 69900000 81550000  600
20221229 ASG -500 -11650000 0 500 500
20221229 ASG 6100 142130000 153780000  3100
20221229 ASG 6200 144570000 156220000  100
20221229 ASG "acum_busd" "acum_busd_val" "acum_val_bu" "sd" "sum_vol"
20221230 ASG 1400 22622000 22622000  500
20221230 ASG 1500 25202000 25202000  100
20221230 ASG 900 22610000 22610000  900
20221230 ASG "acum_busd" "acum_busd_val" "acum_val_bu" "sd" "sum_vol"
20230103 ASG -100 -2460000 0 100 100
20230103 ASG 200 4920000 17220000 400 400
20230103 ASG 300 7380000 9840000  400
20230103 ASG 300 7380000 9840000  500
20230103 ASG 300 7490000 19790000  100
20230103 ASG 400 9840000 12300000  100
20230103 ASG 500 12300000 14760000  100
20230103 ASG 600 14760000 17220000  100
20230103 ASG "acum_busd" "acum_busd_val" "acum_val_bu" "sd" "sum_vol"
20230106 ASG -1000 -25000 0  100
20230106 ASG -1000 -25000 0 1000 1000
20230106 ASG -1200 -4965000 0 200 200
20230106 ASG -1300 -7405000 0 100 100
20230106 ASG -2200 -29265000 2550000  100
20230106 ASG -2300 -31815000 0 1000 1000
20230106 ASG "acum_busd" "acum_busd_val" "acum_val_bu" "sd" "sum_vol"
20230109 ASG 100 2155000 26290000 300 300
20230109 ASG 400 9415000 23750000  1000
20230109 ASG 400 9505000 26290000 100 100
20230109 ASG 500 11955000 26290000  100
20230109 ASG -600 -14335000 0 600 600
20230109 ASG "acum_busd" "acum_busd_val" "acum_val_bu" "sd" "sum_vol"
20230110 ASG -100 -2335000 0 100 100
20230110 ASG "acum_busd" "acum_busd_val" "acum_val_bu" "sd" "sum_vol"
20230111 ASG 100 2435000 2435000  100
20230111 ASG 100 2435000 2435000  200
20230111 ASG "acum_busd" "acum_busd_val" "acum_val_bu" "sd" "sum_vol"
20230112 ASG -100 -2410000 0 100 100
20230112 ASG -200 -4820000 0 100 100
20230112 ASG 600 14460000 19280000  800
20230112 ASG "acum_busd" "acum_busd_val" "acum_val_bu" "sd" "sum_vol"
20230113 ASG 0 0 24000 1000 1000
20230113 ASG 1000 24000 24000  1000
20230113 ASG 100 2445000 2469000  100
20230113 ASG -100 -2445000 2469000 200 200
20230113 ASG "acum_busd" "acum_busd_val" "acum_val_bu" "sd" "sum_vol"
20230118 ASG 0 2427700 2430000  100
20230118 ASG -100 -2300 0 100 100
20230118 ASG -300 2420500 2430000 300 300
20230118 ASG -3400 -11949500 2430000 2600 2600
20230118 ASG -4300 -33374500 4855000  100
20230118 ASG -4400 -35799500 2430000 1000 1000
20230118 ASG -4800 -42916900 4855000 500 500
20230118 ASG -800 2408500 2430000 500 500
20230118 ASG "acum_busd" "acum_busd_val" "acum_val_bu" "sd" "sum_vol"
20230119 ASG -2000 -11984500 0 1500 1500
20230119 ASG -2600 -21219100 0 600 600
20230119 ASG -3600 -44419100 0 1000 1000
20230119 ASG -4200 -46821100 0 600 600
20230119 ASG -4700 -58491100 0 500 500
20230119 ASG -500 -11950000 0 500 500
20230119 ASG -5400 -74601100 2450000  100
20230119 ASG -5500 -77051100 0 800 800
20230119 ASG "acum_busd" "acum_busd_val" "acum_val_bu" "sd" "sum_vol"
20230127 ASG 300 7530000 20080000 100 100
20230127 ASG 400 10040000 10040000  400
20230127 ASG 400 10040000 20080000 400 800
20230127 ASG "acum_busd" "acum_busd_val" "acum_val_bu" "sd" "sum_vol"
20230130 ASG 1200 30720000 55220000 500 500
20230130 ASG 1700 42970000 55220000 500 500
20230130 ASG 2200 55220000 55220000  100
20230130 ASG 2200 55220000 55220000  2200
20230130 ASG 800 30710400 55220000 400 400
20230130 ASG 900 30712900 55222500  100
20230130 ASG "acum_busd" "acum_busd_val" "acum_val_bu" "sd" "sum_vol"
20230131 ASG -100 -2500 10000 500 500
20230131 ASG 1300 -12205000 60000 500 500
20230131 ASG 1800 45000 60000  2000
20230131 ASG -200 -5000 10000 100 100
20230131 ASG 2800 24545000 36810000  1500
20230131 ASG 400 10000 10000  400
20230131 ASG "acum_busd" "acum_busd_val" "acum_val_bu" "sd" "sum_vol"
20230201 ASG -1900 -46600000 0 1100 1100
20230201 ASG -200 -4920000 0 200 200
20230201 ASG -800 -19650000 0  100
20230201 ASG -800 -19650000 0 600 600
20230201 ASG "acum_busd" "acum_busd_val" "acum_val_bu" "sd" "sum_vol"
20230202 ASG -1100 -26950000 0 200 200
20230202 ASG -1200 -26952400 0 100 100
20230202 ASG -1800 -26966800 0 600 600
20230202 ASG -900 -22050000 0 900 900
20230202 ASG "acum_busd" "acum_busd_val" "acum_val_bu" "sd" "sum_vol"
20230203 ASG -1800 -43200 0 1800 1800
20230203 ASG -2000 -4973200 0 200 200
20230203 ASG -2700 -7417500 2500  100
20230203 ASG -2800 -7420000 0 800 800
20230203 ASG -3300 -22117500 2500 600 600
20230203 ASG -4900 -24583500 2500 1600 1600
20230203 ASG -5800 -39230700 2500 900 900
20230203 ASG -6100 -46520700 2500 300 300
20230203 ASG -6400 -58605700 17257500  500
20230203 ASG -6500 -56265700 9797500  100
20230203 ASG -6600 -58715700 7347500  200
20230203 ASG -6800 -63575700 2487500 800 900
20230203 ASG -6900 -66065700 9797500 400 400
20230203 ASG -6900 -70855700 17257500 500 500
20230203 ASG -7400 -83105700 17257500 500 500
20230203 ASG -8200 -107600700 17262500 1000 2300
20230203 ASG "acum_busd" "acum_busd_val" "acum_val_bu" "sd" "sum_vol"
20230206 ASG -1700 7780000 7830000 1000 1000
20230206 ASG -2600 7757500 7830000 900 900
20230206 ASG -2700 7755000 7830000 100 100
20230206 ASG 300 7830000 7830000  300
20230206 ASG -3400 7737500 7830000  300
20230206 ASG -3400 7737500 7830000 700 700
20230206 ASG -4400 -16762500 7830000 1000 1000
20230206 ASG -4500 -16765000 7830000 100 100
20230206 ASG -700 7805000 7830000 1000 1000
20230206 ASG "acum_busd" "acum_busd_val" "acum_val_bu" "sd" "sum_vol"
20230207 ASG 0 0 0  1000
20230207 ASG 0 0 0  1000
20230207 ASG -100 -2500 0 100 100
20230207 ASG 1100 12740000 12742500  500
20230207 ASG 1200 22852500 22862500  400
20230207 ASG 1300 25382500 25392500  100
20230207 ASG 2200 48152500 48162500  900
20230207 ASG 600 15000 17500  700
20230207 ASG 800 12732500 12742500 300 300
20230207 ASG "acum_busd" "acum_busd_val" "acum_val_bu" "sd" "sum_vol"
20230208 ASG 100 2530000 2530000  100
20230208 ASG -2000 -48860000 5040000  100
20230208 ASG -2100 -51370000 2530000 2200 2200
20230208 ASG "acum_busd" "acum_busd_val" "acum_val_bu" "sd" "sum_vol"
20230209 ASG -2600 -58224600 5000  100
20230209 ASG -2700 -58227100 2500 2300 2300
20230209 ASG -400 -2357100 2500  500
20230209 ASG -500 -2359600 0 500 500
20230209 ASG "acum_busd" "acum_busd_val" "acum_val_bu" "sd" "sum_vol"
20230210 ASG 1000 24000 24000  1000
20230210 ASG 1000 -7088500 46701500 1000 1000
20230210 ASG 100 -28153500 110351500 300 1300
20230210 ASG 1300 21500 29511500 1100 1100
20230210 ASG 1500 5011500 5011500  500
20230210 ASG 1600 7461500 7461500  100
20230210 ASG 2000 17211500 46701500  700
20230210 ASG 2400 27061500 29511500 100 100
20230210 ASG 2500 29511500 29511500  900
20230210 ASG -300 -38678500 46701500 1300 1300
20230210 ASG -400 -41103500 46701500 100 100
20230210 ASG -600 -45303500 85851500 1800 3400
20230210 ASG "acum_busd" "acum_busd_val" "acum_val_bu" "sd" "sum_vol"
20230213 ASG -1700 -40240000 0 1700 1700
20230213 ASG -2200 -52240000 0 500 500
20230213 ASG -2900 -68900000 0 700 700
20230213 ASG -3100 -73660000 0 200 200
20230213 ASG -3500 -83225000 2435000  100
20230213 ASG -3600 -85660000 0 500 500
20230213 ASG "acum_busd" "acum_busd_val" "acum_val_bu" "sd" "sum_vol"
20230214 ASG -200 -4870000 0 200 200
20230214 ASG -300 -7255000 0 100 100
20230214 ASG 700 17640000 27335000 100 100
20230214 ASG 700 17640000 27335000  400
20230214 ASG 800 20080000 27335000  1100
20230214 ASG "acum_busd" "acum_busd_val" "acum_val_bu" "sd" "sum_vol"
20230220 ASG 100 2400000 2400000  100
20230220 ASG -100 -2460000 2400000 200 200
20230220 ASG 200 4905000 9765000  300
20230220 ASG "acum_busd" "acum_busd_val" "acum_val_bu" "sd" "sum_vol"
