20221212 ASM -569100 -5078126000 65777659000 28856317000 33934443000
20221213 ASM -219600 -1891138000 37587489000 15647814000 17538952000
20221214 ASM -685600 -6194859000 31840788000 12411385000 18606244000
20221215 ASM -602900 -5270897000 27563261000 10066951000 15337848000
20221216 ASM -147300 -1268654000 28335332000 12853473000 14122127000
20221219 ASM 221600 2046292000 60367106000 29408519000 27362227000
20221220 ASM -802200 -7075230000 32945611000 12347693000 19422923000
20221221 ASM -1505100 -12402690000 43344336000 14578763000 26981453000
20221222 ASM -288700 -2326818000 16115791000 6552119000 8878937000
20221223 ASM -31000 -242672000 11729550000 5097826000 5340498000
20221226 ASM -1193300 -9245292000 20515721000 4392389000 13637681000
20221227 ASM 386000 2981559000 20371133000 10707638000 7726079000
20221228 ASM 37100 307102000 13708423000 6688787000 6381685000
20221229 ASM 114500 924841000 11272819000 5489544000 4564703000
20221230 ASM -432400 -3349882000 12678761000 3899807000 7249689000
20230103 ASM 1015200 8297907000 25014766000 16570072000 8272165000
20230104 ASM -514400 -4369379000 26722995000 10777506000 15146885000
20230105 ASM -145800 -1208849000 21435752000 9504101000 10712950000
20230106 ASM -82000 -653472000 36729399000 17910139000 18563611000
20230109 ASM -685700 -5788979000 21412379000 6713794000 12502773000
20230110 ASM -312500 -2605507000 21912350000 9425370000 12030877000
20230111 ASM -514100 -4400887000 18720494000 6751376000 11152263000
20230112 ASM 441800 4045792000 38029910000 20449605000 16403813000
20230113 ASM -596000 -5280677000 23121923000 8487217000 13767894000
20230116 ASM -351600 -3067923000 18124491000 6966172000 10034095000
20230117 ASM 185700 1668283000 24004714000 12274880000 10606597000
20230118 ASM 854200 8166585000 77110449000 41724179000 33557594000
20230119 ASM 232100 2361551000 43272178000 22393033000 20031482000
20230127 ASM -738500 -7178571000 60346410000 25714373000 32892944000
20230130 ASM -39700 -303319000 48481426000 22913691000 23217010000
20230131 ASM -432800 -4101490000 52652701000 22563454000 26664944000
20230201 ASM -1950500 -18636959000 69306658000 22002427000 40639386000
20230202 ASM -940000 -8308005000 39365206000 15125740000 23433745000
20230203 ASM -357000 -3160014000 19823313000 7380474000 10540488000
20230206 ASM 86000 775852000 16857654000 8697036000 7921184000
20230207 ASM -182600 -1623181000 30900074000 13999649000 15622830000
20230208 ASM -416200 -3662847000 18564022000 7040283000 10703130000
20230209 ASM 1053600 9711501000 41301755000 24208397000 14496896000
20230210 ASM -507400 -4597644000 23600794000 8424875000 13022519000
