20230223 ASP 0 0 6182000  500
20230223 ASP 1000 5649000 16905000  900
20230223 ASP -100 -562000 0 100 100
20230223 ASP 100 562000 6744000  100
20230223 ASP 100 564000 11820000  700
20230223 ASP -1100 -6182000 0 1000 1000
20230223 ASP 300 1690000 7872000  200
20230223 ASP 400 2276000 16905000 500 500
20230223 ASP -500 -2810000 3372000  600
20230223 ASP -500 -2822000 7872000 800 800
20230223 ASP -600 -3384000 7872000 100 100
20230223 ASP 900 5086000 16905000 100 100
20230223 ASP "acum_busd" "acum_busd_val" "acum_val_bu" "sd" "sum_vol"
