20221212 BCA 5400 27370000
20221213 BCA 4400 22050000
20221214 BCA 6200 31080000
20221215 BCA 10500 52850000
20221216 BCA -1700 -3610000
20221219 BCA 12200 61130000
20221220 BCA -4200 -20550000
20221221 BCA 5800 29060000
20221222 BCA 3500 17600000
20221223 BCA -1800 -8030000
20221226 BCA 12000 57610000
20221227 BCA 9100 43890000
20221228 BCA 4200 20210000
20221229 BCA -3300 -10880000
20221230 BCA 7600 37310000
20230103 BCA 7800 38310000
20230104 BCA 1900 9370000.000000004
20230105 BCA 8600 42160000
20230106 BCA 11700 57560000
20230109 BCA 8500 41650000
20230110 BCA 5800 28430000
20230111 BCA 7900 38690000
20230112 BCA 18900 92610000
20230113 BCA 4400 21110000
20230116 BCA 5500 26430000
20230117 BCA 10900 52770000
20230118 BCA 6200 30270000
20230119 BCA 900 4990000
20230127 BCA 10800 51990000
20230130 BCA 13100 63400000
20230131 BCA -8500 -39360000
20230201 BCA -10900 -50840000
20230202 BCA 8400 42310000
20230203 BCA 6000 29370000
20230206 BCA 9600 45750000
20230207 BCA 7300 34340000
