20230223 BCG 100 660000 660000  97400
20230223 BCG -102300 -669478000 690603000  2300
20230223 BCG -104600 -684612000 675469000 6800 7800
20230223 BCG -109900 -719330000 698492000 8800 10000
20230223 BCG -12400 -81578000 96373000 2400 7800
20230223 BCG -149900 -981580000 1029424000  50500
20230223 BCG -152300 -997272000 1038594000 3800 5200
20230223 BCG -15400 -101389000 60746000 18400 20600
20230223 BCG -19100 -125546000 166784000 10600 11100
20230223 BCG -200300 -1311200000 699149000 90500 100100
20230223 BCG -200400 -1311855000 699149000 100 100
20230223 BCG -207900 -1360228000 1045130000 56600 57600
20230223 BCG -211000 -1377656000 1613881000  35900
20230223 BCG -211500 -1383700000 1055562000 5200 6800
20230223 BCG -219600 -1433985000 1621086000 9700 10800
20230223 BCG -221300 -1447595000 1069907000 12000 14200
20230223 BCG -224600 -1466685000 1621086000 5000 5000
20230223 BCG -246200 -1609688000 1084903000 27200 29500
20230223 BCG -246900 -1613425000 1378112000  5700
20230223 BCG -247300 -1616840000 1094683000 2600 4100
20230223 BCG -24800 -162952000 216124000 4700 11000
20230223 BCG -251300 -1642919000 1107724000 6000 8000
20230223 BCG -252600 -1650760000 1340777000 100 6100
20230223 BCG -258500 -1689347000 1301537000 1000 13800
20230223 BCG -263100 -1718089000 1622394000 38700 38900
20230223 BCG -26400 -173496000 174680000 8500 9700
20230223 BCG -270300 -1766409000 1217953000 6000 12300
20230223 BCG -270600 -1768456000 1176836000 7200 17800
20230223 BCG -274000 -1790696000 1107724000 22700 22700
20230223 BCG -289400 -1889637000 1630230000 100 1300
20230223 BCG -289700 -1891592000 1630883000 400 500
20230223 BCG -290500 -1896821000 1622394000 27400 27400
20230223 BCG -320000 -2089146000 1632189000 30500 30700
20230223 BCG -335200 -2188106000 1730755000 30300 45400
20230223 BCG -352100 -2298160000 1731408000 17000 17100
20230223 BCG -356200 -2324876000 1741856000 5700 7300
20230223 BCG -367600 -2398783000 1914185000 20200 45100
20230223 BCG -371300 -2423325000 1743815000 15400 15700
20230223 BCG -372300 -2429825000 1751639000 1000 2200
20230223 BCG -372500 -2431139000 1743815000 1200 1200
20230223 BCG -440200 -2870437000 2111323000 9400 29400
20230223 BCG -441000 -2875643000 2113929000 1200 1600
20230223 BCG -442000 -2882663000 1927265000 76400 78400
20230223 BCG -449700 -2932278000 2135414000 12000 15300
20230223 BCG -449800 -2933292000 1948161000 11000 14200
20230223 BCG -450800 -2939735000 1980811000 6000 11000
20230223 BCG -452900 -2953110000 2135414000 3200 3200
20230223 BCG -490300 -3196223000 2135414000 37400 37400
20230223 BCG -515000 -3356783000 2135414000 24700 24700
20230223 BCG -62500 -409126000 297943000 50100 64300
20230223 BCG -66800 -437403000 319061000 7500 10700
20230223 BCG -67500 -441854000 338801000 3700 6700
20230223 BCG -69100 -452275000 441035000 12000 25000
20230223 BCG -70100 -458832000 355883000 800 2300
20230223 BCG -70800 -463447000 346028000 4400 6500
20230223 BCG -79100 -517644000 480991000 16100 22200
20230223 BCG 800 5490000 46170000 6200 13100
20230223 BCG -80500 -526735000 559064000  4800
20230223 BCG -80900 -529429000 484270000 2300 2800
20230223 BCG -83000 -542774000 654421000  5800
20230223 BCG -85300 -558223000 527576000 11000 17600
20230223 BCG -88800 -580938000 616257000  6300
20230223 BCG -9000 -59186000 163490000 6800 17000
20230223 BCG -94700 -619640000 656395000 12000 12300
20230223 BCG -95100 -622373000 574822000 17000 19400
20230223 BCG -98800 -646566000 668889000 800 2600
20230223 BCG -99800 -653146000 657053000 5200 5300
20230223 BCG "acum_busd" "acum_busd_val" "acum_val_bu" "sd" "sum_vol"
