20230223 BCM -100 -7990000 25410000  200
20230223 BCM -100 -8350000 0 100 300
20230223 BCM -11300 -940280000 184360000 2300 2300
20230223 BCM -11400 -948580000 184360000 100 100
20230223 BCM -12900 -1072960000 225980000 2000 2500
20230223 BCM -200 -16700000 0 100 100
20230223 BCM -300 -24690000 25410000 200 200
20230223 BCM -300 -24930000 8470000  100
20230223 BCM -3200 -266560000 50710000  200
20230223 BCM -3300 -275070000 33850000  100
20230223 BCM -3400 -283260000 50710000 200 200
20230223 BCM -3400 -283420000 33850000 100 100
20230223 BCM -3400 -283510000 25410000 3100 3100
20230223 BCM -3500 -291530000 59140000  100
20230223 BCM -3600 -299960000 50710000 200 200
20230223 BCM -400 -33400000 0 200 200
20230223 BCM -6400 -533330000 75840000 100 200
20230223 BCM -6400 -533350000 67490000  100
20230223 BCM -6500 -541700000 59140000 3000 3000
20230223 BCM -6600 -549970000 84190000  100
20230223 BCM -6600 -549990000 75840000 200 200
20230223 BCM -6700 -558320000 75840000 100 100
20230223 BCM -6900 -574960000 84190000 300 300
20230223 BCM -7900 -658190000 84190000 1000 1000
20230223 BCM -8100 -674830000 84190000 200 200
20230223 BCM -8200 -683150000 84190000 100 100
20230223 BCM -8900 -741220000 109240000  300
20230223 BCM -9000 -749180000 184360000  500
20230223 BCM -9200 -766270000 84190000 1000 1000
20230223 BCM -9500 -790900000 142640000  200
20230223 BCM -9700 -807600000 125940000 1000 1200
20230223 BCM "acum_busd" "acum_busd_val" "acum_val_bu" "sd" "sum_vol"
