20221212 BIG 15000 171000000 171000000  15000
20221212 BIG 22300 273130000 540190000 10000 10500
20221212 BIG 26600 321810000 646070000 2500 2600
20221212 BIG 26800 321280000 588340000  4500
20221212 BIG 27000 323420000 590480000  200
20221212 BIG 29000 346720000 644980000 3000 8000
20221212 BIG 31800 371680000 534740000 3200 3200
20221212 BIG 35000 404960000 534740000 2000 2300
20221212 BIG 36700 422710000 531490000 5000 5100
20221212 BIG 40900 466260000 509580000 3800 37300
20221212 BIG 41500 473040000 529320000  100
20221212 BIG 41500 473040000 529320000 1200 4200
20221212 BIG 41600 474120000 530400000  5000
20221212 BIG 41900 477360000 520680000  1000
20221212 BIG "acum_busd" "acum_busd_val" "acum_val_bu" "sd" "sum_vol"
20221213 BIG 0 0 0  16000
20221213 BIG 10400 138570000 341250000 100 100
20221213 BIG 10500 139620000 341250000 400 400
20221213 BIG 10900 143820000 341250000 500 500
20221213 BIG 1100 40950000 342330000 1100 1100
20221213 BIG 11400 149070000 341250000 18000 18100
20221213 BIG -14700 -122870000 353230000 16800 17800
20221213 BIG -18400 -161230000 356470000 4000 4300
20221213 BIG 2100 51420000 341250000 6000 6000
20221213 BIG 2200 52500000 342330000  100
20221213 BIG 28900 332600000 335780000 300 300
20221213 BIG 29000 333500000 333500000  29000
20221213 BIG 29000 333710000 336890000  100
20221213 BIG 29200 335780000 335780000  200
20221213 BIG 29300 336980000 340160000  300
20221213 BIG 8100 114420000 341250000 2300 2300
20221213 BIG "acum_busd" "acum_busd_val" "acum_val_bu" "sd" "sum_vol"
20221214 BIG 100 1090000 1090000  100
20221214 BIG 17800 199400000 199400000  17700
20221214 BIG 34800 405910000 660130000 200 200
20221214 BIG 34900 407000000 661220000  100
20221214 BIG 35000 408010000 660130000 10300 10300
20221214 BIG 42700 487830000 631800000 2000 3000
20221214 BIG 42700 487830000 631800000  20900
20221214 BIG 44700 508830000 631800000 10000 10000
20221214 BIG 45200 515080000 659050000  2500
20221214 BIG 45300 516160000 660130000  100
20221214 BIG 53100 594890000 594890000  35300
20221214 BIG 54700 613830000 631800000 700 700
20221214 BIG 55300 620160000 630710000 500 1000
20221214 BIG 55300 620160000 630710000  5200
20221214 BIG 55400 621250000 631800000  100
20221214 BIG 55800 625410000 630710000 500 600
20221214 BIG 56100 628490000 628490000  1000
20221214 BIG 56100 628490000 628490000  3000
20221214 BIG 56200 629600000 629600000  100
20221214 BIG "acum_busd" "acum_busd_val" "acum_val_bu" "sd" "sum_vol"
20221215 BIG 22200 249280000 314730000 200 200
20221215 BIG 22400 251380000 314730000 2500 2500
20221215 BIG 24700 275510000 312610000 3500 3500
20221215 BIG 24700 275510000 312610000  500
20221215 BIG 24900 277630000 314730000  200
20221215 BIG 27200 301920000 301920000  27200
20221215 BIG 28200 312610000 312610000  1100
20221215 BIG 3100 50670000 315800000 200 200
20221215 BIG 3300 52750000 315800000 1400 1400
20221215 BIG 3300 52810000 317940000  200
20221215 BIG 4700 67310000 315800000 1000 1000
20221215 BIG 5700 77710000 315800000 16600 16700
20221215 BIG "acum_busd" "acum_busd_val" "acum_val_bu" "sd" "sum_vol"
20221216 BIG 10100 109160000.00000001 111240000.00000001 200 200
20221216 BIG 10300 111240000.00000001 111240000.00000001  10300
20221216 BIG 25000 266110000 286910000  16400
20221216 BIG 45400 480640000 535760000 3300 27000
20221216 BIG 45500 481700000 536820000  100
20221216 BIG 8300 90440000.00000001 111240000.00000001 100 100
20221216 BIG 8400 91480000.00000001 111240000.00000001 500 500
20221216 BIG 8600 93620000.00000001 114420000.00000001  300
20221216 BIG 8900 96680000.00000001 111240000.00000001 100 100
20221216 BIG 9000 97720000.00000001 111240000.00000001 100 100
20221216 BIG 9100 98760000.00000001 111240000.00000001 1000 1000
20221216 BIG "acum_busd" "acum_busd_val" "acum_val_bu" "sd" "sum_vol"
20221219 BIG 27000 290260000 484530000 500 500
20221219 BIG 27500 295360000 484530000 9800 13800
20221219 BIG 28500 305600000 501890000 200 300
20221219 BIG 28600 306580000 500850000  2300
20221219 BIG 28600 306580000 500850000  800
20221219 BIG 32800 348220000 437430000 500 500
20221219 BIG 33300 353320000 437430000 8300 8500
20221219 BIG 33300 353320000 442530000  500
20221219 BIG 34600 363800000 363800000  28200
20221219 BIG 39600 416300000 416300000  5000
20221219 BIG 40900 430080000 430080000  2700
20221219 BIG 41400 435330000 435330000  500
20221219 BIG 5000 53000000 53000000  5000
20221219 BIG 6400 67700000 67700000  1400
20221219 BIG "acum_busd" "acum_busd_val" "acum_val_bu" "sd" "sum_vol"
20221220 BIG 27100 359602000 427135000 2000 2000
20221220 BIG 27100 359922000 433195000 400 400
20221220 BIG 27500 363762000 433195000 200 200
20221220 BIG 27600 363302000 412435000 5000 5600
20221220 BIG 27700 365662000 433195000  600
20221220 BIG 29100 378002000 427135000  1500
20221220 BIG 31300 393737000 393800000 6300 6300
20221220 BIG 32000 406182000 406315000 5700 5700
20221220 BIG 3200 33280000 33280000  3200
20221220 BIG 32800 393752000 393815000  1500
20221220 BIG 33300 386478000 459751000  6200
20221220 BIG 37400 403149000 403225000 800 800
20221220 BIG 37600 393800000 393800000  31000
20221220 BIG 37700 406239000 406315000  300
20221220 BIG 37800 393802000 393865000  5000
20221220 BIG 38200 403157000 403225000 500 500
20221220 BIG 38700 403162000 403225000  900
20221220 BIG 6600 68300000 68300000  3500
20221220 BIG "acum_busd" "acum_busd_val" "acum_val_bu" "sd" "sum_vol"
20221221 BIG 22200 224400000 276960000 200 200
20221221 BIG 22400 226280000 276960000 5400 10000
20221221 BIG 23200 234640000 234640000  20100
20221221 BIG 3000 30599999.999999996 30599999.999999996  3000
20221221 BIG 3100 31619999.999999996 31619999.999999996  100
20221221 BIG 33500 336270000 388830000  11300
20221221 BIG 47600 195672000 391102000 2900 3000
20221221 BIG 50300 220662000 389122000 6600 6600
20221221 BIG 50400 221652000 390112000  100
20221221 BIG 50400 221652000 390112000  100
20221221 BIG 55900 282032000 389112000 5800 34000
20221221 BIG 56900 282042000 389122000  1000
20221221 BIG "acum_busd" "acum_busd_val" "acum_val_bu" "sd" "sum_vol"
20221222 BIG 14900 155320000 305940000 5700 5800
20221222 BIG 15900 164920000 315540000  1000
20221222 BIG 19900 198910000 259890000  35100
20221222 BIG 20500 206790000 304970000 4000 4000
20221222 BIG 2300 26480000 87460000 5600 6700
20221222 BIG 24500 243990000 304970000  4600
20221222 BIG 2500 25350000 34650000 1000 1000
20221222 BIG 2800 28290000 37590000  300
20221222 BIG 2800 31330000 92310000  500
20221222 BIG 3500 34650000 34650000  3500
20221222 BIG 3900 39070000 48370000  1100
20221222 BIG 5000 49850000 59150000  1100
20221222 BIG 6800 67490000 76790000  1800
20221222 BIG "acum_busd" "acum_busd_val" "acum_val_bu" "sd" "sum_vol"
20221223 BIG 17600 169990000 238810000 600 600
20221223 BIG 17700 170940000 239760000  100
20221223 BIG 17800 171670000 230260000 3500 3800
20221223 BIG 17800 171670000 230260000  400
20221223 BIG 18200 175570000 238810000 500 1400
20221223 BIG 19000 181460000 181460000  9600
20221223 BIG 20900 200420000 226460000 2800 2800
20221223 BIG 21000 201370000 227410000  100
20221223 BIG 22500 215060000 215060000  3500
20221223 BIG 22700 216960000 216960000  200
20221223 BIG 23700 226460000 226460000  1000
20221223 BIG 9400 89300000 89300000  9400
20221223 BIG "acum_busd" "acum_busd_val" "acum_val_bu" "sd" "sum_vol"
20221226 BIG 41100 407097400 425540000 1700 1800
20221226 BIG 41200 408007400 426450000  100
20221226 BIG 42200 417307400 435750000  1000
20221226 BIG 42700 420977400 424630000 400 400
20221226 BIG 43100 420981000 424630000 1000 1000
20221226 BIG 43200 412800000 416440000 100 100
20221226 BIG 43300 413710000 416440000 300 300
20221226 BIG 43600 416440000 416440000  43600
20221226 BIG 43900 419170000 422810000  700
20221226 BIG 44100 420990000 424630000  200
20221226 BIG "acum_busd" "acum_busd_val" "acum_val_bu" "sd" "sum_vol"
20221227 BIG 13300 75545800.00000003 219826700.00000003 5000 5000
20221227 BIG 13400 76435800.00000003 220716700.00000003  2700
20221227 BIG 13600 78215800.00000003 222496700.00000003  200
20221227 BIG 14100 118508000.00000003 219788900.00000003 5000 5100
20221227 BIG 14100 82665800.00000003 226946700.00000003  500
20221227 BIG 14200 118508900.00000003 219789800.00000003  100
20221227 BIG 18300 118545800.00000003 219826700.00000003  4100
20221227 BIG 19000 161507100.00000003 219788000.00000003 500 500
20221227 BIG 19500 165857100.00000003 219788000.00000003  1000
20221227 BIG 19500 165857100.00000003 219788000.00000003 4200 4200
20221227 BIG 21500 198771800.00000003 215322700.00000003 500 500
20221227 BIG 21900 203020900.00000003 206421800.00000003  100
20221227 BIG 21900 203020900.00000003 206421800.00000003 400 500
20221227 BIG 21900 203020900.00000003 215321800.00000003 900 900
20221227 BIG 22000 203021800.00000003 215322700.00000003  100
20221227 BIG 22000 205529100.00000003 205530000.00000003 100 100
20221227 BIG 22100 204800900.00000003 208201800.00000003  200
20221227 BIG 22100 205530000.00000003 205530000.00000003  22100
20221227 BIG 22100 205530000.00000003 205530900.00000003  100
20221227 BIG 22200 205530900.00000003 205531800.00000003  100
20221227 BIG 22800 211030900.00000003 215321800.00000003 100 100
20221227 BIG 22900 211920900.00000003 215321800.00000003  800
20221227 BIG 23200 165566700.00000003 369347600  16000
20221227 BIG 23200 198787100.00000003 215338000.00000003  1700
20221227 BIG 23600 169126700.00000003 372907600  400
20221227 BIG 23700 203237100.00000003 219788000.00000003  500
20221227 BIG 28100 204482100.00000003 421863000 1600 7700
20221227 BIG 7200 23166700.00000003 226947600.00000003 7000 7100
20221227 BIG "acum_busd" "acum_busd_val" "acum_val_bu" "sd" "sum_vol"
20221228 BIG 27600 253919999.99999997 253919999.99999997  37000
20221228 BIG 28100 258369999.99999997 258369999.99999997  500
20221228 BIG 29300 268970000 270690000 200 200
20221228 BIG 29500 270690000 270690000  1400
20221228 BIG 34300 313470000 315190000  6000
20221228 BIG 37300 326833500 328553500  3000
20221228 BIG 38900 307647700 328587700 200 20300
20221228 BIG 39000 309406800 328586800 100 200
20221228 BIG 39000 310275900 328585900 1300 2200
20221228 BIG 40300 321585900 328585900 500 1000
20221228 BIG 40800 325985900 328585900 100 100
20221228 BIG 40900 326865900 328585900  3600
20221228 BIG 41700 305924700 328614700 100 100
20221228 BIG 41800 306794700 328614700 100 100
20221228 BIG 41900 307674700 328614700  3000
20221228 BIG "acum_busd" "acum_busd_val" "acum_val_bu" "sd" "sum_vol"
20221229 BIG 18400 259055000 657200000 3000 3300
20221229 BIG 200 1780000 1780000  200
20221229 BIG 21100 282725000 654470000 3700 3800
20221229 BIG 24700 314375000 653560000 2900 2900
20221229 BIG 27600 339605000 653560000 3200 3200
20221229 BIG 30800 367445000 653560000 10000 10000
20221229 BIG 31700 300330000 300330000  31500
20221229 BIG 33000 312940000 312940000  1300
20221229 BIG 40800 454445000 653560000 5000 5100
20221229 BIG 45700 497525000 652640000 4000 4000
20221229 BIG 49700 532725000 652640000 13400 13400
20221229 BIG 54400 569025000 569990000 5000 5800
20221229 BIG 56300 538950000 538950000  23300
20221229 BIG 58600 561310000 562230000 100 100
20221229 BIG 58700 562230000 562230000  2400
20221229 BIG 63100 651675000 652640000  8700
20221229 BIG "acum_busd" "acum_busd_val" "acum_val_bu" "sd" "sum_vol"
20221230 BIG 100 950000 950000  200
20221230 BIG 11700 114680000 343110000 4900 5100
20221230 BIG -12600 -117670000 50590000  4500
20221230 BIG 16400 156410000 341230000 1800 3800
20221230 BIG 16500 157460000 325720000  13400
20221230 BIG -17100 -160870000 7390000 17900 17900
20221230 BIG 200 1870000 1870000  100
20221230 BIG 300 2790000 2790000  100
20221230 BIG 3300 33380000 201640000  15900
20221230 BIG 800 7390000 7390000  500
20221230 BIG "acum_busd" "acum_busd_val" "acum_val_bu" "sd" "sum_vol"
20230103 BIG 100 950000 950000  200
20230103 BIG 10100 97950000 97950000  10000
20230103 BIG 25100 241950000 241950000  15000
20230103 BIG 39600 381150000 381150000  14500
20230103 BIG 39900 385040000 408700000 2100 2100
20230103 BIG 42000 404150000 408700000 500 500
20230103 BIG 42500 408700000 408700000  2900
20230103 BIG 51500 592861000 616620000 11000 12300
20230103 BIG 57000 592910500 616669500  5500
20230103 BIG 57100 592911400 616670400  100
20230103 BIG 57700 583136700 616689300 1500 1500
20230103 BIG 57700 592916800 616675800  600
20230103 BIG 57900 592918600 616677600  200
20230103 BIG 58700 592336700 625889300  1000
20230103 BIG 59100 592929400 616688400  1200
20230103 BIG 59200 592930300 616689300  100
20230103 BIG 59200 592930300 616689300  2300
20230103 BIG 61200 581000000 604660000  21300
20230103 BIG "acum_busd" "acum_busd_val" "acum_val_bu" "sd" "sum_vol"
20230104 BIG 11900 256402100 500190000  1000
20230104 BIG 11900 256402100 500190000 6000 6000
20230104 BIG 12000 256403000 500190900  100
20230104 BIG 17900 308002100 500190000 9700 9700
20230104 BIG 23400 222300000 222300000  23400
20230104 BIG 27600 391472100 500190000 4000 4000
20230104 BIG 31600 426672100 500190000 2500 2600
20230104 BIG 34000 447712100 498350000 7300 12500
20230104 BIG 34000 447752100 499270000 100 100
20230104 BIG 34100 448632100 499270000  100
20230104 BIG 36100 441057300 452070000 10000 10000
20230104 BIG 45800 438417300 449340000 300 300
20230104 BIG 46100 438420000 449340000 1000 1000
20230104 BIG 46100 441147300 452070000  300
20230104 BIG 47100 447520000 449340000 200 200
20230104 BIG 47200 448400000 448400000  32500
20230104 BIG 47300 449340000 449340000  100
20230104 BIG "acum_busd" "acum_busd_val" "acum_val_bu" "sd" "sum_vol"
20230105 BIG 10200 115620900 396250900 2000 2000
20230105 BIG 12000 111600000.00000001 111600000.00000001  12000
20230105 BIG 12200 132020900 396250900 900 900
20230105 BIG 12900 137680900 394530900 10200 11400
20230105 BIG 13100 139400900 396250900  200
20230105 BIG 16600 159220900.00000003 233410900.00000003 6300 6300
20230105 BIG 21900 211100900 384310900 4400 4400
20230105 BIG 22900 213400900.00000003 233410900.00000003 1000 1100
20230105 BIG 23800 222100000.00000003 233410000.00000003 1300 1400
20230105 BIG 25000 232500000.00000003 232500000.00000003  13000
20230105 BIG 25900 243860900 376010900 3400 3400
20230105 BIG 26300 247180900 384310900 600 600
20230105 BIG 26400 247720900.00000003 350810900 700 700
20230105 BIG 26900 252160900 384310900  1000
20230105 BIG 27100 253670900.00000003 350810900 2700 15900
20230105 BIG 29300 272080900 376010900 100 3100
20230105 BIG 3500 62450900 441050900 3000 3500
20230105 BIG 3600 63320900 441920900  100
20230105 BIG 3700 64190900 442790900  100
20230105 BIG 5200 74620900 396250900 5000 5000
20230105 BIG 6000 82780900 436780900 400 400
20230105 BIG 6200 83220900 404850900  1000
20230105 BIG 6400 86100900 436780900 3500 4000
20230105 BIG 8800 105580900 427210900  2600
20230105 BIG 8800 105580900 427210900  500
20230105 BIG 8800 105580900 427210900  500
20230105 BIG 9900 115150900 436780900  1100
20230105 BIG "acum_busd" "acum_busd_val" "acum_val_bu" "sd" "sum_vol"
20230106 BIG 200 1739999.9999999998 1739999.9999999998  200
20230106 BIG 39100 373322000 458210000 3500 3500
20230106 BIG 39300 377529600 462420000 300 800
20230106 BIG 39600 380079600 464970000  300
20230106 BIG 42600 373350000 458210000 5000 5000
20230106 BIG 46200 400340000 408640000  47000
20230106 BIG 47300 411320000 454060000  100
20230106 BIG 47300 411320000 454060000 2100 2100
20230106 BIG 47400 412170000 454910000  100
20230106 BIG 47500 413010000 455750000  100
20230106 BIG 47600 413850000 458210000 100 100
20230106 BIG 47700 414650000 457390000  200
20230106 BIG 47700 414660000 458210000 100 100
20230106 BIG 47800 415470000 458210000  100
20230106 BIG 49400 428540000 454060000 2100 2500
20230106 BIG 51100 442480000 450780000  4900
20230106 BIG -800 -6560000 1739999.9999999998  1000
20230106 BIG -800 -6560000 1739999.9999999998 1000 1000
20230106 BIG "acum_busd" "acum_busd_val" "acum_val_bu" "sd" "sum_vol"
20230109 BIG 11000 93500000 93500000  11000
20230109 BIG 11500 97750000 97750000  500
20230109 BIG 15200 321090000 354890000 1400 1400
20230109 BIG 15200 321919200 355720000 100 100
20230109 BIG 15300 321920000 355720000  100
20230109 BIG 16000 136240000 145260000 800 800
20230109 BIG 16300 138550000 138550000  4800
20230109 BIG 16400 139390000 139390000  100
20230109 BIG 16600 321101200 354890000 5300 5300
20230109 BIG 16800 142800000 145260000 200 200
20230109 BIG 16900 143590000 143590000  500
20230109 BIG 16900 143610000 144430000 100 100
20230109 BIG 17000 144430000 144430000  100
20230109 BIG 17000 144440000 145260000  100
20230109 BIG 21100 304353200 338090000 14600 14600
20230109 BIG 21900 321143600 354890000 700 700
20230109 BIG 22600 321149200 354890000 500 500
20230109 BIG 23100 321153200 354890000  2000
20230109 BIG 35700 304470000 338090000 3000 3000
20230109 BIG 37300 317030000 326050000  21400
20230109 BIG 38700 329070000 338090000  1400
20230109 BIG "acum_busd" "acum_busd_val" "acum_val_bu" "sd" "sum_vol"
20230110 BIG -16700 -132170000 73650000  100
20230110 BIG -16800 -132980000 74500000  100
20230110 BIG -16800 -133020000 72800000  300
20230110 BIG -16800 -133020000 72800000  500
20230110 BIG -16900 -133830000 73650000 200 200
20230110 BIG -17300 -137270000 68550000 9200 9400
20230110 BIG -18900 -180811400 246768600 14000 17700
20230110 BIG 200 1720000 1720000  200
20230110 BIG 2200 18320000 18320000  2000
20230110 BIG 2200 18320000 18320000  300
20230110 BIG 2200 18320000 18320000  58000
20230110 BIG 2400 20000000 20000000  200
20230110 BIG 2900 24350000 24350000  300
20230110 BIG 2900 24350000 24350000  600
20230110 BIG -29700 -237430000 75350000 13000 13100
20230110 BIG 3700 30990000 30990000  800
20230110 BIG 3900 32650000 32650000  200
20230110 BIG 4300 36090000 36090000  400
20230110 BIG -5100 -66902300 245877700  400
20230110 BIG -5500 -66905900 245874100  800
20230110 BIG 5700 48150000 49850000 200 200
20230110 BIG 5900 49850000 49850000  1600
20230110 BIG -6300 -66913100 245866900  23400
20230110 BIG -8300 -64450000 66850000 16000 18000
20230110 BIG "acum_busd" "acum_busd_val" "acum_val_bu" "sd" "sum_vol"
20230111 BIG 1000 1028100 9528100  200
20230111 BIG 1200 2648100 2648100  300
20230111 BIG 1200 2648100 2648100  400
20230111 BIG 1700 6948100 6948100  500
20230111 BIG 300 2640000 2640000  300
20230111 BIG 38100 119615300 138715300 100 100
20230111 BIG 38100 119615300 141995300 400 500
20230111 BIG 38200 120425300 138715300 700 700
20230111 BIG 38200 120455300 142835300  100
20230111 BIG 38400 122075300 141175300  300
20230111 BIG 38900 126165300 138715300 500 500
20230111 BIG 39400 130215300 138715300  38400
20230111 BIG 700 -1551900 6948100 1000 1000
20230111 BIG 800 2644500 2644500  500
20230111 BIG 800 -691900 7808100  100
20230111 BIG "acum_busd" "acum_busd_val" "acum_val_bu" "sd" "sum_vol"
20230112 BIG 10000 82660000 82660000  7600
20230112 BIG 11100 100470000 256190000 3500 3600
20230112 BIG 1200 10060000 10060000  1000
20230112 BIG 1400 11740000 11740000  200
20230112 BIG 14400 125780000 254550000 1300 1400
20230112 BIG 14500 126600000 255370000  100
20230112 BIG 15500 134410000 252910000 10000 10000
20230112 BIG 15600 135230000 253730000  100
20230112 BIG 1600 13420000 13420000  200
20230112 BIG 1900 15940000 15940000  300
20230112 BIG 2000 16780000 16780000  100
20230112 BIG 200 1660000.0000000002 1660000.0000000002  200
20230112 BIG 23400 196820000 236320000 5000 5100
20230112 BIG 2400 20140000 20140000  400
20230112 BIG 25500 213410000 252910000  1200
20230112 BIG 25500 213410000 252910000  2100
20230112 BIG 28300 235480000 235480000  18300
20230112 BIG "acum_busd" "acum_busd_val" "acum_val_bu" "sd" "sum_vol"
20230113 BIG 11000 106303200 166320000 2000 2000
20230113 BIG 11100 107093200 167110000  100
20230113 BIG 11200 91839999.99999999 91839999.99999999  11200
20230113 BIG 13000 121303200 166320000 6000 6000
20230113 BIG 18400 161613200 161630000  10000
20230113 BIG 18500 162403200 162420000  100
20230113 BIG 19000 166303200 166320000  500
20230113 BIG 3700 51643200 168670000 2000 2100
20230113 BIG 3800 52423200 169450000  12600
20230113 BIG 3900 53193200 170220000  100
20230113 BIG 3900 53193200 170220000  1700
20230113 BIG 4000 53993200 171760000 100 100
20230113 BIG 4000 54013200 172520000 100 100
20230113 BIG 4100 54733200 171760000  200
20230113 BIG 4100 54753200 172520000  100
20230113 BIG 4100 54793200 174040000 100 100
20230113 BIG 4200 55533200 174040000  200
20230113 BIG 4200 55553200 174800000  100
20230113 BIG 5600 65863200 167890000 1500 1500
20230113 BIG 6100 70213200 190200000 100 2100
20230113 BIG 7100 77113200 167890000 100 100
20230113 BIG 7200 77873200 167890000 4000 4100
20230113 BIG 9100 91823199.99999999 91839999.99999999 2100 2100
20230113 BIG 9200 92613199.99999999 92629999.99999999  100
20230113 BIG "acum_busd" "acum_busd_val" "acum_val_bu" "sd" "sum_vol"
20230116 BIG 10000 77500000 77500000  10000
20230116 BIG 102300 790640000 835180000  1800
20230116 BIG 102300 790640000 835180000 6000 6000
20230116 BIG 103400 798890000 843430000  1100
20230116 BIG 103800 801970000 849430000 400 400
20230116 BIG 104000 803390000 847930000  600
20230116 BIG 104100 804140000 848680000  100
20230116 BIG 104200 804890000 849430000  100
20230116 BIG 105200 812230000 871050000 1600 1600
20230116 BIG 105600 815160000 874700000 100 100
20230116 BIG 105700 815880000 874700000  500
20230116 BIG 106800 823590000 871050000  3000
20230116 BIG 108300 834440000 835180000  98400
20230116 BIG 46300 398525800 881230000 400 600
20230116 BIG 46500 395650000 878350000 40000 40500
20230116 BIG 46500 396369300 879070000 100 100
20230116 BIG 46500 397088600 879790000 100 100
20230116 BIG 46600 396370000 879070000  5400
20230116 BIG 46600 397089300 879790000  100
20230116 BIG 86000 676000000 874700000 19600 19600
20230116 BIG 9900 76760000 77500000 100 100
20230116 BIG "acum_busd" "acum_busd_val" "acum_val_bu" "sd" "sum_vol"
20230117 BIG 12900 3071700 128017700 100 100
20230117 BIG 13000 3761700 128017700 8000 8100
20230117 BIG -1400 4306000 4339600  1400
20230117 BIG 15900 76066400 76107000 1000 1000
20230117 BIG 16700 76072000 76105600  18100
20230117 BIG 16900 76073400 76107000  200
20230117 BIG 200 1480000 1480000  1000
20230117 BIG 200 1480000 1480000  200
20230117 BIG 20800 57521700 126577700 10000 10000
20230117 BIG 20900 58241700 127297700  100
20230117 BIG 22700 76114000 76170000 700 700
20230117 BIG 23400 76118900 76170000 500 500
20230117 BIG 23800 76121700 76177700  1100
20230117 BIG 23800 76121700 76177700  5200
20230117 BIG 23900 76122400 76170000 1000 1000
20230117 BIG 24900 76129400 76170000  9000
20230117 BIG -2800 4296200 4329800  700
20230117 BIG 30800 126521700 126577700  7000
20230117 BIG -3500 1454100 1487700  400
20230117 BIG -3900 1451300 1484900 3500 3500
20230117 BIG -400 1475800 1484900 1000 1000
20230117 BIG 600 1482800 1484900 300 1000
20230117 BIG "acum_busd" "acum_busd_val" "acum_val_bu" "sd" "sum_vol"
20230118 BIG 100 710000 710000  100
20230118 BIG -1500 21977800 22040100  600
20230118 BIG 19300 168948500 169010800  20100
20230118 BIG -2100 17717800 17780100  500
20230118 BIG -2600 14167800 14230100  1700
20230118 BIG 300 711400 711400  200
20230118 BIG 41100 313393200 394055500 2000 2000
20230118 BIG 41200 313393900 394056200  100
20230118 BIG 41200 313393900 394056200  100
20230118 BIG 41300 313394600 394056900  100
20230118 BIG 41900 325606200 392668500 10000 10100
20230118 BIG 42100 326986200 394048500  200
20230118 BIG -4300 2097800 2160100  200
20230118 BIG 43100 326993200 394055500  1000
20230118 BIG -4500 677800 740100 8900 12700
20230118 BIG 47900 360254600 440916900  6600
20230118 BIG 47900 360284600 441636900 100 100
20230118 BIG 48000 360974600 441636900  100
20230118 BIG 48000 360994600 442346900  100
20230118 BIG 50300 389048500 389110800  31000
20230118 BIG 50800 392598500 392660800  500
20230118 BIG 51800 392605500 392667800  1000
20230118 BIG 600 713500 713500  300
20230118 BIG -800 26947800 27010100  700
20230118 BIG "acum_busd" "acum_busd_val" "acum_val_bu" "sd" "sum_vol"
20230119 BIG 15400 114280000 150540000 4900 5400
20230119 BIG 15600 115900000 157840000  1000
20230119 BIG 15600 115900000 157840000 800 1800
20230119 BIG 16100 119450000 161390000  500
20230119 BIG 16200 120180000 162120000  100
20230119 BIG 19800 146850000 146850000  16500
20230119 BIG 26500 120971400 162951300 800 800
20230119 BIG 26600 121691400 163671300  100
20230119 BIG 27200 120257000 162231300 4900 20800
20230119 BIG 27300 120977000 162951300  100
20230119 BIG 27900 131181400 173161300  1300
20230119 BIG 3300 24750000 24750000  15400
20230119 BIG "acum_busd" "acum_busd_val" "acum_val_bu" "sd" "sum_vol"
20230127 BIG 2600 19500000 19500000  2600
20230127 BIG 35900 279270000 279270000  33300
20230127 BIG 36100 280810000 280810000  200
20230127 BIG 36200 281580000 281580000  100
20230127 BIG 36200 281580000 281580000  100
20230127 BIG 36800 286080000 286080000  600
20230127 BIG 49000 384190000 491170000 4000 4000
20230127 BIG 49300 386470000 493450000  300
20230127 BIG 49700 389470000 496450000  1400
20230127 BIG 50000 391750000 498730000  300
20230127 BIG 50200 392600000 469240000 4000 4100
20230127 BIG 51700 404000000 480640000  1500
20230127 BIG 51800 404750000 481390000  100
20230127 BIG 52100 407000000 483640000  300
20230127 BIG 52800 412250000 488890000  700
20230127 BIG 53000 413790000 491170000 100 100
20230127 BIG 53100 414530000 491170000  1600
20230127 BIG 54100 420240000 468480000 6700 30700
20230127 BIG "acum_busd" "acum_busd_val" "acum_val_bu" "sd" "sum_vol"
20230130 BIG 13600 -116810000 94200000 15400 15400
20230130 BIG 13800 -115330000 95680000  200
20230130 BIG 14800 -107840000 165220000 100 100
20230130 BIG 14900 -107090000 165970000  100
20230130 BIG 14900 -107110000 165220000  5700
20230130 BIG 15200 -104840000 168220000  300
20230130 BIG 28800 -5890000 92700000 5600 5600
20230130 BIG 29000 -4390000 94200000  200
20230130 BIG 29000 -4390000 94200000  4200
20230130 BIG 30000 240000 240000  30000
20230130 BIG 34300 35350000 91940000 5300 5400
20230130 BIG 34400 36110000 92700000  100
20230130 BIG 38500 66660000 75900000 200 200
20230130 BIG 38500 66740000 83580000 1000 1000
20230130 BIG 38700 68200000 75900000 1000 1000
20230130 BIG 38800 69020000 85860000  300
20230130 BIG 39500 74340000 83580000  1200
20230130 BIG 39500 74340000 91180000  700
20230130 BIG 39700 75900000 75900000  10900
20230130 BIG 5900 -172910000 99420000 1400 1400
20230130 BIG 6400 -169160000 103170000  500
20230130 BIG 6900 -165690000 96420000 7000 7100
20230130 BIG 7100 -164190000 97920000  200
20230130 BIG 7300 -162690000 99420000  3100
20230130 BIG 9200 -148720000 123610000  2800
20230130 BIG "acum_busd" "acum_busd_val" "acum_val_bu" "sd" "sum_vol"
20230131 BIG 10600 89170000 193270000 8200 8200
20230131 BIG 10800 90650000 194750000  200
20230131 BIG -17100 -107540000 196230000 26000 26000
20230131 BIG -18000 -113910000 196960000 1000 1100
20230131 BIG 18800 147910000 193270000 3300 3300
20230131 BIG -22000 -113938000 196960000 4000 4000
20230131 BIG 22100 171670000 193270000 1000 1000
20230131 BIG 23100 178870000 193270000 2000 2000
20230131 BIG 25100 193270000 193270000  25100
20230131 BIG -25300 -85618400 232530000  2300
20230131 BIG -25700 -88498400 234690000  100
20230131 BIG -25800 -89218400 232530000 500 500
20230131 BIG -25800 -89218400 233970000  200
20230131 BIG -26000 -90658400 232530000 200 200
20230131 BIG -27600 -102408400 215740000  500
20230131 BIG -28100 -106008400 204940000  500
20230131 BIG -28100 -106008400 212140000 1000 2000
20230131 BIG -28500 -109607700 201340000  200
20230131 BIG -28600 -109608400 201340000 100 100
20230131 BIG -28700 -111067700 199880000  300
20230131 BIG -29000 -113257700 197690000  100
20230131 BIG -29100 -113987700 196960000 7100 7100
20230131 BIG 8700 75580000 194750000 300 300
20230131 BIG 8900 77060000 196230000  200
20230131 BIG 9000 77770000 194750000 200 200
20230131 BIG 9200 79190000 194750000 600 600
20230131 BIG 9800 83450000 194750000 1000 1000
20230131 BIG "acum_busd" "acum_busd_val" "acum_val_bu" "sd" "sum_vol"
20230201 BIG 19000 198447300 314150000 6100 6300
20230201 BIG 24900 197010000 312670000 13000 13100
20230201 BIG 30000 231000000 231000000  30000
20230201 BIG 32500 250270000 269250000 700 700
20230201 BIG 32800 252550000 275910000 300 300
20230201 BIG 32900 253230000 272210000  400
20230201 BIG 33000 253970000 272950000  100
20230201 BIG 33100 254740000 275910000 300 300
20230201 BIG 33200 255380000 269250000 1000 1000
20230201 BIG 33400 256930000 275910000  400
20230201 BIG 34100 261930000 268500000 900 5900
20230201 BIG 34200 262680000 269250000  100
20230201 BIG 37600 445281600 582390000 4800 4900
20230201 BIG 37700 287830000 311190000  4900
20230201 BIG 37700 446001600 583110000  100
20230201 BIG 37800 288570000 311930000  100
20230201 BIG 42300 444595200 581670000 500 500
20230201 BIG 42800 448145200 581670000 2600 2600
20230201 BIG 44300 439293400 555050000 7700 40700
20230201 BIG 44400 440033400 555790000  100
20230201 BIG 45300 447433400 580940000 2500 2500
20230201 BIG 45400 448163400 581670000  100
20230201 BIG 47700 464453400 580210000  3300
20230201 BIG 47800 465183400 580940000  100
20230201 BIG "acum_busd" "acum_busd_val" "acum_val_bu" "sd" "sum_vol"
20230202 BIG 1300 9480000 9480000  1000
20230202 BIG 14000 158514000 161410000 5000 5000
20230202 BIG 19000 158549000 161410000 400 400
20230202 BIG 19400 161389000 161410000 3000 3000
20230202 BIG 200 1460000 1460000  200
20230202 BIG 22400 161410000 161410000  21100
20230202 BIG 2400 78504000 162130000 200 200
20230202 BIG 2600 79884000 162130000 11500 11600
20230202 BIG 300 2180000 2180000  100
20230202 BIG "acum_busd" "acum_busd_val" "acum_val_bu" "sd" "sum_vol"
20230203 BIG 1300 9440000 10800000 200 200
20230203 BIG 13100 38786000 73476000 500 500
20230203 BIG 13600 42186000 73476000 2200 2200
20230203 BIG 1500 10800000 10800000  800
20230203 BIG 15300 63935500 73465500 300 300
20230203 BIG 15400 63936200 73466200  100
20230203 BIG 15500 57143900 73473900 1000 1100
20230203 BIG 15600 65975500 73465500 500 500
20230203 BIG 15700 57145300 73475300  200
20230203 BIG 15800 57146000 73476000  100
20230203 BIG 16100 69375500 73465500  6500
20230203 BIG 16400 63943200 73473200  1000
20230203 BIG 700 5040000 5040000  700
20230203 BIG 9500 68620000 72710000 200 200
20230203 BIG 9600 69330000 73420000  100
20230203 BIG 9700 69960000 72000000 100 100
20230203 BIG 9700 69980000 72710000 100 100
20230203 BIG 9800 70640000 72000000  8500
20230203 BIG 9800 70670000 72710000  100
20230203 BIG "acum_busd" "acum_busd_val" "acum_val_bu" "sd" "sum_vol"
20230206 BIG 104700 841034700 841772100  25000
20230206 BIG 10800 89477400 90172100 100 100
20230206 BIG 10900 90157400 90172100 100 100
20230206 BIG 11000 90158100 90172100  12700
20230206 BIG 110700 899804700 1180102100 6400 6400
20230206 BIG 110700 899814700 1180852100 100 200
20230206 BIG 111800 907684700 1140622100  100
20230206 BIG 111800 907684700 1140622100 2000 2000
20230206 BIG 111900 908434700 1141372100  100
20230206 BIG 112300 910884700 1102372100 17500 17500
20230206 BIG 112400 911634700 1103122100  100
20230206 BIG 113800 922484700 1140622100 400 500
20230206 BIG 113800 922484700 1140622100  600
20230206 BIG 113900 923434700 1156372100  2000
20230206 BIG 114100 924694700 1139872100 3000 3000
20230206 BIG 115900 938234700 1171172100  2000
20230206 BIG 116600 943414700 1176352100  1000
20230206 BIG 117000 946414700 1179352100  400
20230206 BIG 117100 946894700 1139872100 100 100
20230206 BIG 117100 947164700 1180102100  100
20230206 BIG 117200 947634700 1139872100 100 100
20230206 BIG 117300 948384700 1139872100  4900
20230206 BIG 129100 1033314700 1093302100 7900 7900
20230206 BIG 129200 1034074700 1094062100  100
20230206 BIG 129300 1034884700 1098622100 500 500
20230206 BIG 129500 1036384700 1100122100  200
20230206 BIG 129800 1038634700 1098622100  600
20230206 BIG 129800 1038634700 1102372100  300
20230206 BIG 133700 1067234700 1067972100  39400
20230206 BIG 134000 1069584700 1070322100  300
20230206 BIG 134100 1070364700 1071102100  100
20230206 BIG 134700 1075044700 1075782100  600
20230206 BIG 135600 1082064700 1082802100  900
20230206 BIG 137000 1092564700 1093302100  1400
20230206 BIG 14300 157594700 158332100 100 100
20230206 BIG 14400 157595400 158332100  13800
20230206 BIG -1700 -11900 2100 2000 2000
20230206 BIG 300 2100 2100  300
20230206 BIG 36300 318194700 318932100  22000
20230206 BIG 4800 89435400 90172100 2000 2000
20230206 BIG 4800 89435400 90172100  7000
20230206 BIG 56300 468194700 468932100  20000
20230206 BIG 6800 89449400 90172100 4000 4000
20230206 BIG 79700 646034700 646772100  23400
20230206 BIG "acum_busd" "acum_busd_val" "acum_val_bu" "sd" "sum_vol"
20230207 BIG 18300 141580000 147610000 500 500
20230207 BIG 18800 145330000 147610000  10900
20230207 BIG 3000 22800000 22800000  3000
20230207 BIG 44200 294726000 300756000  28600
20230207 BIG 48700 272316000 302386000 100 100
20230207 BIG 48800 273066000 302386000 2700 2700
20230207 BIG 48900 273816000 303886000  200
20230207 BIG 49600 279066000 309136000  700
20230207 BIG 49700 279836000 309906000  100
20230207 BIG 49800 280616000 310686000  1500
20230207 BIG 49800 280616000 310686000  4600
20230207 BIG 49900 281396000 311466000  100
20230207 BIG 51500 293316000 302386000  100
20230207 BIG 51500 293316000 302386000 400 400
20230207 BIG 51700 294786000 300816000  7500
20230207 BIG 51800 295576000 301606000  100
20230207 BIG 51800 295576000 301606000  1900
20230207 BIG 51900 296356000 302386000  100
20230207 BIG 5200 39960000 39960000  2200
20230207 BIG 5400 41520000 41520000  200
20230207 BIG 54900 281436000 311506000  5000
20230207 BIG 57100 281453600 311523600  2200
20230207 BIG 6200 47710000 49990000 300 1400
20230207 BIG 7400 56830000 59110000  1200
20230207 BIG 7400 56830000 59110000  1200
20230207 BIG 7400 56830000 59110000  1900
20230207 BIG 7900 60580000 62860000  500
20230207 BIG "acum_busd" "acum_busd_val" "acum_val_bu" "sd" "sum_vol"
20230208 BIG 1500 4108000 4108000  1500
20230208 BIG 23800 210666400 502328800 5000 5100
20230208 BIG 2400 16405600 43538000 2600 2600
20230208 BIG 28600 246385600 501548000 7700 7900
20230208 BIG 28700 247165600 502328000  100
20230208 BIG 28700 247165600 502328000  1700
20230208 BIG 28700 247165600 502328000  1900
20230208 BIG 28700 247165600 502328000  28800
20230208 BIG 34700 290415600 489228000 7000 7100
20230208 BIG 35500 296655600 495468000  800
20230208 BIG 36100 301235600 500048000  600
20230208 BIG 41600 341435600 488448000 16200 16300
20230208 BIG 4200 31225600 58358000  1900
20230208 BIG 44200 359225600 386358000  40000
20230208 BIG 44300 360005600 387138000  100
20230208 BIG 48400 390785600 417918000  4100
20230208 BIG 5000 36425600 43538000 900 2300
20230208 BIG 5700 41905600 41908000 100 100
20230208 BIG 5700 41905600 41908000  200
20230208 BIG 5700 41905600 41908000  200
20230208 BIG 57700 460535600 487668000  9300
20230208 BIG 5800 40228000 40228000  100
20230208 BIG 5800 40228000 40228000  4500
20230208 BIG 5800 41906400 41908000 200 200
20230208 BIG 5800 42725600 42728000  1000
20230208 BIG 5900 43535600 43538000  100
20230208 BIG 6000 41908000 41908000  1000
20230208 BIG 6000 41908000 41908000  200
20230208 BIG "acum_busd" "acum_busd_val" "acum_val_bu" "sd" "sum_vol"
20230209 BIG 50000 440000000 440000000  50000
20230209 BIG 53500 440028000 440028000  3500
20230209 BIG 55600 440044800 440044800  2300
20230209 BIG 56100 440048800 440048800  500
20230209 BIG 63900 500108800 500108800  7900
20230209 BIG 64100 500110400 500110400  200
20230209 BIG 64100 500110400 500110400  300
20230209 BIG 64300 500112000 500112000  200
20230209 BIG 64400 500112800 500112800  100
20230209 BIG 64500 500113600 500113600  100
20230209 BIG 65300 500120000 500120000  800
20230209 BIG 66300 500128000 500128000  1000
20230209 BIG 66800 500132000 500132000  500
20230209 BIG 67000 501712000 501712000  200
20230209 BIG 67500 505662000 505662000  500
20230209 BIG 72000 505698000 505698000  4500
20230209 BIG 77100 505738800 505738800  5100
20230209 BIG 81100 505770800 505770800  4500
20230209 BIG 81500 504195600 507355600 400 600
20230209 BIG 81700 505775600 505775600  600
20230209 BIG 81700 505775600 508935600  500
20230209 BIG 81900 507355600 510515600  200
20230209 BIG 82000 507356400 510516400  200
20230209 BIG "acum_busd" "acum_busd_val" "acum_val_bu" "sd" "sum_vol"
20230210 BIG 100 1430000.0000000002 30140000 200 200
20230210 BIG 100 869999.9999999999 869999.9999999999  52100
20230210 BIG -200 -1170000.0000000005 24260000 400 400
20230210 BIG 200 2109999.999999999 24260000 700 700
20230210 BIG 300 3070000 30140000  700
20230210 BIG -3800 -2647200 30142400 3700 4000
20230210 BIG -400 -2620000 30140000 500 500
20230210 BIG -400 -2810000 24260000 200 200
20230210 BIG 41200 379852800 412642400  45000
20230210 BIG 48100 491774800 559594800 4000 4000
20230210 BIG 48200 492604800 560424800  100
20230210 BIG 49100 486807600 554595600 3200 3200
20230210 BIG 49600 486811600 554599600  500
20230210 BIG 49800 486813200 554601200  200
20230210 BIG 500 4530000 20870000 1900 6400
20230210 BIG 50100 486815600 554603600  300
20230210 BIG 50600 486819600 554607600  500
20230210 BIG 50700 486820400 554608400  100
20230210 BIG 50900 486822000 554610000  200
20230210 BIG 51100 486823600 554611600  200
20230210 BIG 51200 464852800 497642400  10000
20230210 BIG 51200 486824400 554612400  100
20230210 BIG 51500 486826800 554614800  300
20230210 BIG 52100 491806800 559594800  600
20230210 BIG 52100 512815200 553742400 5700 5700
20230210 BIG 52200 513665200 554592400  100
20230210 BIG 52300 512087600 554595600 200 200
20230210 BIG 52500 513667600 554595600 100 500
20230210 BIG 57800 520952800 553742400  6600
20230210 BIG 600 5400000 21740000  1100
20230210 BIG 900 7920000 24260000  300
20230210 BIG "acum_busd" "acum_busd_val" "acum_val_bu" "sd" "sum_vol"
20230213 BIG 30200 262740000 262740000  30200
20230213 BIG 32200 310200000 532670000 10000 10100
20230213 BIG 32300 310970000 533440000  100
20230213 BIG 32500 312510000 534980000  200
20230213 BIG 36500 344990000 569000000 200 200
20230213 BIG 36700 346530000 569000000  4200
20230213 BIG 42100 382430000 531900000 800 800
20230213 BIG 42900 388350000 531900000 1100 1200
20230213 BIG 43800 394930000 530340000 400 400
20230213 BIG 43900 395710000 531120000  1700
20230213 BIG 44000 396410000 528860000 300 300
20230213 BIG 44200 397890000 530340000  200
20230213 BIG 44300 398630000 528860000 100 100
20230213 BIG 44400 399370000 528860000 2100 2300
20230213 BIG 46000 400200000 400200000  15800
20230213 BIG 46300 413310000 527260000 1100 1200
20230213 BIG 47300 420670000 526480000 5000 5000
20230213 BIG 47700 415260000 425700000 100 100
20230213 BIG 47800 416060000 425700000 100 100
20230213 BIG 47900 416860000 425700000 900 900
20230213 BIG 47900 416940000 427380000  200
20230213 BIG 48000 417200000 417200000  2000
20230213 BIG 48000 417770000 428210000  100
20230213 BIG 48800 424060000 425700000 200 200
20230213 BIG 49000 425700000 425700000  1000
20230213 BIG 52300 457670000 526480000 900 900
20230213 BIG 53200 464330000 526480000 5000 5000
20230213 BIG 58000 499690000 524840000 1900 3800
20230213 BIG 58000 499770000 510210000  10000
20230213 BIG 58200 501330000 526480000  200
20230213 BIG "acum_busd" "acum_busd_val" "acum_val_bu" "sd" "sum_vol"
20230214 BIG 14700 158690000 509470000 3000 3000
20230214 BIG 14900 160250000 511030000  200
20230214 BIG 17700 179690000 509470000  8000
20230214 BIG 20900 177130000 259830000 5000 5100
20230214 BIG 25800 212330000 259030000 500 500
20230214 BIG 25800 212330000 259030000  700
20230214 BIG 26300 216280000 259030000 400 400
20230214 BIG 26700 219440000 259030000 400 400
20230214 BIG 27000 221810000 258240000 4400 5000
20230214 BIG 27100 222600000 259030000  100
20230214 BIG 30800 252590000 253380000 100 100
20230214 BIG 30900 253380000 253380000  30900
20230214 BIG 9700 116490000 446270000 34800 58400
20230214 BIG "acum_busd" "acum_busd_val" "acum_val_bu" "sd" "sum_vol"
20230216 BIG 0 0 0  200
20230216 BIG 1000 7200000 7200000  100
20230216 BIG 200 1440000 1440000  200
20230216 BIG 21400 156000000 156000000  20400
20230216 BIG 57700 443510000 592740000 1300 1300
20230216 BIG 57800 444250000 593480000  100
20230216 BIG 57800 444250000 593480000  500
20230216 BIG 57900 444990000 594220000  100
20230216 BIG 58000 445730000 594960000  100
20230216 BIG 59000 452740000 592740000 20000 20200
20230216 BIG 69400 520800000 520800000  48000
20230216 BIG 74300 559900000 730130000 3000 3100
20230216 BIG 74400 560630000 730860000  100
20230216 BIG 74700 562820000 733050000  300
20230216 BIG 77200 580170000 729400000  19200
20230216 BIG 78300 587560000 587560000  8900
20230216 BIG 78800 591260000 591260000  500
20230216 BIG 900 6480000 6480000  700
20230216 BIG "acum_busd" "acum_busd_val" "acum_val_bu" "sd" "sum_vol"
20230217 BIG 0 750000 14050000  200
20230217 BIG 100 750000 750000  100
20230217 BIG 14000 117750000 269050000 20000 20000
20230217 BIG 1500 11110000 11110000  600
20230217 BIG 1700 12590000 12590000  200
20230217 BIG -200 -710000 12590000 1000 1000
20230217 BIG -200 -710000 12590000  200
20230217 BIG 34000 255750000 269050000  34000
20230217 BIG 39600 299660000 503410000  30500
20230217 BIG 39700 300400000 504150000  100
20230217 BIG 42700 322300000 526050000  3000
20230217 BIG 600 4450000 4450000  500
20230217 BIG 7100 70410000 274160000 100 100
20230217 BIG 7200 71110000 274160000 2500 2600
20230217 BIG 800 6290000 12590000 900 900
20230217 BIG 8100 77710000 281460000  1000
20230217 BIG 900 6670000 6670000  300
20230217 BIG 9100 85110000 288860000  1000
20230217 BIG 9600 87630000 273430000 5000 5600
20230217 BIG "acum_busd" "acum_busd_val" "acum_val_bu" "sd" "sum_vol"
20230220 BIG 39700 290310000 291730000 200 200
20230220 BIG 39900 291730000 291730000  30000
20230220 BIG 54700 398310000 399730000  15000
20230220 BIG 56900 414450000 437170000 3000 8200
20230220 BIG 59200 431080000 458060000 100 100
20230220 BIG 59300 431790000 458060000 500 500
20230220 BIG 59300 431810000 458790000  100
20230220 BIG 59700 434610000 457330000  2800
20230220 BIG 59800 435340000 458060000  100
20230220 BIG 64200 467580000 494560000  4900
20230220 BIG 64300 468320000 495300000  100
20230220 BIG 64500 469790000 496770000  200
20230220 BIG 7700 57550000 57550000  7700
20230220 BIG 8700 64850000 64850000  1000
20230220 BIG 8900 66330000 66330000  200
20230220 BIG 9900 73730000 73730000  1000
20230220 BIG "acum_busd" "acum_busd_val" "acum_val_bu" "sd" "sum_vol"
