20221213 BMN -100 -1010000 0 100 100
20221215 BMN 700 6580000 6580000 0 900
20221216 BMN 0 1838199.9999999998 1839999.9999999998 200 400
20221221 BMN -300 -2620000 0 300 300
20221222 BMN 0 0 880000.0000000001 100 200
20221226 BMN -100 -860000 0 100 100
20221227 BMN 0 0 0 0 100
20221230 BMN 200 1720000 1720000 0 200
20230104 BMN -500 -4300000 0 500 500
20230106 BMN -100 -740000 0 100 100
20230109 BMN -100 -850000 0 100 100
20230111 BMN 700 6789999.999999998 9699999.999999998 300 1300
20230112 BMN 400 3879999.9999999995 3879999.9999999995 0 400
20230113 BMN -100 -880000.0000000001 0 100 100
20230116 BMN 0 0 0 0 100
20230119 BMN 100 990000 990000 0 100
20230203 BMN -400 -3600 0 400 400
20230207 BMN -100 -830000 990000 200 400
20230208 BMN 100 900 900 0 500
20230213 BMN 400 3520000 3520000 0 400
20230217 BMN -1200 -9360000 0 1200 1200
