20221212 BSA -6000 -95190000 142170000 23490000 118680000
20221213 BSA -2900 -45850000 98550000 18150000 64000000
20221214 BSA -3900 -64350000 74250000 4950000 69300000
20221215 BSA 200 3470000 6730000 5100000 1630000
20221219 BSA -4700 -77460000 87540000 5040000 82500000
20221220 BSA -2900 -47850000 95700000 0 47850000
20221221 BSA -7000 -115700000 127320000 0 115700000
20221222 BSA -6000 -99000000 99000000 0 99000000
20221223 BSA -2400 -40040000 56620000 8290000 48330000
20221227 BSA -142800 -2414340000 2926500000 234110000 2648450000
20221228 BSA 100 1770000 1770000 1770000 0
20221229 BSA 300 5250000 5250000 5250000 0
20221230 BSA 5500 96250000 99730000 96250000 0
20230103 BSA -4400 -76870000 846900000 82300000 159170000
20230105 BSA 0 0 49280000.00000001 0 0
20230106 BSA -6000 -102000000 119200000 0 102000000
20230109 BSA -1300 -22360000 49880000 13760000 36120000
20230110 BSA -1100 -18680000 22120000 1720000 20400000
20230111 BSA -1000 -17000000 17000000 0 17000000
20230112 BSA 0 0 17300000 0 0
20230113 BSA -3800 -66080000 69560000 1.74e+06 67820000
20230118 BSA 200 3700000 3700000 3700000 0
20230119 BSA 2000 36800000 36800000 36800000 0
20230127 BSA 1300 23140000 37380000 26700000 3560000
20230130 BSA -400 -7090000 10610000 1.76e+06 8850000
20230131 BSA 0 0 12320000 1.76e+06 1.76e+06
20230201 BSA -100 -1760000.0000000002 87800000 0 1.76e+06
20230202 BSA -1300 -22900000 24690000 0 22900000
20230203 BSA -300 -5280000 42240000 0 5280000
20230206 BSA -600 -10600000 10600000 0 10600000
20230207 BSA -2700 -47780000 53090000 0 47780000
20230208 BSA 15000 262500000 315100000 262500000 0
20230209 BSA 10300 180610000 372620000 190750000 10140000
20230210 BSA -3300 -56100000 74800000 0 56100000
