20221212 BSG 900 21640000
20221213 BSG -1200 -9320000
20221214 BSG -1300 -11230000
20221215 BSG 700 18020000
20221216 BSG 600 7740000
20221219 BSG 2400 42920000
20221220 BSG 6600 102770000
20221221 BSG -1000 -4450000
20221222 BSG 1800 21418000
20221223 BSG 300 24170000
20221226 BSG 3100 40687000
20221227 BSG 1800 21365200
20221228 BSG -1100 31486600.000000007
20221229 BSG -25000 -363070000
20221230 BSG -100 -43828100
20230103 BSG -10500 -129035600
20230104 BSG -5200 -57440000
20230105 BSG 100 10850000
20230106 BSG 2700 40710000
20230109 BSG 5700 95170000
20230110 BSG 2400 40437200
20230111 BSG 500 16942300
20230112 BSG -3300 -43464000
20230113 BSG 300 6677800
20230116 BSG 1400 -1888700
20230117 BSG 6100 54358800
20230118 BSG -5600 -54900000.000000015
20230119 BSG -2000 -16519999.999999998
20230127 BSG -100 -430000
20230130 BSG 1900 22000000
20230131 BSG 2000 33630100
20230201 BSG -2400 -5520900
20230202 BSG -2100 -392000
20230203 BSG 4600 41823800
20230206 BSG 15000 136947100
20230207 BSG -10000 34298100
20230208 BSG 2800 45950100
20230209 BSG 2800 30625500
20230210 BSG 6400 18897200
20230213 BSG -3300 -32210000
