20230223 BSI -10000 -175145000 574050000 2000 2000
20230223 BSI -10000 -175820000 425540000  6400
20230223 BSI -11300 -201125000 28605000 4900 4900
20230223 BSI -12700 -222935000 574050000 2700 2700
20230223 BSI -13500 -237095000 574050000 800 800
20230223 BSI -14900 -261875000 574050000 1400 1400
20230223 BSI -16400 -290180000 311180000 100 2800
20230223 BSI -18800 -333810000 90460000  2700
20230223 BSI -19000 -336460000 263120000  3000
20230223 BSI -1900 -33630000 0 1900 1900
20230223 BSI -19100 -339185000 28605000 7800 7800
20230223 BSI -20400 -359225000 574050000 5500 5500
20230223 BSI -2100 -37190000 3560000 400 600
20230223 BSI -21500 -381545000 42725000 3200 4000
20230223 BSI -22000 -389860000 209720000 800 2400
20230223 BSI -22800 -404140000 181240000 500 5600
20230223 BSI -2400 -39805000 570480000  200
20230223 BSI -2400 -42515000 8915000 600 900
20230223 BSI -2600 -43385000 566900000 500 6500
20230223 BSI -27400 -486030000 90460000 8600 8600
20230223 BSI -3600 -61225000 570480000 1200 1200
20230223 BSI -36500 -643965000 616770000 100 3000
20230223 BSI -37100 -654815000 574050000 16700 16700
20230223 BSI -37400 -659985000 616770000 900 900
20230223 BSI -38800 -684905000 574050000 1700 1700
20230223 BSI -39300 -693805000 616770000 1900 1900
20230223 BSI -39900 -704485000 616770000 600 600
20230223 BSI -42000 -741865000 616770000 2100 2100
20230223 BSI -4300 -76520000 28605000 3000 4100
20230223 BSI -43100 -761340000 616770000 1100 1100
20230223 BSI -45300 -800280000 616770000 2200 2200
20230223 BSI -45500 -803810000 616770000 200 200
20230223 BSI -4700 -80860000 570480000 1100 1100
20230223 BSI -51800 -914845000 673410000  2600
20230223 BSI -52900 -934110000 726510000  700
20230223 BSI -53600 -946500000 714120000  300
20230223 BSI -53900 -951810000 708810000  2000
20230223 BSI -54400 -960865000 627390000 200 800
20230223 BSI -54600 -964200000 726510000 1700 1700
20230223 BSI -54800 -967955000 616770000 9300 9300
20230223 BSI -55900 -987210000 673410000 4100 4100
20230223 BSI -56600 -999600000 726510000 2000 2000
20230223 BSI -56700 -1001365000 726510000 100 100
20230223 BSI -6400 -113905000 28605000 2100 2100
20230223 BSI -7900 -137980000 570480000 3200 3200
20230223 BSI -8000 -139745000 574050000 300 500
20230223 BSI -8100 -141810000 459550000  1900
20230223 BSI "acum_busd" "acum_busd_val" "acum_val_bu" "sd" "sum_vol"
