20230223 BSR -103100 -1706490000 4392220000 29800 43900
20230223 BSR -104400 -1704570000 12596680000 42500 50300
20230223 BSR 105200 1744690000 2744870000 100 28000
20230223 BSR -1074800 -17595720000 22359460000 207900 217900
20230223 BSR 128300 2131140000 3837150000 35700 38300
20230223 BSR 161400 2683790000 3793630000 6600 69400
20230223 BSR 16900 287700000 8818250000 3300 85800
20230223 BSR 185000 3099220000 12425450000 19700 19700
20230223 BSR 192500 3220960000 11874350000  151000
20230223 BSR 195600 3272770000 12022980000 5800 14700
20230223 BSR 20000 338760000 6732820000 4400 93400
20230223 BSR 204700 3426240000 12425450000 13000 15900
20230223 BSR 207600 3473170000 12223380000  12000
20230223 BSR 214800 3593610000 12377020000 2000 11200
20230223 BSR -25300 -418180000 3910630000 88900 88900
20230223 BSR 26000 440120000 9045370000 4500 8100
20230223 BSR 26900 454700000 8985250000  10000
20230223 BSR 30700 507890000 953730000 26200 51300
20230223 BSR 31600 522830000 1255850000 17300 35500
20230223 BSR 31800 525420000 536920000 700 33200
20230223 BSR -322600 -5300280000 14279320000 284200 342300
20230223 BSR -334200 -5487790000 14729770000 6800 30700
20230223 BSR -339500 -5577340000 14295820000 17900 18900
20230223 BSR -351300 -5770620000 14335420000 14200 16600
20230223 BSR -35400 -585650000 3942360000 12000 13900
20230223 BSR -357200 -5841240000 20103240000 500 7000
20230223 BSR -363200 -5940890000 19995340000 8900 67000
20230223 BSR -364300 -5958390000 20103240000 7100 7100
20230223 BSR -366400 -5993040000 20103240000 2100 2100
20230223 BSR -412400 -6753410000 19036670000 13600 46900
20230223 BSR 41500 699260000 9352650000 2900 21300
20230223 BSR -432100 -7079820000 18487220000  19600
20230223 BSR -437400 -7164520000 20106560000 71200 71400
20230223 BSR -451700 -7403220000 18163820000 2100 7500
20230223 BSR -455000 -7457880000 18074720000  103300
20230223 BSR -488700 -8007870000 21504110000 1000 18500
20230223 BSR -49900 -830380000 7281850000 2100 8500
20230223 BSR -505200 -8280220000 21215360000 300 19600
20230223 BSR -518300 -8492570000 21626210000 37000 44400
20230223 BSR 52300 866450000 1848470000 14100 20100
20230223 BSR -524200 -8593750000 20896910000  6000
20230223 BSR -529800 -8680010000 21817610000 23100 34700
20230223 BSR -530200 -8692750000 20797910000 1600 23600
20230223 BSR -538300 -8819410000 21817610000 8500 8500
20230223 BSR -538500 -8832670000 20170910000 105000 108900
20230223 BSR -541200 -8876650000 20220410000 5700 8700
20230223 BSR -54200 -902400000 7174970000 100800 127400
20230223 BSR -548600 -8988330000 21817610000 10300 10300
20230223 BSR -550600 -9029510000 20434910000 500 8000
20230223 BSR -554800 -9099590000 20236910000 14600 15600
20230223 BSR -557600 -9145060000 20311160000 3500 8000
20230223 BSR -558300 -9162330000 16370270000 26500 92100
20230223 BSR -558600 -9161910000 20236910000 3800 3800
20230223 BSR -57000 -948150000 7296880000 8000 8900
20230223 BSR -597400 -9786630000 22150910000 6800 21100
20230223 BSR -597400 -9803770000 15294430000 297600 332000
20230223 BSR -598500 -9804440000 22188860000 3400 5700
20230223 BSR 60400 1000910000 1748870000 900 30600
20230223 BSR -604900 -9911060000 21914960000 100 4700
20230223 BSR -609400 -9985320000 21839060000 62100 63400
20230223 BSR -615700 -10086500000 22192160000 17400 17600
20230223 BSR -62300 -1035270000 7440500000 6600 13600
20230223 BSR -62700 -1042610000 7323600000 7300 8900
20230223 BSR 63600 1057560000 3910630000 69100 73500
20230223 BSR -636300 -10424340000 22192160000 20600 20600
20230223 BSR -64600 -1066040000 5255420000 13500 65500
20230223 BSR -67100 -1084960000 13287240000  4400
20230223 BSR -69700 -1128550000 12467200000 257200 259700
20230223 BSR -71500 -1158000000 13214200000 2500 6200
20230223 BSR -72700 -1178170000 13152780000 1000 20700
20230223 BSR 77400 1283210000 2281730000 1000 27100
20230223 BSR -87400 -1448850000 4158160000 65000 78000
20230223 BSR -876900 -14370160000 22195460000 240800 241000
20230223 BSR -91400 -1488690000 12825760000 800 14600
20230223 BSR -96500 -1569860000 13320440000 31400 33400
20230223 BSR "acum_busd" "acum_busd_val" "acum_val_bu" "sd" "sum_vol"
