20230223 BVS 100 1840000 10440000  600
20230223 BVS 100 2900000 300270000  200
20230223 BVS -100 -560000 296810000  100
20230223 BVS -1100 -18070000 213540000  100
20230223 BVS -1100 -18070000 213540000  300
20230223 BVS -1100 -18070000 265440000  1000
20230223 BVS -1400 -23290000 208320000  2400
20230223 BVS 1400 24490000 110780000 100 100
20230223 BVS 1500 26220000 110780000 1100 1100
20230223 BVS 1500 26220000 110780000  900
20230223 BVS 1700 30420000 348430000 1200 4000
20230223 BVS 1700 30430000 350160000 100 100
20230223 BVS 1800 32150000 350160000  100
20230223 BVS -1900 -31350000 374380000 5000 5300
20230223 BVS -200 -2290000 295080000 600 600
20230223 BVS -2100 -35370000 248140000  2000
20230223 BVS 2600 45140000 110780000 500 6300
20230223 BVS -2700 -46600000 10440000 2800 2800
20230223 BVS 2800 49460000 369190000  1100
20230223 BVS -3000 -51230000 145780000  2000
20230223 BVS -3800 -65050000 166560000  100
20230223 BVS -3900 -66790000 164820000 2000 3100
20230223 BVS 400 8090000 291600000  900
20230223 BVS 400 8090000 295080000 200 400
20230223 BVS -4100 -69970000 213540000 3000 3000
20230223 BVS -4600 -79310000 110780000 6000 6000
20230223 BVS -5000 -86230000 110780000 400 400
20230223 BVS -500 -7570000 275940000  1600
20230223 BVS -500 -8600000 0 500 500
20230223 BVS "acum_busd" "acum_busd_val" "acum_val_bu" "sd" "sum_vol"
