20221213 CAG -4000 -34000000 0 4000 4000
20221213 CAG -5000 -42500000 0 1000 1000
20221213 CAG -5600 -47600000 0  5500
20221213 CAG -5600 -47600000 0 600 600
20221213 CAG "acum_busd" "acum_busd_val" "acum_val_bu" "sd" "sum_vol"
20221214 CAG -10000 -84000000 0 6000 6000
20221214 CAG -13500 -113250000 12750000  5000
20221214 CAG -13500 -113250000 12750000 5000 5500
20221214 CAG -13500 -113250000 12750000  6000
20221214 CAG -4000 -33600000 0 4000 4000
20221214 CAG -9000 -75500000 8500000  1000
20221214 CAG "acum_busd" "acum_busd_val" "acum_val_bu" "sd" "sum_vol"
20221215 CAG -100 -830000.0000000001 0 100 100
20221215 CAG -12300 -102090000 0 4500 4500
20221215 CAG -15800 -131140000 0 3500 3500
20221215 CAG -18000 -149400000 53120000  5000
20221215 CAG -20800 -172640000 0 5000 5000
20221215 CAG -22400 -185920000 5810000.000000001  700
20221215 CAG -23000 -190900000 11620000.000000002  700
20221215 CAG -23100 -191730000 0 2300 2300
20221215 CAG -23700 -196710000 5810000.000000001 1300 1300
20221215 CAG -3700 -30710000.000000004 0 3600 3600
20221215 CAG -6100 -50630000 0 2400 2400
20221215 CAG -7800 -64740000 0 1700 1700
20221215 CAG "acum_busd" "acum_busd_val" "acum_val_bu" "sd" "sum_vol"
20221216 CAG -2300 -18860000 0 2300 2300
20221216 CAG -3100 -25420000 0 800 800
20221216 CAG -5100 -41820000 0 2000 2000
20221216 CAG -6100 -50020000 0 1000 1000
20221216 CAG -8200 -67190000 869999.9999999999  100
20221216 CAG -8300 -68060000 0 2200 2200
20221216 CAG "acum_busd" "acum_busd_val" "acum_val_bu" "sd" "sum_vol"
20221219 CAG -100 -840000 0 100 100
20221219 CAG -11900 -99960000 9240000 6000 6000
20221219 CAG -14900 -125160000 9240000 3000 3000
20221219 CAG -3600 -30240000 104160000  300
20221219 CAG -3900 -32760000 101640000  11000
20221219 CAG -5100 -42840000 0 5000 5000
20221219 CAG -5900 -49560000 9240000  1000
20221219 CAG -6900 -57960000 840000  100
20221219 CAG -7000 -58800000 0 1900 1900
20221219 CAG "acum_busd" "acum_busd_val" "acum_val_bu" "sd" "sum_vol"
20221220 CAG 100 840000 840000  100
20221220 CAG -2900 -22560000 840000 3000 3000
20221220 CAG "acum_busd" "acum_busd_val" "acum_val_bu" "sd" "sum_vol"
20221221 CAG 100 830000.0000000001 830000.0000000001  100
20221221 CAG "acum_busd" "acum_busd_val" "acum_val_bu" "sd" "sum_vol"
20221222 CAG 0 0 830000.0000000001 100 100
20221222 CAG -100 -810000 830000.0000000001 100 100
20221222 CAG 100 830000.0000000001 830000.0000000001  100
20221222 CAG -3800 -30780000 7310000  800
20221222 CAG -3900 -31590000 7310000 100 100
20221222 CAG -4600 -37260000 830000.0000000001 4500 4500
20221222 CAG -5200 -42120000 7310000 1300 1300
20221222 CAG -5700 -46170000 7310000 500 500
20221222 CAG -5800 -46980000 7310000 100 100
20221222 CAG -7800 -63180000 31610000 5000 8000
20221222 CAG -7900 -64020000 31610000 100 100
20221222 CAG "acum_busd" "acum_busd_val" "acum_val_bu" "sd" "sum_vol"
20221223 CAG -12400 -100460000 0 12200 12200
20221223 CAG -12500 -101270000 0 100 100
20221223 CAG -200 -1639999.9999999998 0  10000
20221223 CAG -200 -1639999.9999999998 0 200 200
20221223 CAG "acum_busd" "acum_busd_val" "acum_val_bu" "sd" "sum_vol"
20221226 CAG -100 -800 0 100 100
20221226 CAG -10100 -80800 0 3100 3100
20221226 CAG -10600 -84800 0 500 500
20221226 CAG -10900 -87200 0 300 300
20221226 CAG -7000 -56000 0 6900 6900
20221226 CAG "acum_busd" "acum_busd_val" "acum_val_bu" "sd" "sum_vol"
20221227 CAG -300 846800 850000  100
20221227 CAG -400 -3200 0 400 400
20221227 CAG "acum_busd" "acum_busd_val" "acum_val_bu" "sd" "sum_vol"
20221229 CAG -500 -4050000 0 500 500
20221229 CAG -500 -4050000 0  7000
20221229 CAG "acum_busd" "acum_busd_val" "acum_val_bu" "sd" "sum_vol"
20221230 CAG -10000 -63216000 0 7800 7800
20221230 CAG -100 -790000 0 100 100
20221230 CAG -14900 -102715200 800  3000
20221230 CAG -14900 -102715200 800 5000 5000
20221230 CAG -17900 -126415200 800 3000 3000
20221230 CAG -2100 -16590000 0 2000 2000
20221230 CAG -2200 -16590800 0 100 100
20221230 CAG -23900 -173815200 800 6000 6000
20221230 CAG -9900 -63215200 800  100
20221230 CAG "acum_busd" "acum_busd_val" "acum_val_bu" "sd" "sum_vol"
20230103 CAG 0 0 0  1000
20230103 CAG 0 0 0  200
20230103 CAG -19200 -52770000 10530000  100
20230103 CAG -19200 -52770000 10530000 12000 12000
20230103 CAG -6800 -52670800 10530000  1300
20230103 CAG -7200 -52674000 10530000 400 400
20230103 CAG -8100 -63200800 0  10000
20230103 CAG -8100 -63200800 0 8100 8100
20230103 CAG "acum_busd" "acum_busd_val" "acum_val_bu" "sd" "sum_vol"
20230104 CAG 0 0 0  300
20230104 CAG 1000 827199.9999999999 827199.9999999999  900
20230104 CAG 100 819999.9999999999 819999.9999999999  100
20230104 CAG "acum_busd" "acum_busd_val" "acum_val_bu" "sd" "sum_vol"
20230106 CAG 100 800 800  100
20230106 CAG -100 8900400 8910800 500 500
20230106 CAG 1100 8100800 8100800  200
20230106 CAG 1200 8910800 8910800  100
20230106 CAG -3400 8874000 8910800 3300 3300
20230106 CAG 400 8904400 8910800 800 800
20230106 CAG 600 4050800 4050800  500
20230106 CAG 900 6480800 6480800  200
20230106 CAG 900 6480800 6480800  300
20230106 CAG "acum_busd" "acum_busd_val" "acum_val_bu" "sd" "sum_vol"
20230109 CAG -1200 -9600 0 1000 1000
20230109 CAG -200 -1600 0 200 200
20230109 CAG -2200 -17600 0 1000 1000
20230109 CAG 4600 36800 54400  7000
20230109 CAG 5400 43200 60800  800
20230109 CAG 5500 44000 61600  100
20230109 CAG 5500 44000 62400 100 100
20230109 CAG 5600 44800 62400  100
20230109 CAG 5700 45600 64000  200
20230109 CAG 5800 46400 64800  100
20230109 CAG 5900 47200 65600  100
20230109 CAG 6000 48000 66400  100
20230109 CAG 6100 48800 67200  100
20230109 CAG 6100 48800 67200  300
20230109 CAG "acum_busd" "acum_busd_val" "acum_val_bu" "sd" "sum_vol"
20230110 CAG -10000 -80000 0 1000 1000
20230110 CAG -10200 -81600 0 200 200
20230110 CAG -10300 -82400 0 100 100
20230110 CAG -10400 -83200 0 100 100
20230110 CAG -10600 -84800 0 200 200
20230110 CAG -10900 -87200 0 300 300
20230110 CAG -12800 -102400 24800  3100
20230110 CAG -13700 -109600 24800 900 900
20230110 CAG -15700 -125600 24800 2000 2000
20230110 CAG -15900 -127200 0 5000 5000
20230110 CAG -22700 -181600 24800 7000 7000
20230110 CAG -9000 -72000 0 9000 9000
20230110 CAG "acum_busd" "acum_busd_val" "acum_val_bu" "sd" "sum_vol"
20230111 CAG -10200 -61599.99999999988 4070000  100
20230111 CAG -10300 -891600 3240000 8100 8200
20230111 CAG -2000 -16000 0 2000 2000
20230111 CAG -2200 -1636000 2430000  300
20230111 CAG -2200 -826800 3240000  100
20230111 CAG -2300 -1636800 2430000 100 100
20230111 CAG -2500 -4066000 0 500 500
20230111 CAG "acum_busd" "acum_busd_val" "acum_val_bu" "sd" "sum_vol"
20230112 CAG -1900 814000.0000000001 830000.0000000001  100
20230112 CAG -2000 -16000 0 2000 2000
20230112 CAG "acum_busd" "acum_busd_val" "acum_val_bu" "sd" "sum_vol"
20230113 CAG 100 830000.0000000001 830000.0000000001  100
20230113 CAG 100 830000.0000000001 830000.0000000001  100
20230113 CAG "acum_busd" "acum_busd_val" "acum_val_bu" "sd" "sum_vol"
20230116 CAG -100 -770000 770000 200 300
20230116 CAG 200 1540000 3080000  300
20230116 CAG 2800 21560000 23100000  100
20230116 CAG 2800 21560000 23100000  2100
20230116 CAG 700 5390000 6930000  500
20230116 CAG "acum_busd" "acum_busd_val" "acum_val_bu" "sd" "sum_vol"
20230117 CAG 100 810000 810000  100
20230117 CAG -1700 795600 810000  100
20230117 CAG -1700 795600 810000 1800 1900
20230117 CAG "acum_busd" "acum_busd_val" "acum_val_bu" "sd" "sum_vol"
20230118 CAG 100 1010000.0000000001 5090000 100 100
20230118 CAG 100 990000 4250000 400 600
20230118 CAG 200 1830000 5090000  100
20230118 CAG 200 1850000 5930000  100
20230118 CAG 300 2550000 2550000  300
20230118 CAG "acum_busd" "acum_busd_val" "acum_val_bu" "sd" "sum_vol"
20230119 CAG -12800 3214400.0000000005 3323200.0000000005 5000 5000
20230119 CAG -15100 3196000.0000000005 3383200.0000000005  1000
20230119 CAG -15100 3196000.0000000005 3383200.0000000005  1400
20230119 CAG -16100 3188000.0000000005 3375200.0000000005  700
20230119 CAG -16800 3182400.0000000005 3369600.0000000005  400
20230119 CAG -17000 3180800.0000000005 3364800.0000000005  900
20230119 CAG -17200 3179200.0000000005 3366400.0000000005 400 600
20230119 CAG -17300 3178400.0000000005 3362400.0000000005  800
20230119 CAG -17800 3174400.0000000005 3323200.0000000005 5000 5000
20230119 CAG -17900 3173600.0000000005 3356000.0000000005  2600
20230119 CAG -18100 3172000.0000000005 3356000.0000000005 200 200
20230119 CAG -20300 3154400.0000000005 3323200.0000000005 2500 2500
20230119 CAG -20500 3152800.0000000005 3335200.0000000005  1400
20230119 CAG -21900 3141600.0000000005 3324000.0000000005 1700 1800
20230119 CAG -3100 3292000.0000000005 3320000.0000000005 3500 3500
20230119 CAG 400 3320000.0000000005 3320000.0000000005  100
20230119 CAG 400 3320000.0000000005 3320000.0000000005  400
20230119 CAG -7800 3254400.0000000005 3323200.0000000005  100
20230119 CAG -7900 3253600.0000000005 3322400.0000000005 5100 5400
20230119 CAG "acum_busd" "acum_busd_val" "acum_val_bu" "sd" "sum_vol"
20230127 CAG -1000 -7810000 18720000  100
20230127 CAG -1100 -8590000 17940000  200
20230127 CAG -1300 -10150000 16380000  100
20230127 CAG -1400 -10930000 15600000  2000
20230127 CAG 1600 12470000 50700000 1500 1500
20230127 CAG 1700 13250000 85020000  100
20230127 CAG 1700 13250000 85020000 3700 4300
20230127 CAG -300 -2350000 0 300 300
20230127 CAG 3100 24170000 50700000  4000
20230127 CAG -3400 -26530000 0 3100 3100
20230127 CAG 4000 31190000 69420000  2400
20230127 CAG 4800 37430000 80340000 200 200
20230127 CAG 5000 38990000 80340000 400 400
20230127 CAG 5400 42110000 80340000  1400
20230127 CAG -900 -7030000 19500000  100
20230127 CAG "acum_busd" "acum_busd_val" "acum_val_bu" "sd" "sum_vol"
20230130 CAG 0 0 0  100
20230130 CAG "acum_busd" "acum_busd_val" "acum_val_bu" "sd" "sum_vol"
20230131 CAG 1200 9600 9600  500
20230131 CAG 1400 11200 11200  200
20230131 CAG 1500 12000 12000  100
20230131 CAG 1700 13600 13600  200
20230131 CAG 1800 833599.9999999999 833599.9999999999  100
20230131 CAG 500 4000 4000  500
20230131 CAG 700 5600 5600  200
20230131 CAG "acum_busd" "acum_busd_val" "acum_val_bu" "sd" "sum_vol"
20230201 CAG -1000 -9328400 4103200 200 200
20230201 CAG 200 151600 4103200  500
20230201 CAG 200 1600 3200  1000
20230201 CAG 200 1600 3200 200 600
20230201 CAG -300 -3948400 3200  100
20230201 CAG -300 -3948400 3200 500 500
20230201 CAG -800 -7748400 4103200 1000 1000
20230201 CAG "acum_busd" "acum_busd_val" "acum_val_bu" "sd" "sum_vol"
20230202 CAG 1800 14759999.999999998 14759999.999999998  1800
20230202 CAG 1900 15579999.999999998 15579999.999999998  100
20230202 CAG "acum_busd" "acum_busd_val" "acum_val_bu" "sd" "sum_vol"
20230203 CAG 100 1579200 1580000  200
20230203 CAG -100 -790000 1580800  100
20230203 CAG -100 -800 0 100 100
20230203 CAG 1100 8540000 14860800  200
20230203 CAG -200 -790800 1580000 300 300
20230203 CAG -400 -3010000 14860800  100
20230203 CAG -400 -3010000 14860800  10000
20230203 CAG -400 -3010000 14860800 1500 1500
20230203 CAG -400 -3010000 14860800  300
20230203 CAG -600 -4740000 1580800 500 500
20230203 CAG 900 6980000 13300800  1500
20230203 CAG "acum_busd" "acum_busd_val" "acum_val_bu" "sd" "sum_vol"
20230206 CAG -100 -780000 0 100 100
20230206 CAG -100 -780000 0  1900
20230206 CAG -11400 -251046800 8063200  300
20230206 CAG -11700 -251049200 8060800 5000 5000
20230206 CAG -1700 -13420000 7900000 2600 2600
20230206 CAG 3300 -132549200 8060800  10000
20230206 CAG 4200 -45730000 7980000  10000
20230206 CAG 4300 -45729200 7980800  100
20230206 CAG -5700 -124729200 7980800 10000 10000
20230206 CAG -5700 -45020000 7900000 4000 4000
20230206 CAG -5800 -45810000 7900000 100 100
20230206 CAG -6700 -132629200 7980800 1000 1000
20230206 CAG -6700 -211549200 8060800 10000 20000
20230206 CAG 900 7120000 7900000  1000
20230206 CAG "acum_busd" "acum_busd_val" "acum_val_bu" "sd" "sum_vol"
20230207 CAG -100 -800 0 100 100
20230207 CAG -100 -800 0  300
20230207 CAG -13900 -109100800 1500000 6500 6500
20230207 CAG -14000 -109890800 1500000 100 100
20230207 CAG -6900 -53800800 1500000 7000 7200
20230207 CAG -7200 -56170800 1500000 300 300
20230207 CAG -7400 -57750800 1500000 200 200
20230207 CAG "acum_busd" "acum_busd_val" "acum_val_bu" "sd" "sum_vol"
20230208 CAG 10000 80000 80000  10000
20230208 CAG 16900 -1443200 179200 2000 2000
20230208 CAG 18900 -1427200 179200 300 300
20230208 CAG 19200 -1424800 179200 2000 2000
20230208 CAG 20000 160000 160000  10000
20230208 CAG 21000 168000 168000  1000
20230208 CAG 21000 168000 168000  500
20230208 CAG 21200 -1408800 179200 100 100
20230208 CAG 21300 -1408000 179200 900 900
20230208 CAG 22200 -1400800 179200 200 200
20230208 CAG 22400 179200 179200  1400
20230208 CAG "acum_busd" "acum_busd_val" "acum_val_bu" "sd" "sum_vol"
20230209 CAG -13300 -5760800 1630000 4000 4000
20230209 CAG -13800 -5764800 1630000 500 500
20230209 CAG -14200 -5768000 1630000 400 400
20230209 CAG -22600 -5835200 1634800  400
20230209 CAG -22600 -5835200 1634800  600
20230209 CAG -23200 -5840000 1630000 9000 9000
20230209 CAG -2700 -5676000 1630000 2900 3100
20230209 CAG -7700 -5716000 1630000 5000 5000
20230209 CAG -9300 -5728800 1630000 1600 1600
20230209 CAG "acum_busd" "acum_busd_val" "acum_val_bu" "sd" "sum_vol"
20230210 CAG -100 -800 0 100 100
20230210 CAG -1400 -11060000 800  100
20230210 CAG -1500 -11060800 0 1400 1400
20230210 CAG 4000 31620000 44240800 200 200
20230210 CAG 4200 33180000 44240800  5600
20230210 CAG 6600 52160000 71100800 800 800
20230210 CAG 7000 52163200 71104000  400
20230210 CAG 7000 52163200 71104000  500
20230210 CAG 7400 58480000 71100800  3400
20230210 CAG "acum_busd" "acum_busd_val" "acum_val_bu" "sd" "sum_vol"
20230213 CAG -100 -800000 0 100 100
20230213 CAG -12700 -101350000 39750000 5000 5000
20230213 CAG -13000 -103750000 39750000 300 300
20230213 CAG -13500 -107750000 39750000 500 500
20230213 CAG -16000 -127750000 39750000 2500 2500
20230213 CAG -17000 -135550000 47750000  1000
20230213 CAG -18000 -143550000 39750000 2000 2000
20230213 CAG -27000 -215550000 47750000 10000 10000
20230213 CAG -37000 -295550000 47750000 10000 10000
20230213 CAG -37200 -297150000 47750000 200 200
20230213 CAG -4000 -32000000 20000000  2500
20230213 CAG -41400 -330750000 47750000  100
20230213 CAG -41400 -330750000 47750000 4200 4200
20230213 CAG -6500 -51750000 20000000 2500 2500
20230213 CAG -6500 -51750000 39750000 2500 5000
20230213 CAG -6500 -52000000 0 6400 6400
20230213 CAG -6600 -52550000 39750000 100 100
20230213 CAG -7700 -61350000 39750000 1100 1100
20230213 CAG "acum_busd" "acum_busd_val" "acum_val_bu" "sd" "sum_vol"
20230214 CAG 100 810000 810000  100
20230214 CAG 100 810000 810000  100
20230214 CAG 500 4010000 4010000  400
20230214 CAG 500 4020000 4810000 100 100
20230214 CAG 600 4810000 4810000  100
20230214 CAG 600 4820000 5610000  100
20230214 CAG "acum_busd" "acum_busd_val" "acum_val_bu" "sd" "sum_vol"
20230216 CAG 100 800000 800000  100
20230216 CAG 200 1600000 1600000  100
20230216 CAG "acum_busd" "acum_busd_val" "acum_val_bu" "sd" "sum_vol"
20230217 CAG -1000 -7500000 0  100
20230217 CAG -1000 -7500000 0 1000 1000
20230217 CAG -700 -5140000 2360000  200
20230217 CAG -900 -6720000 780000  100
20230217 CAG "acum_busd" "acum_busd_val" "acum_val_bu" "sd" "sum_vol"
20230220 CAG 0 0 770000 100 200
20230220 CAG 0 0 770000  300
20230220 CAG 0 0 770000  500
20230220 CAG 100 800000 1570000  100
20230220 CAG "acum_busd" "acum_busd_val" "acum_val_bu" "sd" "sum_vol"
