20221212 CAP 0 0 0  200
20221212 CAP 1000 48250400.00000001 48250400.00000001  200
20221212 CAP 100 6800 6800  100
20221212 CAP 1800 48304800.00000001 48311600.00000001 100 100
20221212 CAP 1900 48311600.00000001 48311600.00000001  900
20221212 CAP 1900 55194800.00000001 55201600.00000001  100
20221212 CAP 1900 55194800.00000001 55201600.00000001  200
20221212 CAP 2000 62074800.00000001 62081600.00000001  100
20221212 CAP 300 13786800.000000002 13786800.000000002  200
20221212 CAP 500 27566800.000000004 27566800.000000004  200
20221212 CAP 600 34456800.00000001 34456800.00000001  100
20221212 CAP 800 48236800.00000001 48236800.00000001  200
20221212 CAP "acum_busd" "acum_busd_val" "acum_val_bu" "sd" "sum_vol"
20221213 CAP 0 0 0  100
20221213 CAP 0 0 0  100
20221213 CAP -1000 -67730000 13700000 200 400
20221213 CAP -1000 -67770000 0 100 100
20221213 CAP -1500 -102030000 13700000 500 500
20221213 CAP -200 -13560000 0 200 200
20221213 CAP -300 -20350000 0 100 100
20221213 CAP -600 -40690000 0 300 700
20221213 CAP -700 -47460000 0 100 100
20221213 CAP -900 -61000000 0 200 200
20221213 CAP "acum_busd" "acum_busd_val" "acum_val_bu" "sd" "sum_vol"
20221214 CAP -1600 -111350000 34750000 2000 2000
20221214 CAP -1900 -76194400 69988400  800
20221214 CAP -2000 -111377600 34750000 400 400
20221214 CAP -2400 -83312800 62870000  300
20221214 CAP -2600 -126104400 69988400 700 700
20221214 CAP -2700 -104452800 41730000  100
20221214 CAP -2700 -104452800 41730000  200
20221214 CAP -2700 -104452800 41730000  200
20221214 CAP -2800 -111432800 34750000 800 800
20221214 CAP 400 27800000 34750000 100 100
20221214 CAP 500 34750000 34750000  100
20221214 CAP 500 34750000 34750000  500
20221214 CAP "acum_busd" "acum_busd_val" "acum_val_bu" "sd" "sum_vol"
20221215 CAP 0 0 0  100
20221215 CAP 0 43485600 131802300 500 1200
20221215 CAP -1000 43409900 132044000  100
20221215 CAP 100 35850300 124129500 400 600
20221215 CAP -100 43478300 131998400 1500 3400
20221215 CAP 100 7200 7200  100
20221215 CAP -1100 43402300 132036400  400
20221215 CAP -1200 43396200 131802300 400 400
20221215 CAP 1200 72724500 94594500 100 200
20221215 CAP 1200 80007200 94587200 100 100
20221215 CAP 1300 43584700 131990800  1700
20221215 CAP 1300 87297200 87297200  400
20221215 CAP 1300 87297200 94587200 100 100
20221215 CAP 1400 43592300 131998400  100
20221215 CAP 1400 94587200 94587200  100
20221215 CAP -1500 43371900 132006000  100
20221215 CAP -1600 43364300 131998400 1500 1500
20221215 CAP -1600 43364300 131998400  600
20221215 CAP 200 7247200.000000001 7247200.000000001  100
20221215 CAP -2600 -92174900 147222800  200
20221215 CAP -2800 -107254900 132142800 2000 2000
20221215 CAP 300 35865300 124114500 400 400
20221215 CAP 300 43508700 131914800  1500
20221215 CAP -3700 -175004900 147222800 1100 1100
20221215 CAP -4400 -227694900 154772800  100
20221215 CAP -4500 -235244900 147222800 800 800
20221215 CAP -4600 -242754900 154772800 200 200
20221215 CAP -600 43440600 131802300 600 1000
20221215 CAP -700 43432700 132066800  300
20221215 CAP -700 43432700 132066800  600
20221215 CAP 700 43597200 43597200  500
20221215 CAP 700 65385300 124114500 200 300
20221215 CAP 700 65385300 94594500 100 500
20221215 CAP -800 43425100 132142800 1100 2100
20221215 CAP -800 43425800 131802300 200 200
20221215 CAP 800 72695300 94594500 400 400
20221215 CAP 800 72765300 116734500 200 300
20221215 CAP 900 58137200 58137200  200
20221215 CAP 900 80145300 109354500  200
20221215 CAP "acum_busd" "acum_busd_val" "acum_val_bu" "sd" "sum_vol"
20221216 CAP 0 0 0  100
20221216 CAP 1200 53218100 60745600  400
20221216 CAP 1200 53218100 60745600  800
20221216 CAP 1600 83458100 90985600  400
20221216 CAP 300 22950000 22950000  300
20221216 CAP 700 15468100 22995600 100 100
20221216 CAP 700 15468100 22995600  200
20221216 CAP 800 22988000 22988000  400
20221216 CAP 800 22988000 22988000  500
20221216 CAP 800 22988100 22995600 100 100
20221216 CAP 800 23018100 30545600  100
20221216 CAP 900 22995600 22995600  100
20221216 CAP "acum_busd" "acum_busd_val" "acum_val_bu" "sd" "sum_vol"
20221219 CAP 5000 377500000 377500000  5000
20221219 CAP 5300 430340000 445450000 400 400
20221219 CAP 5500 415250000 415250000  500
20221219 CAP 5600 430362500 445472500  300
20221219 CAP 5700 430370000 445450000 100 100
20221219 CAP 5800 430377500 445487500  200
20221219 CAP 5800 437910000 445450000 100 100
20221219 CAP 5900 445450000 445450000  400
20221219 CAP 6000 445357500 460467500  200
20221219 CAP 6100 452847500 467957500  100
20221219 CAP 6200 452915000 505415000 300 300
20221219 CAP 6500 475325000 505415000  100
20221219 CAP 6500 475325000 505415000  100
20221219 CAP 6500 475325000 505415000  100
20221219 CAP 6500 475325000 505415000  200
20221219 CAP 6500 475325000 505415000 200 300
20221219 CAP 6600 490297500 505407500  500
20221219 CAP "acum_busd" "acum_busd_val" "acum_val_bu" "sd" "sum_vol"
20221220 CAP 100 22395600 22417200 200 200
20221220 CAP 200 29785600 29807200  100
20221220 CAP -2600 29589600 29807200  1000
20221220 CAP -2600 29589600 29807200  200
20221220 CAP -2600 29589600 29807200 2800 2800
20221220 CAP -2600 29589600 29807200  400
20221220 CAP 300 22410000 22410000  100
20221220 CAP 300 22410000 22410000  100
20221220 CAP 300 22410000 22410000  300
20221220 CAP 300 22410000 22417200 100 300
20221220 CAP "acum_busd" "acum_busd_val" "acum_val_bu" "sd" "sum_vol"
20221221 CAP 0 0 0  2000
20221221 CAP -1000 -70000 0 1000 1000
20221221 CAP -1100 -77000 0  100
20221221 CAP -1100 -77000 0 100 100
20221221 CAP -1300 -14117000 0 200 200
20221221 CAP -1500 -28137000 0 200 200
20221221 CAP -1600 -20971000 7208000  100
20221221 CAP -1600 -20971000 7208000  100
20221221 CAP -1700 -28151000 28000 600 1000
20221221 CAP "acum_busd" "acum_busd_val" "acum_val_bu" "sd" "sum_vol"
20221222 CAP 1000 94338700 101451900  300
20221222 CAP 1100 94346000 101459200  100
20221222 CAP 1200 101636000 108749200  100
20221222 CAP -200 29066800 36180000  300
20221222 CAP -500 7186800 7230000  100
20221222 CAP -500 7346800 14460000  100
20221222 CAP -600 116800 7230000 100 100
20221222 CAP -600 -43200 0 600 600
20221222 CAP 700 94316800 101430000  200
20221222 CAP 700 94316800 101430000  900
20221222 CAP "acum_busd" "acum_busd_val" "acum_val_bu" "sd" "sum_vol"
20221223 CAP 100 7260000.000000002 80160000  200
20221223 CAP 100 7280000 7280000  100
20221223 CAP -100 -7320000 65580000 500 500
20221223 CAP 200 14550000.000000004 87450000  600
20221223 CAP 200 14560000 14560000  100
20221223 CAP 300 21840000.000000004 94740000  100
20221223 CAP 300 21840000 21840000  100
20221223 CAP 300 21840000 21840000  200
20221223 CAP 300 21840000 21840000  500
20221223 CAP 400 29130000 65580000 500 500
20221223 CAP 500 36380000 109280000  200
20221223 CAP 500 36380000 109280000  300
20221223 CAP 500 36420000 36420000  200
20221223 CAP 600 43710000 43710000  100
20221223 CAP 800 58290000 58290000  200
20221223 CAP 900 65580000 65580000  100
20221223 CAP "acum_busd" "acum_busd_val" "acum_val_bu" "sd" "sum_vol"
20221226 CAP 0 0 0  200
20221226 CAP -1000 -7415800 29500 600 600
20221226 CAP 100 7300 7300  100
20221226 CAP 100 7300 7300  300
20221226 CAP -1100 -7423100 29500 100 100
20221226 CAP -1200 -7430400 29500  100
20221226 CAP -1200 -7430400 29500 100 100
20221226 CAP -1400 -21970400 29500 200 200
20221226 CAP -200 -14600 7300  100
20221226 CAP -200 -14600 7300  200
20221226 CAP -200 -14600 7300 300 300
20221226 CAP -2500 -22049600 29500 1100 1100
20221226 CAP -3000 -22085600 29500  100
20221226 CAP -3000 -22085600 29500 500 500
20221226 CAP -300 -22000 7300  100
20221226 CAP -300 -22000 7300 100 100
20221226 CAP -400 -7372000 29500  300
20221226 CAP -600 -44200 7300 300 300
20221226 CAP -700 -7394200 7300 100 100
20221226 CAP "acum_busd" "acum_busd_val" "acum_val_bu" "sd" "sum_vol"
20221227 CAP 100 7480000 7480000  100
20221227 CAP 100 8340000.000000004 44890000 400 400
20221227 CAP 1500 52397600 88947600  100
20221227 CAP 1500 52397600 88947600  100
20221227 CAP 1500 52397600 88947600  800
20221227 CAP 1600 52405000 88955000  100
20221227 CAP 300 22460000 22460000  200
20221227 CAP 400 30110000 37420000 100 100
20221227 CAP 500 37420000 37420000  200
20221227 CAP 500 37580000 44890000  100
20221227 CAP 600 44890000 81440000  100
20221227 CAP 600 44890000 81440000  500
20221227 CAP 700 52340000 88890000  100
20221227 CAP "acum_busd" "acum_busd_val" "acum_val_bu" "sd" "sum_vol"
20221228 CAP 100 7480000 7480000  100
20221228 CAP 100 7480000 7480000  100
20221228 CAP 200 14930000 14930000  100
20221228 CAP "acum_busd" "acum_busd_val" "acum_val_bu" "sd" "sum_vol"
20221229 CAP 100 60588900 97080000 100 100
20221229 CAP 100 7480000 7480000  100
20221229 CAP 1100 89642700 89650000 100 100
20221229 CAP 1200 89650000 89650000  1100
20221229 CAP 200 67868900 97080000 600 700
20221229 CAP 700 89613500 89650000 200 200
20221229 CAP 700 89613500 89650000  600
20221229 CAP 800 97043500 97080000  100
20221229 CAP 900 89628100 89650000 200 200
20221229 CAP "acum_busd" "acum_busd_val" "acum_val_bu" "sd" "sum_vol"
20221230 CAP -1700 -133755200 7444800  100
20221230 CAP -1700 -133755200 7444800  100
20221230 CAP -1800 -141185200 14800 2000 2000
20221230 CAP 200 14800 14800  1500
20221230 CAP 200 14800 14800  200
20221230 CAP -2100 -162675200 7444800 400 400
20221230 CAP -2400 -184435200 7444800 300 300
20221230 CAP -2500 -191665200 14674800 200 300
20221230 CAP -2700 -206165200 14674800 200 200
20221230 CAP -3000 -227915200 14674800 300 300
20221230 CAP "acum_busd" "acum_busd_val" "acum_val_bu" "sd" "sum_vol"
20230103 CAP 0 0 0  100
20230103 CAP 0 0 0  100
20230103 CAP 100 7359999.999999999 7359999.999999999  100
20230103 CAP 100 7469999.999999998 14719999.999999998 100 100
20230103 CAP 200 14719999.999999998 14719999.999999998  100
20230103 CAP -500 -35970000 22040000  100
20230103 CAP -500 -36030000 14719999.999999998 600 600
20230103 CAP -600 -43290000 14719999.999999998 100 100
20230103 CAP "acum_busd" "acum_busd_val" "acum_val_bu" "sd" "sum_vol"
20230104 CAP 0 20000 7270000  100
20230104 CAP -100 -7250000 0  100
20230104 CAP -100 -7250000 0 100 100
20230104 CAP -100 -7250000 0  300
20230104 CAP -100 -7250000 0  300
20230104 CAP "acum_busd" "acum_busd_val" "acum_val_bu" "sd" "sum_vol"
20230105 CAP 0 0 0  600
20230105 CAP -1900 -135060000 29080000  100
20230105 CAP -1900 -135060000 29080000  500
20230105 CAP -2000 -135067200 29080000  100
20230105 CAP -2000 -135067200 29080000 100 100
20230105 CAP -2000 -135067200 29080000  500
20230105 CAP -2000 -142330000 21810000  300
20230105 CAP -2000 -142600000 0 2000 2000
20230105 CAP -2100 -149780000 0 100 100
20230105 CAP -2300 -164140000 0  200
20230105 CAP -2300 -164140000 0 200 200
20230105 CAP "acum_busd" "acum_busd_val" "acum_val_bu" "sd" "sum_vol"
20230106 CAP 0 0 0  100
20230106 CAP 0 0 0  500
20230106 CAP 0 0 0  600
20230106 CAP -2700 -221021200 28800  400
20230106 CAP -3000 -213900000 0  100
20230106 CAP -3000 -213900000 0 3000 3000
20230106 CAP -3100 -221050000 0 100 100
20230106 CAP "acum_busd" "acum_busd_val" "acum_val_bu" "sd" "sum_vol"
20230109 CAP 0 -14035400 29231900 100 100
20230109 CAP 0 -14105400 21951900 500 500
20230109 CAP 100 -6755400 36511900  100
20230109 CAP 100 -6825400 29231900  100
20230109 CAP 100 7290000.000000001 7290000.000000001  100
20230109 CAP 200 14580000.000000002 14580000.000000002  100
20230109 CAP 500 14601900.000000002 14601900.000000002  100
20230109 CAP 500 14601900.000000002 14601900.000000002  200
20230109 CAP 500 14601900.000000002 14601900.000000002  300
20230109 CAP 500 21944600 21951900 100 100
20230109 CAP 600 21951900 21951900  100
20230109 CAP "acum_busd" "acum_busd_val" "acum_val_bu" "sd" "sum_vol"
20230110 CAP 0 0 7290000.000000001  100
20230110 CAP 1000 72800000 80090000  1000
20230110 CAP -100 -7290000.000000001 0 100 100
20230110 CAP 1200 87360000 94650000  200
20230110 CAP 1400 101920000 109210000  200
20230110 CAP "acum_busd" "acum_busd_val" "acum_val_bu" "sd" "sum_vol"
20230111 CAP -2800 -281543600 49646400  1200
20230111 CAP -3500 -246230000 49560000  100
20230111 CAP -3500 -246230000 49560000  100
20230111 CAP -3500 -246230000 49560000  500
20230111 CAP -4000 -281600000 0  100
20230111 CAP -4000 -281600000 0 4000 4000
20230111 CAP -4000 -281630000 14160000  200
20230111 CAP -4000 -281630000 49560000 500 500
20230111 CAP -4100 -288710000 0 100 600
20230111 CAP -4200 -295790000 0 100 100
20230111 CAP "acum_busd" "acum_busd_val" "acum_val_bu" "sd" "sum_vol"
20230112 CAP 100 7200 7200  100
20230112 CAP 100 7200 7200  200
20230112 CAP 100 7200 7200  900
20230112 CAP "acum_busd" "acum_busd_val" "acum_val_bu" "sd" "sum_vol"
20230113 CAP 3000 216000 216000  300
20230113 CAP 3000 216000 216000  3000
20230113 CAP 3100 7506000.000000001 7506000.000000001  100
20230113 CAP 3300 22006000 22006000  200
20230113 CAP 4300 94506000 94506000  1000
20230113 CAP 4500 108986000 108986000  200
20230113 CAP 4600 116236000 116236000  100
20230113 CAP 4600 116236000 116236000  1000
20230113 CAP 4700 123486000 123486000  100
20230113 CAP 4700 123486000 123486000  4000
20230113 CAP 4700 123566000 137986000 200 200
20230113 CAP 4700 123606000 145236000 100 200
20230113 CAP 4900 137986000 137986000  200
20230113 CAP 5700 195906000 289636000 300 3000
20230113 CAP 6000 217536000 289636000 700 700
20230113 CAP 6700 268006000 289636000  2000
20230113 CAP 6700 268106000 361836000  1000
20230113 CAP 7200 304206000 397936000  500
20230113 CAP 7500 325866000 419596000  300
20230113 CAP 8000 361966000 455696000  500
20230113 CAP "acum_busd" "acum_busd_val" "acum_val_bu" "sd" "sum_vol"
20230116 CAP 100 7220000 7220000  100
20230116 CAP 100 7220000 7220000  100
20230116 CAP 1300 21732000 21732000  500
20230116 CAP 1800 57782000 57782000  500
20230116 CAP 1900 57789200 57789200  100
20230116 CAP 200 14440000 14440000  100
20230116 CAP 2200 79359200 79359200  300
20230116 CAP 2200 79359200 79359200  500
20230116 CAP 300 21660000 21660000  100
20230116 CAP 3200 79431200 79431200  1000
20230116 CAP 3200 79431200 79431200  1000
20230116 CAP 3300 79438400 79438400  100
20230116 CAP 3400 79445600 79445600  100
20230116 CAP 3400 79445600 79445600  5000
20230116 CAP 3700 100955600 100955600  300
20230116 CAP 4500 129744400 129744400  800
20230116 CAP 4700 129758800 129758800  200
20230116 CAP 800 21696000 21696000  500
20230116 CAP "acum_busd" "acum_busd_val" "acum_val_bu" "sd" "sum_vol"
20230117 CAP 0 -35734000 36000 300 300
20230117 CAP 1300 -64174100 14495900  1700
20230117 CAP 1900 -64132100 14537900  600
20230117 CAP 300 -14283999.999999998 36000 200 200
20230117 CAP 4000 -63985100 14684900  2100
20230117 CAP -400 -64294000 14376000  200
20230117 CAP -400 -64294000 14376000 600 800
20230117 CAP 4300 -85303100 29016900 500 500
20230117 CAP 4600 -63943100 14726900  200
20230117 CAP 4600 -63943100 14726900  600
20230117 CAP 4700 -56793100 21876900  100
20230117 CAP 4800 -49653100 29016900  100
20230117 CAP 500 36000 36000  500
20230117 CAP "acum_busd" "acum_busd_val" "acum_val_bu" "sd" "sum_vol"
20230118 CAP 0 0 0  100
20230118 CAP 0 -105613500 78250400  400
20230118 CAP 100 7100 7100  100
20230118 CAP 100 7100 7100  200
20230118 CAP -1100 -105691600 42822300  100
20230118 CAP -1100 -105691600 78172300 500 1000
20230118 CAP -1100 -105701600 35752300 1900 1900
20230118 CAP -1200 -112761600 35752300 100 100
20230118 CAP 1200 28656800 28678100  300
20230118 CAP 1400 28671000 28692300  500
20230118 CAP 200 28585800 28607100 300 300
20230118 CAP 200 7157100 7157100  100
20230118 CAP -400 -105641900 78222000  200
20230118 CAP 500 28607100 28607100  200
20230118 CAP 500 28607100 28607100  300
20230118 CAP -600 -105656100 78207800  500
20230118 CAP 700 21568400 28692300 100 100
20230118 CAP 800 28628400 28692300  200
20230118 CAP 800 28628400 28692300 600 600
20230118 CAP 800 28628400 35752300  100
20230118 CAP 900 28635500 28656800  700
20230118 CAP "acum_busd" "acum_busd_val" "acum_val_bu" "sd" "sum_vol"
20230119 CAP 100 7100 7100  100
20230119 CAP 10200 276657300 276657300  300
20230119 CAP 10500 276678600 276678600  300
20230119 CAP 1100 56741300 56741300  800
20230119 CAP 1300 56755500 56755500  200
20230119 CAP 13200 262744500 276884500 200 200
20230119 CAP 13300 276877400 276877400  2800
20230119 CAP 13400 276884500 276884500  100
20230119 CAP 13600 290984500 305124500  100
20230119 CAP 13600 290984500 305124500  400
20230119 CAP 13700 290991600 305131600  100
20230119 CAP 1400 63845500 63845500  100
20230119 CAP 1900 99245500 99245500  500
20230119 CAP 200 14200 14200  100
20230119 CAP 300 21300 21300  100
20230119 CAP 4400 276245500 276245500  2500
20230119 CAP 9400 276600500 276600500  5000
20230119 CAP 9900 276636000 276636000  500
20230119 CAP "acum_busd" "acum_busd_val" "acum_val_bu" "sd" "sum_vol"
20230127 CAP 0 0 0  100
20230127 CAP 1100 79200 79200  300
20230127 CAP 1200 -85517200 28902800 200 200
20230127 CAP 1200 86400 86400  100
20230127 CAP 1400 -71197200 43222800  200
20230127 CAP 1400 -71217200 28902800 1000 1000
20230127 CAP 1500 -64037200 50382800  100
20230127 CAP 1600 -56897200 57522800  100
20230127 CAP 1700 -49757200 64662800  100
20230127 CAP 2100 -21277200 172800 200 200
20230127 CAP 2200 -14057200 100362800  500
20230127 CAP 2300 -6977200 172800 100 100
20230127 CAP 2400 172800 172800  1200
20230127 CAP 2400 262800 21712800  100
20230127 CAP 2400 262800 21712800  300
20230127 CAP 2400 282800.00000000093 28902800 100 100
20230127 CAP 2500 7452800.000000001 28902800  100
20230127 CAP 2500 7452800.000000001 28902800  200
20230127 CAP 800 57600 57600  800
20230127 CAP "acum_busd" "acum_busd_val" "acum_val_bu" "sd" "sum_vol"
20230130 CAP 0 109999.99999999907 7250000  100
20230130 CAP -100 -7140000.000000001 0 100 100
20230130 CAP 100 7350000 14490000  100
20230130 CAP 100 7350000 14490000  100
20230130 CAP 1200 7429200 14569200  700
20230130 CAP 2200 7501200 14641200  1000
20230130 CAP 2700 21972800 36408000 500 500
20230130 CAP 2800 21980000 36415200  100
20230130 CAP 2900 21987200 36501600 1100 1200
20230130 CAP 3000 7558800 14706000 100 1000
20230130 CAP 3200 22008800 36408000 1000 1000
20230130 CAP 3200 22008800 36523200  300
20230130 CAP 3300 29188800 36336000  300
20230130 CAP 3900 22059200 36494400  1100
20230130 CAP 3900 22059200 36573600  700
20230130 CAP 4200 22080800 36408000 100 1100
20230130 CAP 4300 22088000 36602400  400
20230130 CAP 500 7378800 14518800  400
20230130 CAP 5100 7860000 36674400 100 100
20230130 CAP 5100 7860000 36674400  900
20230130 CAP 5200 15010000 36674400 100 100
20230130 CAP 5200 7867200 36681600  100
20230130 CAP 5300 22160000 36674400  1000
20230130 CAP 5300 22160000 36674400  600
20230130 CAP "acum_busd" "acum_busd_val" "acum_val_bu" "sd" "sum_vol"
20230131 CAP 1000 72100000 72100000  100
20230131 CAP 1000 72100000 72100000  200
20230131 CAP 1400 72128800 72128800  400
20230131 CAP 1500 72136000 72136000  100
20230131 CAP 1600 72143200 72143200  100
20230131 CAP 1900 72164800 72164800  300
20230131 CAP 2000 65009200 79349200  100
20230131 CAP 2000 65009200 79349200 200 300
20230131 CAP 2000 65009200 79349200  3000
20230131 CAP 2100 72179200 72179200  200
20230131 CAP 3400 165669200 180009200  1400
20230131 CAP 3900 201619200 215959200  500
20230131 CAP 4000 208809200 223149200  100
20230131 CAP 4600 251949200 266289200  600
20230131 CAP 4700 259139200 273479200  100
20230131 CAP 500 36050000 36050000  500
20230131 CAP 5700 331039200 345379200  1000
20230131 CAP 6600 395749200 410089200  900
20230131 CAP 6800 395763600 410103600  200
20230131 CAP 800 57680000 57680000  300
20230131 CAP "acum_busd" "acum_busd_val" "acum_val_bu" "sd" "sum_vol"
20230201 CAP 0 0 0  500
20230201 CAP 0 -143036000 21774000  100
20230201 CAP 0 -150148800 50461200 500 500
20230201 CAP 100 -143028800 21781200  100
20230201 CAP -100 -143043200 21766800 600 600
20230201 CAP 100 7330000 21630000  300
20230201 CAP 11600 151306600 509352800  2100
20230201 CAP -1400 -100220000 21630000 1500 1500
20230201 CAP 1600 -35188800 172591200 100 100
20230201 CAP 1700 -28018800 172591200  1000
20230201 CAP 1800 -20848800 186931200  200
20230201 CAP 2000 150625000 508671200 1200 1200
20230201 CAP 2000 -6508800 201271200  200
20230201 CAP -200 -100133600 21716400  1200
20230201 CAP -200 -14300000 0 200 200
20230201 CAP 300 -100097600 21752400  500
20230201 CAP 300 -128688800 36121200  200
20230201 CAP 3200 150710200 508671200 500 500
20230201 CAP 3700 186260200 508671200 1000 2000
20230201 CAP 400 -121068799.99999999 201271200 1600 1800
20230201 CAP 4200 150631200 472971200  3800
20230201 CAP 4700 186331200 508671200  1000
20230201 CAP 500 -100083200 21766800  200
20230201 CAP 500 -114298800 86311200  500
20230201 CAP 500 -114348800 50461200  300
20230201 CAP 700 -99918800 100691200  200
20230201 CAP 9500 151157500 509203700  7500
20230201 CAP "acum_busd" "acum_busd_val" "acum_val_bu" "sd" "sum_vol"
20230202 CAP 0 0 0  500
20230202 CAP -1000 -63387100 21150000  100
20230202 CAP -1000 -63387100 21150000 400 400
20230202 CAP -100 -7100 0 100 100
20230202 CAP -100 -7100 0  200
20230202 CAP -100 -7100 0  200
20230202 CAP -200 -63330300 21206800  100
20230202 CAP -300 -14157100 21150000  500
20230202 CAP -300 -63337400 21199700  500
20230202 CAP -600 -35187100 21150000 300 300
20230202 CAP -600 -35307100 0 500 500
20230202 CAP -800 -63372900 21164200  100
20230202 CAP -900 -63380000 21157100  100
20230202 CAP "acum_busd" "acum_busd_val" "acum_val_bu" "sd" "sum_vol"
20230203 CAP 0 0 7100  100
20230203 CAP 0 0 7100  500
20230203 CAP 1000 70749999.99999999 106027100  100
20230203 CAP 1000 70749999.99999999 106027100  100
20230203 CAP -100 -7100 0 100 100
20230203 CAP 100 7210000 42487100 100 100
20230203 CAP 1500 105999999.99999999 141277100  500
20230203 CAP 200 14260000 42487100 300 300
20230203 CAP 2800 190607100 239984200 200 200
20230203 CAP 2800 190637100 261134200  100
20230203 CAP 2800 190637100 261134200 300 300
20230203 CAP 2900 204700000 239977100  1400
20230203 CAP 3000 204707100 239984200  100
20230203 CAP 3000 204707100 239984200  100
20230203 CAP 300 21240000 21247100  300
20230203 CAP 3100 211757100 261134200  500
20230203 CAP 400 28320000 28327100  100
20230203 CAP 400 28320000 28327100  100
20230203 CAP 500 35410000 42487100 100 100
20230203 CAP 500 35410000 42487100  500
20230203 CAP 600 42480000 42487100  200
20230203 CAP 900 63689999.99999999 98967100  800
20230203 CAP "acum_busd" "acum_busd_val" "acum_val_bu" "sd" "sum_vol"
20230206 CAP 2800 -14064000.000000002 216000  100
20230206 CAP 2800 -14064000.000000002 216000  1500
20230206 CAP 2800 -14064000.000000002 216000 200 200
20230206 CAP 2800 -14064000.000000002 216000  300
20230206 CAP 2900 -6884000.000000002 7396000  100
20230206 CAP 3000 216000 216000  3000
20230206 CAP 3000 305999.99999999907 14586000  100
20230206 CAP 3100 7496000 21776000  100
20230206 CAP 3100 7526000.000000002 36126000 200 600
20230206 CAP 3200 14686000 28966000  100
20230206 CAP 3300 21846000 36126000  100
20230206 CAP 4700 122126000 172166000 300 300
20230206 CAP 5000 143566000 172166000  1900
20230206 CAP 5000 143606000 193646000  800
20230206 CAP "acum_busd" "acum_busd_val" "acum_val_bu" "sd" "sum_vol"
20230207 CAP 100 7259999.999999999 7259999.999999999  100
20230207 CAP 7500 543870000 543870000  7400
20230207 CAP 7600 551160000 551160000  100
20230207 CAP 7700 558450000 558450000  100
20230207 CAP 7700 558450000 558450000  100
20230207 CAP 7800 565880000 580300000 200 200
20230207 CAP 7800 573162800 587590000 100 200
20230207 CAP 7900 573010000 573010000  200
20230207 CAP 7900 580372800 594800000  100
20230207 CAP 8000 580300000 580300000  100
20230207 CAP 8300 609212800 623640000  400
20230207 CAP 8500 623792800 638220000  200
20230207 CAP "acum_busd" "acum_busd_val" "acum_val_bu" "sd" "sum_vol"
20230208 CAP 0 21768400 21790000  300
20230208 CAP 0 21768400 21790000 300 500
20230208 CAP 0 -27330600 109161000  200
20230208 CAP -1000 -100070600 36421000 300 300
20230208 CAP 100 7290000.000000001 7290000.000000001  100
20230208 CAP -1100 -78349800 36391800  200
20230208 CAP -1300 -78364400 36377200  200
20230208 CAP -1500 -92944400 21797200  200
20230208 CAP -1500 -92944400 21797200 700 700
20230208 CAP -200 -41830600 94661000  800
20230208 CAP -700 -78320600 36421000  400
20230208 CAP -800 -42754400 21797200 900 1000
20230208 CAP "acum_busd" "acum_busd_val" "acum_val_bu" "sd" "sum_vol"
20230209 CAP -100 -7169999.999999999 7290000.000000001 200 200
20230209 CAP 100 7290000.000000001 7290000.000000001  100
20230209 CAP 200 -7148399.999999999 7311600.000000001  500
20230209 CAP 300 101600.00000000093 14561600  100
20230209 CAP 300 101600.00000000093 14561600  300
20230209 CAP 600 21851600 36311600  300
20230209 CAP "acum_busd" "acum_busd_val" "acum_val_bu" "sd" "sum_vol"
20230210 CAP 0 0 0  100
20230210 CAP 0 0 0  900
20230210 CAP 100 7280000 7280000  100
20230210 CAP 100 7280000 7280000  400
20230210 CAP 200 14560000 14560000  100
20230210 CAP 400 29120000 29120000  200
20230210 CAP 400 29120000 29120000  600
20230210 CAP "acum_busd" "acum_busd_val" "acum_val_bu" "sd" "sum_vol"
20230213 CAP 0 -180000 57820000 800 800
20230213 CAP -1000 -73100000 173100000  1200
20230213 CAP 100 7090000 65090000  100
20230213 CAP -1100 -80250000 180350000  100
20230213 CAP -1100 -80250000 180350000  100
20230213 CAP -1200 -87500000 173100000 200 200
20230213 CAP -1600 -116060000 65090000 1300 1300
20230213 CAP -2100 -152210000 65090000 500 500
20230213 CAP -2200 -159500000 86700000  300
20230213 CAP -2400 -173840000 65090000 300 300
20230213 CAP -2400 -173900000 72300000  100
20230213 CAP -2400 -173900000 72300000  600
20230213 CAP -2500 -181110000 65090000 100 200
20230213 CAP -300 -21910000 65090000 400 400
20230213 CAP 600 43320000 43320000  600
20230213 CAP 800 57820000 57820000  200
20230213 CAP "acum_busd" "acum_busd_val" "acum_val_bu" "sd" "sum_vol"
20230214 CAP 0 80000 50910000 100 100
20230214 CAP -100 -7270000 0 100 100
20230214 CAP 100 7290000 14560000  100
20230214 CAP 100 7290000 14560000  1700
20230214 CAP 100 7290000 14560000  200
20230214 CAP 100 7340000 50910000 500 500
20230214 CAP 500 36370000 43640000  400
20230214 CAP 600 43640000 50910000  100
20230214 CAP "acum_busd" "acum_busd_val" "acum_val_bu" "sd" "sum_vol"
20230216 CAP 1200 92500000 159270000 600 1000
20230216 CAP 1400 107340000 129590000 200 200
20230216 CAP 1400 107480000 196800000 200 200
20230216 CAP 1500 114850000 181620000  200
20230216 CAP 1500 114850000 181620000  300
20230216 CAP 1500 114850000 181620000  400
20230216 CAP 1600 121600000 121600000  1600
20230216 CAP 1600 122180000 129590000  100
20230216 CAP 1600 122180000 129590000 100 100
20230216 CAP 1600 122580000 196800000 100 100
20230216 CAP 1600 122660000 234750000 300 300
20230216 CAP 1700 129590000 129590000  100
20230216 CAP 1700 130030000 196800000  200
20230216 CAP 1700 130250000 249930000 100 300
20230216 CAP 1800 137840000 257520000  100
20230216 CAP 1900 145430000 234750000  100
20230216 CAP 1900 145430000 234750000  500
20230216 CAP 1900 145430000 234750000  700
20230216 CAP 2100 160620000 280300000  300
20230216 CAP 2300 175880000 303070000 100 100
20230216 CAP 2400 183390000 303070000  300
20230216 CAP 2700 206280000 333470000  400
20230216 CAP 2900 221480000 348670000  100
20230216 CAP 2900 221480000 348670000  200
20230216 CAP 2900 221480000 348670000  200
20230216 CAP 2900 221480000 348670000  200
20230216 CAP "acum_busd" "acum_busd_val" "acum_val_bu" "sd" "sum_vol"
20230217 CAP 0 0 0  100
20230217 CAP 0 0 0  500
20230217 CAP -200 -15200000 0  100
20230217 CAP -200 -15200000 0 200 200
20230217 CAP -300 -22770000 0 100 100
20230217 CAP -400 -30270000 7600000  100
20230217 CAP -400 -30270000 7600000  400
20230217 CAP -400 -30320000 0 100 100
20230217 CAP -500 -37870000 0 100 100
20230217 CAP -500 -37870000 7600000  100
20230217 CAP -500 -37870000 7600000 100 100
20230217 CAP "acum_busd" "acum_busd_val" "acum_val_bu" "sd" "sum_vol"
20230220 CAP 2200 167200000 167200000  1900
20230220 CAP 300 22800000 22800000  300
20230220 CAP 3100 235600000 258400000 300 1500
20230220 CAP 3200 243200000 266000000  100
20230220 CAP 3300 250800000 273600000  100
20230220 CAP 5300 402800000 425600000  2000
20230220 CAP 6100 463600000 486400000  800
20230220 CAP 6400 486400000 509200000  300
20230220 CAP 6700 509200000 532000000  300
20230220 CAP 7000 532000000 554800000  300
20230220 CAP 7400 562400000 585200000  400
20230220 CAP 7400 562400000 600340000 200 400
20230220 CAP 7600 577600000 615540000  200
20230220 CAP 8100 615950000 706740000 200 200
20230220 CAP 8200 623530000 714320000  100
20230220 CAP 8300 631050000 706740000 500 500
20230220 CAP 8300 631110000 721900000  100
20230220 CAP 8300 631110000 721900000  300
20230220 CAP 8700 661200000 699140000  1100
20230220 CAP 8800 668800000 706740000  100
20230220 CAP "acum_busd" "acum_busd_val" "acum_val_bu" "sd" "sum_vol"
