20221212 CIG 0 -438000 111746000 2968000 
20221212 CIG 10000 38090000 194050000 772000 
20221212 CIG 1000 3296000 102076000 5431000 38400000
20221212 CIG 10100 38476000 194436000 386000 
20221212 CIG 10400 39616000 195576000 1140000 
20221212 CIG 13700 52131000 242715000  11539000
20221212 CIG 15100 57476000 213436000 17860000 
20221212 CIG 15600 59412000 218448000  1158000
20221212 CIG 15900 60570000 217290000 3474000 380000
20221212 CIG 1600 5779000 289067000  46352000
20221212 CIG 16700 63670000 231176000  3080000
20221212 CIG -17100 -65397000 385337000 1905000 
20221212 CIG -17400 -66548000 401682000 6460000 
20221212 CIG 17500 66750000 228096000 8493000 1155000
20221212 CIG -17600 -67302000 383432000 381000 
20221212 CIG -17700 -67683000 383051000 10261000 42158000
20221212 CIG -17900 -68445000 388385000  3048000
20221212 CIG -19100 -73008000 395222000 1137000 
20221212 CIG -19400 -74145000 394085000  5700000
20221212 CIG 200 315000 113243000 1125000 372000
20221212 CIG -22400 -85448000 420582000  18900000
20221212 CIG -28100 -106318000 622660000 61270000 4638000
20221212 CIG -28900 -109398000 626510000 385000 3465000
20221212 CIG -29800 -112823000 629935000  3425000
20221212 CIG -32400 -123148000 458282000  37700000
20221212 CIG -34400 -130680000 465814000  7532000
20221212 CIG -34700 -131814000 466948000  1134000
20221212 CIG -37700 -143056000 536858000 15040000 750000
20221212 CIG -37800 -143490000 491408000 6392000 1125000
20221212 CIG -39200 -148688000 542490000  5632000
20221212 CIG -39200 -148757000 483891000  16943000
20221212 CIG 400 1046000 104326000  2250000
20221212 CIG -40100 -152063000 545865000  3375000
20221212 CIG -41200 -156199000 550001000  4136000
20221212 CIG -41300 -156597000 519567000 5264000 2630000
20221212 CIG -41500 -157325000 551127000  1126000
20221212 CIG -41500 -157346000 521068000 376000 1125000
20221212 CIG -42000 -159231000 511673000 2262000 
20221212 CIG -42500 -161075000 554877000  3750000
20221212 CIG -42600 -161493000 509411000  18003000
20221212 CIG -43000 -162950000 556752000  1875000
20221212 CIG 4600 17097000 173057000 9120000 21516000
20221212 CIG 4800 17868000 173828000 771000 
20221212 CIG 4900 18240000 131168000 17925000 
20221212 CIG 5500 20625000 31875000  1875000
20221212 CIG 5700 21344000 134272000 3104000 
20221212 CIG 5700 21387000 32637000 762000 
20221212 CIG -57500 -216910000 752892000 1139000 1125000
20221212 CIG -57500 -216910000 803712000  
20221212 CIG -57500 -216924000 750628000 8296000 112397000
20221212 CIG 5800 21750000 29250000  3750000
20221212 CIG 6000 22500000 30000000 750000 
20221212 CIG 6800 25500000 25500000 25500000 
20221212 CIG 7800 29493000 142421000 8149000 
20221212 CIG -800 -3406000 108778000  4452000
20221212 CIG -9300 -35786000 330632000  41565000
20221212 CIG 9600 36265000 58245000 20243000 5365000
20221212 CIG 9800 37318000 193278000 19450000 
20221212 CIG "acum_busd" "acum_busd_val" "acum_val" "val_bu" "val_sd"
20221213 CIG 10400 39303000 80811000 10556000 1131000
20221213 CIG 10500 39681000 81189000 378000 
20221213 CIG 10900 43194000 224686000 8533000 
20221213 CIG 11000 43569000 225061000 375000 
20221213 CIG 1300 4940000 4940000 4940000 
20221213 CIG 15100 58085000 179683000 3290000 7665000
20221213 CIG 16300 62460000 168728000  5490000
20221213 CIG 16300 63461000 245709000 20270000 378000
20221213 CIG 17400 67637000 249885000 4176000 
20221213 CIG 17500 66867000 153281000  11381000
20221213 CIG 17800 67950000 163238000  1110000
20221213 CIG 18000 68419000 132071000  1101000
20221213 CIG 18000 68707000 155857000  368000
20221213 CIG 18100 69060000 162128000  1855000
20221213 CIG 18100 69075000 155489000 2208000 
20221213 CIG 18300 69520000 130970000  2201000
20221213 CIG 18600 70915000 160273000  1104000
20221213 CIG 18800 71150000 112658000 31469000 
20221213 CIG 18900 71721000 128769000  7770000
20221213 CIG 18900 72019000 159169000 3312000 
20221213 CIG 19300 73050000 114558000 1900000 
20221213 CIG 19600 74168000 115676000 1118000 
20221213 CIG 19700 74548000 116056000 380000 
20221213 CIG 19800 76762000 259760000 9500000 375000
20221213 CIG 20000 75999000 139651000 7580000 
20221213 CIG 20300 77138000 140790000 1139000 
20221213 CIG 20400 77208000 118716000 2660000 
20221213 CIG 20600 78248000 141900000 1110000 
20221213 CIG 21000 79491000 120999000 2283000 
20221213 CIG 2300 8740000 8740000 3800000 
20221213 CIG 2300 8910000 29730000 378000 4466000
20221213 CIG 3000 11439000 13641000  1101000
20221213 CIG 30400 117085000 305427000 42995000 2672000
20221213 CIG 3200 12242000 24130000  2226000
20221213 CIG 32200 123997000 312339000 6912000 
20221213 CIG 32200 123997000 456249000  
20221213 CIG 3300 12540000 12540000 3800000 
20221213 CIG 3300 12549000 14751000 1110000 
20221213 CIG 3400 12998000 24886000 756000 
20221213 CIG 3800 14468000 21904000  1483000
20221213 CIG 4200 15951000 20421000 4536000 1134000
20221213 CIG 6900 26184000 65430000  1460000
20221213 CIG 7100 26720000 49020000 18550000 740000
20221213 CIG 7300 27644000 63970000  730000
20221213 CIG 7500 28374000 63240000  1102000
20221213 CIG 7800 29476000 62138000  4810000
20221213 CIG 7900 29878000 69124000 3694000 
20221213 CIG 8600 34661000 216153000 375000 23799000
20221213 CIG 9100 34280000 56580000 7560000 
20221213 CIG 9100 34286000 57328000 377000 371000
20221213 CIG "acum_busd" "acum_busd_val" "acum_val" "val_bu" "val_sd"
20221214 CIG 101000 408317000 1340109000  46330000
20221214 CIG 10400 41070000 483934000 29934000 64570000
20221214 CIG 10400 41070000 503934000  
20221214 CIG 106400 431686000 1579000000 2478000 51096000
20221214 CIG 106500 432100000 1579414000 413999.99999999994 
20221214 CIG 106600 432515000 1581899000 415000.00000000006 
20221214 CIG 110000 445924000 1424098000 58107000 
20221214 CIG 110300 447907000 1653035000  832000
20221214 CIG 110500 448739000 1648043000  20800000
20221214 CIG 111300 452057000 1657185000 4150000 
20221214 CIG 112300 454647000 1293779000  51052000
20221214 CIG 115500 469539000 1627243000 41184000 4160000
20221214 CIG 116700 473959000 1488509000  2472000
20221214 CIG 116900 475314000 1699578000  9568000
20221214 CIG 117300 476431000 1486037000  4944000
20221214 CIG 117600 478253000 1719157000 11259000 8320000
20221214 CIG 118200 480304000 1525426000  5782000
20221214 CIG 118500 481375000 1481093000  412000
20221214 CIG 118600 481787000 1480681000  2060000
20221214 CIG 118900 483632000 1688760000 31575000.000000004 
20221214 CIG 119000 484048000 1689176000 416000 
20221214 CIG 119100 483847000 1478621000 4170000 8300000.000000001
20221214 CIG 119200 484882000 1690010000 834000 
20221214 CIG 119200 484925000 1725829000 6672000 
20221214 CIG 119600 486086000 1519644000  8260000
20221214 CIG 1200 4800000 4800000 4800000 
20221214 CIG 1200 4805000 5585000 395000 390000
20221214 CIG 120100 487977000 1466151000 42053000 
20221214 CIG 121300 493682000 1734586000 8757000 
20221214 CIG 121400 492022000 1216660000 314772000 47906000
20221214 CIG 121600 494346000 1511384000  1244000
20221214 CIG 121900 495590000 1510140000 21631000 
20221214 CIG 124700 505699000 1242727000 19872000 6195000
20221214 CIG 1300 5200000 5980000 395000 
20221214 CIG 1300 5289000 25691000  5468000
20221214 CIG 153700 628790000 1869694000 135108000 
20221214 CIG 19000 75706000 389430000 2821000 42718000
20221214 CIG 200 857000 10323000  4343000
20221214 CIG 20700 82836000 267620000 78134000 5554000
20221214 CIG 2400 10256000 183932000 41752000 
20221214 CIG 24600 97132000 602712000 77420000 21358000
20221214 CIG 26200 103767000 725572000  2803000
20221214 CIG 26400 104417000 697309000 401999.99999999994 5246000
20221214 CIG 26800 106170000 721968000  11253000
20221214 CIG 26900 106570000 722368000 400000 
20221214 CIG 2700 10757000 20223000 8316000 
20221214 CIG 27600 109258000 687644000  3209000
20221214 CIG 27600 109261000 691661000  401999.99999999994
20221214 CIG 27700 109663000 691259000  401999.99999999994
20221214 CIG 27800 110065000 690857000 2009999.9999999998 1203000
20221214 CIG 27900 110427000 680779000  10125000
20221214 CIG 28200 112768000 341056000 5247000 20150000
20221214 CIG 28300 112063000 683223000  404000
20221214 CIG 28400 112467000 682819000 2040000 
20221214 CIG 28400 112467000 684435000 808000 404000
20221214 CIG 28700 113752000 706644000 9335000 
20221214 CIG 28800 114160000 707052000 408000 
20221214 CIG 28900 115603000 343891000 2835000 
20221214 CIG 29100 115383000 708275000 1223000 
20221214 CIG 29600 117423000 710315000 2040000 
20221214 CIG 30400 120552000 670654000 45681000 22261000
20221214 CIG 31900 127671000 315659000 46437000 1602000
20221214 CIG 3500 14142000 86378000 2370000 19600000
20221214 CIG 400 1649000 11115000 792000 
20221214 CIG 5500 21924000 48646000 19795000 3160000
20221214 CIG 56100 225156000 846961000 121389000 
20221214 CIG 6000 23904000 50626000 1980000 
20221214 CIG 600 2441000 11907000 792000 
20221214 CIG 6500 25879000 58131000 4740000 2765000
20221214 CIG -6600 -25268000 125788000  39410000
20221214 CIG 6600 26270000 58522000 391000 
20221214 CIG 7900 31372000 64408000  392000
20221214 CIG 8000 31764000 64016000 5494000 
20221214 CIG -8200 -31496000 142180000 4692000 
20221214 CIG -9400 -36188000 137488000 390000 
20221214 CIG -9500 -36578000 137098000  11310000
20221214 CIG 96000 387817000 1360609000  12299999.999999998
20221214 CIG 99000 400117000 1348309000  8200000
20221214 CIG "acum_busd" "acum_busd_val" "acum_val" "val_bu" "val_sd"
20221215 CIG 0 12000 846000 429000 417000
20221215 CIG -100 144000 214954000  12930000
20221215 CIG 100 441000 6423000 3003000 2574000
20221215 CIG -10100 -42856000 257954000  43000000
20221215 CIG 11900 51786000 163312000  4338000
20221215 CIG -1200 -4968000 12690000 429000 5838000
20221215 CIG -12400 -52746000 267844000  9890000
20221215 CIG 12900 56124000 158974000 13009000 
20221215 CIG -13000 -55306000 274744000 2170000 4730000
20221215 CIG 14800 64195000 124885000 1296000 4310000
20221215 CIG 15200 65911000 116257000  432000
20221215 CIG 15300 66343000 115825000  4316000
20221215 CIG 15500 67209000 119279000  861999.9999999999
20221215 CIG 15700 68071000 118417000 2160000 
20221215 CIG 16000 69339000 110189000 43357000 430000
20221215 CIG 16300 70659000 111509000 1320000 
20221215 CIG -19300 -81711000 317219000 3360000 
20221215 CIG -20100 -85071000 313859000 4675000 34440000
20221215 CIG -21100 -89237000 326425000 840000 8366000
20221215 CIG -21800 -92178000 330204000 419000.00000000006 
20221215 CIG -21900 -92597000 329785000  3360000
20221215 CIG 2300 10072000 36310000 17185000 4290000
20221215 CIG -23100 -96939000 412679000 17200000 
20221215 CIG -23200 -97368000 413108000  429000
20221215 CIG -24100 -101228000 417828000 430000 4290000
20221215 CIG -24700 -103750000 430670000 4730000 429000
20221215 CIG -24700 -104071000 359251000 430000 
20221215 CIG -24700 -104076000 362616000 840000 
20221215 CIG -24800 -104179000 431099000  429000
20221215 CIG -24800 -104501000 358821000 2150000 
20221215 CIG -24900 -104916000 361776000 840000 1685000
20221215 CIG -25000 -104513000 495373000 29412000 
20221215 CIG -25000 -104513000 520743000  
20221215 CIG 2500 10944000 47478000  5148000
20221215 CIG -25300 -106651000 356671000 2150000 
20221215 CIG -25300 -106794000 347354000 849000 417000
20221215 CIG -25400 -107226000 346088000 418000 
20221215 CIG -25500 -107644000 345670000  15465999.999999998
20221215 CIG -25700 -108051000 425511000 430000 7253000
20221215 CIG -25700 -108462000 349022000  1668000
20221215 CIG -25800 -108801000 354521000 860000 
20221215 CIG -25900 -108991000 390331000 3827000 
20221215 CIG -26000 -109661000 353661000 1720000 
20221215 CIG -26200 -110547000 351107000  2085000
20221215 CIG -26400 -111381000 351941000  834000
20221215 CIG -26800 -112818000 386504000 2113000 1688000
20221215 CIG -26900 -113243000 382703000 420000 
20221215 CIG -26900 -113245000 381865000 840000 
20221215 CIG -27000 -113663000 382283000  418000
20221215 CIG -27100 -114085000 381025000 3780000 
20221215 CIG -27100 -114139000 395479000  5148000
20221215 CIG -28000 -117865000 377245000 420000 
20221215 CIG -28000 -117867000 376407000  13791000
20221215 CIG -28100 -118285000 376825000  418000
20221215 CIG 2900 13074000 202024000  30100000
20221215 CIG -31900 -133925000 465961000 423000.00000000006 
20221215 CIG -32000 -134348000 465538000 424000 
20221215 CIG -32100 -134772000 465114000 429000 
20221215 CIG -32200 -135201000 464685000 1282000 32304000
20221215 CIG 3700 16092000 42330000 6020000 
20221215 CIG 5200 22547000 62537000 13331000 1728000
20221215 CIG 5400 23411000 63401000 864000 
20221215 CIG 6100 26412000 66402000 3001000 
20221215 CIG -700 -2823000 14835000 2145000 
20221215 CIG 9900 43115000 145965000  21080000
20221215 CIG 9900 43174000 171924000  8612000
20221215 CIG "acum_busd" "acum_busd_val" "acum_val" "val_bu" "val_sd"
20221216 CIG -115400 -460653000 1010389000 42817000 830000.0000000001
20221216 CIG -115400 -460653000 1092178000  
20221216 CIG -119600 -479535000 868247000 2025000 145649000
20221216 CIG -125500 -502640000 966742000 13062000 
20221216 CIG -128700 -515702000 953680000 18633000 
20221216 CIG -133300 -534335000 935047000 1600000 1200000
20221216 CIG -133400 -534735000 932247000  55200000
20221216 CIG -28800 -113833000 216649000 429000 
20221216 CIG -28900 -114262000 216220000 23033000 
20221216 CIG -29900 -118453000 221269000  4620000
20221216 CIG -30100 -119288000 222954000 425000 1260000
20221216 CIG -30600 -122400000 162400000 20000000 142400000
20221216 CIG -31900 -126810000 235526000 2525000 
20221216 CIG -32400 -128917000 232583000  9629000
20221216 CIG -32500 -129335000 233001000  418000
20221216 CIG -32900 -131010000 239726000  4200000
20221216 CIG -33100 -131850000 240566000  840000
20221216 CIG -34400 -137295000 193187000 1247000 
20221216 CIG -34500 -137722000 191120000 418000 
20221216 CIG -34500 -137734000 189466000 4609000 
20221216 CIG -34600 -138140000 190702000 415000.00000000006 
20221216 CIG -34700 -138542000 191940000  819999.9999999999
20221216 CIG -34700 -138555000 190287000  821000
20221216 CIG -35600 -142343000 184857000 838000.0000000001 
20221216 CIG -35800 -143181000 184019000 419000.00000000006 
20221216 CIG -35900 -143600000 183600000  21200000
20221216 CIG -36400 -145584000 280354000 423000.00000000006 
20221216 CIG -36500 -146007000 279931000 4620000 
20221216 CIG -37200 -148956000 272802000 419000.00000000006 418000
20221216 CIG -37200 -148957000 271965000 4200000 1677000
20221216 CIG -37300 -149391000 260645000 846000.0000000001 
20221216 CIG -37300 -149406000 258122000  17556000
20221216 CIG -37400 -149808000 261900000 419000.00000000006 836000
20221216 CIG -37500 -150237000 259799000 423000.00000000006 
20221216 CIG -37600 -150627000 275311000 419000.00000000006 2090000
20221216 CIG -37600 -150660000 259376000  1254000
20221216 CIG -37700 -151042000 285812000  5458000
20221216 CIG -37700 -151063000 264833000 839000 2094000.0000000002
20221216 CIG -37800 -151480000 266088000 419000.00000000006 836000
20221216 CIG -39200 -157312000 292082000  6270000
20221216 CIG -39300 -157730000 292500000  418000
20221216 CIG -39400 -158148000 292918000  418000
20221216 CIG -57400 -230365000 488239000 8507000 810000
20221216 CIG -57600 -231189000 528725000 2020000 
20221216 CIG -57700 -231591000 529935000 404000 806000
20221216 CIG -58100 -233209000 526705000 4848000 
20221216 CIG -59300 -238057000 521857000 12963000 20655000
20221216 CIG -59300 -238062000 478922000 1620000 
20221216 CIG -59300 -238447000 378243000 2095000 2000000
20221216 CIG -59300 -238542000 374148000 418000 80812000
20221216 CIG -59700 -239682000 477302000 31183000 
20221216 CIG -60700 -243681000 542025000  12090000
20221216 CIG -61300 -246099000 546055000 806000 3224000
20221216 CIG -62300 -250477000 390273000  12030000
20221216 CIG -63800 -256492000 396288000  6015000
20221216 CIG -67000 -269013000 568969000  22913999.999999996
20221216 CIG -67400 -270865000 446119000 2422000 403000
20221216 CIG -67900 -272884000 443294000 405000 
20221216 CIG -68000 -273289000 442889000 4047999.999999999 
20221216 CIG -69000 -277337000 438841000 6833999.999999999 2807000
20221216 CIG -70000 -281364000 429200000 4019999.9999999995 28892000
20221216 CIG -70300 -282086000 636192000 809000 
20221216 CIG -70500 -282895000 635383000 21412000 6464000
20221216 CIG -70600 -283295000 637401000  1209000
20221216 CIG -72900 -292671000 593431000 401999.99999999994 24060000
20221216 CIG -74200 -297843000 607507000 405000 
20221216 CIG -74300 -298248000 607102000 2835000 
20221216 CIG -75000 -301083000 604267000 405000 
20221216 CIG -75100 -301488000 603862000 807000 9624000
20221216 CIG -76200 -305805000 661523000 806000 23315999.999999996
20221216 CIG -80600 -323489000 700915000 10853999.999999998 28538000
20221216 CIG -83700 -335911000 720573000 1205999.9999999998 
20221216 CIG -84000 -337117000 719367000 2009999.9999999995 
20221216 CIG -84500 -339127000 717357000 401999.99999999994 
20221216 CIG -84600 -339529000 716955000  16040000
20221216 CIG "acum_busd" "acum_busd_val" "acum_val" "val_bu" "val_sd"
20221219 CIG -10700 -41692000 136110000  3600000
20221219 CIG -13300 -52032000 268350000  18806000
20221219 CIG -14000 -54832000 271150000  2800000
20221219 CIG -14300 -56032000 272350000  1200000
20221219 CIG -15300 -59909000 286873000 3681000 
20221219 CIG -15300 -59910000 288496000 811000 
20221219 CIG -15500 -60721000 287685000  811999.9999999999
20221219 CIG -16200 -63590000 283192000 1230000 
20221219 CIG -16500 -64820000 281962000 412000 
20221219 CIG -16600 -65232000 281550000  9200000
20221219 CIG -17200 -67598000 301868000 2029999.9999999998 
20221219 CIG -17300 -68002000 303084000 405999.99999999994 
20221219 CIG -17400 -68408000 302678000  810000
20221219 CIG -17700 -69628000 299838000 811999.9999999999 10530000
20221219 CIG -19500 -76912000 311994000  8910000
20221219 CIG -2000 -6794000 99572000 4027999.9999999995 401999.99999999994
20221219 CIG 200 856000 856000 856000 
20221219 CIG -20100 -79306000 324840000 2009999.9999999998 
20221219 CIG -20100 -79324000 314406000  2411999.9999999995
20221219 CIG -20400 -80530000 316416000 401999.99999999994 1607999.9999999998
20221219 CIG -20600 -81311000 326845000  2005000
20221219 CIG -20600 -81316000 322830000 2813999.9999999995 
20221219 CIG -21300 -84130000 320016000  3600000
20221219 CIG -2200 -7210000 221054000 2879000 
20221219 CIG -23300 -92069000 354487000 4019999.9999999995 
20221219 CIG 2400 10780000 73142000 34821000 2418000
20221219 CIG -24300 -96089000 350467000 4421999.999999999 
20221219 CIG -24800 -98111000 343645000  16800000
20221219 CIG 2500 11149000 190551000  800000
20221219 CIG -25400 -100511000 346045000  2400000
20221219 CIG -25500 -100847000 363265000  8778000
20221219 CIG -2600 -8970000 210670000  20119000
20221219 CIG -2700 -11011000 16033000 409999.99999999994 
20221219 CIG 2700 11949000 189751000 53641000 
20221219 CIG -27200 -107613000 370031000  6766000
20221219 CIG -27200 -107613000 386267000  
20221219 CIG -2800 -10007000 104425000 819999.9999999999 4033000
20221219 CIG -2800 -11421000 15623000 819999.9999999999 
20221219 CIG -2900 -10089000 218175000 409999.99999999994 
20221219 CIG -2900 -10420000 95142000 400000 
20221219 CIG -3000 -10499000 217765000 2783000 4312000
20221219 CIG -3000 -10820000 94742000  21600000
20221219 CIG -3000 -12241000 14803000  13522000
20221219 CIG 300 1281000 1281000 425000 
20221219 CIG -3100 -10785000 225459000 415000.00000000006 
20221219 CIG -3200 -11200000 225044000  3990000
20221219 CIG -4600 -18782000 24622000 409000 8180000
20221219 CIG -5300 -21623000 27463000  2841000
20221219 CIG -6700 -25595000 241913000 822000.0000000001 15632000
20221219 CIG -6800 -26001000 242319000  405999.99999999994
20221219 CIG -8600 -33226000 249544000  7224999.999999999
20221219 CIG -9800 -38092000 132510000  28085000
20221219 CIG "acum_busd" "acum_busd_val" "acum_val" "val_bu" "val_sd"
20221220 CIG -10800 -40757000 67545000 772000 16984000
20221220 CIG 11400 56812999.99999997 844309000 180399999.99999997 
20221220 CIG -11900 -45003000 71791000  4246000
20221220 CIG -12600 -47705000 74493000  2702000
20221220 CIG -12700 -48091000 74879000  386000
20221220 CIG -12800 -48478000 75266000  387000
20221220 CIG -14500 -55028000 81816000  6550000
20221220 CIG -15800 -60033000 86821000  5005000
20221220 CIG -20900 -79419000 106967000 380000 19766000
20221220 CIG -24100 -91455000 130531000 1544000 
20221220 CIG -24500 -92999000 128987000 386000 
20221220 CIG -24600 -93385000 124751000 1909000 
20221220 CIG -24600 -93385000 128601000 1925000 
20221220 CIG -25100 -95294000 122842000  15875000
20221220 CIG -25100 -95310000 126676000  1925000
20221220 CIG -26000 -98611000 148465000 1164000 
20221220 CIG -26300 -99768000 151948000 1163000 2320000
20221220 CIG -26300 -99775000 147301000 1930000 
20221220 CIG -26800 -101705000 145371000 1154000 
20221220 CIG -27000 -102475000 143071000 760000 
20221220 CIG -27100 -102859000 144217000 381000 765000
20221220 CIG -27200 -103235000 142311000  11780000
20221220 CIG -27300 -103626000 157352000 773000 4631000
20221220 CIG -28000 -106302000 162348000 1160000 
20221220 CIG -2800 -9877000 33561000 1950000 
20221220 CIG -2800 -9877000 34341000 390000 390000
20221220 CIG -2800 -9877000 35121000  
20221220 CIG -28100 -106689000 162735000  387000
20221220 CIG -28200 -107076000 163122000  387000
20221220 CIG -28300 -107462000 161188000  3836000
20221220 CIG -31500 -119512000 659834000 6840000 
20221220 CIG -32600 -123587000 663909000  4075000
20221220 CIG -3300 -11827000 31611000 397000 
20221220 CIG -33300 -126352000 652994000 3800000 380000
20221220 CIG -3400 -12224000 31214000 5940000 395000
20221220 CIG -34200 -129772000 648814000 2639000 
20221220 CIG -34200 -129781000 185827000  22705000
20221220 CIG -34600 -131285000 187331000  1504000
20221220 CIG -34900 -132411000 645415000 87592000 1110000
20221220 CIG -38700 -146599000 217979000 7106000 22420000
20221220 CIG -47500 -179264000 250644000  32665000
20221220 CIG -4800 -17769000 24879000 3160000 
20221220 CIG -50200 -189095000 387775000 2960000 
20221220 CIG -50400 -189832000 390742000 1115000 1852000
20221220 CIG -50600 -190597000 370037000 740000 
20221220 CIG -50800 -191337000 369297000 6660000 
20221220 CIG -51000 -192055000 384815000 6660000 8118000
20221220 CIG -52600 -197997000 362637000 16280000 
20221220 CIG -55500 -208798000 283898000 1860000 1850000
20221220 CIG -55500 -208808000 280188000  29544000
20221220 CIG -55700 -209232000 529292000 5241000 
20221220 CIG -5600 -20929000 21719000 395000 
20221220 CIG -5600 -20944000 20944000  20944000
20221220 CIG -57000 -214277000 346357000 740000 
20221220 CIG -5700 -21324000 21324000  380000
20221220 CIG -57100 -214473000 524051000 4092000 
20221220 CIG -57200 -215017000 345617000 9250000 
20221220 CIG -58000 -217805000 537865000  8573000
20221220 CIG -58200 -218565000 519959000 2222000 
20221220 CIG -58300 -218893000 556713000 7400000 
20221220 CIG -58800 -220787000 517737000 7380000 
20221220 CIG -59700 -224267000 336367000 11100000 
20221220 CIG -60200 -225944000 505182000 4431000 
20221220 CIG -60300 -226293000 549313000 1480000 
20221220 CIG -60300 -226314000 505552000  370000
20221220 CIG -60700 -227773000 547833000  9968000
20221220 CIG -60800 -228167000 510357000 1107000 
20221220 CIG -61100 -229274000 508512000  2960000
20221220 CIG -61100 -229274000 509250000 369000 
20221220 CIG -61200 -229643000 508881000  369000
20221220 CIG -61400 -230375000 500751000 3330000 369000
20221220 CIG -62200 -233336000 497052000 4440000 
20221220 CIG -62700 -235367000 325267000 7400000 33969000
20221220 CIG -63400 -237776000 492612000 1480000 
20221220 CIG -63800 -239256000 491132000 4065000 
20221220 CIG -64900 -243321000 487067000 15498000 6642000
20221220 CIG -6600 -24545000 49789000  14668000
20221220 CIG -67300 -252177000 464927000 3700000 
20221220 CIG -68300 -255877000 461227000 2220000 68265000
20221220 CIG "acum_busd" "acum_busd_val" "acum_val" "val_bu" "val_sd"
20221221 CIG -10100 -38860000 481988000 41712000 
20221221 CIG -11400 -43855000 493095000 3056000 8051000
20221221 CIG -17000 -65335000 116243000  36801000
20221221 CIG -18300 -70262000 404714000 13370000 
20221221 CIG -18300 -70262000 415410000 5348000 5348000
20221221 CIG -19400 -74464000 421140000 764000 4966000
20221221 CIG -2000 -7640000 7640000  7640000
20221221 CIG -20800 -79802000 297362000 389000 383000
20221221 CIG -20800 -79808000 296590000 12647000 
20221221 CIG -20900 -80186000 297746000  384000
20221221 CIG -21000 -80572000 440276000 4584000 382000
20221221 CIG -21200 -81320000 431856000 1930000 
20221221 CIG -21700 -83250000 429926000  8786000
20221221 CIG -21800 -83632000 391344000 38200000 3820000
20221221 CIG -22100 -84774000 435310000  3454000
20221221 CIG -24100 -92455000 283943000 2292000 
20221221 CIG -24700 -94747000 281651000 44694000 764000
20221221 CIG -2800 -10580000 52894000 1200000 
20221221 CIG -2800 -10580000 53694000  
20221221 CIG -2900 -11084000 42286000 399000 
20221221 CIG -3000 -11372000 54486000  792000
20221221 CIG -3000 -11483000 41887000 409000 
20221221 CIG -30800 -118012000 349324000 6876000 
20221221 CIG -3100 -11780000 51694000 800000 
20221221 CIG -3100 -11798000 50112000 1167000 
20221221 CIG -3100 -11892000 41478000 7296000 
20221221 CIG -32600 -124888000 342448000  44702000
20221221 CIG -3300 -12576000 47778000 800000 
20221221 CIG -3300 -12580000 50894000  782000
20221221 CIG -3400 -12965000 48945000 389000 
20221221 CIG -3500 -13354000 48556000  778000
20221221 CIG -3500 -13376000 46978000 800000 
20221221 CIG -35200 -134857000 217093000 15664000 85186000
20221221 CIG -36200 -138677000 236193000 7640000 
20221221 CIG -3700 -14176000 46178000 400000 
20221221 CIG -3800 -14576000 45778000  3492000
20221221 CIG -38200 -146317000 228553000  11460000
20221221 CIG -5000 -19188000 34182000 6912000 18460000
20221221 CIG -5600 -21552000 66236000  10180000
20221221 CIG -5900 -22725000 67409000  1173000
20221221 CIG -6000 -23115000 67799000  390000
20221221 CIG -6500 -25065000 69749000  1950000
20221221 CIG -7000 -27015000 71699000  1950000
20221221 CIG -7200 -27793000 72477000  778000
20221221 CIG -7400 -28534000 79442000 3112000 3853000
20221221 CIG -7800 -30072000 508470000 794000 
20221221 CIG -7900 -30469000 508867000  397000
20221221 CIG -7900 -30469000 576527000  
20221221 CIG -8000 -30866000 507676000 797000 796000
20221221 CIG -8000 -30867000 506083000 12988000 
20221221 CIG "acum_busd" "acum_busd_val" "acum_val" "val_bu" "val_sd"
20221222 CIG 1000 4031000 47749000  2359000
20221222 CIG -10100 -38375000 179705000 390000 
20221222 CIG -10200 -38765000 179315000 380000 2654000
20221222 CIG -11000 -41464000 324744000 778000 
20221222 CIG -11100 -41850000 325130000  386000
20221222 CIG -11200 -42242000 323966000 1548000 9640000
20221222 CIG -11400 -43008000 326288000  1158000
20221222 CIG -12100 -45713000 348213000 385000 384000
20221222 CIG -12100 -45714000 347444000 5390000 2310000
20221222 CIG -12200 -46398000 277868000 2730000 
20221222 CIG -12300 -46482000 329762000  3474000
20221222 CIG -12300 -46794000 272804000 1170000 
20221222 CIG -12300 -46802000 268140000 779000 
20221222 CIG -12500 -47581000 267361000  23280000
20221222 CIG -12600 -47964000 271634000 778000 
20221222 CIG -12800 -48742000 270856000 388000 
20221222 CIG -12900 -48794000 339744000 385000 
20221222 CIG -12900 -49128000 275138000  2334000
20221222 CIG -12900 -49130000 270468000  2328000
20221222 CIG -13000 -49179000 339359000 1920000 
20221222 CIG -13500 -50987000 425399000 1930000 
20221222 CIG -13500 -51099000 337439000 1147000 
20221222 CIG -13800 -52241000 354741000  6528000
20221222 CIG -13800 -52246000 336292000 383000 
20221222 CIG -13900 -52629000 335909000  6147000
20221222 CIG -14000 -52917000 423469000 2695000 
20221222 CIG -14400 -54527000 395919000 5348000 4966000
20221222 CIG -14500 -54909000 385605000 10288000 1905000
20221222 CIG -14700 -55612000 420774000 1540000 
20221222 CIG -14800 -56061000 358561000  3820000
20221222 CIG -15100 -57152000 419234000 1155000 
20221222 CIG -15200 -57554000 412718000 3830000 382000
20221222 CIG -15400 -58307000 418079000 2304000 383000
20221222 CIG -15700 -59474000 406978000 3056000 
20221222 CIG -15900 -60228000 415392000  2674000
20221222 CIG -15900 -60252000 370372000 3810000 8001000
20221222 CIG 1600 6390000 45390000 3970000 
20221222 CIG -16100 -61002000 408506000  1528000
20221222 CIG -16500 -62530000 403922000  8003000
20221222 CIG -16700 -63292000 373412000  3040000
20221222 CIG 2100 8391000 17943000 13167000 4776000
20221222 CIG 2100 8391000 21923000 1990000 1990000
20221222 CIG 22000 88816000 634821000 1209000 6401000
20221222 CIG 22100 89216000 635221000 400000 
20221222 CIG 23300 94008000 607588000 5198000 6783000
20221222 CIG 23700 95593000 595607000 79609000 1990000
20221222 CIG -3200 -11486000 231266000 10919000 
20221222 CIG -400 -1456000 62206000 3900000 9387000
20221222 CIG 4200 17962000 504482000 74016000 5067000
20221222 CIG 4200 17969000 510033000 2779000 2772000
20221222 CIG 4200 17974000 514008000 1990000 1985000
20221222 CIG -4300 -15765000 235545000  4279000
20221222 CIG -4800 -17705000 237485000  1940000
20221222 CIG -4900 -18144000 208312000 780000 
20221222 CIG -5100 -18924000 207532000 1170000 
20221222 CIG -5400 -20094000 206362000 1949000 
20221222 CIG -5800 -21636000 216460000 2328000 
20221222 CIG -5800 -21655000 204025000 2340000 
20221222 CIG -5900 -22043000 204413000  388000
20221222 CIG -6000 -22405000 220347000 779000 388000
20221222 CIG 600 2418000 39830000 5967000 
20221222 CIG 600 2420000 41420000  794000
20221222 CIG -6100 -22796000 219180000 780000 1940000
20221222 CIG -6200 -22819000 301447000 23579000 
20221222 CIG -6200 -23137000 242917000  5432000
20221222 CIG -6400 -23964000 214132000  5820000
20221222 CIG -6400 -23995000 201685000 1170000 
20221222 CIG -6500 -24301000 244081000  1164000
20221222 CIG -6700 -24801000 303429000  1982000
20221222 CIG -6700 -25165000 200515000 4290000 
20221222 CIG -7800 -29455000 196225000 12720000 3800000
20221222 CIG 7900 32810000 691627000  56406000
20221222 CIG 800 3214000 40626000 796000 
20221222 CIG 8100 33609000 692426000 799000 
20221222 CIG 8100 33609000 803674000  
20221222 CIG -8500 -31821000 310449000  7020000
20221222 CIG -8600 -32210000 310838000  389000
20221222 CIG -900 -3549000 33863000  11940000
20221222 CIG -9100 -34150000 312778000  1940000
20221222 CIG -9600 -36491000 176281000 39520000 74555000
20221222 CIG "acum_busd" "acum_busd_val" "acum_val" "val_bu" "val_sd"
20221223 CIG 10200 41803000 243368000 1161000 6579000
20221223 CIG 10600 43359000 88332000  1980000
20221223 CIG 10700 43833000 105402000  7900000
20221223 CIG 10800 44153000 89126000 794000 
20221223 CIG 10800 44229000 105798000 396000 
20221223 CIG 10900 44519000 83122000  812000
20221223 CIG 1100 4555000 20988000  3943000
20221223 CIG 11100 45285000 215892000 13932000 
20221223 CIG 11100 45331000 82310000 2444000 3207000
20221223 CIG 11100 45339000 86352000  400000
20221223 CIG 11200 45739000 85952000  805000
20221223 CIG 11200 45822000 107391000 1593000 
20221223 CIG 11300 46094000 76659000  800000
20221223 CIG 11400 46544000 85147000 2025000 
20221223 CIG 11500 46894000 75859000 16347000 
20221223 CIG 11600 47221000 235628000 10836000 8900000
20221223 CIG 12700 51733000 97502000 7978000 398000
20221223 CIG 14000 56509000 258074000 14706000 
20221223 CIG 15100 60766000 262331000 4257000 
20221223 CIG 2100 8498000 17045000 7600000 1200000
20221223 CIG 21100 83986000 285551000 23220000 
20221223 CIG 21400 85147000 286712000 1161000 
20221223 CIG 22000 84654000 458283000  73211000
20221223 CIG 23600 93661000 297548000  1161000
20221223 CIG 23900 94822000 296387000 9675000 
20221223 CIG 24900 98692000 302579000 5031000 
20221223 CIG 27100 107206000 311093000 8514000 
20221223 CIG 300 1281000.0000000005 7428000  409000
20221223 CIG 32300 127330000 331217000 20124000 
20221223 CIG 33600 132450000 344817000  4240000
20221223 CIG 34200 134889000 357316000 7469000 5030000
20221223 CIG 34400 135520000 339407000 8190000 
20221223 CIG 34700 136690000 340577000 1170000 
20221223 CIG 35300 139288000 363315000 5199000 800000
20221223 CIG 36700 144921000 372128000  808000
20221223 CIG 36900 145729000 371320000 7223000 782000
20221223 CIG 39900 157865000 385072000 12944000 
20221223 CIG 400 1690000.0000000005 6610000 4150000.0000000005 2460000
20221223 CIG 500 2098000.0000000005 8245000 817000 
20221223 CIG 5200 22219000 142964000  11004000
20221223 CIG 5300 22616000 144155000  397000
20221223 CIG 5400 23013000 143758000 794000 
20221223 CIG 5400 23013000 144552000 397000 
20221223 CIG 5500 23408000 144947000 395000 
20221223 CIG 5500 23460000 166977000 397000 3900000
20221223 CIG 5600 22916000 49871000 23622000 5261000
20221223 CIG 5900 24988000 150477000  1975000
20221223 CIG 6000 24528000 51483000 1612000 
20221223 CIG 6100 24928000 51883000 400000 
20221223 CIG 6100 25778000 147317000 2370000 
20221223 CIG 6400 26963000 148502000 1185000 
20221223 CIG 6400 26963000 152452000 1975000 
20221223 CIG 6700 28155000 171672000 4695000 
20221223 CIG 6800 28423000 127160000 1185000 18584000
20221223 CIG 7000 28528000 56683000 4000000 400000
20221223 CIG 7500 30547000 59512000  405000
20221223 CIG 7500 31353000 201960000 1548000 3870000
20221223 CIG 7600 30952000 59107000 2424000 
20221223 CIG 8000 33223000 131960000 4800000 
20221223 CIG 8100 33675000 196542000 3510000 7740000
20221223 CIG 8700 35955000 179472000 7800000 
20221223 CIG 9200 37905000 181422000 1950000 
20221223 CIG "acum_busd" "acum_busd_val" "acum_val" "val_bu" "val_sd"
20221226 CIG 0 0 104775000  
20221226 CIG -2000 -7966000 113949000 400000 
20221226 CIG -2100 -8354000 115937000 800000 1188000
20221226 CIG -2100 -8366000 113549000  6406000
20221226 CIG -21600 -82835000 191208000  63638000
20221226 CIG -2400 -9535000 117908000 395000 1576000
20221226 CIG -2700 -10708000 119081000  1173000
20221226 CIG -37300 -142695000 251844000 388000 60248000
20221226 CIG -40400 -154310000 287515000 5044000 
20221226 CIG -41600 -158967000 282084000 2328000 
20221226 CIG -41700 -159354000 282471000  387000
20221226 CIG -42200 -161295000 279756000 3880000 
20221226 CIG -42900 -163881000 297086000  9571000
20221226 CIG -4300 -16890000 125263000  6182000
20221226 CIG -43200 -165175000 275876000 776000 23256000
20221226 CIG -43800 -167319000 300524000  3438000
20221226 CIG -44800 -171139000 304344000  3820000
20221226 CIG -4900 -19197000 127570000  2307000
20221226 CIG -49600 -189475000 322680000  18336000
20221226 CIG -500 -1960000 106735000  1960000
20221226 CIG -500 -1960000 107143000  
20221226 CIG -57800 -220725000 357034000 388000 
20221226 CIG -57900 -221113000 354318000  31638000
20221226 CIG -57900 -221113000 356258000  
20221226 CIG -58900 -224898000 370399000 1149000 
20221226 CIG -59000 -225281000 368484000 3447000 
20221226 CIG -59200 -226047000 369250000  766000
20221226 CIG -59600 -227579000 373080000  2681000
20221226 CIG -59800 -228345000 364654000  7620000
20221226 CIG -59900 -228728000 365037000  383000
20221226 CIG -60400 -230635000 378428000 1146000 
20221226 CIG -60700 -231778000 382633000 1149000 
20221226 CIG -60700 -231781000 377282000  4202000
20221226 CIG -60900 -232542000 383397000  764000
20221226 CIG -60900 -232545000 380338000  1910000
20221226 CIG -61000 -232927000 381484000 382000 764000
20221226 CIG -61500 -234834000 385689000  2292000
20221226 CIG -61600 -235215000 386070000  381000
20221226 CIG -65600 -250455000 434838000 381000 
20221226 CIG -65700 -250836000 434457000 11430000 
20221226 CIG -68700 -262266000 423027000 4953000 
20221226 CIG -70000 -267219000 418074000  32004000
20221226 CIG "acum_busd" "acum_busd_val" "acum_val" "val_bu" "val_sd"
20221227 CIG 0 0 6443000  
20221227 CIG 100 380000 6823000 380000 
20221227 CIG 12300 48144000 185363000  2310000
20221227 CIG 12300 48144000 283718000  
20221227 CIG 12900 50454000 183053000 56732000 1540000
20221227 CIG 1300 4856000 11299000 1855000 
20221227 CIG -1400 -4434000 59725000 370000 
20221227 CIG -1500 -4800000 60091000  366000
20221227 CIG -1500 -4804000 59355000 379000 
20221227 CIG -1600 -4738000 117537000 3700000 
20221227 CIG -1600 -5183000 58976000  13049000
20221227 CIG 1700 6440000 22361000  3620000
20221227 CIG -2000 -6628000 63387000 368000 
20221227 CIG -2000 -6630000 62653000 366000 
20221227 CIG 2000 7866000 41207000  758000
20221227 CIG -2100 -6996000 62287000  2196000
20221227 CIG -2100 -6996000 63019000  366000
20221227 CIG 2100 8244000 40069000 6769000 
20221227 CIG -2200 -7304000 81081000 1106000 
20221227 CIG 2200 8624000 40449000 380000 
20221227 CIG -2400 -8040000 81817000  736000
20221227 CIG -2500 -8410000 79975000 3263000 3240000
20221227 CIG -2500 -8433000 65192000  1805000
20221227 CIG -2600 -8438000 113837000 2590000 
20221227 CIG 2700 10060000 18741000 373000 1119000
20221227 CIG 2900 10806000 17249000 5950000 
20221227 CIG 300 1130000 7573000 750000 
20221227 CIG 300 1475000 33300000  748000
20221227 CIG 300 1476000 31805000 2240000 
20221227 CIG -300 -764000 29565000  7204000
20221227 CIG -3300 -11028000 111247000 5451000 15099000
20221227 CIG 400 1505000 7948000 375000 
20221227 CIG 500 2223000 32552000 747000 
20221227 CIG -600 -1380000 89957000 7400000 740000
20221227 CIG -600 -1380000 90697000  
20221227 CIG 800 3001000 9444000 1496000 
20221227 CIG "acum_busd" "acum_busd_val" "acum_val" "val_bu" "val_sd"
20221228 CIG 1000 4100000 22950000 384000 
20221228 CIG 100 395000 395000 395000 
20221228 CIG 1100 4285000 4285000 3890000 
20221228 CIG 1100 4484000 23334000 384000 
20221228 CIG -1200 -3986000 68716000 3840000 
20221228 CIG 1200 4672000 4672000 387000 
20221228 CIG 1500 5833000 5833000 1161000 
20221228 CIG -2200 -7826000 64110000 765000 
20221228 CIG -2200 -7826000 64876000 383000 383000
20221228 CIG -2400 -8591000 63345000  26543000
20221228 CIG -3400 -12454000 139943000 10012000 
20221228 CIG 3800 14873000 33723000 10389000 
20221228 CIG 3900 15649000 89121000  385000
20221228 CIG 4000 16034000 88736000 20020000 
20221228 CIG 4100 16028000 34878000 1155000 
20221228 CIG 4400 17183000 36033000 1155000 
20221228 CIG 4500 17567000 36417000 384000 
20221228 CIG 4600 17952000 36802000 385000 
20221228 CIG -6000 -22466000 129931000 770000 385000
20221228 CIG -600 -2044000 16806000 387000 
20221228 CIG -6100 -22851000 127621000  38500000
20221228 CIG -700 -2431000 16419000 387000 
20221228 CIG -800 -2818000 16032000 774000 9425000
20221228 CIG -8300 -31074000 158563000  18620000
20221228 CIG 900 3716000 22566000 5760000 
20221228 CIG "acum_busd" "acum_busd_val" "acum_val" "val_bu" "val_sd"
20221229 CIG 0 0 363000  
20221229 CIG -11600 -45199000 83028000  11670000
20221229 CIG -11700 -45588000 83417000  389000
20221229 CIG -13700 -53368000 91197000  7780000
20221229 CIG -1400 -5521000 43350000  8558000
20221229 CIG -19000 -74229000 167510000 1520000 
20221229 CIG -19400 -75749000 165990000 6460000 
20221229 CIG -19800 -77237000 170518000  3008000
20221229 CIG -19900 -77486000 115315000  24118000
20221229 CIG -21000 -81482000 191499000 7989000 
20221229 CIG -21100 -82209000 159530000 5320000 
20221229 CIG -21300 -82640000 192657000  1158000
20221229 CIG -21900 -85361000 133806000 2268000 
20221229 CIG -22400 -87167000 150048000 3420000 
20221229 CIG -22500 -87529000 154210000 1900000 2262000
20221229 CIG -22500 -87629000 131538000 3040000 
20221229 CIG -22700 -88378000 126207000  10892000
20221229 CIG -23100 -89471000 183510000 379000 
20221229 CIG -23200 -89850000 183131000  12613000
20221229 CIG -23300 -90080000 200097000  7440000
20221229 CIG -23300 -90587000 146628000 1140000 
20221229 CIG -23300 -90669000 128498000  2291000
20221229 CIG -23600 -91727000 145488000 758000 
20221229 CIG -23800 -92485000 144730000 380000 
20221229 CIG -23900 -92865000 144350000 1520000 9024000
20221229 CIG 300 1140000 1503000 1140000 
20221229 CIG 600 2280000 2643000 1140000 
20221229 CIG 800 3037000 34792000  389000
20221229 CIG 800 3040000 3403000 760000 
20221229 CIG 800 3040000 8343000  
20221229 CIG -8600 -33529000 71358000  28008000
20221229 CIG 900 3426000 34403000  
20221229 CIG 900 3426000 9507000 775000 389000
20221229 CIG "acum_busd" "acum_busd_val" "acum_val" "val_bu" "val_sd"
20221230 CIG 1100 4092000 11532000  2232000
20221230 CIG 1100 4104000 13764000 750000 
20221230 CIG 1200 4464000 4464000 4464000 
20221230 CIG 1200 4479000 14139000 375000 
20221230 CIG 1200 4487000 15647000  750000
20221230 CIG 1300 4836000 4836000 372000 
20221230 CIG 1400 5237000 14897000 758000 
20221230 CIG 14200 53235000 64395000 48748000 
20221230 CIG 1700 6324000 9300000  1488000
20221230 CIG 1900 7068000 7068000 2232000 
20221230 CIG 2100 7812000 7812000 744000 
20221230 CIG 900 3354000 13014000 372000 1110000
20221230 CIG "acum_busd" "acum_busd_val" "acum_val" "val_bu" "val_sd"
20230103 CIG 0 0 722000  
20230103 CIG 0 -22000 6044000  1534000
20230103 CIG 0 -3000 2225000  379000
20230103 CIG 0 326000 81980000 762000 
20230103 CIG 0 97000 24163000 760000 
20230103 CIG -100 -374000 1096000  374000
20230103 CIG 100 376000 1846000 750000 
20230103 CIG -100 -57000 80077000 762000 3040000
20230103 CIG -1200 -4463000 19603000  7124000
20230103 CIG 1200 4537000 10603000 1140000 
20230103 CIG 1400 5670000 94924000  3800000
20230103 CIG 15900 60790000 175682000 760000 6787000
20230103 CIG -1600 -5711000 67583000 1880000 
20230103 CIG 1600 6147000 30965000  376000
20230103 CIG 16100 61548000 176440000 758000 
20230103 CIG 16900 64580000 179472000 3032000 
20230103 CIG 1700 6523000 30589000 3780000 
20230103 CIG 17500 66817000 168135000 3016000 5655000
20230103 CIG 1800 7190000 96444000 1520000 
20230103 CIG 18100 69076000 159084000 38000000 
20230103 CIG 18200 69456000 159464000 380000 
20230103 CIG 1900 7570000 96824000 380000 
20230103 CIG 2000 7946000 89600000 5715000 
20230103 CIG 2000 7950000 97204000 380000 
20230103 CIG -200 -436000 81218000 381000 760000
20230103 CIG -200 -447000 72847000 5264000 
20230103 CIG -200 -663000 23403000 3800000 
20230103 CIG 200 738000 6804000 760000 
20230103 CIG 200 853000 24919000 756000 
20230103 CIG -2100 -7591000 65703000 10500000 
20230103 CIG -2400 -8813000 45925000  14960000
20230103 CIG 2400 9470000 91124000 1524000 
20230103 CIG -2900 -10683000 47795000  1870000
20230103 CIG 300 1457000 74751000 1904000 
20230103 CIG 400 1512000 4510000 1900000 385000
20230103 CIG -4900 -18091000 55203000  7408000
20230103 CIG 500 2221000 75515000 764000 
20230103 CIG 500 2221000 76275000  380000
20230103 CIG 500 2231000 83885000 1905000 
20230103 CIG 53200 202520000 317412000 137940000 
20230103 CIG 5800 22336000 112344000 14763000 377000
20230103 CIG 6000 23096000 113104000 760000 
20230103 CIG 600 2601000 75895000 380000 
20230103 CIG 700 2661000 12479000  1876000
20230103 CIG 700 2743000 26809000 1890000 
20230103 CIG 8000 30696000 120704000 7600000 
20230103 CIG 800 3018000 9084000 2280000 
20230103 CIG 8100 31076000 121084000 380000 
20230103 CIG 900 3397000 9463000 379000 
20230103 CIG "acum_busd" "acum_busd_val" "acum_val" "val_bu" "val_sd"
20230104 CIG -1000 -4534000 250492000  10140000
20230104 CIG 100 380000 380000 380000 
20230104 CIG 10100 38751000 205627000 1173000 32370000
20230104 CIG 10900 42301000 86321000 9710000 
20230104 CIG 1100 3656000 268042000  3510000
20230104 CIG 11200 43492000 103742000 2695000 6559000
20230104 CIG 12000 46624000 116780000  4187000
20230104 CIG 12200 47356000 94488000  1556000
20230104 CIG 12600 48912000 92932000 6611000 
20230104 CIG 13100 50811000 112593000  766000
20230104 CIG 13300 51577000 111827000 8085000 
20230104 CIG 15400 59544000 129700000 12920000 
20230104 CIG 1600 5606000 240352000 790000 33935000
20230104 CIG 18000 69558000 165454000 22884000 12870000
20230104 CIG 1800 6983000 34083000  3096000
20230104 CIG 18100 69948000 172084000 3510000 3120000
20230104 CIG 1900 6776000 263362000 12090000 780000
20230104 CIG 2000 7166000 264532000  390000
20230104 CIG 2100 7556000 264142000 780000 
20230104 CIG 2100 8152000 49068000 8077000 6908000
20230104 CIG -2200 -8832000 289108000 390000 
20230104 CIG -2200 -8832000 290660000 776000 
20230104 CIG 2300 8926000 49842000 774000 
20230104 CIG -2300 -9220000 289496000  388000
20230104 CIG -2300 -9222000 288718000 3510000 1167000
20230104 CIG 2400 9280000 10834000 5799000 
20230104 CIG -2400 -9608000 289884000  388000
20230104 CIG 2600 10079000 30987000  3870000
20230104 CIG 2600 10087000 51003000 1161000 
20230104 CIG -2600 -10423000 282121000  14079000
20230104 CIG 2700 10475000 51391000 388000 
20230104 CIG 2800 10832000 12386000 1552000 
20230104 CIG -2900 -11520000 293348000  2688000
20230104 CIG -2900 -11565000 284041000 389000 1531000
20230104 CIG -3200 -12660000 295258000 385000 
20230104 CIG -3200 -12664000 294492000  1144000
20230104 CIG -3300 -13045000 294873000  381000
20230104 CIG -3300 -13045000 295643000  385000
20230104 CIG 3400 13161000 17041000 3492000 1163000
20230104 CIG -3400 -13430000 296028000  385000
20230104 CIG 3500 13561000 26729000 1940000 4644000
20230104 CIG 3600 13949000 27117000 388000 
20230104 CIG -3600 -14200000 296798000  770000
20230104 CIG 3700 14355000 55271000 3880000 
20230104 CIG 3900 15131000 59151000  1552000
20230104 CIG 4000 15519000 59539000 388000 
20230104 CIG 4200 16265000 20145000 3104000 
20230104 CIG 4300 16683000 57599000 2328000 
20230104 CIG -4800 -18781000 302149000 385000 4966000
20230104 CIG 500 1936000 3490000  777000
20230104 CIG -5700 -22210000 305578000  3429000
20230104 CIG 600 2326000 3880000 390000 
20230104 CIG 700 2713000 2713000 2333000 
20230104 CIG 8400 32591000 76611000 17072000 
20230104 CIG 900 3481000 5035000 1155000 
20230104 CIG "acum_busd" "acum_busd_val" "acum_val" "val_bu" "val_sd"
20230105 CIG 0 0 7420000  
20230105 CIG 1000 3860000 21425000 380000 
20230105 CIG 1100 4241000 21806000 381000 
20230105 CIG 1200 4586000 16147000 2280000 
20230105 CIG 12200 46548000 86831000 9507000 
20230105 CIG 1300 4965000 16526000 379000 
20230105 CIG 14200 54148000 94431000 7600000 
20230105 CIG 1600 6102000 17663000 1137000 
20230105 CIG 1700 6482000 18043000 380000 
20230105 CIG 17100 65168000 105451000 11020000 
20230105 CIG 1800 6908000 24473000 2667000 
20230105 CIG 19000 72421000 120998000  1504000
20230105 CIG 1900 7289000 24854000 381000 
20230105 CIG 19400 73925000 119494000  1131000
20230105 CIG 19500 74305000 125507000 1884000 
20230105 CIG 19700 75056000 118363000 11400000 1512000
20230105 CIG 20200 76958000 128160000 2653000 
20230105 CIG 3100 11906000 35477000  376000
20230105 CIG 3200 12282000 35101000  752000
20230105 CIG 3300 12666000 36237000 760000 
20230105 CIG 3400 13034000 34349000  1875000
20230105 CIG 3400 13047000 36618000 381000 
20230105 CIG 3600 13809000 37380000 762000 
20230105 CIG 3900 14909000 32474000 7620000 
20230105 CIG 4000 15333000 38904000 1524000 
20230105 CIG -400 -1494000 10067000 384000 
20230105 CIG -500 -1878000 9298000  1878000
20230105 CIG -500 -1878000 9683000  
20230105 CIG 600 2306000 13867000 3800000 
20230105 CIG 7100 27147000 51474000  378000
20230105 CIG 7200 27525000 51096000 12192000 
20230105 CIG 900 3480000 21045000  3002000
20230105 CIG 9700 37041000 77324000 17872000 7978000
20230105 CIG "acum_busd" "acum_busd_val" "acum_val" "val_bu" "val_sd"
20230106 CIG 100 533000 10827000 3790000 
20230106 CIG -10100 -37473000 126061000 758000 
20230106 CIG -10300 -38231000 125303000 375000 
20230106 CIG -10400 -38606000 124928000 750000 
20230106 CIG -10500 -39204000 77790000 11340000 
20230106 CIG -10600 -39356000 124178000  13878000
20230106 CIG -11500 -43142000 58292000  7770000
20230106 CIG -1200 -4409000 4409000  4409000
20230106 CIG -12400 -46064000 280762000 3750000 
20230106 CIG -13300 -49788000 65694000 378000 
20230106 CIG -13400 -49814000 277012000 8517000 
20230106 CIG -13400 -50166000 65316000  7024000
20230106 CIG -13500 -50544000 66450000  756000
20230106 CIG -15700 -58321000 186355000  37135000
20230106 CIG -15700 -58331000 268495000 7380000 
20230106 CIG -15900 -59067000 254471000 21090000 369000
20230106 CIG -16100 -59807000 255211000  740000
20230106 CIG -17100 -63523000 211537000 9990000 
20230106 CIG -17500 -64988000 215252000 1125000 
20230106 CIG -17700 -65711000 261115000  5904000
20230106 CIG -17800 -66113000 214127000  2590000
20230106 CIG -19800 -73513000 201547000  15192000
20230106 CIG -21500 -79788000 233012000 740000 
20230106 CIG -21700 -80528000 232272000 740000 16280000
20230106 CIG -4900 -17979000 99771000 9854000 
20230106 CIG -5000 -18134000 145400000 16307000 
20230106 CIG -5500 -20240000 102788000 378000 
20230106 CIG -5600 -20618000 102410000  2639000
20230106 CIG -5800 -21186000 149220000 384000 3436000
20230106 CIG 600 2428000 12722000 1895000 
20230106 CIG -6200 -22865000 105413000  2625000
20230106 CIG -6900 -25478000 110300000 1137000 3750000
20230106 CIG -7500 -27833000 89917000 4169000 
20230106 CIG -8600 -32002000 85748000 7580000 378000
20230106 CIG -900 -3257000 7037000 1890000 738000
20230106 CIG -9300 -34441000 129093000 3032000 
20230106 CIG -9400 -35372000 50522000  37800000
20230106 CIG "acum_busd" "acum_busd_val" "acum_val" "val_bu" "val_sd"
20230109 CIG -10000 -37259000 95437000 2244000 
20230109 CIG -1000 -3779000 34207000  3008000
20230109 CIG -100 -375000 375000  375000
20230109 CIG -10100 -37633000 96185000  374000
20230109 CIG -10300 -38378000 92068000 4500000 
20230109 CIG -10600 -39503000 93193000  1125000
20230109 CIG -10700 -39828000 116930000  4440000
20230109 CIG -1100 -4179000 14091000 4956000 8760000
20230109 CIG -11200 -41676000 120262000 742000 2590000
20230109 CIG -11500 -42878000 87568000  18505000
20230109 CIG -12000 -44636000 123222000  2960000
20230109 CIG -12200 -45373000 134291000 371000 
20230109 CIG -12300 -45744000 133920000 1847000 370000
20230109 CIG -12300 -45746000 124332000  1110000
20230109 CIG -12500 -46484000 125070000  738000
20230109 CIG -12700 -47221000 131703000 1845000 
20230109 CIG -12700 -47224000 125810000  740000
20230109 CIG -13100 -48698000 127284000  1474000
20230109 CIG -13100 -48700000 128758000 736000 738000
20230109 CIG -13200 -49066000 129124000  366000
20230109 CIG -13200 -49066000 129858000  
20230109 CIG -1500 -5703000 21711000 3048000 4572000
20230109 CIG -15100 -56099000 146497000 740000 11466000
20230109 CIG -1700 -6411000 36839000  2632000
20230109 CIG -200 -771000 31199000 754000 
20230109 CIG -20600 -76084000 166482000  19985000
20230109 CIG -20800 -76822000 167220000  738000
20230109 CIG -20800 -76822000 169803000  
20230109 CIG -21100 -77926000 173129000 740000 370000
20230109 CIG -21200 -78296000 172019000 371000 1845000
20230109 CIG -21700 -80113000 176764000 724000 2911000
20230109 CIG -23700 -87100000 225417000 8140000 
20230109 CIG -23700 -87259000 206354000 11222000 18368000
20230109 CIG -23800 -87627000 207462000 370000 738000
20230109 CIG -2500 -9411000 39839000  3000000
20230109 CIG -25900 -95240000 217277000 738000 369000
20230109 CIG -26000 -95609000 216170000 363000 8345000
20230109 CIG -2600 -9779000 45471000 1880000 
20230109 CIG -3100 -11653000 48097000 376000 
20230109 CIG -3100 -11659000 43591000 752000 
20230109 CIG -3200 -12029000 47721000  2250000
20230109 CIG -3300 -12411000 42839000  3000000
20230109 CIG -3700 -13901000 57095000 3375000 5623000
20230109 CIG -400 -1525000 30445000 1516000 
20230109 CIG -4500 -16893000 61583000 748000 3740000
20230109 CIG -600 -2285000 28173000 1140000 
20230109 CIG -6500 -24373000 69063000  7480000
20230109 CIG -7900 -29468000 106570000 7420000 
20230109 CIG -800 -3041000 28929000  756000
20230109 CIG -8400 -31318000 108420000  1850000
20230109 CIG -8500 -31688000 108790000  370000
20230109 CIG -8800 -32798000 109900000  1110000
20230109 CIG -900 -3425000 27033000 3800000 1522000
20230109 CIG -9500 -35388000 112490000  2590000
20230109 CIG -9800 -36520000 97298000 1113000 
20230109 CIG -9900 -36888000 99150000 742000 1110000
20230109 CIG "acum_busd" "acum_busd_val" "acum_val" "val_bu" "val_sd"
20230110 CIG -1000 -2996000 190401000 11010000 
20230110 CIG -1000 -3182000 167833000 7340000 
20230110 CIG -10800 -38700000 61978000 362000 
20230110 CIG -10900 -39056000 60886000 1088000 
20230110 CIG -10900 -39062000 61616000 362000 
20230110 CIG -11000 -39423000 62701000  723000
20230110 CIG -11000 -39424000 61254000  368000
20230110 CIG -11200 -40144000 59798000 361000 
20230110 CIG -11300 -40505000 59437000  6840000
20230110 CIG -11300 -40506000 63784000  1083000
20230110 CIG -11500 -41228000 69560000 1805000 
20230110 CIG -12000 -43033000 67755000 722000 
20230110 CIG -12200 -43755000 67033000  3249000
20230110 CIG -1300 -4400000 154371000 3960000 
20230110 CIG -2400 -8019000 204854000 1835000 
20230110 CIG -2400 -8360000 150411000  5400000
20230110 CIG -2500 -8720000 139251000 18410000 
20230110 CIG -2800 -9800000 159771000  5400000
20230110 CIG -2800 -9956000 15750000 743000 
20230110 CIG -2900 -9854000 203019000 2880000 9738000
20230110 CIG -3000 -10522000 160493000  722000
20230110 CIG -3000 -10699000 15007000 1436000 
20230110 CIG -3400 -12135000 13571000 718000 12853000
20230110 CIG -3800 -13556000 19350000  3600000
20230110 CIG -3900 -13645000 179030000  10830000
20230110 CIG -4000 -14006000 179391000  361000
20230110 CIG -4600 -16300000 109650000 1101000 
20230110 CIG -4900 -17401000 108549000 14801000 
20230110 CIG -7400 -26426000 84362000 362000 
20230110 CIG -7500 -26788000 84000000 14440000 
20230110 CIG -7600 -27130000 120480000  10830000
20230110 CIG -7800 -27870000 85806000  1444000
20230110 CIG -8200 -29321000 47515000 5839000 1443000
20230110 CIG -8300 -29688000 48620000 369000 736000
20230110 CIG -8400 -30056000 48988000  368000
20230110 CIG -8500 -30424000 49356000  368000
20230110 CIG -8600 -30758000 88694000  2888000
20230110 CIG -8800 -31556000 37350000  18000000
20230110 CIG -9000 -32202000 93748000 1805000 
20230110 CIG -900 -2815000 168200000 367000 
20230110 CIG -900 -2960000 145011000 5760000 
20230110 CIG -9400 -33665000 52597000  3241000
20230110 CIG -9400 -33717000 40233000 361000 2522000
20230110 CIG -9500 -34007000 91943000  3249000
20230110 CIG "acum_busd" "acum_busd_val" "acum_val" "val_bu" "val_sd"
20230111 CIG -100 -368000 368000  368000
20230111 CIG -1100 -4038000 4038000  1835000
20230111 CIG -1200 -4405000 4405000  367000
20230111 CIG 1200 4788000 54432000 369000 5155000
20230111 CIG 1600 6097000 14907000 3770000 
20230111 CIG 2500 9574000 48908000  1110000
20230111 CIG 2600 10074000 79542000 15198000 7340000
20230111 CIG 2600 9857000 18667000 3760000 
20230111 CIG 2800 10679000 44083000  5565000
20230111 CIG 2800 10684000 47798000 1860000 1855000
20230111 CIG 2900 11182000 83614000 2590000 1482000
20230111 CIG 3200 12107000 22417000  750000
20230111 CIG 3400 12857000 21667000 3000000 
20230111 CIG -400 -1428000 7382000 378000 
20230111 CIG 4100 15500000 37774000  1488000
20230111 CIG 4200 15857000 26917000  375000
20230111 CIG 4300 16232000 26542000 4125000 
20230111 CIG 4300 16244000 38518000 744000 
20230111 CIG 4300 16375000 93221000  736000
20230111 CIG 4500 16988000 36286000  372000
20230111 CIG 4500 17111000 92485000  1471000
20230111 CIG 4600 17360000 35914000  372000
20230111 CIG 4700 17732000 35542000  375000
20230111 CIG 4800 18107000 35167000  3000000
20230111 CIG 4900 18582000 91014000 7400000 
20230111 CIG -500 -1806000 7004000 2599000 
20230111 CIG 500 2216000 57004000  2572000
20230111 CIG 5200 19607000 30667000 3750000 
20230111 CIG 5300 20055000 96901000 3680000 
20230111 CIG 5600 21107000 32167000 1500000 
20230111 CIG -600 -2203000 2203000  1835000
20230111 CIG 600 2327000 11137000 3755000 
20230111 CIG 6300 23735000 100581000 3680000 
20230111 CIG "acum_busd" "acum_busd_val" "acum_val" "val_bu" "val_sd"
20230112 CIG -11000 -39648000 66901000 1084000 
20230112 CIG -11300 -40732000 65817000 728000 
20230112 CIG -11500 -41446000 70143000 722000 2520000
20230112 CIG -11500 -41460000 64726000  9010000
20230112 CIG -11900 -42883000 73026000 723000 2160000
20230112 CIG -12000 -43245000 73388000  362000
20230112 CIG -12100 -43602000 75193000 361000 
20230112 CIG -12100 -43606000 73749000  361000
20230112 CIG -12200 -43963000 74832000 363000 720000
20230112 CIG -1500 -5399000 12641000 372000 
20230112 CIG -15400 -55394000 102297000 1460000 
20230112 CIG -15800 -56854000 100837000 3285000 
20230112 CIG -1600 -5771000 12269000  6859000
20230112 CIG -16700 -60139000 97552000 1460000 728000
20230112 CIG -16900 -60871000 95364000 1088000 
20230112 CIG -17000 -61239000 93556000 363000 
20230112 CIG -1700 -6145000 15595000 368000 
20230112 CIG -17100 -61602000 93193000  18000000
20230112 CIG -17200 -61959000 94276000  720000
20230112 CIG -1800 -6512000 15962000  367000
20230112 CIG -1800 -6513000 15227000 736000 
20230112 CIG -18900 -67976000 118519000 1820000 14402000
20230112 CIG -2000 -7249000 14491000  1850000
20230112 CIG -22100 -79496000 130039000  11520000
20230112 CIG -2300 -8320000 19222000 726000 
20230112 CIG -2500 -9046000 18496000  2534000
20230112 CIG 300 1088000 5410000 3249000 361000
20230112 CIG -3200 -11545000 31177000 3279000 
20230112 CIG -3200 -11578000 22480000  3258000
20230112 CIG -3700 -13381000 25731000 362000 
20230112 CIG -3800 -13743000 25369000 362000 2527000
20230112 CIG -4000 -14425000 35517000 730000 3610000
20230112 CIG -4100 -14824000 27898000 362000 1805000
20230112 CIG -4700 -16948000 40214000 362000 
20230112 CIG -4800 -17310000 39852000 363000 
20230112 CIG -4900 -17673000 39489000 362000 
20230112 CIG -5000 -18035000 39127000  3610000
20230112 CIG -500 -1800000 1800000  1800000
20230112 CIG -9000 -32450000 55716000  15502000
20230112 CIG "acum_busd" "acum_busd_val" "acum_val" "val_bu" "val_sd"
20230113 CIG 100 536000 52420000 7200000 
20230113 CIG -10200 -35994000 153550000  1420000
20230113 CIG -11600 -40917000 185479000 6057000 3187000
20230113 CIG -12000 -42375000 168465000 3204000 
20230113 CIG -12000 -42375000 169175000  
20230113 CIG -12200 -43094000 160650000  7100000
20230113 CIG -12400 -43787000 176235000 2824000 4236000
20230113 CIG -12900 -45579000 165261000 1063000 353000
20230113 CIG -13100 -46289000 163845000  3195000
20230113 CIG -15700 -55282000 206880000 1400000 350000
20230113 CIG -16000 -56332000 205130000 2118000 17533000
20230113 CIG -1900 -6664000 28660000 1456000 
20230113 CIG -1900 -6664000 45220000 7920000 
20230113 CIG -2000 -7120000 7120000  7120000
20230113 CIG -2100 -7384000 29380000  720000
20230113 CIG -2200 -7744000 29740000  360000
20230113 CIG -2300 -8120000 27204000 728000 360000
20230113 CIG -2300 -8128000 25756000 5040000 
20230113 CIG -2400 -8464000 30460000  720000
20230113 CIG -2400 -8488000 26116000  360000
20230113 CIG 2400 8770000 60654000 8234000 
20230113 CIG 2600 9515000 79241000  4637000
20230113 CIG 2700 9856000 70308000 5370000 4284000
20230113 CIG -27500 -96818000 248416000  41536000
20230113 CIG 2800 10214000 70666000 358000 
20230113 CIG 2900 10572000 71024000 358000 
20230113 CIG -3300 -11704000 33700000  3240000
20230113 CIG -3700 -13168000 20716000 360000 
20230113 CIG -3800 -13528000 20356000  6408000
20230113 CIG 3900 14152000 74604000 3580000 
20230113 CIG -4100 -14584000 37300000 360000 3240000
20230113 CIG 4700 17075000 86801000 7560000 
20230113 CIG 5300 19238000 98318000  357000
20230113 CIG 5400 19595000 97961000  3960000
20230113 CIG 6500 23555000 94001000 6840000 360000
20230113 CIG -9800 -34574000 152130000  53812000
20230113 CIG "acum_busd" "acum_busd_val" "acum_val" "val_bu" "val_sd"
20230116 CIG 100 352000 352000 352000 
20230116 CIG 13500 47363000 91037000 26950000 
20230116 CIG 16600 58213000 101887000 10850000 
20230116 CIG 1700 6114000 45636000  5535000
20230116 CIG 1900 6752000 30360000  3430000
20230116 CIG 2000 7101000 30709000 349000 
20230116 CIG 2100 7450000 31058000 349000 
20230116 CIG 2200 7799000 31407000 349000 
20230116 CIG 22900 79844000 326284000  24640000
20230116 CIG 2300 8148000 31756000 349000 
20230116 CIG 2900 10182000 26930000  1372000
20230116 CIG 29900 104484000 301644000  4942000
20230116 CIG 3000 10605000 37673000  1730000
20230116 CIG 300 1056000 1056000 704000 
20230116 CIG 3100 10952000 38020000 347000 
20230116 CIG 3100 10954000 38714000 348000 346000
20230116 CIG 31300 109426000 296702000  5333000
20230116 CIG 32800 114759000 291369000  14040000
20230116 CIG 3300 11554000 25558000  5949000
20230116 CIG 3300 11637000 35245000 3489000 
20230116 CIG 3300 11649000 40101000 1041000 346000
20230116 CIG 3500 12335000 35943000 698000 
20230116 CIG 36700 128799000 277329000  23760000
20230116 CIG 37800 132808000 183522000 78115000 3520000
20230116 CIG 39900 140311000 199545000 11763000 4260000
20230116 CIG 4000 14127000 57801000  696000
20230116 CIG 4100 14476000 58150000 349000 
20230116 CIG 4200 14823000 57105000 10089000 1380000
20230116 CIG 4200 14825000 58499000 349000 
20230116 CIG 42900 151115000 246349000 28804000 18000000
20230116 CIG 43300 152559000 253569000 4332000 2888000
20230116 CIG 5000 17503000 19609000  1053000
20230116 CIG 5300 18556000 18556000 17500000 
20230116 CIG 5800 20413000 64087000 5588000 
20230116 CIG "acum_busd" "acum_busd_val" "acum_val" "val_bu" "val_sd"
20230117 CIG 100 356000 356000 356000 
20230117 CIG -13100 -46119000 101125000  17604000
20230117 CIG -14000 -49296000 105008000 353000 
20230117 CIG -14100 -49649000 104655000  3530000
20230117 CIG 1500 5474000 8394000  724000
20230117 CIG 1700 6198000 7670000 3670000 
20230117 CIG -20600 -72303000 240197000 1436000 
20230117 CIG -21000 -73739000 238761000 4308000 
20230117 CIG -2100 -7150000 31818000 5400000 
20230117 CIG 2100 8019000 46987000 15169000 
20230117 CIG -22100 -77742000 165278000 359000 
20230117 CIG -22200 -78047000 234453000 7100000 
20230117 CIG -22200 -78101000 164919000 3550000 
20230117 CIG -22600 -79517000 167053000  1775000
20230117 CIG -23000 -80981000 143733000 3520000 
20230117 CIG -23200 -81651000 161369000 710000 
20230117 CIG -23300 -82002000 169538000  2485000
20230117 CIG -23300 -82008000 160306000 7067000 
20230117 CIG -23400 -82361000 160659000  353000
20230117 CIG -23600 -83067000 170603000  1065000
20230117 CIG -24000 -84501000 140213000  35205000
20230117 CIG -24200 -85147000 227353000 1775000 
20230117 CIG -24700 -86922000 225578000 355000 
20230117 CIG -24800 -87277000 225223000 7455000 1420000
20230117 CIG -24900 -87682000 175218000  4615000
20230117 CIG -25200 -88737000 181243000 2485000 
20230117 CIG -25200 -88737000 188343000 3550000 
20230117 CIG -25300 -89075000 153239000 706000 
20230117 CIG -25400 -89447000 189053000  710000
20230117 CIG -25500 -89781000 152533000  8800000
20230117 CIG -25900 -91222000 178758000  3540000
20230117 CIG -26000 -91575000 191181000  2128000
20230117 CIG -26200 -92287000 184793000  3550000
20230117 CIG -26500 -93312000 216348000 5680000 
20230117 CIG -28100 -98992000 210668000 6035000 2832000
20230117 CIG -29000 -102195000 201801000  10620000
20230117 CIG -3600 -12550000 26418000  15504000
20230117 CIG 600 2160000 2160000 1804000 
20230117 CIG 700 2528000 4000000 1104000 736000
20230117 CIG -7100 -24970000 79976000  32989000
20230117 CIG 800 2954000 10914000  2520000
20230117 CIG -8100 -28515000 83521000  3545000
20230117 CIG "acum_busd" "acum_busd_val" "acum_val" "val_bu" "val_sd"
20230118 CIG -100 -285000 16995000  720000
20230118 CIG 100 435000 10515000  720000
20230118 CIG 100 435000 16275000 2520000 
20230118 CIG -17100 -61684000 104498000  54150000
20230118 CIG -20700 -74676000 118942000 726000 
20230118 CIG -20900 -75402000 118216000  13718000
20230118 CIG -2100 -7534000 50348000 7240000 4332000
20230118 CIG -22100 -79716000 123982000  5040000
20230118 CIG -23400 -84402000 128668000  4686000
20230118 CIG -23600 -85104000 154054000 10890000 
20230118 CIG -23700 -85483000 129749000  1081000
20230118 CIG -24000 -86556000 133726000 1452000 
20230118 CIG -24000 -86566000 130832000  1083000
20230118 CIG -2400 -8627000 34057000 730000 11979000
20230118 CIG -24400 -88008000 132274000  1442000
20230118 CIG -25500 -92001000 139171000  5445000
20230118 CIG -25600 -92364000 139534000  363000
20230118 CIG -26500 -95631000 142801000  3267000
20230118 CIG -26600 -95994000 143164000  363000
20230118 CIG -2900 -10442000 38776000 1452000 
20230118 CIG 300 1155000 9795000  730000
20230118 CIG 300 1167000 19173000 1815000 363000
20230118 CIG -3300 -11894000 37324000  3267000
20230118 CIG 400 1530000 19536000 363000 
20230118 CIG 400 1533000 20259000  360000
20230118 CIG -500 -1765000 5415000  3590000
20230118 CIG 500 1825000 1825000 1825000 
20230118 CIG 500 1885000 9065000 3650000 
20230118 CIG 500 1893000 19899000 363000 
20230118 CIG -600 -2085000 13755000 360000 2880000
20230118 CIG 700 2622000 21348000 1089000 
20230118 CIG "acum_busd" "acum_busd_val" "acum_val" "val_bu" "val_sd"
20230119 CIG 0 0 9177000  
20230119 CIG 0 38000 28807000 1500000 
20230119 CIG -100 -349000 24326000 6660000 
20230119 CIG -10100 -37228000 69041000  14022000
20230119 CIG -1100 -4016000 35829000 374000 
20230119 CIG -1200 -4390000 33235000  4428000
20230119 CIG -1200 -4390000 33605000  
20230119 CIG -1200 -4390000 35455000  
20230119 CIG -1300 -4756000 36569000  740000
20230119 CIG -13900 -51250000 84539000  14760000
20230119 CIG -14300 -52726000 86015000  1476000
20230119 CIG -1900 -7009000 17666000  7749000
20230119 CIG -19800 -72856000 106145000  20130000
20230119 CIG 200 740000 9917000 740000 
20230119 CIG -22400 -82372000 115661000  9516000
20230119 CIG -23900 -86648000 177509000 748000 
20230119 CIG -24100 -87396000 176761000 28038000 
20230119 CIG -30100 -109014000 283551000 38148000 
20230119 CIG -31700 -115434000 148723000  33062000
20230119 CIG -32500 -118726000 209587000  32078000
20230119 CIG -34500 -126026000 216887000  7300000
20230119 CIG -35200 -128581000 219442000  2555000
20230119 CIG -39800 -145318000 239839000 732000 
20230119 CIG -40000 -146050000 239107000 1098000 
20230119 CIG -400 -1462000 26933000 747000 744000
20230119 CIG -400 -1465000 25442000  1116000
20230119 CIG -40300 -147148000 238009000  18567000
20230119 CIG -40300 -147162000 245403000 1860000 3704000
20230119 CIG -5300 -19516000 51329000  14760000
20230119 CIG -6300 -23206000 55019000  3690000
20230119 CIG -9900 -36490000 69779000 738000 
20230119 CIG "acum_busd" "acum_busd_val" "acum_val" "val_bu" "val_sd"
20230127 CIG 0 302000 161638000 376000 
20230127 CIG -1000 -3468000 165408000  3770000
20230127 CIG 1000 3738000 8278000 3008000 1520000
20230127 CIG -100 -375000 1125000 375000 
20230127 CIG -100 -74000 161262000 1875000 18750000
20230127 CIG -11000 -40892000 209586000 750000 
20230127 CIG -11200 -41642000 208836000  34408000
20230127 CIG -16400 -61026000 235704000 2618000 
20230127 CIG -17100 -63644000 233086000 374000 23126000
20230127 CIG -1900 -6861000 168801000  3393000
20230127 CIG -2000 -7234000 174428000 2250000 
20230127 CIG -200 -750000 750000  750000
20230127 CIG -20800 -77421000 259599000 3750000 748000
20230127 CIG -21500 -80058000 263748000 756000 
20230127 CIG -21600 -80423000 255101000  19397000
20230127 CIG -21700 -80814000 262992000  3393000
20230127 CIG -2600 -9484000 172178000 377000 3000000
20230127 CIG 4200 16009000 109845000  12062000
20230127 CIG 4400 16801000 140637000  1875000
20230127 CIG 4600 17513000 111349000 1504000 
20230127 CIG 4900 18676000 138762000  3750000
20230127 CIG 5000 19017000 112853000 1504000 
20230127 CIG 5200 19624000 57776000  1910000
20230127 CIG 5200 19769000 113605000 752000 
20230127 CIG 5300 20145000 113981000 376000 
20230127 CIG 5700 21534000 55866000  10696000
20230127 CIG 5900 22426000 135012000  3375000
20230127 CIG 600 2250000 3750000 2625000 
20230127 CIG 6800 25801000 131637000  1125000
20230127 CIG 7100 26926000 130512000 11656000 4875000
20230127 CIG 7400 28071000 97783000  1131000
20230127 CIG 7600 28823000 96273000  1895000
20230127 CIG 7700 29202000 96652000 379000 
20230127 CIG 8000 30324000 82984000  760000
20230127 CIG 8100 30708000 84128000  380000
20230127 CIG 8100 30718000 94378000  3790000
20230127 CIG 8200 31084000 82224000 17954000 6494000
20230127 CIG 8200 31088000 83748000 764000 
20230127 CIG 8500 32230000 45170000  2674000
20230127 CIG 8700 32994000 40586000  1146000
20230127 CIG 9000 34140000 39440000 30782000 
20230127 CIG 900 3358000 8658000  380000
20230127 CIG 9100 34508000 90588000 3800000 
20230127 CIG 9200 34904000 42496000 1910000 
20230127 CIG "acum_busd" "acum_busd_val" "acum_val" "val_bu" "val_sd"
20230130 CIG 10000 38153000 250327000 22740000 
20230130 CIG 100 627000 150911000  1134000
20230130 CIG 10500 40048000 252222000 1895000 
20230130 CIG 1100 4385000 27185000  11400000
20230130 CIG 11100 42333000 262823000 5685000 
20230130 CIG -1200 -4287000 142973000 4918000 3790000
20230130 CIG 14800 56356000 276846000 14023000 
20230130 CIG -1500 -5415000 134265000 1900000 
20230130 CIG 18900 71936000 301546000 20140000 4560000
20230130 CIG -1900 -7015000 38585000  3800000
20230130 CIG -2000 -7315000 132365000  9475000
20230130 CIG 2000 7858000 115672000  1140000
20230130 CIG 20900 79556000 309166000 7620000 
20230130 CIG 2100 8085000 8085000 8085000 
20230130 CIG 2300 8998000 114532000 5320000 
20230130 CIG 2400 9349000 221523000 29107000 
20230130 CIG 24500 93272000 322882000 13716000 
20230130 CIG 25500 98102000 501052000  41694000
20230130 CIG 26000 100007000 502957000 1905000 
20230130 CIG 26700 102688000 505638000 2681000 
20230130 CIG 34800 132931000 363303000 40040000 381000
20230130 CIG 34900 133316000 363688000 385000 
20230130 CIG 35000 133707000 365607000 1155000 764000
20230130 CIG 36500 139796000 459358000  6461000
20230130 CIG 38200 146257000 452897000  7239000
20230130 CIG 39000 149080000 389404000  1920000
20230130 CIG -3900 -14615000 46185000  7600000
20230130 CIG 39200 149848000 390172000 768000 
20230130 CIG 39400 150638000 399366000  3819000
20230130 CIG 39500 151000000 387484000 19585000 2292000
20230130 CIG 39600 151405000 400133000 767000 
20230130 CIG -4000 -14995000 50365000 1900000 
20230130 CIG 4000 15413000 227587000 6064000 
20230130 CIG 400 1761000 149777000  378000
20230130 CIG 40100 153496000 445658000  21717000
20230130 CIG 40300 154072000 394396000 4224000 
20230130 CIG 40400 154457000 395547000  383000
20230130 CIG 40500 154840000 395164000 768000 
20230130 CIG 4100 15785000 15785000 7700000 
20230130 CIG -4500 -16895000 48465000  2280000
20230130 CIG 45800 175213000 423941000 23808000 
20230130 CIG 500 2139000 149399000 6426000 
20230130 CIG 500 2160000 122890000  758000
20230130 CIG -5200 -19381000 192039000 758000 
20230130 CIG -5300 -19758000 192416000  377000
20230130 CIG -5400 -20118000 171656000  20745000
20230130 CIG -5400 -20139000 191281000 9802000 1131000
20230130 CIG 600 2538000 121752000 380000 5700000
20230130 CIG 700 2918000 108452000 38000000 
20230130 CIG 700 2918000 122132000 380000 
20230130 CIG -7500 -28056000 179594000  7938000
20230130 CIG -7700 -28810000 180348000  754000
20230130 CIG -7800 -29397000 64767000  14402000
20230130 CIG -900 -3215000 34785000  7600000
20230130 CIG 900 3678000 109212000 760000 
20230130 CIG -9300 -35082000 70452000  5685000
20230130 CIG 9400 35890000 256380000  4158000
20230130 CIG 9600 36648000 257138000 758000 
20230130 CIG "acum_busd" "acum_busd_val" "acum_val" "val_bu" "val_sd"
20230131 CIG 1000 4006000 113517000 1164000 
20230131 CIG -100 -262000 108473000  22166000
20230131 CIG -10700 -39675000 346881000 1572000 
20230131 CIG -10900 -40433000 347639000  758000
20230131 CIG -11000 -40823000 348029000  390000
20230131 CIG -1100 -4061000 121584000  8067000
20230131 CIG -11100 -41247000 345309000 77039000 
20230131 CIG -12100 -46206000 163729000  42145000
20230131 CIG -14000 -52257000 359463000  11434000
20230131 CIG -14300 -54569000 180911000 1152000 
20230131 CIG -14400 -54952000 181294000  383000
20230131 CIG -14600 -55721000 179759000 2303000 768000
20230131 CIG -15000 -57256000 176688000 764000 761000
20230131 CIG -15000 -57259000 174782000  11053000
20230131 CIG -18800 -70515000 377721000  18258000
20230131 CIG -19200 -72038000 389896000 5326000 1164000
20230131 CIG -19400 -72814000 390672000  776000
20230131 CIG -19600 -73590000 391448000  776000
20230131 CIG -20300 -76200000 383406000  5685000
20230131 CIG -20700 -77819000 403377000 2316000 
20230131 CIG -21000 -78975000 405309000 388000 
20230131 CIG -2100 -8158000 9726000 784000 5850000
20230131 CIG -21100 -79363000 404921000  1544000
20230131 CIG -21300 -80128000 408760000 1149000 
20230131 CIG -21300 -80135000 401061000 388000 
20230131 CIG -21400 -80523000 400673000 386000 
20230131 CIG -21500 -80890000 411062000 387000 1149000
20230131 CIG -21500 -80909000 400287000 760000 8079000
20230131 CIG -21600 -81277000 407611000  2302000
20230131 CIG -21700 -81653000 412599000 387000 
20230131 CIG -21700 -81653000 558267000  
20230131 CIG -21800 -82040000 412212000  1150000
20230131 CIG -25200 -96014000 238420000 1146000 
20230131 CIG -25200 -96016000 229252000 1915000 
20230131 CIG -25200 -96016000 233082000 1915000 
20230131 CIG -25300 -96399000 229635000  383000
20230131 CIG -25500 -97160000 237274000 760000 
20230131 CIG -25500 -97162000 235756000 764000 
20230131 CIG -25500 -97165000 226571000 1149000 
20230131 CIG -25700 -97920000 236514000  758000
20230131 CIG -25700 -97926000 234992000  1910000
20230131 CIG -25700 -97931000 227337000  766000
20230131 CIG -25700 -97931000 231167000  1532000
20230131 CIG -25800 -98314000 225422000 383000 43745000
20230131 CIG -26300 -100194000 244120000 760000 
20230131 CIG -26500 -100954000 243360000  4940000
20230131 CIG -28100 -107016000 257000000 2653000 
20230131 CIG -28800 -109669000 253595000  9475000
20230131 CIG -31100 -118286000 268270000  11270000
20230131 CIG -3900 -15146000 49257000 2340000 
20230131 CIG -4000 -15587000 17546000  7429000
20230131 CIG -400 -1532000 1532000  1532000
20230131 CIG -4500 -17486000 46917000 7005000 6956000
20230131 CIG -4500 -17535000 32956000 2370000 
20230131 CIG -5100 -19905000 30586000 1975000 398000
20230131 CIG -5500 -21482000 28213000 2386000 8281000
20230131 CIG 5600 21904000 86307000 37050000 
20230131 CIG 700 2842000 112353000  388000
20230131 CIG -800 -3092000 3092000  1560000
20230131 CIG 800 3230000 111965000 3492000 
20230131 CIG "acum_busd" "acum_busd_val" "acum_val" "val_bu" "val_sd"
20230201 CIG -100 497000 229819000  20090000
20230201 CIG -104700 -421533000 843059000 3555000 27925000
20230201 CIG -104700 -421533000 897859000  
20230201 CIG -11900 -47917000 112609000  37628000
20230201 CIG -21100 -85602999.99999999 315919000  86099999.99999999
20230201 CIG -2700 -10288999.999999998 74981000  9021999.999999998
20230201 CIG -2800 -10689000 55717000 409000 403000
20230201 CIG -2800 -10695000 54905000 819999.9999999999 
20230201 CIG -3000 -11515000 54085000 20467000 
20230201 CIG -31200 -127012999.99999999 357329000  41410000
20230201 CIG -33500 -136440000 367582000 413000 9840000
20230201 CIG -33700 -137262000 368404000  822000.0000000001
20230201 CIG -36600 -149156000 386844000 3273000 1227000
20230201 CIG -36700 -149506000 415074000 4100000 
20230201 CIG -36800 -149915000 415483000  409000
20230201 CIG -36900 -150323000 415891000  408000
20230201 CIG -37000 -150731000 416299000  408000
20230201 CIG -37100 -151136000 417524000 409999.99999999994 407000
20230201 CIG -37100 -151139000 416707000  408000
20230201 CIG -37100 -151202000 382344000  13939999.999999998
20230201 CIG -37700 -153606000 410974000 7789999.999999999 
20230201 CIG -38600 -157235000 423623000  6099000
20230201 CIG -39600 -161396000 403184000 2050000 
20230201 CIG -400 -857000 65549000 9832000 
20230201 CIG -40100 -163446000 401134000  14290000
20230201 CIG -43300 -176272000 443474000 407000 19444000
20230201 CIG -43400 -176679000 443881000  407000
20230201 CIG -43500 -177086000 444288000  407000
20230201 CIG -47600 -193673000 468201000 3663000 20250000
20230201 CIG -47900 -194891000 469419000  1217999.9999999998
20230201 CIG 4800 20587000 209729000  8610000
20230201 CIG -500 -1267000 65959000  409999.99999999994
20230201 CIG -56100 -228101000 503439000 405000 
20230201 CIG -56200 -228506000 503034000  33615000
20230201 CIG -56600 -230126000 505464000  2025000
20230201 CIG -58200 -236606000 511944000  6480000
20230201 CIG -61300 -249099000 525243000 403000 
20230201 CIG -61400 -249502000 524840000  12896000
20230201 CIG -63000 -255794000 566826000 811999.9999999999 810000
20230201 CIG -63000 -255796000 565204000 405999.99999999994 
20230201 CIG -63100 -256202000 564798000 12991999.999999998 
20230201 CIG -63500 -257811000 568843000  2017000
20230201 CIG -63700 -258625000 609757000 20050000 8000000
20230201 CIG -64500 -261970000 538114000  12870999.999999998
20230201 CIG -65000 -263979000 540929000 403000 
20230201 CIG -65100 -264381000 541331000  401999.99999999994
20230201 CIG -65100 -264382000 540526000  2411999.9999999995
20230201 CIG -66300 -269194000 551806000 405000 
20230201 CIG -66400 -269599000 551401000 405000 
20230201 CIG -66500 -270004000 550996000 1618000 1212000
20230201 CIG -66500 -270009000 546959000  5627999.999999999
20230201 CIG -66600 -270410000 548166000 403000 803999.9999999999
20230201 CIG -66700 -270675000 581707000  12863999.999999998
20230201 CIG -67300 -272938000 666588000 17259000 404000
20230201 CIG -67300 -272938000 667394000 403000 403000
20230201 CIG -67500 -273738000 669794000 800000 1600000
20230201 CIG 6900 29197000 201119000  2050000
20230201 CIG -71500 -289793000 648925000 4000000 
20230201 CIG 7200 30421000 198243000  2835000
20230201 CIG -72500 -293793000 644925000  35168000
20230201 CIG 7400 31247000 199069000 826000 
20230201 CIG -77900 -315130000 711984000  41392000
20230201 CIG 7900 33256000 195408000 81986000 813000
20230201 CIG -8000 -31982000 33618000 409000 
20230201 CIG -8100 -32391000 33209000 409000 32800000
20230201 CIG -93600 -377616000 774470000  62486000
20230201 CIG -93700 -378007000 786851000 2009999.9999999998 
20230201 CIG -94200 -380017000 784841000 403000 401999.99999999994
20230201 CIG -94200 -380018000 784036000 3582000 5984000
20230201 CIG -96700 -390037000 798881000  12030000
20230201 CIG -96900 -390837000 799681000  800000
20230201 CIG -97100 -391633000 806049000 2786000 2784000
20230201 CIG -97100 -391635000 800479000  798000
20230201 CIG -98100 -395583000 809999000  3950000
20230201 CIG -98500 -397163000 811579000  1580000
20230201 CIG "acum_busd" "acum_busd_val" "acum_val" "val_bu" "val_sd"
20230202 CIG 0 0 2340000  
20230202 CIG -10500 -38778000 335428000 51216000 
20230202 CIG -12800 -48284000 107332000 1546000 
20230202 CIG -12800 -48284000 107720000  
20230202 CIG -13200 -49830000 105786000  16340000
20230202 CIG -13800 -52104000 111540000  3820000
20230202 CIG -15700 -59343000 118779000  7239000
20230202 CIG 2100 8283000 18423000  3900000
20230202 CIG -21500 -81725000 272127000 11020000 
20230202 CIG -21600 -82101000 273263000 380000 
20230202 CIG -21700 -82481000 272883000  756000
20230202 CIG -21900 -83235000 274397000  1134000
20230202 CIG -22100 -83991000 275153000  756000
20230202 CIG -23700 -89994000 284212000 1528000 
20230202 CIG -24100 -91522000 282684000  7531000
20230202 CIG -24400 -92745000 261107000 380000 
20230202 CIG -24500 -93125000 260727000 380000 
20230202 CIG -24500 -93232000 244994000 29388000 
20230202 CIG -24600 -93505000 260347000 3810000 
20230202 CIG -25600 -97315000 256537000 3730000 7813000
20230202 CIG -26200 -99240000 160962000 762000 
20230202 CIG -26400 -100002000 160200000 381000 
20230202 CIG -26400 -100003000 159439000  40660000
20230202 CIG -26500 -100383000 159819000  380000
20230202 CIG -27700 -104940000 166662000  5700000
20230202 CIG 2800 11055000 44901000  1915000
20230202 CIG -28200 -106840000 168562000  1900000
20230202 CIG -28500 -107980000 170462000 380000 1520000
20230202 CIG -3100 -11439000 67395000  22494000
20230202 CIG 3100 12183000 14523000 12183000 
20230202 CIG 3100 12183000 22323000 3900000 
20230202 CIG -32400 -122620000 215606000 15252000 29892000
20230202 CIG -3300 -12203000 68159000  764000
20230202 CIG 3300 12970000 42986000  383000
20230202 CIG 3400 13353000 41433000 390000 1170000
20230202 CIG 3400 13353000 42603000  
20230202 CIG 3600 14133000 39873000  7800000
20230202 CIG -3900 -14489000 70445000  2286000
20230202 CIG 5600 21933000 32073000 9750000 
20230202 CIG -8900 -33490000 89446000  19001000
20230202 CIG "acum_busd" "acum_busd_val" "acum_val" "val_bu" "val_sd"
20230203 CIG 0 15000 759000 387000 
20230203 CIG 1000 3875000 4619000 3860000 
20230203 CIG -100 -372000 372000  372000
20230203 CIG 1100 4262000 6550000 772000 
20230203 CIG -1200 -3751000 89345000  11914000
20230203 CIG 1300 5034000 7322000 772000 
20230203 CIG 1400 5965000 127927000 4169000 
20230203 CIG 1500 6354000 130602000  760000
20230203 CIG 1700 7114000 129842000  383000
20230203 CIG 1800 7497000 129459000 1532000 
20230203 CIG 2000 8163000 48043000  6738000
20230203 CIG 2000 8264000 132512000 1910000 
20230203 CIG -2400 -8193000 93787000  4442000
20230203 CIG 2800 10797000 13085000 5763000 
20230203 CIG -2800 -9674000 112288000 4440000 
20230203 CIG -2900 -10043000 95637000  1850000
20230203 CIG 300 1796000 123758000 11470000 
20230203 CIG -3100 -10783000 96377000  740000
20230203 CIG 3800 14647000 16935000 3850000 
20230203 CIG 3800 14901000 41305000  1875000
20230203 CIG -4000 -14114000 107848000 3700000 
20230203 CIG 4300 16776000 39430000  3755000
20230203 CIG -4500 -15964000 101558000  5181000
20230203 CIG -5000 -17814000 104148000 370000 
20230203 CIG -5100 -18184000 103778000  2220000
20230203 CIG 5300 20531000 35675000  4914000
20230203 CIG 5600 21577000 23865000 6930000 
20230203 CIG 6400 24671000 28471000  756000
20230203 CIG 6600 25427000 27715000 3850000 
20230203 CIG 6600 25445000 30761000  758000
20230203 CIG 6800 26203000 30003000 1532000 
20230203 CIG 900 3490000 5778000 387000 772000
20230203 CIG "acum_busd" "acum_busd_val" "acum_val" "val_bu" "val_sd"
20230206 CIG 1300 4970000 14048000 3800000 
20230206 CIG 14500 54893000 73687000 31756000 
20230206 CIG 14600 55272000 74066000 379000 
20230206 CIG 14700 55651000 74445000 379000 
20230206 CIG 15100 57173000 76713000 1895000 373000
20230206 CIG 1600 6095000 15173000 1125000 
20230206 CIG 17600 66802000 149706000  11659000
20230206 CIG 18100 68585000 171197000  7580000
20230206 CIG 19500 73889000 156793000 7087000 
20230206 CIG 19700 74649000 157553000 760000 
20230206 CIG 19900 75407000 158311000 758000 
20230206 CIG 20100 76165000 163617000  2274000
20230206 CIG 20500 77681000 160585000 2274000 
20230206 CIG 20700 78439000 161343000 758000 
20230206 CIG 20700 78461000 138047000  758000
20230206 CIG 20900 79219000 137289000  9854000
20230206 CIG 21900 83009000 121371000  3730000
20230206 CIG 22900 86739000 117641000  375000
20230206 CIG 23000 87114000 117266000  4927000
20230206 CIG 23500 89073000 127435000 6064000 
20230206 CIG 24300 92041000 112339000  379000
20230206 CIG 24400 92420000 111960000 35247000 
20230206 CIG 300 1149000 1149000 1149000 
20230206 CIG 300 1170000 10248000 3800000 
20230206 CIG 3800 14420000 23498000 8325000 
20230206 CIG 4100 15554000 24632000 1134000 
20230206 CIG 4200 15969000 32527000  2992000
20230206 CIG 4400 16719000 33277000 750000 
20230206 CIG 4900 18601000 37395000 3000000 1118000
20230206 CIG 5000 18961000 29535000  748000
20230206 CIG 5100 19334000 28412000 3780000 
20230206 CIG 5200 19709000 28787000 375000 
20230206 CIG 6100 23137000 41931000 4536000 
20230206 CIG -700 -2630000 6448000 380000 357000
20230206 CIG -700 -2653000 5711000 380000 
20230206 CIG -800 -3033000 5331000  4182000
20230206 CIG "acum_busd" "acum_busd_val" "acum_val" "val_bu" "val_sd"
20230207 CIG 0 18000 742000 380000 362000
20230207 CIG 0 193000 16527000  7055000
20230207 CIG -100 -108000 71398000 3032000 
20230207 CIG -100 -167000 17647000 380000 740000
20230207 CIG 10200 38880000 197894000  2244000
20230207 CIG 10400 39633000 205379000 2623000 
20230207 CIG 10600 40367000 194137000 6430000 
20230207 CIG 10800 41124000 195650000  378000
20230207 CIG 10900 41502000 195272000 1135000 
20230207 CIG 1200 4899000 120967000  5610000
20230207 CIG 1200 5845000 316656000 3330000 4070000
20230207 CIG -12400 -44825000 467218000 13501000 
20230207 CIG -12500 -45200000 467593000  375000
20230207 CIG 1400 6316000 260272000  374000
20230207 CIG 1400 6585000 309256000 22585000 14656000
20230207 CIG 1500 6688000 260644000 372000 
20230207 CIG 1500 6690000 259898000 7088000 
20230207 CIG -15500 -56240000 496567000 5237000 
20230207 CIG -16000 -58326000 453717000 14075000 1122000
20230207 CIG -16300 -59234000 514411000 7425000 10419000
20230207 CIG -16900 -61477000 491330000 3730000 20007000
20230207 CIG -18000 -65729000 414410000  32560000
20230207 CIG -1800 -6547000 24027000  3411000
20230207 CIG 1800 7095000 41459000 15537000 
20230207 CIG -18400 -66878000 522055000  7644000
20230207 CIG 1900 7248000 9472000  750000
20230207 CIG -19500 -71279000 431060000 5550000 11100000
20230207 CIG -200 350000 252062000 3700000 42983000
20230207 CIG 2100 7998000 8722000 7980000 
20230207 CIG -2300 -8442000 25922000  1895000
20230207 CIG 2700 10509000 115357000  374000
20230207 CIG 2800 10883000 114983000  15918000
20230207 CIG 3300 13700000 324511000 7855000 
20230207 CIG 3900 15052000 49416000 7957000 
20230207 CIG 400 2825000 335386000  10875000
20230207 CIG -400 -398000 252810000  748000
20230207 CIG 4700 18094000 134162000 13195000 
20230207 CIG 7000 26801000 99065000  379000
20230207 CIG -700 -1344000 269416000 370000 8402000
20230207 CIG 7100 27180000 98686000 23498000 
20230207 CIG -800 -2757000 20237000  2590000
20230207 CIG 8800 33558000 187328000 34315000 18851000
20230207 CIG 8900 33937000 187707000 379000 
20230207 CIG -9000 -32419000 375142000 1880000 
20230207 CIG -900 -3136000 20616000  379000
20230207 CIG -900 -3140000 68366000 379000 18571000
20230207 CIG 900 3682000 75188000 3790000 
20230207 CIG -9200 -33169000 377392000  750000
20230207 CIG -9500 -34299000 373262000 376000 37500000
20230207 CIG 9700 37010000 202756000 1496000 3366000
20230207 CIG "acum_busd" "acum_busd_val" "acum_val" "val_bu" "val_sd"
20230208 CIG 1100 4068000 84396000 1825000 
20230208 CIG 1200 4433000 84761000 365000 
20230208 CIG 1300 4798000 85126000 365000 
20230208 CIG 1400 5162000 85490000 364000 
20230208 CIG 1800 6556000 76068000  18058000
20230208 CIG 2800 10337000 117127000 722000 1800000
20230208 CIG 300 1148000 81476000  364000
20230208 CIG 3100 11415000 114605000 1825000 5789000
20230208 CIG 3200 11903000 138133000  9720000
20230208 CIG 400 1512000 81112000  5044000
20230208 CIG 4200 15379000 106991000 10581000 364000
20230208 CIG 5900 21623000 128413000 11286000 
20230208 CIG 6000 21663000 52863000  6916000
20230208 CIG 600 2243000 82571000 1095000 
20230208 CIG 6300 22532000 37660000  7564000
20230208 CIG 6400 23135000 55071000  368000
20230208 CIG 6500 23503000 54703000 1840000 
20230208 CIG 6800 24614000 58010000  365000
20230208 CIG 6900 24795000 39923000 2263000 
20230208 CIG 6900 24979000 57645000 2209000 365000
20230208 CIG 7900 28579000 45947000  364000
20230208 CIG 8000 28943000 45583000 4904000 756000
20230208 CIG 8400 30096000 30096000 30096000 
20230208 CIG "acum_busd" "acum_busd_val" "acum_val" "val_bu" "val_sd"
20230209 CIG 0 18000 738000 378000 360000
20230209 CIG 0 33000 2919000 1098000 724000
20230209 CIG -100 -333000 4025000  736000
20230209 CIG -100 -341000 1097000  359000
20230209 CIG 100 403000 3289000 370000 
20230209 CIG -1200 -4327000 54267000  6935000
20230209 CIG 1400 5174000 42558000 18717000 
20230209 CIG 200 768000 5126000 1101000 
20230209 CIG -2100 -7579000 64047000 365000 
20230209 CIG -2200 -7944000 63682000 365000 
20230209 CIG -2200 -7948000 65160000 372000 371000
20230209 CIG -2200 -7949000 64417000  370000
20230209 CIG -2300 -8309000 63317000 1810000 
20230209 CIG -2400 -8423000 126385000 2583000 
20230209 CIG -2500 -9060000 66272000  1112000
20230209 CIG -2700 -9530000 122326000 6643000 
20230209 CIG -2800 -10119000 60059000  5792000
20230209 CIG -3100 -11006000 123802000  1476000
20230209 CIG -3200 -11710000 22008000 2202000 14680000
20230209 CIG -3300 -11947000 72047000 1444000 
20230209 CIG -3700 -13391000 70603000  4331000
20230209 CIG -3700 -13543000 23841000  1833000
20230209 CIG -3800 -13726000 94220000 370000 
20230209 CIG -3800 -13757000 73857000  1810000
20230209 CIG -3900 -14096000 93850000 2555000 
20230209 CIG -4100 -14831000 89475000 4366000 
20230209 CIG -4500 -16173000 115683000 8784000 
20230209 CIG -4500 -16285000 80741000 1092000 
20230209 CIG -4600 -16651000 91295000  1820000
20230209 CIG -4800 -17377000 79649000 724000 
20230209 CIG -5000 -18101000 78925000 362000 
20230209 CIG -5100 -18463000 78563000  4706000
20230209 CIG -5200 -18833000 83289000  2548000
20230209 CIG -5300 -19197000 85109000 728000 1092000
20230209 CIG -6600 -23876000 104370000  10150000
20230209 CIG -6900 -24957000 106899000 362000 
20230209 CIG -7000 -25319000 106537000 362000 1805000
20230209 CIG 700 2608000 47332000 1104000 3670000
20230209 CIG "acum_busd" "acum_busd_val" "acum_val" "val_bu" "val_sd"
20230210 CIG 0 -5000 1475000  740000
20230210 CIG -10000 -35750000 59694000 734000 
20230210 CIG -100 -374000 1844000  369000
20230210 CIG -10200 -36484000 58960000 1101000 
20230210 CIG -10500 -37585000 57859000 1098000 
20230210 CIG -10800 -38683000 56761000 1800000 
20230210 CIG -10800 -38763000 42441000  10698000
20230210 CIG -10900 -39025000 68809000 1460000 
20230210 CIG -10900 -39037000 65171000 730000 
20230210 CIG -11000 -39402000 65536000  365000
20230210 CIG -11100 -39767000 64441000 365000 4382000
20230210 CIG -11200 -40126000 66260000  724000
20230210 CIG -11300 -40483000 54961000 5400000 
20230210 CIG -11300 -40485000 67349000 365000 
20230210 CIG -11400 -40850000 66984000  724000
20230210 CIG -12800 -45883000 49561000  7120000
20230210 CIG 200 735000 735000 735000 
20230210 CIG -300 -1096000 2566000  722000
20230210 CIG -3200 -11536000 13006000  10440000
20230210 CIG -5700 -20512000 24190000 1104000 
20230210 CIG -5800 -20874000 24552000  362000
20230210 CIG -5900 -21256000 22726000  9720000
20230210 CIG -6000 -21616000 23086000  360000
20230210 CIG -7800 -28065000 31743000  7191000
20230210 CIG "acum_busd" "acum_busd_val" "acum_val" "val_bu" "val_sd"
