20221212 CIP -10000 -16960000 30830000 2850000 19810000
20221213 CIP 5300 9560000 11360000 10460000 900000
20221214 CIP -2700 -4810000 6710000 950000 5760000
20221216 CIP -4300 -7390000 10340000 370000 7760000
20221219 CIP 17100 32460000 51620000 39870000 7410000
20221220 CIP -1900 -2950000 27850000 11950000 14900000
20221221 CIP -6600 -12210000 22410000 5100000 17310000
20221222 CIP -8600 -14830000 15190000 180000 15010000
20221223 CIP 100 350000 6130000 3240000 2890000
20221226 CIP 8200 14840000 17560000 16200000 1360000
20221227 CIP 3000 5400000 7200000 5400000 0
20221228 CIP 1400 2650000 3330000 2990000 340000
20221229 CIP 3300 6310000 9740000 7030000 720000
20221230 CIP 6400 12180000 12900000 12540000 360000
20230103 CIP 9700 19710000 27480000 19910000 200000
20230104 CIP 1200 2470000 2470000 2470000 0
20230105 CIP 2400 4860000 7520000 6000000 1140000
20230106 CIP -16300 -29340000 49320000 4680000 34020000
20230109 CIP -900 -1540000 4580000 1520000 3060000
20230110 CIP 100 190000 190000 190000 0
20230111 CIP 200 420000 1860000 1140000 720000
20230112 CIP -2100 -3700000 6740000 1520000 5220000
20230113 CIP -26700 -48050000 48430000 190000 48240000
20230116 CIP -12100 -21680000 25480000 1900000 23580000
20230117 CIP -6000 -10790000 11170000 190000 10980000
20230118 CIP -700 -1140000 5700000 2280000 3420000
20230119 CIP 300 570000 570000 570000 0
20230127 CIP 700 1340000 1700000 1520000 180000
20230130 CIP 5700 10830000 19950000 15390000 4560000
20230131 CIP -6600 -12530000 12930000 200000 12730000
20230201 CIP -6700 -12720000 13120000 200000 12920000
20230202 CIP -2000 -3790000 7990000 200000 3990000
20230203 CIP -3200 -6470000 68780000 31050000 37520000
20230206 CIP -54900 -131760000 131760000 0 131760000
20230207 CIP -53800 -145260000 145260000 0 145260000
20230208 CIP -123300 -382230000 382230000 0 382230000
20230209 CIP 26000 86310000 92110000 86590000 280000
20230210 CIP 5800 16770000 19770000 18270000 1500000
