20221212 CNC 100 3100 3100  100
20221212 CNC 1600 48100 183100 4500 4500
20221212 CNC -2400 -71900 183100 3000 3000
20221212 CNC 600 18100 183100 1000 1000
20221212 CNC 6100 183100 183100  6000
20221212 CNC "acum_busd" "acum_busd_val" "acum_val_bu" "sd" "sum_vol"
20221213 CNC 2000 60000 60000  2000
20221213 CNC "acum_busd" "acum_busd_val" "acum_val_bu" "sd" "sum_vol"
20221214 CNC 0 -100 2900  100
20221214 CNC -100 -3000 0 100 100
20221214 CNC -100 -3000 0  900
20221214 CNC "acum_busd" "acum_busd_val" "acum_val_bu" "sd" "sum_vol"
20221216 CNC -1000 -27300000 0 1000 1000
20221216 CNC "acum_busd" "acum_busd_val" "acum_val_bu" "sd" "sum_vol"
20221219 CNC 200 5700000 5700000  200
20221219 CNC 200 5700000 5700000  200
20221219 CNC -2700 -50525200 5700000 2000 2000
20221219 CNC -5200 -50595200 5700000 2500 2500
20221219 CNC -700 5674800 5700000 900 1000
20221219 CNC "acum_busd" "acum_busd_val" "acum_val_bu" "sd" "sum_vol"
20221220 CNC 0 50000 2880000 100 100
20221220 CNC -100 -2780000 2880000 100 100
20221220 CNC 100 2880000 2880000  200
20221220 CNC "acum_busd" "acum_busd_val" "acum_val_bu" "sd" "sum_vol"
20221221 CNC 0 0 0  1000
20221221 CNC 0 0 0  200
20221221 CNC "acum_busd" "acum_busd_val" "acum_val_bu" "sd" "sum_vol"
20221223 CNC 6000 171000000 171000000  6000
20221223 CNC "acum_busd" "acum_busd_val" "acum_val_bu" "sd" "sum_vol"
20221226 CNC 0 0 0  500
20221226 CNC 100 2800 2800  100
20221226 CNC 200 5600 5600  100
20221226 CNC 300 8400 8400  100
20221226 CNC "acum_busd" "acum_busd_val" "acum_val_bu" "sd" "sum_vol"
20221227 CNC 500 14050000 14050000  500
20221227 CNC "acum_busd" "acum_busd_val" "acum_val_bu" "sd" "sum_vol"
20221228 CNC -100 -2750000 0 100 100
20221228 CNC 1900 25478000 28228000  1200
20221228 CNC 900 -2722000 28000  1000
20221228 CNC "acum_busd" "acum_busd_val" "acum_val_bu" "sd" "sum_vol"
20221229 CNC 100 2820000 2820000  100
20221229 CNC "acum_busd" "acum_busd_val" "acum_val_bu" "sd" "sum_vol"
20230103 CNC 100 2830000 2830000  200
20230103 CNC -300 -8490000 19810000  600
20230103 CNC -400 -11320000 2830000 500 500
20230103 CNC -600 -16980000 2830000 200 200
20230103 CNC -700 -19490000 19810000 400 400
20230103 CNC -900 -25470000 2830000 300 300
20230103 CNC "acum_busd" "acum_busd_val" "acum_val_bu" "sd" "sum_vol"
20230106 CNC 0 0 0  1000
20230106 CNC 0 0 0  1000
20230106 CNC "acum_busd" "acum_busd_val" "acum_val_bu" "sd" "sum_vol"
20230109 CNC -1000 -27600000 0 1000 1000
20230109 CNC -1100 -30410000 2830000  100
20230109 CNC -1200 -33240000 0 200 200
20230109 CNC -1400 -38870000 2830000 300 300
20230109 CNC "acum_busd" "acum_busd_val" "acum_val_bu" "sd" "sum_vol"
20230110 CNC 0 0 5600  200
20230110 CNC -200 -5600 0 200 200
20230110 CNC 200 5600 11200  200
20230110 CNC "acum_busd" "acum_busd_val" "acum_val_bu" "sd" "sum_vol"
20230111 CNC 1400 39200 61600  2000
20230111 CNC 1600 44800 67200  200
20230111 CNC 200 5600 5600  200
20230111 CNC -600 -16800 5600 800 800
20230111 CNC "acum_busd" "acum_busd_val" "acum_val_bu" "sd" "sum_vol"
20230112 CNC 1000 28000 28000  1000
20230112 CNC 2000 56000 56000  1000
20230112 CNC 2400 67200 75600 300 1000
20230112 CNC 2900 14117200 14125600  500
20230112 CNC "acum_busd" "acum_busd_val" "acum_val_bu" "sd" "sum_vol"
20230116 CNC 100 2820000 2820000  100
20230116 CNC "acum_busd" "acum_busd_val" "acum_val_bu" "sd" "sum_vol"
20230117 CNC 1100 30800 30800  900
20230117 CNC 1300 36400 36400  200
20230117 CNC 2000 56000 56000  700
20230117 CNC 200 5600 5600  200
20230117 CNC 3000 84000 84000  1000
20230117 CNC "acum_busd" "acum_busd_val" "acum_val_bu" "sd" "sum_vol"
20230118 CNC -2900 -81200 0 2900 2900
20230118 CNC -3100 -86800 137200  200
20230118 CNC -3300 -92400 131600  4000
20230118 CNC -7300 -204400 19600  700
20230118 CNC -8000 -224000 0 5100 5100
20230118 CNC "acum_busd" "acum_busd_val" "acum_val_bu" "sd" "sum_vol"
20230119 CNC -100 -2810000 0 100 100
20230119 CNC -200 -5620000 0 100 100
20230119 CNC -700 -5634000 0 500 500
20230119 CNC "acum_busd" "acum_busd_val" "acum_val_bu" "sd" "sum_vol"
20230127 CNC -100 -2820000 0 100 100
20230127 CNC 100 2890000 28300000  200
20230127 CNC 100 2890000 28300000  600
20230127 CNC -300 -8430000 28300000 400 400
20230127 CNC -500 -14090000 11320000  1400
20230127 CNC -600 -16920000 0 500 500
20230127 CNC -800 -22580000 0 200 200
20230127 CNC -900 -25410000 0 100 100
20230127 CNC "acum_busd" "acum_busd_val" "acum_val_bu" "sd" "sum_vol"
20230130 CNC 0 70000 105000000  100
20230130 CNC 1000 28300000 28300000  800
20230130 CNC -100 -2770000 102160000  1900
20230130 CNC 100 2830000 2830000  100
20230130 CNC -1400 -39690000 31160000 500 500
20230130 CNC -2000 -56730000 48200000  600
20230130 CNC 200 5660000 5660000  100
20230130 CNC 2200 62550000 167480000  2200
20230130 CNC -2600 -73770000 31160000 1200 1200
20230130 CNC 4600 130710000 258360000 800 800
20230130 CNC 5400 153430000 258360000  3200
20230130 CNC 800 22600000 28300000 100 100
20230130 CNC -800 -22650000 31160000 1700 1700
20230130 CNC 900 25450000 28300000 100 100
20230130 CNC 900 25460000 31160000  100
20230130 CNC -900 -25490000 31160000 100 100
20230130 CNC "acum_busd" "acum_busd_val" "acum_val_bu" "sd" "sum_vol"
20230131 CNC 1200 34350000 45730000  300
20230131 CNC -200 -5680000 0 200 200
20230131 CNC 2200 62950000 74330000  1000
20230131 CNC 800 22920000 28600000  1000
20230131 CNC 900 25770000 37150000 200 500
20230131 CNC "acum_busd" "acum_busd_val" "acum_val_bu" "sd" "sum_vol"
20230201 CNC 1300 16620300 98450900 500 500
20230201 CNC 1800 31220300 98450900 1300 1300
20230201 CNC 1800 60471300 74882900 100 100
20230201 CNC 1900 60474200 74882900 300 400
20230201 CNC 2000 57600000 72000000  2500
20230201 CNC 2100 60480000 74880000  100
20230201 CNC 2100 60480000 74880000  200
20230201 CNC 2100 60480000 74880000  2000
20230201 CNC 2800 60500300 74940900 1000 1100
20230201 CNC 3100 69260300 83700900  500
20230201 CNC 3100 69310300 98450900 500 500
20230201 CNC 3600 84010300 98450900  1100
20230201 CNC 3600 84010300 98450900  300
20230201 CNC 3600 84010300 98450900  500
20230201 CNC 3600 84010300 98450900  500
20230201 CNC 3600 84010300 98450900  500
20230201 CNC 3600 84010300 98450900  700
20230201 CNC 3600 84010300 98450900  800
20230201 CNC 3700 60526400 74938000  1900
20230201 CNC -500 -14400000 0 500 500
20230201 CNC -700 16562300 98450900 2000 2000
20230201 CNC "acum_busd" "acum_busd_val" "acum_val_bu" "sd" "sum_vol"
20230202 CNC -1300 -17280300 14500  200
20230202 CNC -1500 -17286100 8700  300
20230202 CNC -1600 -17289000 0 800 800
20230202 CNC -1800 -17294800 0 200 200
20230202 CNC -300 -2915800 0 300 300
20230202 CNC -800 -2930300 0 500 500
20230202 CNC "acum_busd" "acum_busd_val" "acum_val_bu" "sd" "sum_vol"
20230203 CNC 2300 -31781400 96645000 1000 1500
20230203 CNC 2700 -20141400 108285000  100
20230203 CNC 2700 -20141400 108285000  400
20230203 CNC 2700 -20151400 76255000 1000 1700
20230203 CNC 2800 -17231400 82095000 100 100
20230203 CNC 2900 -14311400 82095000  200
20230203 CNC 3000 -11391400 55815000 2300 2300
20230203 CNC 3400 98600 145000 1400 1400
20230203 CNC 4100 20608600 20655000  700
20230203 CNC 4600 35258600 35305000  2500
20230203 CNC 4600 35258600 35305000  500
20230203 CNC 4800 139200 145000 200 200
20230203 CNC 5000 145000 145000  5000
20230203 CNC 5300 55768600 55815000  700
20230203 CNC "acum_busd" "acum_busd_val" "acum_val_bu" "sd" "sum_vol"
20230206 CNC 0 0 0  1000
20230206 CNC 100 2900 2900  100
20230206 CNC "acum_busd" "acum_busd_val" "acum_val_bu" "sd" "sum_vol"
20230207 CNC 2000 57200000 57200000  100
20230207 CNC 2000 57200000 57200000  2300
20230207 CNC 2200 13680300 60280900 1400 1400
20230207 CNC 3600 13720900 60280900 1500 1600
20230207 CNC 4100 57260900 57260900  2100
20230207 CNC 5000 54380900 57290900 100 100
20230207 CNC 5100 57290900 57290900  1000
20230207 CNC 700 20020000 20020000  700
20230207 CNC "acum_busd" "acum_busd_val" "acum_val_bu" "sd" "sum_vol"
20230208 CNC 0 0 0  1000
20230208 CNC 1000 29600000 29600000  1000
20230208 CNC -1000 -29600000 91760000  100
20230208 CNC -1100 -32560000 88800000 3000 3000
20230208 CNC 1900 56240000 88800000 100 100
20230208 CNC 2000 59200000 88800000 200 200
20230208 CNC 2200 65120000 88800000 800 800
20230208 CNC 2800 82880000 82880000  1800
20230208 CNC 3000 88800000 88800000  200
20230208 CNC "acum_busd" "acum_busd_val" "acum_val_bu" "sd" "sum_vol"
20230209 CNC 0 30000 2980000  100
20230209 CNC -100 -2950000 0 100 100
20230209 CNC -200 -5870000 2980000 200 200
20230209 CNC -2100 -61920000 23630000  700
20230209 CNC -2500 -73680000 41270000  500
20230209 CNC -2800 -82570000 2980000 2000 2000
20230209 CNC -3000 -88380000 26570000  100
20230209 CNC -3100 -91320000 23630000 1000 1000
20230209 CNC -3500 -102980000 41270000 1000 1000
20230209 CNC -800 -23570000 2980000 600 600
20230209 CNC "acum_busd" "acum_busd_val" "acum_val_bu" "sd" "sum_vol"
20230210 CNC -100 -2640000 11760000  300
20230210 CNC -100 -2640000 11760000  400
20230210 CNC -500 -14400000 0 500 500
20230210 CNC "acum_busd" "acum_busd_val" "acum_val_bu" "sd" "sum_vol"
20230213 CNC 1000 29310000 72250000  500
20230213 CNC 1100 32260000 75200000  100
20230213 CNC 1200 35260000 81100000 100 100
20230213 CNC 1300 38160000 81100000  200
20230213 CNC 1400 41140000 86980000  200
20230213 CNC -1500 -42940000 0 1500 1500
20230213 CNC 500 14860000 57800000  2000
20230213 CNC -800 -22440000 86980000 2200 2200
20230213 CNC "acum_busd" "acum_busd_val" "acum_val_bu" "sd" "sum_vol"
20230214 CNC 0 0 0  3000
20230214 CNC -1100 -32430000 41200000 600 600
20230214 CNC -1500 -44250000 11800000 1900 2000
20230214 CNC -2900 -85170000 41200000 1800 1800
20230214 CNC 300 8850000 8850000  300
20230214 CNC -3100 -91030000 41200000 200 200
20230214 CNC -3300 -96890000 44130000 300 400
20230214 CNC -4800 -140690000 44130000 1500 1500
20230214 CNC -500 -14850000 41200000  1000
20230214 CNC -500 -14850000 41200000  3000
20230214 CNC -5800 -169890000 44130000 1000 1000
20230214 CNC -5800 -169890000 44130000  500
20230214 CNC -6200 -181570000 44130000 400 400
20230214 CNC -7100 -207850000 44130000  100
20230214 CNC -7100 -207850000 44130000 900 900
20230214 CNC "acum_busd" "acum_busd_val" "acum_val_bu" "sd" "sum_vol"
20230216 CNC -10200 -305390000 257540000 500 600
20230216 CNC -10800 -323240000 326690000  1300
20230216 CNC -11100 -332240000 272690000  500
20230216 CNC -11100 -332390000 257540000 900 900
20230216 CNC -11600 -347390000 257540000 500 500
20230216 CNC -12100 -362240000 287690000 1500 2000
20230216 CNC -1300 -39260000 236540000 4000 4600
20230216 CNC 2100 62540000 218540000 2400 2400
20230216 CNC 2300 68540000 68540000  2300
20230216 CNC -4300 -128960000 236540000 3000 4000
20230216 CNC 4500 134540000 218540000  200
20230216 CNC 4500 134540000 218540000 2800 2800
20230216 CNC -5300 -158860000 236540000 1000 3000
20230216 CNC -6300 -188760000 236540000 1000 1000
20230216 CNC -6400 -191710000 248540000  400
20230216 CNC -6400 -191710000 248540000  500
20230216 CNC -6800 -203240000 446690000  500
20230216 CNC -6800 -203710000 236540000 500 500
20230216 CNC -7300 -218240000 431690000  3500
20230216 CNC 7300 218540000 218540000  5000
20230216 CNC -7900 -236560000 248540000 1500 1500
20230216 CNC -9300 -278390000 257540000 200 500
20230216 CNC -9400 -281410000 248540000 1500 1500
20230216 CNC -9700 -290390000 257540000 400 400
20230216 CNC "acum_busd" "acum_busd_val" "acum_val_bu" "sd" "sum_vol"
20230217 CNC -1000 -31400000 125600000 5000 5000
20230217 CNC 10300 315700000 518400000 1000 1000
20230217 CNC 10800 331200000 533900000  500
20230217 CNC 11300 346400000 518400000  1700
20230217 CNC 11300 346400000 518400000  400
20230217 CNC -1500 -46400000 125600000  1300
20230217 CNC -1500 -46400000 125600000 500 500
20230217 CNC 3500 104600000 276600000  5000
20230217 CNC 4000 125600000 125600000  4000
20230217 CNC 4000 125600000 125600000  9000
20230217 CNC 6600 200700000 372700000  3100
20230217 CNC 8500 259600000 431600000  1900
20230217 CNC 9500 290600000 462600000  1000
20230217 CNC 9600 293700000 465700000  100
20230217 CNC "acum_busd" "acum_busd_val" "acum_val_bu" "sd" "sum_vol"
20230220 CNC 100 3060000 3060000  100
20230220 CNC 100 3060000 3060000  100
20230220 CNC 100 3060000 3060000  200
20230220 CNC -13100 -395990000 54960000  100
20230220 CNC -13200 -399090000 51860000 7000 7000
20230220 CNC 1500 45760000 48810000 100 1100
20230220 CNC 1600 48810000 48810000  700
20230220 CNC 300 9180000 9180000  200
20230220 CNC 500 15240000 15240000  200
20230220 CNC -5400 -161190000 51860000  100
20230220 CNC -5500 -164240000 48810000 7000 7100
20230220 CNC -6200 -185590000 51860000 800 800
20230220 CNC 800 24330000 24330000  600
20230220 CNC 900 27390000 27390000  100
20230220 CNC "acum_busd" "acum_busd_val" "acum_val_bu" "sd" "sum_vol"
