20221212 CNG -54100 -1351705000 4663540000 1358060000 2709765000
20221213 CNG -2800 -68000000 725590000 322520000 390520000
20221214 CNG -15100 -376190000 2151320000 853675000 1229865000
20221215 CNG -9100 -223520000 1020220000 398350000 621870000
20221216 CNG 7400 185640000 1093030000 639335000 453695000
20221219 CNG -43900 -1091130000 2259215000 538940000 1630070000
20221220 CNG -62900 -1514520000 3817970000 1151725000 2666245000
20221221 CNG 7800 188060000 1809455000 991450000 803390000
20221222 CNG -31000 -750310000 1386720000 267460000 1017770000
20221223 CNG -4300 -101085000 387955000 143435000 244520000
20221226 CNG 7400 179825000 823565000 500490000 320665000
20221227 CNG -7100 -171185000 2509795000 749110000 920295000
20221228 CNG -1000 -19960000 808275000 392995000 412955000
20221229 CNG -53000 -1245655000 1503720000 116060000 1361715000
20221230 CNG 58300 1377740000 1595300000 1486520000 108780000
20230103 CNG -16100 -371225000 3938350000 1686880000 2058105000
20230104 CNG 26700 667820000 3940560000 2304190000 1636370000
20230105 CNG -2600 -57870000 2424245000 1115545000 1173415000
20230106 CNG -33900 -824120000 1744385000 376640000 1200760000
20230109 CNG 8100 198570000 2171130000 1134345000 935775000
20230110 CNG -2100 -49215000 721605000 325140000 374355000
20230111 CNG -12000 -287735000 1400760000 550385000 838120000
20230112 CNG -16400 -389815000 2517155000 919920000 1309735000
20230113 CNG -2900 -69990000 5353065000 2087285000 2157275000
20230116 CNG -37800 -973265000 2478915000 739925000 1713190000
20230117 CNG -12800 -329725000 1269165000 467145000 796870000
20230118 CNG 1000 30640000 1946605000 918675000 888035000
20230119 CNG 17500 464260000 1961280000 1012270000 548010000
20230127 CNG 21800 601445000 3864665000 2106310000 1504865000
20230130 CNG -25300 -691355000 2820940000 931880000 1623235000
20230131 CNG -2100 -49860000 2938600000 1430645000 1480505000
20230201 CNG -47500 -1309385000 4039300000 1353790000 2663175000
20230202 CNG -21700 -577540000 2254880000 831995000 1409535000
20230203 CNG 15400 416185000 1752105000 1074600000 658415000
20230206 CNG -3200 -78100000 1633710000 688845000 766945000
20230207 CNG 4800 128815000 1549755000 836655000 707840000
20230208 CNG 2400 67080000 2753150000 1368200000 1301120000
20230209 CNG 11500 310230000 2109410000 1209820000 899590000
20230210 CNG -33200 -870725000 2265765000 642820000 1513545000
