20221212 CSI -1100 -109828200 575046300 24300 49500
20221213 CSI 11600 301335700 809157900 21200 54300
20221214 CSI 4200 348663100 831358500 18500 43100
20221215 CSI 2800 34415200 612066500 20100 45000
20221216 CSI 7700 64534200 480249900 14300 37600
20221219 CSI 4000 117163500 609965800 20200 45500
20221220 CSI 8900 506893600 868069200 21200 52700
20221221 CSI 600 90641200 485195800 21100 43300
20221222 CSI 8300 313680000 554319700 10200 29700
20221223 CSI 7400 256378300 596674200 15400 39300
20221226 CSI -4400 -55651100 332265200 16500 30900
20221227 CSI 20400 425606100 720323400 15000 51900
20221228 CSI 13600 -87735400 490267800 23000 62900
20221229 CSI 4100 120497000 323637000 9100 23200
20221230 CSI 1800 23035300 313811000 13500 28800
20230103 CSI 10500 48030200 405083400 11700 34600
20230104 CSI 1200 269940600 499894100 14400 31100
20230105 CSI -400 13586300 399332600 12900 26200
20230106 CSI -800 13740600 324994800 10400 20700
20230109 CSI 3000 195036900 413566200 8300 20400
20230110 CSI 5600 64327300 347384600 10400 27300
20230111 CSI 11700 520510300 789794200 9300 34100
20230112 CSI 1600 161488500 640692200 15800 36500
20230113 CSI 10800 474226400 819116100 13300 41300
20230116 CSI 8800 97132800 693261800 13300 39500
20230117 CSI 17900 814214900 891256500 5600 33000
20230118 CSI 15300 398544900 751984600 9800 37500
20230119 CSI 13000 353586600 614347600 7800 31600
20230127 CSI 6500 362020000 763358900 13200 40000
20230130 CSI 6900 411916100 559354200 5300 18400
20230131 CSI -1400 49200700 378841100 11000 20600
20230201 CSI -1200 216668100 615049400 20700 40600
20230202 CSI 900 -69039400 384736400 12700 27200
20230203 CSI -900 82546500 421393900 13300 26700
20230206 CSI 4000 205505700 478673200 9800 23600
20230207 CSI -2200 -49820100 419802500 17200 32900
20230208 CSI 8200 402156500 746108700 11300 32300
20230209 CSI -1000 -11848100 245780000 9500 19700
20230210 CSI 2300 133073100 468246900 9800 22300
20230213 CSI 1000 65460000 922280000 14300 32400
20230214 CSI 2600 160700000 797940000 10600 24000
20230216 CSI 5000 309630000 897360000 9600 24600
20230217 CSI 3800 235950000 889160000 10800 26600
20230220 CSI 12600 798930000 1289690000 7900 29400
