20230223 CSI 1300 79560000 79560000  400
20230223 CSI 1600 97950000 97950000  300
20230223 CSI 1800 110210000 110210000  200
20230223 CSI 1900 116490000 128690000 200 200
20230223 CSI 1900 116650000 153090000 300 300
20230223 CSI 2000 122750000 159190000  100
20230223 CSI 2100 128690000 128690000  300
20230223 CSI 2200 134830000 153090000 100 100
20230223 CSI 2200 134910000 171350000  200
20230223 CSI 2300 140890000 153090000  400
20230223 CSI 2300 140970000 177410000  100
20230223 CSI 2400 148580000 420180000 200 200
20230223 CSI 2500 153090000 189530000  200
20230223 CSI 2600 160540000 420180000 300 300
20230223 CSI 2800 172510000 414150000 200 200
20230223 CSI 2900 178480000 408120000 300 300
20230223 CSI 2900 178540000 420180000  100
20230223 CSI 3000 184510000 414150000  100
20230223 CSI 3100 189880000 293220000 300 300
20230223 CSI 3200 195960000 299300000  100
20230223 CSI 3200 196080000 311420000 200 200
20230223 CSI 3200 196480000 408120000 200 200
20230223 CSI 3300 201830000 238270000  800
20230223 CSI 3300 201960000 281060000 300 300
20230223 CSI 3300 202030000 341630000 100 100
20230223 CSI 3300 202110000 317450000  100
20230223 CSI 3400 207970000 256570000 200 200
20230223 CSI 3400 208060000 293220000 100 100
20230223 CSI 3400 208080000 311420000  200
20230223 CSI 3400 208110000 341630000 300 300
20230223 CSI 3400 208150000 353830000 100 100
20230223 CSI 3400 208440000 384120000 300 400
20230223 CSI 3400 208540000 408120000 200 200
20230223 CSI 3400 208540000 408120000  400
20230223 CSI 3500 214070000 262670000  100
20230223 CSI 3500 214120000 293220000  200
20230223 CSI 3500 214170000 329510000  200
20230223 CSI 3500 214230000 353830000  200
20230223 CSI 3500 214230000 359910000  100
20230223 CSI 3500 214540000 402120000 200 200
20230223 CSI 3600 220130000 256570000  300
20230223 CSI 3600 220260000 281060000 200 200
20230223 CSI 3600 220410000 378090000 200 200
20230223 CSI 3600 220540000 408120000  100
20230223 CSI 3700 226290000 341630000  200
20230223 CSI 3700 226440000 402120000  300
20230223 CSI 3800 232410000 378090000  300
20230223 CSI 3800 232460000 281060000  300
20230223 CSI 500 30800000 30800000  500
20230223 CSI 600 36860000 36860000  100
20230223 CSI 900 55160000 55160000  300
20230223 CSI "acum_busd" "acum_busd_val" "acum_val_bu" "sd" "sum_vol"
