20221212 CSM -600 -7905000 151620000 61255000 69160000
20221213 CSM 1500 22210000 36420000 29315000 7105000
20221214 CSM 2200 32070000 34950000 33510000 1440000
20221215 CSM 100 1855000 30455000 16155000 14300000
20221216 CSM -500 -7480000 86600000 36620000 44100000
20221219 CSM -28400 -421270000 1064860000 321795000 743065000
20221220 CSM -4800 -67520000 102870000 11835000 79355000
20221221 CSM -2700 -40535000 50895000 4465000 45000000
20221222 CSM 2600 39290000 68490000 53890000 14600000
20221223 CSM -16400 -236625000 312165000 37770000 274395000
20221226 CSM 1700 24810000 27610000 26210000 1400000
20221227 CSM -1700 -23360000 26290000 0 23360000
20221228 CSM 2600 36955000 48315000 41215000 4260000
20221229 CSM 0 0 1430000 0 0
20221230 CSM 100 1440000 12920000 1440000 0
20230103 CSM -6400 -86605000 195065000 54230000 140835000
20230104 CSM -200 -2840000 2840000 0 2840000
20230105 CSM -500 -7065000 21265000 7100000 14165000
20230106 CSM 500 7055000 12715000 9885000 2830000
20230109 CSM -8100 -112185000 112185000 0 112185000
20230110 CSM 4000 56850000 61005000 56850000 0
20230111 CSM 2700 38660000 40100000 38660000 0
20230112 CSM 400 5760000 5760000 5760000 0
20230113 CSM 1300 18440000 24190000 18440000 0
20230116 CSM 9500 128015000 241755000 184885000 56870000
20230117 CSM 2000 28880000 86480000 57680000 28800000
20230118 CSM 12000 171975000 184730000 177635000 5660000
20230119 CSM 0 50000 2850000 1450000 1400000
20230127 CSM -4700 -68110000 129140000 29100000 97210000
20230130 CSM -3100 -43715000 157045000 56665000 100380000
20230131 CSM 100 1435000 1435000 1435000 0
20230201 CSM -500 -7065000 24405000 8670000 15735000
20230202 CSM 2700 38995000 72635000 55815000 16820000
20230203 CSM 1600 23245000 125405000 72895000 49650000
20230206 CSM -4800 -68865000 333335000 117835000 186700000
20230207 CSM -700 -9720000 32530000 4280000 14000000
20230208 CSM -10600 -150470000 178970000 14250000 164720000
20230209 CSM -2600 -36760000 73580000 18410000 55170000
20230210 CSM -4700 -66070000 108510000 21220000 87290000
