20221212 D2D 0 0 0  300
20221212 D2D -1000 -81483900 179191100  200
20221212 D2D -10200 -335432700 179234300 700 700
20221212 D2D -11000 -224199900 387394300  8200
20221212 D2D 1100 26070000 33180000 300 1700
20221212 D2D -1100 -83868900 179191100 100 100
20221212 D2D -12000 -378992700 179234300 1800 1800
20221212 D2D -1200 -86473900 174201100  1000
20221212 D2D -1300 -124387900 179234300  1800
20221212 D2D -1400 -124390300 179234300 100 100
20221212 D2D -1500 -124392700 179234300 100 100
20221212 D2D 1500 30934800 40414800 100 600
20221212 D2D -15100 -379067100 179234300 3100 8100
20221212 D2D -16100 -379091100 179234300 1000 1000
20221212 D2D -1700 -129252700 179234300 200 200
20221212 D2D -1700 -98178900 179191100 600 600
20221212 D2D 1900 30944400 40424400  400
20221212 D2D -19200 -425099900 186494300 3400 3700
20221212 D2D -2200 -86498900 174176100  500
20221212 D2D -2300 -143832700 179234300 600 600
20221212 D2D -2400 -146262700 179234300 100 100
20221212 D2D -2600 -151122700 179234300 200 200
20221212 D2D -2700 -122033900 179191100 1000 1000
20221212 D2D -2700 -96251400 164423600 100 3400
20221212 D2D -2800 -124423900 179191100 100 100
20221212 D2D -2800 -155982700 179234300 200 200
20221212 D2D -2900 -124426300 179191100 100 100
20221212 D2D -3100 -124431100 179191100 200 200
20221212 D2D -400 -23730600 40424400 1200 1200
20221212 D2D -4500 -120695600 40424400 4100 4100
20221212 D2D -5000 -132495600 40424400 500 500
20221212 D2D -5500 -144060600 97589400  900
20221212 D2D -5600 -146445600 97589400 100 100
20221212 D2D -5700 -148815600 97589400 100 100
20221212 D2D -5900 -153510600 104744400  300
20221212 D2D -6200 -160665600 97589400 500 500
20221212 D2D -6200 -160935600 40424400 1200 1200
20221212 D2D -6400 -165525600 76124400  800
20221212 D2D -6500 -245892700 179234300 3700 3700
20221212 D2D -6600 -170355600 54704400  100
20221212 D2D -6700 -172735600 52324400  500
20221212 D2D -6700 -250732700 179234300 200 200
20221212 D2D -7100 -182195600 57084400  100
20221212 D2D -7100 -182205600 54704400 500 500
20221212 D2D -7200 -184565600 57084400 100 100
20221212 D2D -7200 -184575600 54704400 100 100
20221212 D2D -7200 -184635600 40424400 1000 1000
20221212 D2D -7200 -262832700 179234300 500 500
20221212 D2D 800 4769400 40424400 100 100
20221212 D2D 900 7144400 40424400 1000 1000
20221212 D2D -9500 -318492700 179234300 2300 2300
20221212 D2D "acum_busd" "acum_busd_val" "acum_val_bu" "sd" "sum_vol"
20221213 D2D 1000 24550000 24550000  500
20221213 D2D 11900 183895600 273452000 100 100
20221213 D2D 12000 172130000 285541400 100 100
20221213 D2D 12000 181510400 273456800 100 100
20221213 D2D 12000 186280600 273452000 100 100
20221213 D2D 12100 174510000 285541400 600 600
20221213 D2D 12100 183900400 273456800  200
20221213 D2D 12100 188665600 273452000 100 5300
20221213 D2D 12400 181520000 273466400  400
20221213 D2D 12500 184180000 297591400  500
20221213 D2D 12700 188815000 285541400 100 100
20221213 D2D 12800 191205000 285541400 100 100
20221213 D2D 12900 193595000 285541400  500
20221213 D2D 13300 203500000 316911400  800
20221213 D2D 4700 116735000 153420000 100 100
20221213 D2D 4700 116775000 158300000 200 200
20221213 D2D 4800 119145000 148550000 200 200
20221213 D2D 4800 119155000 153420000 200 400
20221213 D2D 4900 121615000 158300000  200
20221213 D2D 4900 121615000 163140000  200
20221213 D2D 5000 124025000 148550000 100 100
20221213 D2D 500 12275000 12275000  500
20221213 D2D 5100 126465000 148550000 100 100
20221213 D2D 5200 128915000 148550000 500 500
20221213 D2D 5300 131345000 184920000 400 600
20221213 D2D 5400 133715000 175240000  500
20221213 D2D 5400 133855000 201860000 500 500
20221213 D2D 5500 119496800 201903200 300 300
20221213 D2D 5500 129052200 201893600 1300 2700
20221213 D2D 5500 136145000 180080000 100 300
20221213 D2D 5500 136185000 189760000  200
20221213 D2D 5600 138605000 192180000  100
20221213 D2D 5700 141185000 148550000 200 200
20221213 D2D 5800 126666800 201903200 100 100
20221213 D2D 5900 129061800 201903200  400
20221213 D2D 5900 145865000 199440000  300
20221213 D2D 5900 145880000 201860000 100 200
20221213 D2D 5900 146095000 148550000 100 5100
20221213 D2D 7000 155196800 237603200  1500
20221213 D2D "acum_busd" "acum_busd_val" "acum_val_bu" "sd" "sum_vol"
20221214 D2D 0 33033800 98115000  1200
20221214 D2D -100 30583800 98115000 100 100
20221214 D2D -1200 3193800 68275000  1200
20221214 D2D -1800 -10621200 100585000  100
20221214 D2D -1800 -10621200 100585000  100
20221214 D2D -1800 -43345000 0 1000 1000
20221214 D2D -1900 -13091200 98115000 1100 1100
20221214 D2D -1900 -45765000 12025000  500
20221214 D2D -2000 -45767400 12025000 100 100
20221214 D2D -200 28133800 98115000 100 100
20221214 D2D -2100 -45769800 12025000 100 100
20221214 D2D -2100 -50575000 0 300 300
20221214 D2D -2200 -21311200 38920000  1000
20221214 D2D -2200 -52980000 0 100 100
20221214 D2D -2300 -23736200 38920000 100 100
20221214 D2D -2400 -26161200 38920000 100 100
20221214 D2D -2400 -57790000 0 200 200
20221214 D2D -3100 -45793800 12025000 1000 1000
20221214 D2D -3200 -45761200 14470000  100
20221214 D2D -3200 -45796200 12025000 100 100
20221214 D2D -3300 -48206200 12025000 100 100
20221214 D2D -600 -14435000 0 600 600
20221214 D2D -700 -16840000 0 100 100
20221214 D2D -800 13583800 98115000 600 600
20221214 D2D -800 -19245000 0 100 100
20221214 D2D "acum_busd" "acum_busd_val" "acum_val_bu" "sd" "sum_vol"
20221215 D2D 0 135000 41690000 200 200
20221215 D2D 0 40000 17190000  100
20221215 D2D 1000 24535000 66090000  1000
20221215 D2D -100 -2410000 14740000 600 600
20221215 D2D 100 2675000 66090000 100 100
20221215 D2D -200 -4850000 17190000 200 200
20221215 D2D 200 4995000 41690000 100 100
20221215 D2D 200 5095000 66090000 600 600
20221215 D2D 200 5105000 68520000  100
20221215 D2D -2100 -50520000 78240000  300
20221215 D2D -2200 -52945000 78240000 100 100
20221215 D2D -2200 -52965000 70950000 1400 1400
20221215 D2D -2300 -55385000 70950000 100 100
20221215 D2D -2400 -57810000 70950000 100 100
20221215 D2D -2600 -62465000 119550000  100
20221215 D2D -2600 -62465000 119550000 2000 2000
20221215 D2D 300 7425000 41690000 100 100
20221215 D2D 400 9870000 41690000 100 100
20221215 D2D -500 -11635000 119550000  1700
20221215 D2D -500 -11825000 70950000 800 900
20221215 D2D 500 12270000 12270000  500
20221215 D2D 500 12290000 14740000 100 100
20221215 D2D 500 12315000 41690000 300 1300
20221215 D2D -600 -14055000 119550000 100 100
20221215 D2D -600 -14245000 70950000 100 100
20221215 D2D 600 14740000 14740000  100
20221215 D2D -700 -16665000 70950000 100 100
20221215 D2D -800 -19085000 70950000 100 100
20221215 D2D 800 19675000 66090000 100 100
20221215 D2D 900 22105000 66090000 100 100
20221215 D2D "acum_busd" "acum_busd_val" "acum_val_bu" "sd" "sum_vol"
20221216 D2D 1000 -54430000 183045000  1200
20221216 D2D 1800 -35035000 149025000 600 600
20221216 D2D 2000 -29525000 215245000  1200
20221216 D2D -200 -83590000 153885000 800 1000
20221216 D2D 2400 -20485000 149025000 100 100
20221216 D2D 2500 -18060000 149025000 100 100
20221216 D2D 2600 -15640000 149025000 600 600
20221216 D2D 2600 63735000 73455000 400 400
20221216 D2D 3000 73455000 73455000  3000
20221216 D2D 3200 -940000 149025000 100 100
20221216 D2D 3300 1510000 149025000 600 600
20221216 D2D 3900 16270000 149025000 300 300
20221216 D2D 4000 97445000 148945000 1500 1500
20221216 D2D 400 -69010000 149025000 400 400
20221216 D2D 4200 23650000 149025000 300 300
20221216 D2D 4500 109905000 119625000  1900
20221216 D2D 4500 31035000 149025000 1900 1900
20221216 D2D 5000 97470000 148970000  1000
20221216 D2D 5400 131895000 144045000 100 1100
20221216 D2D 5500 134345000 148945000 100 300
20221216 D2D 5600 97485000 148985000  600
20221216 D2D 6200 97500000 149000000  600
20221216 D2D 6400 77775000 149025000 200 200
20221216 D2D 6600 82715000 149025000 100 100
20221216 D2D 6600 95052500 149012500 100 100
20221216 D2D 6700 85185000 149025000 300 300
20221216 D2D 6700 97512500 149012500  500
20221216 D2D 6900 95060000 149020000  300
20221216 D2D 7000 92595000 149025000 100 100
20221216 D2D 7100 95065000 149025000  200
20221216 D2D 800 -59285000 185485000 100 200
20221216 D2D 800 -59290000 149025000 100 100
20221216 D2D 800 -59290000 183045000 200 200
20221216 D2D 900 -56860000 149025000 900 900
20221216 D2D "acum_busd" "acum_busd_val" "acum_val_bu" "sd" "sum_vol"
20221219 D2D 0 845000 74495000 100 100
20221219 D2D -1000 -24045000 29855000  200
20221219 D2D -1000 -24470000 2480000 100 200
20221219 D2D -1000 -24500000 0 1000 1000
20221219 D2D 1000 25595000 131345000 600 1500
20221219 D2D -100 -1615000 74495000 100 100
20221219 D2D 100 3265000 72015000  500
20221219 D2D 100 3295000 74495000 100 200
20221219 D2D -1200 -28945000 29855000 200 200
20221219 D2D -1200 -29100000 24800000  200
20221219 D2D -1300 -31425000 29855000 100 100
20221219 D2D -1400 -34060000 19840000  700
20221219 D2D -1500 -36405000 29855000 200 200
20221219 D2D -1600 -38895000 29855000 100 100
20221219 D2D 1600 41085000 169015000 200 200
20221219 D2D 1700 43485000 166505000 700 2100
20221219 D2D 1800 45995000 169015000  100
20221219 D2D 1900 48285000 230535000 1100 1200
20221219 D2D 2000 50925000 186235000 200 200
20221219 D2D -2100 -51420000 2480000 1100 1100
20221219 D2D 2200 55845000 183775000  600
20221219 D2D 2200 55845000 186235000 100 200
20221219 D2D 2400 60785000 252855000 400 400
20221219 D2D 2600 65685000 208375000 300 1200
20221219 D2D 2700 68210000 260280000  300
20221219 D2D 2800 70605000 252855000  900
20221219 D2D 2900 73065000 228055000 400 400
20221219 D2D 3300 82905000 228055000 100 100
20221219 D2D 3400 85365000 228055000  800
20221219 D2D -400 -9135000 59615000  1200
20221219 D2D -700 -16375000 74495000 600 600
20221219 D2D 700 18065000 108935000  1400
20221219 D2D "acum_busd" "acum_busd_val" "acum_val_bu" "sd" "sum_vol"
20221220 D2D 0 1555000 173935000 200 200
20221220 D2D -1000 -22690000 173935000 100 100
20221220 D2D -100 -885000 173935000 100 100
20221220 D2D -1100 -20204800 183655000 200 200
20221220 D2D -1300 -20209600 183655000 200 200
20221220 D2D -1400 -20212000 183655000 100 100
20221220 D2D -2000 -20226400 183655000 600 600
20221220 D2D 200 6435000 173935000 200 200
20221220 D2D -3500 -20247400 186050000  100
20221220 D2D -3600 -22642400 183655000 1600 1600
20221220 D2D -3700 -25007400 186050000 200 200
20221220 D2D 3900 97065000 171465000 1500 1500
20221220 D2D 4000 99535000 173935000  100
20221220 D2D 400 11335000 173935000 3600 3600
20221220 D2D -4100 -34492400 186050000 400 400
20221220 D2D -4300 -39232400 186050000 200 200
20221220 D2D 5400 134265000 171465000 1500 8400
20221220 D2D -5400 -65132400 186050000 1100 1100
20221220 D2D -600 -12970000 183655000  400
20221220 D2D -6100 -81417400 193265000 1000 1300
20221220 D2D -6300 -86227400 193265000 200 200
20221220 D2D -700 -15380000 183655000 100 100
20221220 D2D -7300 -86251400 193265000 1000 1000
20221220 D2D -8300 -109751400 193265000 1000 1000
20221220 D2D -900 -20200000 183655000 200 200
20221220 D2D -900 -20280000 173935000 800 800
20221220 D2D -9100 -128461400 228965000 300 700
20221220 D2D -9200 -130841400 219445000 500 1200
20221220 D2D -9300 -133216400 195650000 1100 1200
20221220 D2D -9300 -133221400 228965000 200 200
20221220 D2D -9400 -135596400 195650000 100 100
20221220 D2D -9400 -135601400 202785000  300
20221220 D2D -9600 -140356400 195650000 200 200
20221220 D2D -9700 -142736400 195650000 100 100
20221220 D2D "acum_busd" "acum_busd_val" "acum_val_bu" "sd" "sum_vol"
20221221 D2D -1200 -27830000 4640000 400 400
20221221 D2D -14900 -25837400 7009800 7000 7000
20221221 D2D -15000 -28142400 7009800 100 100
20221221 D2D -15500 -21230800 13939800  700
20221221 D2D -15500 -21230800 13939800 800 1200
20221221 D2D -16500 -44320800 13939800 1000 1000
20221221 D2D -16600 -41890400 34814800  100
20221221 D2D -16700 -44325400 32379800  300
20221221 D2D -17000 -51240400 25464800 100 600
20221221 D2D -17400 -62763100 13939800 900 900
20221221 D2D -21600 -157890400 34814800 5000 5000
20221221 D2D -28400 -183331500 39479800 100 300
20221221 D2D -28400 -183376500 34814800  100
20221221 D2D -28400 -183376500 34814800 6800 6800
20221221 D2D -28500 -185686500 34814800 100 100
20221221 D2D -28900 -194871500 41789800  100
20221221 D2D -29000 -197181500 39479800 600 600
20221221 D2D -30500 -226936100 41789800 1600 1600
20221221 D2D -31000 -238336100 41789800 500 500
20221221 D2D -31500 -238347600 41789800 500 500
20221221 D2D -32400 -238368300 41789800 900 900
20221221 D2D -33600 -249834400 41789800 1200 1200
20221221 D2D -33700 -256699800 41794400  200
20221221 D2D -33900 -256704400 41789800 300 300
20221221 D2D -35700 -256745800 41794400 2000 2000
20221221 D2D -5600 -27931200 4669900 5700 7000
20221221 D2D -600 -13970000 4640000  200
20221221 D2D -7900 -25676400 7009800  100
20221221 D2D -8000 -27986400 4699800 3700 5000
20221221 D2D -800 -18590000 4640000 200 200
20221221 D2D -800 -18610000 0 800 800
20221221 D2D "acum_busd" "acum_busd_val" "acum_val_bu" "sd" "sum_vol"
20221222 D2D -17700 -436684400 80835100  2500
20221222 D2D -17800 -441217100 87722400  300
20221222 D2D -17900 -443567100 80837400  100
20221222 D2D -18000 -443569400 80835100 300 300
20221222 D2D -18000 -445807100 87722400 200 200
20221222 D2D -18100 -448077100 87722400 100 100
20221222 D2D -18100 -448102100 80837400 200 200
20221222 D2D -18200 -450342100 87722400 100 100
20221222 D2D -18300 -466193300 87736200  600
20221222 D2D -18700 -461667100 87722400 500 500
20221222 D2D -18800 -463937100 87722400 100 100
20221222 D2D -18900 -466207100 87722400 100 100
20221222 D2D -19500 -439018500 71581500  1000
20221222 D2D -20000 -432151900 80777600  100
20221222 D2D -20100 -434446900 78482600  100
20221222 D2D -20200 -434449200 78480300  500
20221222 D2D -20200 -436741900 80777600 200 200
20221222 D2D -20500 -462818500 47781500  2500
20221222 D2D -20700 -434460700 78468800  100
20221222 D2D -20800 -434463000 78466500 100 300
20221222 D2D -20900 -436758000 73876500  100
20221222 D2D -21000 -439053000 71581500 1500 1500
20221222 D2D -23000 -510600000 0 23000 23000
20221222 D2D "acum_busd" "acum_busd_val" "acum_val_bu" "sd" "sum_vol"
20221223 D2D 100 2300 2300  100
20221223 D2D 11100 247062300 312282300  8100
20221223 D2D 1200 25062300 29602300 200 200
20221223 D2D 1300 27327300 27327300  700
20221223 D2D 1400 29577300 36382300 100 400
20221223 D2D 1400 29602300 29602300  100
20221223 D2D 2400 52052300 92632300 1500 4000
20221223 D2D 2900 63302300 103882300  500
20221223 D2D 3000 65622300 130842300 900 900
20221223 D2D 3500 76822300 121882300 200 1000
20221223 D2D 3900 85782300 130842300  400
20221223 D2D 4200 92502300 312282300 6900 6900
20221223 D2D 4800 105942300 330202300 200 200
20221223 D2D 5000 110422300 330202300  800
20221223 D2D 5300 117267300 341527300  500
20221223 D2D 5500 121802300 346062300  200
20221223 D2D 5600 124077300 348337300  100
20221223 D2D 6000 133177300 357437300  100
20221223 D2D 6000 133177300 357437300  400
20221223 D2D 600 11377300 11377300  500
20221223 D2D 6100 135452300 359712300  100
20221223 D2D 6200 137737300 364272300 100 100
20221223 D2D 6300 140012300 364272300  200
20221223 D2D "acum_busd" "acum_busd_val" "acum_val_bu" "sd" "sum_vol"
20221226 D2D 1200 27595000 233820000 600 1000
20221226 D2D 1400 32145000 224720000 400 400
20221226 D2D 1700 38995000 179645000 1000 1000
20221226 D2D 1700 38995000 190895000 200 200
20221226 D2D 1800 41245000 217895000 500 500
20221226 D2D 1800 41245000 224720000 300 600
20221226 D2D 1900 43495000 190895000 300 800
20221226 D2D 1900 43495000 197645000 100 400
20221226 D2D 2100 47995000 202145000  200
20221226 D2D 2300 52495000 217895000 200 200
20221226 D2D 2500 56875000 56875000  2500
20221226 D2D 2500 56995000 217895000 300 300
20221226 D2D 2700 61495000 179645000 4200 4200
20221226 D2D 2700 61495000 215645000  600
20221226 D2D 2800 63700000 63700000  300
20221226 D2D 2800 63745000 217895000  100
20221226 D2D 3100 70520000 70520000  2800
20221226 D2D 3700 84170000 84170000  600
20221226 D2D 4300 97820000 97820000  600
20221226 D2D 4600 104645000 104645000  300
20221226 D2D 4900 111470000 111470000  300
20221226 D2D 6100 138770000 138770000  1200
20221226 D2D 6100 138870000 161470000 1000 1000
20221226 D2D 6200 141040000 141040000  100
20221226 D2D 6700 152390000 152390000  500
20221226 D2D 6900 157045000 179645000  800
20221226 D2D 6900 157270000 363495000  5700
20221226 D2D 7100 161470000 161470000  400
20221226 D2D "acum_busd" "acum_busd_val" "acum_val_bu" "sd" "sum_vol"
20221227 D2D 2400 54940000 206970000 400 400
20221227 D2D 2700 61720000 213750000  300
20221227 D2D 2800 63940000 206970000 2500 2500
20221227 D2D 2800 63980000 216010000  100
20221227 D2D 2900 66240000 218270000  100
20221227 D2D 3300 75360000 227390000  400
20221227 D2D 3800 86760000 238790000  500
20221227 D2D 4200 95905000 250215000 100 100
20221227 D2D 4300 98185000 250215000  500
20221227 D2D 4900 111865000 266175000  700
20221227 D2D 5000 113750000 113750000  5000
20221227 D2D 5100 116020000 116020000  100
20221227 D2D 5200 118235000 204680000 300 300
20221227 D2D 5300 120525000 206970000  100
20221227 D2D 5400 122825000 122825000  300
20221227 D2D 5500 125060000 204680000 200 200
20221227 D2D 5700 129610000 204680000 200 200
20221227 D2D 5900 134160000 204680000 200 200
20221227 D2D 6100 138710000 204680000 200 200
20221227 D2D 6300 143270000 204680000  100
20221227 D2D 6300 143270000 204680000 300 300
20221227 D2D 6600 150080000 204680000 2400 6000
20221227 D2D "acum_busd" "acum_busd_val" "acum_val_bu" "sd" "sum_vol"
20221228 D2D -1000 -22760000 2280000 200 200
20221228 D2D -1500 -34060000 13655000  300
20221228 D2D -1500 -34060000 18205000  200
20221228 D2D -1500 -34110000 2280000 500 500
20221228 D2D -1700 -38610000 13655000 200 200
20221228 D2D -1800 -40885000 6830000 500 700
20221228 D2D -2600 -59080000 20480000  100
20221228 D2D -2600 -59085000 18205000 1100 1100
20221228 D2D -2700 -61355000 18205000 100 100
20221228 D2D -2900 -65890000 20480000 300 300
20221228 D2D -3000 -68130000 29590000  200
20221228 D2D -300 -6830000 0 300 300
20221228 D2D -3200 -72690000 25030000  200
20221228 D2D -3400 -77240000 20480000 500 500
20221228 D2D -3500 -79505000 29590000 500 500
20221228 D2D -3700 -84055000 29590000 200 200
20221228 D2D -3800 -86330000 29590000 100 100
20221228 D2D -3900 -88585000 38710000  400
20221228 D2D -4300 -97705000 29590000 500 500
20221228 D2D -500 -11375000 2280000  100
20221228 D2D -600 -13655000 0 300 300
20221228 D2D -600 -13655000 2280000 100 100
20221228 D2D -700 -15935000 2280000 100 100
20221228 D2D -800 -18210000 2280000 100 100
20221228 D2D -8900 -201585000 38710000 5000 5000
20221228 D2D "acum_busd" "acum_busd_val" "acum_val_bu" "sd" "sum_vol"
20221229 D2D -1000 -22700000 0 1000 1000
20221229 D2D -2900 -65820000 6840000 2000 2000
20221229 D2D -3600 -81675000 9110000  100
20221229 D2D -3700 -83885000 20540000 100 500
20221229 D2D -3700 -83945000 6840000 800 800
20221229 D2D -3800 -86215000 11380000 300 400
20221229 D2D -3900 -88465000 20540000 200 200
20221229 D2D -4000 -90755000 11380000 200 200
20221229 D2D -4200 -95335000 20540000 300 300
20221229 D2D -4300 -97605000 20540000 100 100
20221229 D2D -5300 -120255000 20540000 1000 1000
20221229 D2D -5800 -131580000 20540000 500 500
20221229 D2D -6800 -154230000 20540000 1000 1000
20221229 D2D -700 -15860000 6840000  300
20221229 D2D -8200 -185995000 20540000 1400 1400
20221229 D2D -8500 -192805000 20540000 300 300
20221229 D2D -900 -20420000 6840000 200 200
20221229 D2D -9500 -215505000 20540000 1000 1000
20221229 D2D "acum_busd" "acum_busd_val" "acum_val_bu" "sd" "sum_vol"
20221230 D2D -11100 -251265000 83720000  700
20221230 D2D -11500 -260430000 65555000.00000001  100
20221230 D2D -11500 -260455000 63280000.00000001 6000 6000
20221230 D2D -11600 -262615000 83720000 500 500
20221230 D2D -11600 -262655000 67830000  100
20221230 D2D -11600 -262705000 63280000.00000001 100 100
20221230 D2D -11700 -264930000 65555000.00000001 200 200
20221230 D2D -11800 -267155000 67830000 200 200
20221230 D2D -14600 -330715000 83720000 3000 3000
20221230 D2D -15600 -353415000 83720000 1000 1000
20221230 D2D -16100 -364790000 83720000 500 600
20221230 D2D -5400 -122555000 63280000.00000001  2800
20221230 D2D -5500 -124820000 63280000.00000001 100 100
20221230 D2D -8200 -185835000 0 8200 8200
20221230 D2D "acum_busd" "acum_busd_val" "acum_val_bu" "sd" "sum_vol"
20230103 D2D 1000 16071900 16071900  100
20230103 D2D 1000 16071900 18361900 100 100
20230103 D2D 1000 16081900 34331900  100
20230103 D2D 1100 18361900 18361900  100
20230103 D2D -1100 -58160500 142814500  100
20230103 D2D -1200 -60490500 140484500 300 3400
20230103 D2D -1200 -60515500 198709500  300
20230103 D2D -1500 -41108100 34331900 2500 2500
20230103 D2D -1500 -67520500 191704500 2400 2400
20230103 D2D -1800 -74485500 217429500 1400 1400
20230103 D2D -2400 -61333100 82506900  1800
20230103 D2D -2600 -65913100 82506900 200 200
20230103 D2D 300 6900 6900  300
20230103 D2D -4000 -97768100 96276900  600
20230103 D2D -400 -41795500 217429500  800
20230103 D2D -4100 -100138100 82506900 1500 1500
20230103 D2D -4200 -102638100 41201900  300
20230103 D2D -4500 -109508100 34331900 3000 3000
20230103 D2D -4600 -111538100 82506900 500 500
20230103 D2D -500 -44180500 156794500  600
20230103 D2D 500 4671900 18361900 500 500
20230103 D2D 600 -18590500 184714500  1200
20230103 D2D -600 -46510500 156794500 100 100
20230103 D2D 900 -11600500 191704500  300
20230103 D2D 900 13776900 13776900  600
20230103 D2D 900 13791900 32041900 200 800
20230103 D2D "acum_busd" "acum_busd_val" "acum_val_bu" "sd" "sum_vol"
20230104 D2D 0 365000 26090000  100
20230104 D2D 0 365000 26090000 100 100
20230104 D2D 1000 23725000 23725000  400
20230104 D2D -100 -1790000 135130000 300 300
20230104 D2D -100 -1960000 26090000 100 100
20230104 D2D 100 2690000 26090000 1000 1000
20230104 D2D 1100 26090000 26090000  100
20230104 D2D -1200 -27235000 135130000 500 500
20230104 D2D 1300 30620000 135130000 1000 1000
20230104 D2D -1500 -34165000 135130000 300 300
20230104 D2D -1900 -43675000 28410000  100
20230104 D2D -2000 -45995000 26090000 1900 1900
20230104 D2D 200 5155000 135130000 200 200
20230104 D2D -2200 -50440000 135130000 700 700
20230104 D2D 2300 53770000 135130000 100 100
20230104 D2D 2400 56090000 135130000 100 100
20230104 D2D 2500 58410000 135130000 100 100
20230104 D2D 2600 60725000 135130000 100 100
20230104 D2D 2700 63045000 135130000  4600
20230104 D2D 300 7140000 7140000  300
20230104 D2D -400 -8735000 135130000 300 300
20230104 D2D 400 9785000 135130000 900 900
20230104 D2D -500 -11050000 135130000 100 100
20230104 D2D -600 -13360000 135130000 100 100
20230104 D2D 600 14265000 14265000  300
20230104 D2D -700 -15685000 135130000 100 100
20230104 D2D "acum_busd" "acum_busd_val" "acum_val_bu" "sd" "sum_vol"
20230105 D2D -100 -2325000 0 100 100
20230105 D2D -2900 -66425000 0 2000 2000
20230105 D2D -300 -6975000 0 200 200
20230105 D2D -3900 -89125000 0 1000 1000
20230105 D2D -4000 -91140000 20745000  900
20230105 D2D -4000 -91400000 0 100 100
20230105 D2D -4100 -93445000 20745000 100 100
20230105 D2D -4300 -98210000 0 300 300
20230105 D2D -4400 -100485000 0 100 100
20230105 D2D -4900 -111885000 0 500 500
20230105 D2D -4900 -111925000 29985000  400
20230105 D2D -500 -11595000 0 200 200
20230105 D2D -5100 -116545000 20745000 1000 1000
20230105 D2D -5300 -121165000 20745000 200 200
20230105 D2D -900 -20835000 0 400 400
20230105 D2D "acum_busd" "acum_busd_val" "acum_val_bu" "sd" "sum_vol"
20230106 D2D -1000 -22780000 2305000  100
20230106 D2D -1000 -22800000 0 200 200
20230106 D2D -100 -2310000 0 100 100
20230106 D2D -1100 -25085000 0 100 100
20230106 D2D -1300 -29695000 18440000 1000 1000
20230106 D2D -2800 -63970000 18442300  100
20230106 D2D -2900 -63972300 18440000 1600 1600
20230106 D2D -300 -6645000 18440000  200
20230106 D2D -3900 -89130000 18442300 1100 1100
20230106 D2D -4900 -112030000 18442300 1000 1000
20230106 D2D -500 -11255000 13830000  500
20230106 D2D -500 -11390000 0 400 500
20230106 D2D -5400 -123480000 18442300 500 500
20230106 D2D -5900 -134930000 18442300 500 500
20230106 D2D -7900 -180585000 29912300  100
20230106 D2D -7900 -180630000 18442300 2000 2000
20230106 D2D -8000 -182880000 27617300  100
20230106 D2D -800 -18230000 0 300 300
20230106 D2D -8100 -185175000 25322300  100
20230106 D2D -8200 -187470000 23027300 500 700
20230106 D2D -9400 -214845000 50432300 600 1500
20230106 D2D -9700 -221685000 29912300 1800 1800
20230106 D2D "acum_busd" "acum_busd_val" "acum_val_bu" "sd" "sum_vol"
20230109 D2D -1700 -38760000 6840000 800 800
20230109 D2D -200 -4560000 6840000 500 500
20230109 D2D -2700 -61560000 6840000 1000 1000
20230109 D2D 300 6840000 6840000  300
20230109 D2D -4000 -91200000 6840000 1300 1300
20230109 D2D -4200 -95750000 6840000 200 200
20230109 D2D -4500 -102560000 6840000 300 300
20230109 D2D -5000 -113910000 6840000 500 500
20230109 D2D -5600 -127520000 6840000 600 600
20230109 D2D -6300 -143340000 6840000 700 700
20230109 D2D -6700 -152360000 6840000 400 400
20230109 D2D -700 -15960000 6840000 500 500
20230109 D2D -7800 -177110000 6840000 1100 1100
20230109 D2D -8800 -199535000 6840000 1000 1000
20230109 D2D -8900 -201785000 9090000 200 300
20230109 D2D -900 -20520000 6840000 200 200
20230109 D2D -9900 -224185000 9090000 1000 1000
20230109 D2D "acum_busd" "acum_busd_val" "acum_val_bu" "sd" "sum_vol"
20230110 D2D 0 0 0  200
20230110 D2D -100 -2205000 8950000  200
20230110 D2D 100 2245000 4480000 100 300
20230110 D2D 200 4505000 20150000 200 200
20230110 D2D -300 -6675000 4480000 400 400
20230110 D2D -3600 -80695000 38190000  800
20230110 D2D 400 8995000 20150000  500
20230110 D2D -4100 -91970000 38190000 500 500
20230110 D2D -4100 -92030000 20150000 4300 4300
20230110 D2D -4300 -96480000 38190000 200 200
20230110 D2D -4400 -98735000 20150000 300 300
20230110 D2D "acum_busd" "acum_busd_val" "acum_val_bu" "sd" "sum_vol"
20230111 D2D -1200 -26780000 52370000 1700 1700
20230111 D2D -1200 -27120000 0 1200 1200
20230111 D2D -1400 -31640000 0 200 200
20230111 D2D -1900 -41715000 161665000 5500 5500
20230111 D2D -1900 -41715000 184215000  1000
20230111 D2D -2100 -46225000 161665000 200 200
20230111 D2D -2200 -48480000 161665000 100 100
20230111 D2D -2900 -64265000 161665000 700 700
20230111 D2D 3600 82515000 161665000  4500
20230111 D2D 500 11630000 45550000 100 100
20230111 D2D 500 11640000 52370000 300 300
20230111 D2D 600 13900000 47820000  100
20230111 D2D 600 13910000 45550000  2000
20230111 D2D 800 18450000 52370000  200
20230111 D2D -900 -20000000 59150000  300
20230111 D2D "acum_busd" "acum_busd_val" "acum_val_bu" "sd" "sum_vol"
20230112 D2D -10200 -147602000 200108200 300 300
20230112 D2D -10400 -151962000 200108200 200 200
20230112 D2D 13100 -59572400 303472800  4000
20230112 D2D 14100 -70514400 303505800 500 500
20230112 D2D 14300 -70510000 303510200  200
20230112 D2D 14600 -59539400 303505800  1500
20230112 D2D -1600 -35310000 197900000  200
20230112 D2D -1600 -35310000 197900000  4700
20230112 D2D -200 -4480000 4520000 400 600
20230112 D2D -2100 -46660000 46510000  600
20230112 D2D -2500 -55405000 59865000  100
20230112 D2D -2600 -57460000 197900000 1000 1000
20230112 D2D -2600 -57635000 57635000  500
20230112 D2D -2700 -59920000 33250000  600
20230112 D2D -3100 -68760000 46510000 1000 1000
20230112 D2D -3300 -73180000 19990000  100
20230112 D2D -3400 -75390000 17780000  500
20230112 D2D -3900 -86440000 6730000  100
20230112 D2D -4000 -88650000 4520000 3600 3600
20230112 D2D -400 -8980000 4520000 200 200
20230112 D2D 4600 -48795400 303274800  10000
20230112 D2D 5100 -48784400 303285800  500
20230112 D2D -5200 -49011000 303059200  200
20230112 D2D -5400 -53401000 298669200  500
20230112 D2D 5600 -48773400 303296800  500
20230112 D2D -5900 -53412000 298658200  4500
20230112 D2D -6100 -135435000 97775000  200
20230112 D2D -6300 -139895000 93315000  500
20230112 D2D -6500 -144355000 82165000  900
20230112 D2D -6800 -151045000 82165000 300 300
20230112 D2D -7400 -164425000 62095000  100
20230112 D2D -7500 -166655000 59865000 5000 5000
20230112 D2D -8100 -97271400 200103800 6000 6500
20230112 D2D -8600 -112597000 200108200 700 900
20230112 D2D 9100 -59660400 303384800 500 500
20230112 D2D 9600 -48685400 303384800  4000
20230112 D2D -9900 -141062000 200108200 1300 1300
20230112 D2D "acum_busd" "acum_busd_val" "acum_val_bu" "sd" "sum_vol"
20230113 D2D 0 0 0  100
20230113 D2D 1200 4412000 4412000  1200
20230113 D2D -1300 4357000 4412000 2500 2500
20230113 D2D -1500 4352600 4412000 200 200
20230113 D2D -3200 4315200 4412000 1700 1700
20230113 D2D -3500 4308600 4412000 300 300
20230113 D2D -4600 4284400 4423000  300
20230113 D2D -4900 4277800 4416400  100
20230113 D2D -5000 4275600 4414200  100
20230113 D2D -5100 4273400 4412000 1600 1600
20230113 D2D -6100 -8850400 4423000 1500 1500
20230113 D2D -6200 -11040400 4423000 100 100
20230113 D2D -6200 -11040400 6618000 100 200
20230113 D2D -6400 -15420400 6618000 200 200
20230113 D2D -7400 -37235400 6618000 1000 1000
20230113 D2D -7600 -41595400 6618000 200 200
20230113 D2D -8100 -52435400 35018000  200
20230113 D2D -8300 -56825400 30628000  100
20230113 D2D -8400 -59020400 28433000  100
20230113 D2D -8400 -59020400 35018000 300 300
20230113 D2D -8400 -59035400 19698000  100
20230113 D2D -8400 -59035400 26238000  300
20230113 D2D -8500 -61215400 17518000 1400 1900
20230113 D2D -8500 -61215400 26238000 100 100
20230113 D2D -8500 -61215400 35018000 100 100
20230113 D2D -8600 -69988800 35024600  300
20230113 D2D -8700 -65575400 19698000 300 300
20230113 D2D -8900 -69995400 35018000 400 400
20230113 D2D "acum_busd" "acum_busd_val" "acum_val_bu" "sd" "sum_vol"
20230116 D2D -1000 -21670000 0 1000 1000
20230116 D2D -10300 -223080000 0 400 400
20230116 D2D -10800 -233880000 0 500 500
20230116 D2D -10900 -236050000 0 100 100
20230116 D2D -11200 -241515000 223575000 2000 2000
20230116 D2D -11300 -244730000 0 400 400
20230116 D2D -14300 -309440000 0 3000 3000
20230116 D2D -14800 -320160000 0 500 500
20230116 D2D -15000 -324430000 4290000  200
20230116 D2D -15100 -326580000 0  100
20230116 D2D -15100 -326580000 0 300 300
20230116 D2D -15200 -328720000 0 100 100
20230116 D2D -17000 -367150000 4290000 2000 2000
20230116 D2D -17100 -366680000 236535000  600
20230116 D2D -17400 -375690000 4290000 400 400
20230116 D2D -17600 -377515000 223575000 6400 6400
20230116 D2D -17700 -379640000 223575000 100 100
20230116 D2D -2200 -47600000 0 1200 1200
20230116 D2D -2700 -58400000 0 500 500
20230116 D2D -3200 -69200000 0 500 500
20230116 D2D -3900 -84390000 0 700 700
20230116 D2D -4200 -90900000 0 300 300
20230116 D2D -4700 -101800000 0 500 500
20230116 D2D -5400 -117060000 0 700 700
20230116 D2D -6100 -132250000 0 700 700
20230116 D2D -7100 -153950000 0 1000 1000
20230116 D2D -7200 -156110000 0 100 100
20230116 D2D -7200 -156405000 223575000  200
20230116 D2D -7400 -160705000 219275000  200
20230116 D2D -7600 -165005000 214975000  9800
20230116 D2D -7900 -171230000 0 700 700
20230116 D2D -8200 -177705000 223575000 1000 1000
20230116 D2D -8400 -182030000 0 500 500
20230116 D2D -9200 -199010000 223575000 1000 1000
20230116 D2D -9900 -214430000 0 1500 1500
20230116 D2D "acum_busd" "acum_busd_val" "acum_val_bu" "sd" "sum_vol"
20230117 D2D 0 -2027800 4452200 300 300
20230117 D2D 15100 323832200 375942200 200 200
20230117 D2D 15300 328192200 375942200 700 700
20230117 D2D 15600 334807200 386917200  500
20230117 D2D 15800 339212200 393502200 100 400
20230117 D2D 15900 341407200 395697200  100
20230117 D2D 16000 343452200 375942200 700 700
20230117 D2D 16000 343542200 350022200  15100
20230117 D2D 16200 347992200 406672200 200 200
20230117 D2D 16400 352382200 406672200  500
20230117 D2D 16700 358587200 375942200 500 500
20230117 D2D 17200 369462200 375942200  1200
20230117 D2D 300 4437200 10917200  300
20230117 D2D 300 4452200 4452200  300
20230117 D2D 500 8747200 15227200  200
20230117 D2D 600 10902200 17382200  100
20230117 D2D 900 17382200 23862200  300
20230117 D2D "acum_busd" "acum_busd_val" "acum_val_bu" "sd" "sum_vol"
20230118 D2D 0 215000 26735000 500 500
20230118 D2D 0 4640600 31165000 200 200
20230118 D2D 100 2225000 2225000  100
20230118 D2D 100 2430000 28950000  100
20230118 D2D -100 2435600 31165000 100 100
20230118 D2D 1900 46875600 77815000  2100
20230118 D2D -200 225600 31165000 100 100
20230118 D2D 200 4645000 31165000  100
20230118 D2D 2800 66935600 97875000  900
20230118 D2D 3400 80315600 131325000 100 100
20230118 D2D 3500 82545600 131325000 300 300
20230118 D2D 3800 89235600 131325000 400 400
20230118 D2D 4000 93695600 124635000  1200
20230118 D2D -400 -8735000 4435000 600 700
20230118 D2D 400 9105000 22275000  2000
20230118 D2D 4200 98155600 129095000  200
20230118 D2D 4200 98155600 131325000 100 200
20230118 D2D 4400 102665600 153675000  1000
20230118 D2D 500 11340000 26735000 100 100
20230118 D2D 5500 127255600 178265000  1100
20230118 D2D 5600 129495600 180505000  100
20230118 D2D 5700 131735600 182745000  100
20230118 D2D 600 13565000 26735000  200
20230118 D2D 6300 145460600 314935000 5300 8300
20230118 D2D 6400 147695600 317170000  100
20230118 D2D 6600 152185600 321660000  200
20230118 D2D 6800 156375600 207385000  1100
20230118 D2D 7200 165655600 335130000  600
20230118 D2D 7400 169875600 220885000  600
20230118 D2D 8200 188155600 357630000  1000
20230118 D2D 8200 188155600 357630000  600
20230118 D2D 8500 194625600 245635000  1100
20230118 D2D 8600 196875600 247885000  100
20230118 D2D "acum_busd" "acum_busd_val" "acum_val_bu" "sd" "sum_vol"
20230119 D2D 0 25000 2275000  100
20230119 D2D -1000 -22475000 9025000 1300 1600
20230119 D2D -100 -2250000 0 100 100
20230119 D2D -1100 -24725000 9025000 100 100
20230119 D2D 1400 32305000 109095000 1200 2100
20230119 D2D 1700 39085000 88755000 100 100
20230119 D2D 1800 41345000 88755000 100 100
20230119 D2D 1900 43605000 88755000 500 2500
20230119 D2D 400 9415000 43165000  1500
20230119 D2D 5600 94134500 170924500  4200
20230119 D2D 7800 144624500 221414500  2300
20230119 D2D 7900 146919500 223709500  100
20230119 D2D 8900 146942500 223732500  1000
20230119 D2D 9200 146949400 223739400  300
20230119 D2D "acum_busd" "acum_busd_val" "acum_val_bu" "sd" "sum_vol"
20230127 D2D 1100 25830000 25830000  200
20230127 D2D -1200 -27730000 25830000 300 300
20230127 D2D -1500 -34655000 44440000  100
20230127 D2D -1600 -36985000 42110000  100
20230127 D2D -1700 -39315000 39780000 300 900
20230127 D2D -1900 -43970000 25830000 700 700
20230127 D2D -2000 -46290000 25830000 100 100
20230127 D2D -2100 -48465000 125690000  200
20230127 D2D -2300 -53095000 125690000 200 200
20230127 D2D -2300 -53105000 121050000  1000
20230127 D2D -2400 -55485000 56090000 400 900
20230127 D2D -2500 -57720000 128010000 300 400
20230127 D2D -2500 -57855000 44440000 1000 1000
20230127 D2D -2900 -66950000 134985000  300
20230127 D2D -2900 -67085000 56090000 500 500
20230127 D2D -3100 -71600000 134985000  1400
20230127 D2D -3100 -71600000 134985000 200 200
20230127 D2D -3200 -73925000 128010000 700 700
20230127 D2D -3300 -76305000 97850000  700
20230127 D2D -4000 -92545000 81610000 500 1500
20230127 D2D -4300 -99565000 58410000 1500 1600
20230127 D2D -4500 -104195000 58410000 200 200
20230127 D2D -900 -20770000 25830000 2000 2000
20230127 D2D 900 21150000 21150000  900
20230127 D2D "acum_busd" "acum_busd_val" "acum_val_bu" "sd" "sum_vol"
20230130 D2D 10300 244553100 286490000 500 500
20230130 D2D 10400 246883100 288820000  100
20230130 D2D 10400 246933100 300470000 500 500
20230130 D2D 10700 253873100 274840000 800 800
20230130 D2D 10800 256203100 286490000 400 900
20230130 D2D 10900 258523100 258530000  5000
20230130 D2D 10900 258533100 260860000 100 100
20230130 D2D 10900 258533100 300470000  500
20230130 D2D 11000 260853100 260860000  100
20230130 D2D 11500 272513100 274840000  600
20230130 D2D 1600 42773100 319030000 1400 1400
20230130 D2D 3000 75253100 319030000 200 200
20230130 D2D 3200 79893100 319030000 100 100
20230130 D2D 3300 82213100 319030000 400 400
20230130 D2D 3600 89273100 365530000  2000
20230130 D2D 3700 91493100 319030000 800 800
20230130 D2D 4300 105413100 307430000 200 200
20230130 D2D 4400 107733100 309750000  100
20230130 D2D 4500 110053100 307430000 6200 6500
20230130 D2D 4500 110053100 312070000  100
20230130 D2D 4500 110053100 319030000 200 200
20230130 D2D 4700 114693100 316710000  200
20230130 D2D 4700 114693100 319030000 100 100
20230130 D2D 4800 117013100 319030000  100
20230130 D2D 5900 139685400 139690000 100 100
20230130 D2D 5900 142023100 142030000 100 100
20230130 D2D 6000 139687700 139690000 100 100
20230130 D2D 6000 142025400 142030000  100
20230130 D2D 6100 139690000 139690000  6100
20230130 D2D "acum_busd" "acum_busd_val" "acum_val_bu" "sd" "sum_vol"
20230131 D2D -1000 -23300000 0 300 300
20230131 D2D 100 53554400 265159400  1000
20230131 D2D 100 53554400 265159400  200
20230131 D2D -10100 -146467400 58235000 2200 2200
20230131 D2D -1600 14059400 225664400  200
20230131 D2D -1800 9399400 221004400  2000
20230131 D2D -200 -4660000 32620000 600 2000
20230131 D2D 200 55889400 269819400 100 100
20230131 D2D -2600 -60420000 51260000 3100 3100
20230131 D2D 300 58214400 269819400  200
20230131 D2D -3600 -83670000 51260000 1000 1000
20230131 D2D -3700 -85995000 51260000 100 100
20230131 D2D -3800 -37200600 174404400  2000
20230131 D2D 400 60539400 274469400  200
20230131 D2D -4600 -106920000 51260000 900 900
20230131 D2D -5000 -116220000 58235000  200
20230131 D2D 500 11650000 48930000  700
20230131 D2D 500 11655000 51260000 100 100
20230131 D2D -5100 -118540000 58235000 100 100
20230131 D2D -5200 -120870000 53585000  100
20230131 D2D -5300 -123180000 58235000 200 200
20230131 D2D -5300 -123195000 51260000 700 700
20230131 D2D -5700 -83708300 127894400  3000
20230131 D2D -5800 -83710600 127894400 100 100
20230131 D2D 600 13980000 51260000  100
20230131 D2D -600 37239400 274469400 1000 1000
20230131 D2D -6300 -146380000 58235000 1000 1000
20230131 D2D -6900 -146393800 58235000 600 600
20230131 D2D -700 -16310000 0 700 700
20230131 D2D -7600 -153278000 58299400  800
20230131 D2D -7900 -146416800 58235000 1000 1000
20230131 D2D -8400 -153296400 58281000 100 600
20230131 D2D -8500 -153298700 58299400 900 900
20230131 D2D -8700 -153303300 58299400 200 900
20230131 D2D -8800 -151012900 58269500  800
20230131 D2D -900 30304400 241909400  100
20230131 D2D -900 30304400 241909400  700
20230131 D2D -9400 -146451300 58251100  200
20230131 D2D -9600 -146455900 58246500  500
20230131 D2D -9600 -151031300 58251100 200 200
20230131 D2D "acum_busd" "acum_busd_val" "acum_val_bu" "sd" "sum_vol"
20230201 D2D 1200 28080000 28080000  1200
20230201 D2D -12200 -282660000 46640000 14200 15000
20230201 D2D -15100 -241817600 253964200  5700
20230201 D2D -16800 -181293600 794764200  3100
20230201 D2D -17200 -398280000 46640000 5000 5000
20230201 D2D -17700 -203343600 794764200 900 900
20230201 D2D -18800 -308639200 187142600  800
20230201 D2D -19600 -327439200 168342600  3600
20230201 D2D -19900 -257243600 718814200  4100
20230201 D2D -19900 -357257600 253964200 4800 4800
20230201 D2D -23200 -411769200 84012600  800
20230201 D2D -24000 -357693600 618364200 300 6500
20230201 D2D -24000 -430474200 65307600  800
20230201 D2D -24300 -366973600 256369200 4500 5600
20230201 D2D -24600 -374203600 256369200 300 300
20230201 D2D -24800 -449114200 46667600 8800 10000
20230201 D2D -25800 -403243600 256369200 1200 1200
20230201 D2D -26300 -415333600 263659200 800 1100
20230201 D2D -26800 -427433600 263659200 500 500
20230201 D2D -27600 -446408600 367419200  1300
20230201 D2D -27700 -449158600 263659200 900 900
20230201 D2D -28000 -456088600 367419200 400 400
20230201 D2D -28100 -457143600 794764200 10400 10400
20230201 D2D -28900 -477868600 335959200  100
20230201 D2D -29000 -480278600 333549200 4200 7100
20230201 D2D -29100 -481543600 794764200 1000 1000
20230201 D2D -29600 -494433600 466989200 100 1200
20230201 D2D -29900 -501738600 466989200 300 300
20230201 D2D -30000 -503413600 794764200 900 1100
20230201 D2D -30000 -504443600 367419200 2000 2000
20230201 D2D -30600 -518843600 440149200 100 2100
20230201 D2D -31000 -527713600 794764200 1000 1000
20230201 D2D -31300 -535003600 794764200 300 300
20230201 D2D -32000 -552843600 391619200 3000 4000
20230201 D2D -32500 -564943600 391619200 500 500
20230201 D2D -32600 -566473600 794764200 1300 1300
20230201 D2D -33000 -574968600 975034200  6000
20230201 D2D -35300 -631698600 794764200 2700 2700
20230201 D2D -35800 -643798600 794764200 500 500
20230201 D2D -36300 -655898600 794764200 500 500
20230201 D2D -36900 -670368600 794764200 600 600
20230201 D2D -37400 -682418600 794764200 500 500
20230201 D2D -38100 -699313600 802069200  300
20230201 D2D -38400 -706568600 828854200  800
20230201 D2D -38400 -706618600 794764200 1000 1000
20230201 D2D -38800 -716308600 809374200  300
20230201 D2D -39000 -721148600 828854200 600 600
20230201 D2D -39100 -723613600 802069200 1000 1000
20230201 D2D -39200 -726048600 809374200 400 400
20230201 D2D -44100 -844963600 1001874200  1100
20230201 D2D -45200 -871803600 975034200 12200 12200
20230201 D2D -80600 -1332254800 1089289000  1000
20230201 D2D -81100 -1344339800 1089289000 500 500
20230201 D2D -81600 -1356504800 1065039000  200
20230201 D2D -81800 -1361244800 1089289000 700 700
20230201 D2D -81800 -1361354800 1060189000  300
20230201 D2D -82100 -1368629800 1052914000  100
20230201 D2D -82200 -1371064800 1050479000 40300 42500
20230201 D2D -82700 -1382889800 1089289000 900 900
20230201 D2D -85300 -1409385800 1271218800  1600
20230201 D2D -86000 -1462114800 1103859000  300
20230201 D2D -86300 -1469404800 1096569000 3900 4200
20230201 D2D -86900 -1447635800 1232968800 500 4500
20230201 D2D -87800 -1486009000 1108699000 2000 2200
20230201 D2D -88600 -1487925800 1271218800 3300 3300
20230201 D2D -88600 -1493001000 1125623800  700
20230201 D2D -88700 -1509906600 1108701400  100
20230201 D2D -88800 -1493005800 1125623800  100
20230201 D2D -88800 -1493005800 1125623800 200 200
20230201 D2D -88800 -1509909000 1108699000 1000 1000
20230201 D2D -88800 -1509909000 1108703800 200 300
20230201 D2D -89300 -1509921000 1108703800 500 500
20230201 D2D -90400 -1531200800 1137528800 2100 2600
20230201 D2D "acum_busd" "acum_busd_val" "acum_val_bu" "sd" "sum_vol"
20230202 D2D -1000 -26147600 19322400 100 100
20230202 D2D -1100 -26150000 19322400 100 100
20230202 D2D -1400 -33340000 4900000 1600 1600
20230202 D2D -14300 -335457600 257549800  100
20230202 D2D -14400 -337847600 255159800 8700 8700
20230202 D2D 200 4900000 4900000  200
20230202 D2D -2100 -48357600 247989800  4000
20230202 D2D -2300 -53137600 247989800 200 200
20230202 D2D -2600 -61495000 31097400  100
20230202 D2D -2700 -63850000 28742400  400
20230202 D2D -3100 -73270000 19322400 2000 2000
20230202 D2D -500 -14067600 78524800  100
20230202 D2D -500 -14067600 78524800  9500
20230202 D2D -5700 -134397600 255159800 3700 4000
20230202 D2D -600 -16462600 76129800  2000
20230202 D2D -6100 -143957600 152389800  1100
20230202 D2D -700 -18917600 19322400  700
20230202 D2D -7200 -170092600 126254800  2000
20230202 D2D -8000 -189742600 78524800 7500 7500
20230202 D2D -9000 -213142600 78524800 1000 1000
20230202 D2D -900 -23737600 19322400 200 200
20230202 D2D -9200 -217822600 78524800 200 200
20230202 D2D "acum_busd" "acum_busd_val" "acum_val_bu" "sd" "sum_vol"
20230203 D2D 0 70000 2430000 100 100
20230203 D2D 1000 22170000 212665000 300 300
20230203 D2D 100 2430000 2430000  100
20230203 D2D 10300 240000000 516630000  1400
20230203 D2D 10500 244710000 521340000  200
20230203 D2D 10700 249420000 526050000  200
20230203 D2D 10900 254130000 530760000  200
20230203 D2D 11000 256485000 533115000  100
20230203 D2D 11300 263540000 540170000  300
20230203 D2D 1200 26885000 261490000 1300 1400
20230203 D2D 12300 287140000 568430000 200 1400
20230203 D2D 1300 29145000 212665000 100 100
20230203 D2D 1400 31470000 212665000 600 12600
20230203 D2D 15300 357040000 649980000 500 4000
20230203 D2D 15400 359395000 652335000  100
20230203 D2D 16200 378235000 743405000 3100 7000
20230203 D2D 1700 38535000 284740000 500 1500
20230203 D2D 17400 405890000 869725000 3800 3800
20230203 D2D 17500 408655000 778505000 200 200
20230203 D2D 17700 413335000 778505000  1500
20230203 D2D 18600 434355000 804205000  1100
20230203 D2D 21200 495190000 869725000 200 200
20230203 D2D 21400 499875000 869725000  2800
20230203 D2D 2400 54720000 259165000 600 2600
20230203 D2D -4300 -101410000 2430000 3800 3800
20230203 D2D -500 -11730000 2430000 500 500
20230203 D2D -7000 -164810000 2430000 2700 2700
20230203 D2D 8900 207240000 483870000 600 600
20230203 D2D 9300 216590000 476835000 600 600
20230203 D2D 9400 218935000 479180000  100
20230203 D2D 9500 221280000 483870000 100 300
20230203 D2D 9900 230630000 476835000  8200
20230203 D2D "acum_busd" "acum_busd_val" "acum_val_bu" "sd" "sum_vol"
20230206 D2D -10800 -140853100 174225000 900 900
20230206 D2D -11100 -147783100 174225000 300 300
20230206 D2D -13000 -191673100 176535000 2000 2100
20230206 D2D 1300 30110000 57950000  1500
20230206 D2D -17800 -182492700 185835000  200
20230206 D2D -18000 -187172700 181155000  200
20230206 D2D -18200 -191792700 176535000 5200 5200
20230206 D2D -200 -4690000 0 200 200
20230206 D2D -200 -4690000 23150000 1000 2000
20230206 D2D 2300 53310000 81150000  1000
20230206 D2D 3500 81150000 108990000  1200
20230206 D2D 4100 95025000 143790000 900 900
20230206 D2D 4200 97350000 146115000  100
20230206 D2D 4600 106730000 155495000  400
20230206 D2D 5000 115950000 143790000  1500
20230206 D2D -7400 -83362400 155495000 12000 12000
20230206 D2D -8400 -92596200 155495000 1000 1000
20230206 D2D -8600 -90033100 174225000  200
20230206 D2D -8800 -94713100 169545000  300
20230206 D2D -9000 -99403100 162525000  200
20230206 D2D -9100 -101733100 162525000 100 100
20230206 D2D -9200 -104083100 157845000  100
20230206 D2D -9300 -106433100 155495000 900 900
20230206 D2D -9600 -113133100 174225000 1000 1000
20230206 D2D -9700 -115443100 174225000 100 100
20230206 D2D -9900 -120063100 174225000 200 200
20230206 D2D "acum_busd" "acum_busd_val" "acum_val_bu" "sd" "sum_vol"
20230207 D2D -11000 -228703000 0 1100 1100
20230207 D2D -11100 -230983000 0 100 100
20230207 D2D -11600 -242383000 0 500 500
20230207 D2D -14600 -310783000 0 3000 3000
20230207 D2D -14700 -433911100 34321900  300
20230207 D2D -14800 -436201100 34321900 100 100
20230207 D2D -15000 -433918000 34315000  5000
20230207 D2D -15100 -443071100 34321900 300 300
20230207 D2D -15300 -447651100 34321900 200 200
20230207 D2D -1600 -36880000 0 1400 1400
20230207 D2D -16200 -468251100 36611900  100
20230207 D2D -16300 -470541100 34321900 1000 1000
20230207 D2D -16600 -477391100 36611900 400 400
20230207 D2D -18600 -401993000 34200000  500
20230207 D2D -19100 -413393000 22800000  200
20230207 D2D -19100 -534101100 61691900  1100
20230207 D2D -19300 -417953000 18240000  200
20230207 D2D -19500 -422513000 13680000  200
20230207 D2D -19700 -427073000 9120000 100 700
20230207 D2D -19800 -429353000 4560000 5400 5600
20230207 D2D -20000 -434033000 34200000 1400 1400
20230207 D2D -200 -4610000 0 200 200
20230207 D2D -20100 -556921100 36611900 3500 3500
20230207 D2D -20200 -559181100 36611900 100 100
20230207 D2D -29100 -759581100 61691900 10000 10000
20230207 D2D -30100 -782081100 61691900 1000 1000
20230207 D2D -35600 -905731100 61691900 5500 5500
20230207 D2D -40300 -1010696100 61691900 4700 4700
20230207 D2D -45400 -1124426100 61691900 5100 5100
20230207 D2D -9100 -185293000 0 7500 7500
20230207 D2D -9900 -203613000 0 800 800
20230207 D2D "acum_busd" "acum_busd_val" "acum_val_bu" "sd" "sum_vol"
20230208 D2D -1100 26901600 120515000 4000 4000
20230208 D2D -1100 27801600 154490000  300
20230208 D2D -1300 22491600 120515000 200 200
20230208 D2D -1400 21006600 147695000  1000
20230208 D2D -1500 18081600 120515000 200 200
20230208 D2D 1600 89031600 222380000 100 100
20230208 D2D 1700 91251600 222380000 200 3200
20230208 D2D 2200 50140000 63520000  1800
20230208 D2D 2300 104571600 264560000 1200 3100
20230208 D2D 2400 106836600 266825000  100
20230208 D2D -2400 -1643400 125045000  200
20230208 D2D -2600 -6173400 120515000 1100 1100
20230208 D2D 2900 66990000 120515000 1800 1800
20230208 D2D 400 8920000 22300000  1000
20230208 D2D 4600 104860000 118240000  2400
20230208 D2D 4700 107135000 120515000  100
20230208 D2D -600 -13380000 0 600 600
20230208 D2D "acum_busd" "acum_busd_val" "acum_val_bu" "sd" "sum_vol"
20230209 D2D 0 0 0  3300
20230209 D2D 0 -225000 137845000 500 2000
20230209 D2D -1000 -22825000 103945000  500
20230209 D2D 100 2040000 140110000  100
20230209 D2D -1500 -34125000 92645000  2100
20230209 D2D 3200 72255000 210325000  3100
20230209 D2D 3300 74545000 212615000  100
20230209 D2D -3600 -81585000 45185000  300
20230209 D2D -3900 -88365000 38405000  300
20230209 D2D -4200 -95145000 31625000  100
20230209 D2D -4300 -97405000 29365000  500
20230209 D2D -4800 -108680000 18090000  300
20230209 D2D -4900 -110935000 11325000 200 400
20230209 D2D -4900 -110945000 6795000  200
20230209 D2D -5000 -113250000 0 5000 5000
20230209 D2D -5100 -115445000 11325000 200 200
20230209 D2D -5100 -115475000 2265000  100
20230209 D2D -5200 -117740000 0 200 200
20230209 D2D "acum_busd" "acum_busd_val" "acum_val_bu" "sd" "sum_vol"
20230210 D2D 0 30000 2290000 100 100
20230210 D2D 100 2290000 2290000  100
20230210 D2D -1100 -24430000 41050000  100
20230210 D2D -1100 -24430000 41050000  200
20230210 D2D -1300 -28990000 36490000  100
20230210 D2D -1400 -31270000 34210000  1000
20230210 D2D -1800 -40650000 2290000 1800 1800
20230210 D2D -2000 -45060000 9130000  100
20230210 D2D -2000 -45090000 6850000 100 300
20230210 D2D -2100 -47340000 6850000 100 100
20230210 D2D -2100 -47400000 2290000 300 300
20230210 D2D -2400 -54070000 11410000  100
20230210 D2D -2500 -56350000 9130000 500 500
20230210 D2D "acum_busd" "acum_busd_val" "acum_val_bu" "sd" "sum_vol"
20230213 D2D -100 -2240000 0 100 100
20230213 D2D -1100 -24640000 0 1000 1000
20230213 D2D -1200 -26880000 0 100 100
20230213 D2D -2000 -44800000 0 800 800
20230213 D2D -20300 -448540000 46590000  200
20230213 D2D -20500 -453000000 42130000  200
20230213 D2D -20600 -455350000 20070000 15600 15600
20230213 D2D -20700 -457460000 37670000  300
20230213 D2D -21000 -464060000 31070000  300
20230213 D2D -21100 -466240000 46590000 800 800
20230213 D2D -21300 -470660000 24470000 900 1100
20230213 D2D -21600 -477340000 46590000 500 500
20230213 D2D -29300 -648270000 84340000  100
20230213 D2D -29400 -650500000 82110000  1100
20230213 D2D -29600 -654860000 99950000 1000 1700
20230213 D2D -30500 -674920000 57690000  100
20230213 D2D -30600 -677140000 55470000  200
20230213 D2D -30800 -681580000 51030000  200
20230213 D2D -31000 -686020000 46590000 9400 9400
20230213 D2D -35600 -787855000 225350000 1100 6800
20230213 D2D -37800 -836255000 225350000 2200 2200
20230213 D2D -37900 -838455000 225350000 100 100
20230213 D2D -39300 -869230000 99950000 9700 9700
20230213 D2D -39600 -875845000 99950000 300 300
20230213 D2D -39700 -878055000 99950000 100 100
20230213 D2D -39700 -878055000 99950000  200
20230213 D2D -40200 -889055000 99950000 500 500
20230213 D2D -4200 -93940000 0 2200 2200
20230213 D2D -42400 -937445000 227560000 4600 4700
20230213 D2D -43300 -957245000 227560000 900 900
20230213 D2D -43700 -966045000 229760000 500 600
20230213 D2D -43800 -968245000 229760000 100 100
20230213 D2D -4600 -102740000 20070000  600
20230213 D2D -5000 -111660000 20070000 400 400
20230213 D2D -5000 -111680000 6690000 1100 1400
20230213 D2D -52000 -1147155000 229760000 8200 8200
20230213 D2D -5200 -116120000 6690000 200 200
20230213 D2D -52800 -1164390000 243045000  600
20230213 D2D -53000 -1168955000 229760000 1000 1000
20230213 D2D -53400 -1177675000 229760000 400 400
20230213 D2D -55700 -1228770000 243045000 2900 2900
20230213 D2D "acum_busd" "acum_busd_val" "acum_val_bu" "sd" "sum_vol"
20230214 D2D 10200 226910000 260255000 100 500
20230214 D2D 10300 229190000 284730000 100 100
20230214 D2D 10400 231360000 264705000  200
20230214 D2D 10400 231405000 284730000 800 800
20230214 D2D 11200 249160000 282505000  800
20230214 D2D 11200 249165000 284730000 100 100
20230214 D2D 11300 251385000 284730000  100
20230214 D2D 1200 26665000 28885000  500
20230214 D2D 2500 55590000 57810000  1300
20230214 D2D 2500 55610000 82285000 300 300
20230214 D2D 2800 62270000 82285000 200 200
20230214 D2D 3000 66710000 93385000  500
20230214 D2D 3000 66715000 82285000 500 500
20230214 D2D 300 6660000 8880000 100 100
20230214 D2D 3200 71150000 97825000  200
20230214 D2D 3300 73390000 75610000  800
20230214 D2D 3500 77840000 82285000 100 100
20230214 D2D 3600 80065000 82285000  300
20230214 D2D 400 8880000 8880000  400
20230214 D2D 4800 106750000 133425000  1600
20230214 D2D 700 15540000 17760000  400
20230214 D2D 9200 204650000 231325000  4400
20230214 D2D 9400 209300000 284730000 900 900
20230214 D2D 9700 215780000 246905000 200 200
20230214 D2D 9800 218000000 244675000  600
20230214 D2D 9900 220230000 246905000  100
20230214 D2D 9900 220230000 251355000  200
20230214 D2D "acum_busd" "acum_busd_val" "acum_val_bu" "sd" "sum_vol"
20230216 D2D 100 2290000 2290000  100
20230216 D2D 1100 25140000 25140000  1000
20230216 D2D 1300 29800000 76805000  600
20230216 D2D -300 -6220000 25140000 1000 1000
20230216 D2D -600 -12920000 27380000 400 500
20230216 D2D 700 16180000 25140000 400 400
20230216 D2D 700 16210000 63215000  1500
20230216 D2D -800 -17390000 29615000  100
20230216 D2D -900 -19625000 27380000 300 300
20230216 D2D "acum_busd" "acum_busd_val" "acum_val_bu" "sd" "sum_vol"
20230217 D2D -10300 -228680000 4440000 1400 1400
20230217 D2D -11000 -244220000 4440000 700 700
20230217 D2D -12500 -277485000 13460000  300
20230217 D2D -12500 -277485000 6695000  100
20230217 D2D -12600 -279740000 4440000 1600 1600
20230217 D2D -12700 -281995000 6695000 200 200
20230217 D2D -12800 -284250000 6695000 100 100
20230217 D2D -5000 -111000000 0 5000 5000
20230217 D2D -8900 -197585000 4440000  100
20230217 D2D -9000 -199805000 0 4000 4000
20230217 D2D -9000 -199805000 2220000 100 200
20230217 D2D "acum_busd" "acum_busd_val" "acum_val_bu" "sd" "sum_vol"
20230220 D2D 0 0 0  1000
20230220 D2D -11500 -256390000 2290000  100
20230220 D2D -11600 -258680000 0 3700 3700
20230220 D2D -12800 -285770000 4550000  100
20230220 D2D -12900 -288030000 2290000 1400 1400
20230220 D2D -13200 -294730000 47465000 200 900
20230220 D2D -13700 -306030000 31645000  500
20230220 D2D -14000 -312810000 47465000 800 800
20230220 D2D -14200 -316795000 122425000 200 1200
20230220 D2D -14200 -317320000 47465000 200 200
20230220 D2D -14200 -317330000 20345000  200
20230220 D2D -14200 -317340000 15825000  500
20230220 D2D -14400 -321850000 15825000 200 200
20230220 D2D -14600 -326360000 4550000 1800 1800
20230220 D2D -14700 -328615000 4550000 100 100
20230220 D2D -15000 -334955000 99725000  1000
20230220 D2D -15200 -339445000 122425000 1000 1000
20230220 D2D -15300 -342130000 47465000 1100 1100
20230220 D2D -15400 -344385000 47465000 100 100
20230220 D2D -15900 -355300000 133750000 1200 1700
20230220 D2D -15900 -355300000 133750000  300
20230220 D2D -16000 -357705000 76975000  800
20230220 D2D -16100 -359670000 190400000 1300 2900
20230220 D2D -16400 -366600000 154090000  900
20230220 D2D -16400 -366935000 47465000 1000 1000
20230220 D2D -16800 -375865000 58815000  500
20230220 D2D -16900 -377900000 133750000 1000 1000
20230220 D2D -17000 -380465000 47465000 600 600
20230220 D2D -17300 -386940000 133750000 400 400
20230220 D2D -17300 -387215000 47465000 300 300
20230220 D2D -18100 -404670000 190400000 2000 2000
20230220 D2D -3900 -86970000 0 3900 3900
20230220 D2D -7900 -176170000 0 4000 4000
20230220 D2D "acum_busd" "acum_busd_val" "acum_val_bu" "sd" "sum_vol"
