20221212 DAT 200 1992000.0000000002
20221213 DAT 1300 13470000
20221215 DAT 400 4080000
20221219 DAT -200 -2000000
20221220 DAT 700 6649000
20221221 DAT 1200 12090000
20221226 DAT -100 -979999.9999999998
20221227 DAT -300 -2940000.0000000005
20221230 DAT 300 3055000
20230103 DAT 1900 19315000
20230106 DAT -200 -1918000
20230109 DAT -500 -4590000
20230110 DAT 100 1000000
20230111 DAT -100 -902000
20230112 DAT -200 -1939999.9999999998
20230113 DAT -200 -1960000.0000000002
20230116 DAT -500 -4863000
20230117 DAT 1800 17853000
20230118 DAT -4200 -40333000
20230119 DAT -1700 -16320000
20230127 DAT 800 7880000
20230130 DAT 1200 12375000
20230131 DAT 0 0
20230201 DAT -6800 -68200000
20230203 DAT 100 1046000
20230206 DAT 600 5995000
20230207 DAT -3500 -35000000
