20221212 DBD -6800 -238415000
20221214 DBD 51500 1895600000
20221216 DBD 62500 2314800000
20221219 DBD -400 -13935000
20221220 DBD 54300 2064235000
20221221 DBD -53000 -1942020000
20221222 DBD -5100 -205435000
20221223 DBD 286300 11123605000
20221226 DBD 161700 6378815000
20221227 DBD -219500 -8722325000
20221228 DBD 132700 5251515000
20221229 DBD 69100 2725210000
20221230 DBD -47900 -1886165000
20230103 DBD 200 7890000.000000001
20230104 DBD 41100 1608760000
20230105 DBD 96100 3812595000
20230106 DBD 161000 6429945000
20230109 DBD 41400 1636275000
20230110 DBD 24600 999820000
20230111 DBD 26500 1064695000
20230112 DBD 17800 726510000
20230113 DBD 94400 3768320000
20230116 DBD 42800 1697180000
20230117 DBD 130400 5118215000
20230118 DBD 150200 5848500000
20230119 DBD 17500 675600000
20230127 DBD -1100 -42710000
20230130 DBD 4700 183795000
20230131 DBD 25800 1033520000
20230201 DBD -7400 -293640000
20230202 DBD 57200 2315540000
20230203 DBD -85700 -3386510000
20230206 DBD 2100 85355000.00000001
20230207 DBD 78700 3203395000
