20221212 DBT 1000 11165000 13395000  300
20221212 DBT 1000 11190000 24580000  100
20221212 DBT -100 -1115000 0 100 100
20221212 DBT 1100 12305000 23465000 100 100
20221212 DBT 1200 13420000 23465000  300
20221212 DBT 1200 13420000 26810000  200
20221212 DBT 1500 16765000 18995000  500
20221212 DBT 1500 16765000 30155000  300
20221212 DBT 1600 17880000 31270000  100
20221212 DBT 1600 17890000 20120000  100
20221212 DBT -200 -2230000 0 100 100
20221212 DBT 2600 29030000 42420000  1000
20221212 DBT 3100 34605000 47995000  500
20221212 DBT 3600 40180000 53570000  500
20221212 DBT 3800 42410000 60260000 200 200
20221212 DBT 4000 44640000 60260000 200 200
20221212 DBT 4200 46870000 60260000  600
20221212 DBT 500 5575000 7805000  700
20221212 DBT 700 7805000 10035000  200
20221212 DBT 900 10075000 20120000 700 700
20221212 DBT 900 10075000 23465000 200 200
20221212 DBT "acum_busd" "acum_busd_val" "acum_val_bu" "sd" "sum_vol"
20221213 DBT -100 -1090000 0 100 100
20221213 DBT 1700 16707200 22177200  1000
20221213 DBT 400 4385000 9855000  900
20221213 DBT 500 4386100 9856100  100
20221213 DBT -500 -5470000 0 400 400
20221213 DBT 700 5507200 10977200  200
20221213 DBT "acum_busd" "acum_busd_val" "acum_val_bu" "sd" "sum_vol"
20221214 DBT 1600 17920000 17920000  1600
20221214 DBT 1700 19040000 21280000 200 200
20221214 DBT 1800 20155000 22395000  100
20221214 DBT 1900 21280000 21280000  300
20221214 DBT 2100 23515000 25755000  300
20221214 DBT 2200 24650000 26890000  100
20221214 DBT 2400 26920000 34835000 300 300
20221214 DBT 2700 30280000 38195000  300
20221214 DBT 2700 30325000 34835000 200 200
20221214 DBT 2900 32595000 34835000  700
20221214 DBT "acum_busd" "acum_busd_val" "acum_val_bu" "sd" "sum_vol"
20221215 DBT -1300 -14560000 7840000  400
20221215 DBT -1600 -17920000 3360000 1900 1900
20221215 DBT -1700 -19040000 3360000 100 100
20221215 DBT -2500 -28000000 28000000 3000 3000
20221215 DBT 300 3360000 3360000  300
20221215 DBT -3200 -35840000 28000000 700 700
20221215 DBT 500 5600000 28000000  1800
20221215 DBT -5200 -44703200 28000000 2000 2000
20221215 DBT -5500 -48018200 28000000 300 300
20221215 DBT "acum_busd" "acum_busd_val" "acum_val_bu" "sd" "sum_vol"
20221216 DBT 200 2300000 23390000 600 600
20221216 DBT -300 -3330000 0 300 300
20221216 DBT -300 -3330000 2220000  100
20221216 DBT -400 -4440000 1110000  100
20221216 DBT 4700 52260000 73350000  4500
20221216 DBT 4800 53380000 74470000  100
20221216 DBT -500 -5550000 0 200 200
20221216 DBT 600 6710000 20030000 700 1200
20221216 DBT 700 7830000 21150000  100
20221216 DBT 700 7840000 22270000 100 100
20221216 DBT 800 8880000 14430000  1100
20221216 DBT 800 8950000 22270000  100
20221216 DBT 800 8960000 23390000  100
20221216 DBT "acum_busd" "acum_busd_val" "acum_val_bu" "sd" "sum_vol"
20221219 DBT 0 135000 9970000  100
20221219 DBT 100 1260000 8855000  500
20221219 DBT -100 -905000 13375000  300
20221219 DBT -100 -980000 8855000 200 200
20221219 DBT -400 -4310000 9970000 400 400
20221219 DBT -400 -4340000 3255000  200
20221219 DBT -400 -4340000 3255000  300
20221219 DBT -700 -7595000 0 700 700
20221219 DBT "acum_busd" "acum_busd_val" "acum_val_bu" "sd" "sum_vol"
20221220 DBT 100 2188900 2190000 100 300
20221220 DBT 1700 19708900 19710000  1600
20221220 DBT -300 19686900 19710000 2000 2000
20221220 DBT -500 17466900 19710000 200 200
20221220 DBT -5500 16303000 21930000 4900 4900
20221220 DBT -600 16356900 20820000  100
20221220 DBT -600 16356900 21930000  100
20221220 DBT -700 15246900 19710000 200 200
20221220 DBT -700 15246900 20820000 100 100
20221220 DBT "acum_busd" "acum_busd_val" "acum_val_bu" "sd" "sum_vol"
20221221 DBT -100 -1090000 2180000  200
20221221 DBT -300 -3270000 0 300 300
20221221 DBT 900 10060000 13330000  1000
20221221 DBT "acum_busd" "acum_busd_val" "acum_val_bu" "sd" "sum_vol"
20221222 DBT 0 10000 1090000  100
20221222 DBT -100 -1080000 0 100 100
20221222 DBT 300 3280000 10900000  900
20221222 DBT 400 4370000 11990000  100
20221222 DBT -500 -5440000 1090000 500 500
20221222 DBT 500 5460000 13080000  100
20221222 DBT -600 -6530000 1090000 100 100
20221222 DBT 700 7650000 15270000  200
20221222 DBT "acum_busd" "acum_busd_val" "acum_val_bu" "sd" "sum_vol"
20221223 DBT 100 1095000 1095000  100
20221223 DBT 500 5475000 6570000 100 100
20221223 DBT 600 5476100 6571100  100
20221223 DBT 600 6570000 6570000  500
20221223 DBT "acum_busd" "acum_busd_val" "acum_val_bu" "sd" "sum_vol"
20221226 DBT -100 -1080000 0 100 100
20221226 DBT "acum_busd" "acum_busd_val" "acum_val_bu" "sd" "sum_vol"
20221227 DBT 100 1100 1100  100
20221227 DBT 1100 10871100 19511100  1600
20221227 DBT 1200 11851100 11851100  600
20221227 DBT 1300 12941100 12941100  100
20221227 DBT 1300 13081100 21721100  200
20221227 DBT 200 1081100 1081100  100
20221227 DBT 2800 29726100 38366100  1500
20221227 DBT 3000 31956100 40596100  200
20221227 DBT 300 2161100 2161100  100
20221227 DBT 500 4301100 12941100 800 800
20221227 DBT 600 5371100 5371100  300
20221227 DBT "acum_busd" "acum_busd_val" "acum_val_bu" "sd" "sum_vol"
20221228 DBT 1200 14443900 17790000 100 600
20221228 DBT 1300 15558900 18905000  100
20221228 DBT -200 -2235000 1110000  100
20221228 DBT -300 -3345000 0 300 300
20221228 DBT 700 7755000 11100000  900
20221228 DBT 800 8870000 12215000  100
20221228 DBT "acum_busd" "acum_busd_val" "acum_val_bu" "sd" "sum_vol"
20221229 DBT -200 -1106100 0 200 200
20221229 DBT -5400 4406200 5576100  500
20221229 DBT -5900 -1168800 1100  100
20221229 DBT -6000 -1169900 0 5800 5800
20221229 DBT "acum_busd" "acum_busd_val" "acum_val_bu" "sd" "sum_vol"
20221230 DBT 100 1125000 1125000  100
20221230 DBT "acum_busd" "acum_busd_val" "acum_val_bu" "sd" "sum_vol"
20230103 DBT 0 1108900 1110000  100
20230103 DBT -100 -1100 0 100 100
20230103 DBT 100 1110000 1111100  100
20230103 DBT -10800 -96310900 2241100 10000 10000
20230103 DBT -12500 -114705900 11151100  100
20230103 DBT -12500 -114710900 10021100  100
20230103 DBT -12600 -115835900 10021100 100 100
20230103 DBT -12600 -115835900 8896100  300
20230103 DBT -12900 -119220900 5511100 2400 2700
20230103 DBT 200 2240000 2241100  100
20230103 DBT -800 21200 2241100 1000 1000
20230103 DBT "acum_busd" "acum_busd_val" "acum_val_bu" "sd" "sum_vol"
20230104 DBT -1700 -14718300 32820000  100
20230104 DBT -1800 -15863300 31675000 1000 1000
20230104 DBT -1900 -16968300 32820000 200 200
20230104 DBT -1900 -17008300 19130000  100
20230104 DBT -2000 -18138300 18000000  200
20230104 DBT 200 2250000 2250000  200
20230104 DBT -2200 -20388300 15750000  1200
20230104 DBT -3400 -33888300 2250000 3600 3600
20230104 DBT -800 -4463300 31675000  1100
20230104 DBT "acum_busd" "acum_busd_val" "acum_val_bu" "sd" "sum_vol"
20230105 DBT -3000 -21736000 0 3000 3000
20230105 DBT -4700 -39411000 13500000  1200
20230105 DBT -5300 -46251000 0 2300 2800
20230105 DBT -5400 -47341000 0 100 100
20230105 DBT -5500 -48431000 0 100 100
20230105 DBT -5600 -49551000 0 100 100
20230105 DBT -5900 -52911000 0 300 300
20230105 DBT "acum_busd" "acum_busd_val" "acum_val_bu" "sd" "sum_vol"
20230106 DBT -4000 -1147900 0 4000 4000
20230106 DBT -5000 -1158900 0 1000 1000
20230106 DBT -6900 6687500 7875000  700
20230106 DBT -7600 -1187500 0 2600 2600
20230106 DBT "acum_busd" "acum_busd_val" "acum_val_bu" "sd" "sum_vol"
20230109 DBT 1000 44477000 44543000  200
20230109 DBT 1100 45602000 45668000  100
20230109 DBT -1400 17477000 45668000 2500 2500
20230109 DBT -1500 16352000 45668000 100 100
20230109 DBT -2100 10047000 10113000  3000
20230109 DBT -2600 4172000 89738000  3900
20230109 DBT -3400 -5023000 45668000 1900 1900
20230109 DBT -4800 -20773000 45668000 1400 1400
20230109 DBT -5100 10014000 10080000 6000 6000
20230109 DBT -5300 -26398000 45668000 500 500
20230109 DBT -6300 -37648000 45668000 1000 1000
20230109 DBT -6500 -39898000 45668000 200 200
20230109 DBT 800 42237000 42303000  2900
20230109 DBT 800 8960000 8960000  800
20230109 DBT 900 10080000 10080000  100
20230109 DBT "acum_busd" "acum_busd_val" "acum_val_bu" "sd" "sum_vol"
20230110 DBT 0 20000 21490000 1900 1900
20230110 DBT 1700 19210000 19210000  1700
20230110 DBT 1900 21490000 21490000  200
20230110 DBT 2100 23960000 45430000  2100
20230110 DBT "acum_busd" "acum_busd_val" "acum_val_bu" "sd" "sum_vol"
20230111 DBT 11500 131100000 131100000  7400
20230111 DBT 11600 132240000 132240000  100
20230111 DBT 4000 45600000 45600000  4000
20230111 DBT 4100 46740000 46740000  100
20230111 DBT "acum_busd" "acum_busd_val" "acum_val_bu" "sd" "sum_vol"
20230112 DBT 0 0 0  3700
20230112 DBT 10000 114000000 114000000  10000
20230112 DBT 17500 199500000 199500000  7500
20230112 DBT 17900 204060000 204060000  400
20230112 DBT 20900 238260000 238260000  3000
20230112 DBT 24300 277020000 277020000  3400
20230112 DBT 25300 288495000 289635000 100 1200
20230112 DBT 25800 294195000 295335000  500
20230112 DBT 26200 298755000 299895000  400
20230112 DBT 26800 305655000 306795000  600
20230112 DBT 28500 325150000 326290000  1700
20230112 DBT 30500 348150000 349290000  2000
20230112 DBT 31600 360800000 361940000  1100
20230112 DBT 33600 383800000 384940000  2000
20230112 DBT "acum_busd" "acum_busd_val" "acum_val_bu" "sd" "sum_vol"
20230113 DBT 0 0 0  800
20230113 DBT 1000 11600000 11600000  1000
20230113 DBT 1100 12760000 12760000  100
20230113 DBT 1400 16240000 16240000  300
20230113 DBT 2700 31320000 31320000  1300
20230113 DBT 700 8320000 31320000 2000 2000
20230113 DBT 800 9480000 32480000  100
20230113 DBT "acum_busd" "acum_busd_val" "acum_val_bu" "sd" "sum_vol"
20230116 DBT 100 1165000 1165000  100
20230116 DBT -1400 -16155000 37285000  500
20230116 DBT -1400 -16160000 18640000  400
20230116 DBT -1700 -19655000 18640000 300 300
20230116 DBT -1800 -20820000 13980000  1000
20230116 DBT -1800 -20875000 1165000 1000 1000
20230116 DBT -1900 -21980000 31460000  100
20230116 DBT -2000 -23145000 19810000  100
20230116 DBT -2000 -23145000 30295000  300
20230116 DBT -2000 -23150000 18640000 300 300
20230116 DBT -2100 -24315000 18640000 100 100
20230116 DBT -2300 -26640000 26800000  200
20230116 DBT -2500 -28970000 24470000  400
20230116 DBT -2800 -32470000 2330000  100
20230116 DBT -2800 -32475000 1165000 1000 1000
20230116 DBT -2900 -33630000 19810000 900 900
20230116 DBT -2900 -33635000 1165000 100 100
20230116 DBT -800 -9275000 1165000 900 900
20230116 DBT "acum_busd" "acum_busd_val" "acum_val_bu" "sd" "sum_vol"
20230117 DBT -10200 -115615000 0 400 400
20230117 DBT -11500 -130605000 0 1300 1300
20230117 DBT -14400 -163940000 1165000  100
20230117 DBT -14500 -165105000 0 3000 3000
20230117 DBT -5900 -65955000 0 5900 5900
20230117 DBT -6000 -67085000 0 100 100
20230117 DBT -7900 -88935000 0 1900 1900
20230117 DBT -9000 -101695000 0 1100 1100
20230117 DBT -9500 -107495000 0 500 500
20230117 DBT -9700 -109815000 0 200 200
20230117 DBT -9800 -110975000 0 100 100
20230117 DBT "acum_busd" "acum_busd_val" "acum_val_bu" "sd" "sum_vol"
20230118 DBT 1300 15145000 15145000  400
20230118 DBT 1600 18670000 32620000 300 300
20230118 DBT 1900 22150000 32620000 300 300
20230118 DBT 2000 23330000 37280000  400
20230118 DBT 2100 24465000 31455000 100 100
20230118 DBT 2200 25630000 31455000 500 500
20230118 DBT 2200 25630000 32620000  100
20230118 DBT 2200 25660000 39610000  200
20230118 DBT 2600 30320000 44270000  400
20230118 DBT 2700 31455000 31455000  1400
20230118 DBT 3600 41820000 55770000  1000
20230118 DBT 700 8155000 8155000  700
20230118 DBT 800 9320000 9320000  100
20230118 DBT 900 10485000 10485000  100
20230118 DBT "acum_busd" "acum_busd_val" "acum_val_bu" "sd" "sum_vol"
20230119 DBT -100 -1150000 0 100 100
20230119 DBT -2400 -27600000 0 2300 2300
20230119 DBT -3000 -34500000 0 600 600
20230119 DBT -3400 -39100000 0 400 400
20230119 DBT -500 -5450000 34800000 100 3100
20230119 DBT -500 -5450000 34800000  2400
20230119 DBT "acum_busd" "acum_busd_val" "acum_val_bu" "sd" "sum_vol"
20230127 DBT -100 -1180000 0 100 100
20230127 DBT -10400 -119688600 15719600  300
20230127 DBT -10600 -90091000 3637200  600
20230127 DBT -10700 -123303600 12104600  600
20230127 DBT -10800 -118489600 16924600  100
20230127 DBT -10900 -119694600 15719600 500 500
20230127 DBT -11100 -96066000 3637200 500 500
20230127 DBT -11200 -90098200 3630000 2300 3200
20230127 DBT -11200 -97261000 3637200 100 100
20230127 DBT -11300 -130533600 4874600  100
20230127 DBT -11400 -131738600 3669600 2000 4600
20230127 DBT -11800 -118501600 16924600 1000 1000
20230127 DBT -11900 -119691600 16924600 100 100
20230127 DBT -12000 -107969800 3638400  100
20230127 DBT -12100 -107971000 3637200 900 900
20230127 DBT -5100 -60180000 0 5000 5000
20230127 DBT -6400 -75650000 0 1300 1300
20230127 DBT -6700 -79195000 0 300 300
20230127 DBT -6800 -80390000 0 100 100
20230127 DBT -6900 -81585000 0 100 100
20230127 DBT -9100 -81611400 0 2200 2200
20230127 DBT -9200 -81612600 0 100 100
20230127 DBT "acum_busd" "acum_busd_val" "acum_val_bu" "sd" "sum_vol"
20230130 DBT 100 1150000 1150000  100
20230130 DBT -1900 -21650000 1150000 2000 2000
20230130 DBT 2400 27370000 50170000  3000
20230130 DBT 2500 28565000 62765000 1000 1000
20230130 DBT 3500 39965000 62765000  1100
20230130 DBT 4000 45855000 103935000 1200 1200
20230130 DBT 4200 48045000 92505000 800 800
20230130 DBT 4500 51465000 85665000  2000
20230130 DBT 4600 52605000 86805000  100
20230130 DBT 4800 54885000 89085000  200
20230130 DBT 5000 57165000 91365000  200
20230130 DBT 5000 57165000 92505000 100 100
20230130 DBT 5000 57205000 101665000  800
20230130 DBT 5100 58305000 92505000  100
20230130 DBT 5100 58340000 102800000  100
20230130 DBT 5200 59475000 103935000  100
20230130 DBT -600 -6830000 15970000  1300
20230130 DBT "acum_busd" "acum_busd_val" "acum_val_bu" "sd" "sum_vol"
20230131 DBT -1100 50789500 57500000 2000 2000
20230131 DBT -1200 54190100 60908300  100
20230131 DBT -1300 53055100 59773300  200
20230131 DBT -1300 53060100 60908300 100 100
20230131 DBT -1500 50785100 57503300  300
20230131 DBT -1700 48540100 60908300 400 400
20230131 DBT -1800 50781800 57500000 700 700
20230131 DBT 2600 57473600 57500000 2400 2400
20230131 DBT 5000 57500000 57500000  5000
20230131 DBT 900 55247100 57500000 1700 1700
20230131 DBT "acum_busd" "acum_busd_val" "acum_val_bu" "sd" "sum_vol"
20230201 DBT 0 5619500 5625000 500 500
20230201 DBT 100 1130000 1130000  100
20230201 DBT -12500 -22939400 57995000 4800 4800
20230201 DBT 1400 23577300 57995000 100 100
20230201 DBT -14600 -22962500 57995000 2100 2100
20230201 DBT 1500 24687300 57995000 3000 7200
20230201 DBT -2700 -21727700 57995000 2000 2000
20230201 DBT 300 11217300 11225000 100 100
20230201 DBT 300 11217300 11225000  1500
20230201 DBT 400 11218400 11225000 100 100
20230201 DBT 500 11219500 11225000  500
20230201 DBT 500 5625000 5625000  400
20230201 DBT -700 372300 57995000 2100 2100
20230201 DBT -7700 -22886600 57995000 5000 5000
20230201 DBT "acum_busd" "acum_busd_val" "acum_val_bu" "sd" "sum_vol"
20230202 DBT 100 1100 1100  100
20230202 DBT -1500 -18242800 2200 600 600
20230202 DBT -4700 -51492800 1087200  100
20230202 DBT -4800 -52577800 2200 3300 3300
20230202 DBT -900 -11877800 2200 1100 1200
20230202 DBT "acum_busd" "acum_busd_val" "acum_val_bu" "sd" "sum_vol"
20230203 DBT -1000 -10315000 31325000 2000 2000
20230203 DBT 1000 11085000 31325000 1000 1000
20230203 DBT 1200 13065000 22695000 900 900
20230203 DBT 1300 14135000 23765000  100
20230203 DBT 1900 20615000 30245000  600
20230203 DBT 2000 21695000 31325000  100
20230203 DBT 200 2170000 2170000  200
20230203 DBT 2100 22695000 22695000  1200
20230203 DBT 2100 22695000 22695000  2100
20230203 DBT 300 3255000 3255000  100
20230203 DBT 400 4335000 4335000  100
20230203 DBT 900 9735000 9735000  500
20230203 DBT "acum_busd" "acum_busd_val" "acum_val_bu" "sd" "sum_vol"
20230206 DBT 0 190000 10700000  200
20230206 DBT 100 1070000 4280000 300 300
20230206 DBT -100 -900000 8560000 600 600
20230206 DBT -200 -1950000 8560000 100 100
20230206 DBT 300 3210000 3210000  300
20230206 DBT 400 4280000 4280000  100
20230206 DBT 500 5350000 8560000  400
20230206 DBT "acum_busd" "acum_busd_val" "acum_val_bu" "sd" "sum_vol"
20230207 DBT 0 185000.00000000093 13980000  600
20230207 DBT 1000 10885000 24680000  100
20230207 DBT 1600 17465000 48440000 1000 1000
20230207 DBT 2600 28165000 48440000 600 2800
20230207 DBT -400 -3935000 48440000 2000 2000
20230207 DBT 400 4320000.000000001 7560000.000000001 100 100
20230207 DBT 400 4465000.000000001 18260000  400
20230207 DBT -500 -4995000 48440000 100 100
20230207 DBT 500 5400000.000000001 7560000.000000001 200 200
20230207 DBT -600 -6234999.999999999 7560000.000000001 1000 1000
20230207 DBT 700 7560000.000000001 7560000.000000001  700
20230207 DBT 900 9815000 23610000  500
20230207 DBT "acum_busd" "acum_busd_val" "acum_val_bu" "sd" "sum_vol"
20230208 DBT 0 20000 1080000 100 100
20230208 DBT 100 1080000 1080000  100
20230208 DBT 2400 25880000 55360000  1800
20230208 DBT -2600 -27340000 1080000 2000 2000
20230208 DBT 300 3400000 31820000  2900
20230208 DBT 300 3410000 32890000 100 200
20230208 DBT 400 4480000 55360000 2000 2000
20230208 DBT -500 -5280000 1080000 500 500
20230208 DBT 500 5555000 56435000  100
20230208 DBT 5600 60630000 111510000  5000
20230208 DBT 5700 61710000 112590000  100
20230208 DBT -600 -6340000 1080000 100 100
20230208 DBT 600 6620000 36100000  300
20230208 DBT 600 6630000 57510000  100
20230208 DBT "acum_busd" "acum_busd_val" "acum_val_bu" "sd" "sum_vol"
20230209 DBT 1100 11935000 11935000  600
20230209 DBT -11700 -129566700 14108300  300
20230209 DBT -11900 -128495000 14105000  100
20230209 DBT -12000 -129570000 14105000 100 100
20230209 DBT -12000 -129580000 13020000 9500 9500
20230209 DBT -2000 -21580000 13020000 1200 1200
20230209 DBT -2500 -26980000 13020000 500 500
20230209 DBT 300 3255000 3255000  300
20230209 DBT 400 4340000 13020000 400 400
20230209 DBT 400 4340000 4340000  100
20230209 DBT 500 5425000 5425000  100
20230209 DBT 700 7595000 11935000 400 400
20230209 DBT -800 -8620000 13020000 1200 1200
20230209 DBT 800 8680000 13020000  100
20230209 DBT "acum_busd" "acum_busd_val" "acum_val_bu" "sd" "sum_vol"
20230210 DBT -100 -1100 0 100 100
20230210 DBT -100 8900 1090000  100
20230210 DBT -10500 -112301100 3260000  100
20230210 DBT -10600 -113381100 2180000 5600 5600
20230210 DBT -200 -1081100 0 100 100
20230210 DBT -2800 -104644100 55205800  2300
20230210 DBT -3500 -104651800 55205800 700 700
20230210 DBT -4200 -115498500 55209100  200
20230210 DBT -4300 -113331800 55205800 800 800
20230210 DBT -4400 -115500700 55206900  100
20230210 DBT -4500 -115501800 55205800 200 200
20230210 DBT -4800 -104666100 55178300  1200
20230210 DBT -5000 -52901100 2180000  100
20230210 DBT -5100 -104669400 55180500  200
20230210 DBT -5100 -53991100 1090000 5000 5000
20230210 DBT -5300 -104671600 55178300 500 500
20230210 DBT -6000 -104679300 55165100  200
20230210 DBT -6000 -63681100 51880000  100
20230210 DBT -6100 -64771100 50790000  100
20230210 DBT -6200 -104681500 55162900  400
20230210 DBT -6200 -65861100 49700000  500
20230210 DBT -6400 -104683700 55158500 100 1800
20230210 DBT -6400 -68001100 51880000 400 400
20230210 DBT -6600 -104685900 55158500 200 200
20230210 DBT -6700 -71261100 44300000  3800
20230210 DBT -8000 -104701300 55139800  1200
20230210 DBT -9200 -104714500 55126600  200
20230210 DBT -9400 -104716700 55124400  100
20230210 DBT -9500 -104717800 55123300  200
20230210 DBT -9700 -104720000 55121100  100
20230210 DBT -9800 -104721100 55120000 3700 4000
20230210 DBT "acum_busd" "acum_busd_val" "acum_val_bu" "sd" "sum_vol"
20230213 DBT 1000 11205000 51675000 100 100
20230213 DBT 100 1100000 1100000  100
20230213 DBT -1100 -11610000 3300000 1400 1400
20230213 DBT 1100 12265000 51675000 600 600
20230213 DBT 1100 12290000 52760000  100
20230213 DBT -1400 -14790000 3300000 300 300
20230213 DBT 1400 15470000 55940000  300
20230213 DBT 1500 16095000 34185000  2900
20230213 DBT 1700 18625000 51675000 400 400
20230213 DBT 1900 20495000 38585000  400
20230213 DBT 2100 22885000 51675000 1000 1000
20230213 DBT 2900 31395000 49485000  1000
20230213 DBT 300 3300000 3300000  200
20230213 DBT 3100 33585000 51675000  200
20230213 DBT "acum_busd" "acum_busd_val" "acum_val_bu" "sd" "sum_vol"
20230214 DBT 0 20000 1080000  100
20230214 DBT -100 -1060000 0 100 100
20230214 DBT -2000 -21080000 1080000 2000 2000
20230214 DBT -2300 -24245000 2135000  100
20230214 DBT -2400 -25300000 1080000 400 400
20230214 DBT "acum_busd" "acum_busd_val" "acum_val_bu" "sd" "sum_vol"
20230216 DBT 0 0 0  100
20230216 DBT 1400 15375000 22935000 500 500
20230216 DBT 1900 20775000 22935000 200 200
20230216 DBT 2000 21850000 21850000  2000
20230216 DBT 2100 22935000 22935000  100
20230216 DBT "acum_busd" "acum_busd_val" "acum_val_bu" "sd" "sum_vol"
20230217 DBT -1000 -10770000 4350000 300 300
20230217 DBT -1000 -10795000 1085000 1100 1100
20230217 DBT 1000 11030000 26150000  2000
20230217 DBT 100 1085000 1085000  100
20230217 DBT 1100 12120000 27240000  100
20230217 DBT 1200 13210000 28330000  100
20230217 DBT 1200 13225000 31615000 300 300
20230217 DBT 1500 16495000 31615000  300
20230217 DBT 600 6715000 31615000 600 600
20230217 DBT -700 -7530000 4350000  100
20230217 DBT 700 7800000 32700000  100
20230217 DBT -800 -8620000 3260000  100
20230217 DBT -900 -9710000 2170000  100
20230217 DBT "acum_busd" "acum_busd_val" "acum_val_bu" "sd" "sum_vol"
20230220 DBT -100 -1075000 0 100 100
20230220 DBT 100 1075000 2150000  200
20230220 DBT -1300 -14020000 2150000 1000 1000
20230220 DBT -1500 -16195000 8695000  300
20230220 DBT -1800 -19465000 8695000 300 300
20230220 DBT -1800 -19470000 5420000 800 1100
20230220 DBT -200 -2135000 2150000 300 300
20230220 DBT -2300 -24835000 10885000  100
20230220 DBT -2400 -25935000 9785000  100
20230220 DBT -2500 -27025000 8695000 700 700
20230220 DBT 2700 30165000 65885000  5000
20230220 DBT -300 -3220000 2150000 100 100
20230220 DBT 4100 45825000 99145000 1600 1600
20230220 DBT 5700 63425000 99145000  3000
20230220 DBT "acum_busd" "acum_busd_val" "acum_val_bu" "sd" "sum_vol"
