20221212 DC2 -1500 -8100000
20221213 DC2 3000 16270000
20221214 DC2 200 1110000
20221215 DC2 -1000 -5290000
20221216 DC2 300 1460000
20221219 DC2 1100 6300000
20221220 DC2 2500 14270000
20221221 DC2 -100 -530000
20221222 DC2 -100 -560000
20221223 DC2 200 1180000
20221226 DC2 -3900 -20980000
20221227 DC2 100 540000
20221228 DC2 400 2320000
20230103 DC2 -1600 -8980000
20230104 DC2 0 0
20230105 DC2 -2100 -11760000
20230106 DC2 -6600 -36960000
20230109 DC2 2900 17410000
20230110 DC2 1200 7620000
20230112 DC2 200 1270000
20230117 DC2 -1500 -9440000
20230118 DC2 300 1800000
20230119 DC2 -1200 -6599999.999999999
20230127 DC2 1700 9560000
20230130 DC2 -1400 -6790000
20230131 DC2 -800 -4160000
20230201 DC2 -2000 -9130000
20230202 DC2 200 1100000
20230203 DC2 -100 -500000
20230207 DC2 -1600 -7540000
