20221212 DFF 9600 138300000 145860000 600 11000
20221213 DFF 3000 -3433800 4186200 600 4200
20221214 DFF 11300 165440000 165440000 0 12300
20221215 DFF 6800 100380000 110860000 800 8500
20221216 DFF 11800 167920000 171760000 300 12400
20221219 DFF 3900 54600 54600 0 3900
20221220 DFF 6500 104918300 104930000 900 8300
20221221 DFF 5500 78100000 78100000 0 5500
20221222 DFF 9600 136270000 136270000 0 10900
20221223 DFF 2000 27200000 27200000 0 2000
20221226 DFF 8500 131370000 136530000 400 9300
20221227 DFF 10400 166400 166400 0 10400
20221228 DFF 7500 116250000 116250000 0 7500
20221229 DFF -3700 -54870000 16170000 4800 5900
20221230 DFF 9000 3240800 3240800 0 9000
20230103 DFF 7400 112480000 112480000 0 7400
20230104 DFF 9200 151760000 151760000 0 10200
20230105 DFF 7400 119880000 119880000 0 7400
20230106 DFF 7800 128700000 128700000 0 7800
20230109 DFF 6000 93000000 93000000 0 6000
20230110 DFF 2700 43190000 43190000 0 3700
20230111 DFF 6000 94740000 94740000 0 6000
20230112 DFF 5800 96160000 96160000 0 7300
20230113 DFF 6800 111370000 111370000 0 6800
20230116 DFF 4500 72900000 72900000 0 4500
20230117 DFF 6300 99810000 99810000 0 6300
20230118 DFF 6000 93000000 93000000 0 6000
20230119 DFF 6000 89400000 89400000 0 6000
20230130 DFF 5400 103500600 112753200 1600 8600
20230131 DFF 5000 79000000 79000000 0 5000
20230201 DFF 4200 69720000 69720000 0 5100
20230202 DFF 5600 83440000 83440000 0 5600
20230203 DFF 6100 92836100 92840000 300 6700
20230206 DFF 5300 76540000 86620000 800 6900
20230207 DFF 7400 116920000 116920000 0 7900
20230208 DFF 6800 108120000 108120000 0 6800
20230209 DFF 604200 73087200 79940000 700 1005600
20230210 DFF 404500 74730000 80170000 400 506100
20230213 DFF 2900 45430000 54600000 700 4300
20230214 DFF 4900 74670000 76000000 100 5400
20230216 DFF 2500 35560000 36880000 100 4700
20230217 DFF 3000 44000000 44000000 0 3000
20230220 DFF 4800 70510000 97940000 2100 11700
