20221212 DHM 4700 45247000
20221213 DHM 1042300 9913518000
20221214 DHM 189300 1126354000
20221215 DHM 163400 1635157000
20221216 DHM 135800 1358736000
20221219 DHM 165200 1646315000
20221220 DHM 79100 797852000
20221221 DHM 116300 1128255000
20221222 DHM 219400 2106992000
20221223 DHM 202900 1940252000
20221226 DHM 188000 1844119000
20221227 DHM 262500 2507478000
20221228 DHM 277500 2707178000
20221229 DHM 321500 3041972000.000001
20221230 DHM -49400 -471821000
20230103 DHM -52000 -464815000
20230104 DHM 21400 215994000
20230105 DHM 119500 1120990000
20230106 DHM 47200 452129000
20230109 DHM -22000 -58548500
20230110 DHM 45500 425257000
20230111 DHM -7700 -60570999.99999994
20230112 DHM 36000 331278000
20230113 DHM -1700 -1198000
20230116 DHM 180700 1649540000
20230117 DHM 51200 472630000
20230118 DHM 45500 420610000
20230119 DHM 48000 451496000
20230127 DHM 46300 456125000
20230130 DHM 124500 1324190000
20230131 DHM 78600 815603000
20230201 DHM -26700 -332774700
20230202 DHM -111600 -1381228900
20230203 DHM -74000 65580400
20230206 DHM 81300 1157906900
20230207 DHM 4700 -264543800
20230208 DHM -60200 -340480100
20230209 DHM 95600 996575400
20230210 DHM 91200 1039512800
20230213 DHM -98200 -1129060000
