20221212 DID -1800 -6190000
20221213 DID 500 1810000
20221214 DID 300 1140000
20221215 DID 1100 4070000
20221216 DID -2500 -9010000
20221219 DID -5500 -20150000
20221220 DID -100 -360000
20221221 DID -300 -290000
20221222 DID -600 -1180000
20221223 DID -400 -1260000
20221226 DID 2900 10270000
20221227 DID 1200 4140000
20221228 DID -400 -1300000
20221229 DID -1000 -3300000
20221230 DID 700 2630000
20230103 DID 900 3060000
20230104 DID 500 1750000
20230105 DID -1100 -3590000
20230106 DID -2100 -6920000
20230109 DID -200 -590000
20230110 DID 0 10000
20230111 DID -2300 -7380000
20230112 DID -3000 -9350000
20230113 DID 1700 5650000
20230116 DID 600 2170000
20230117 DID 0 260000
20230118 DID 1700 6320000
20230119 DID 2600 10740000
20230127 DID 21900 87480000
20230130 DID 700 2970000
20230131 DID -3900 -15100000
20230201 DID -5500 -20680000
20230202 DID 0 0
20230203 DID 200 1210000
20230206 DID 200 1210000
20230207 DID 200 780000
