20221212 DIH 100 2720000
20221213 DIH -500 -12800000
20221214 DIH -3700 -84335000
20221215 DIH -2900 -78712200
20221216 DIH 400 15315000
20221219 DIH -1200 -30000
20221220 DIH -1700 4972500
20221221 DIH 3000 73572700
20221222 DIH 0 0
20221223 DIH 6100 152500
20221226 DIH -3100 -77855000
20221227 DIH 800 20000
20221228 DIH 300 7500
20221230 DIH -2600 -80294600
20230103 DIH -400 2667500
20230104 DIH -1200 -30240000
20230105 DIH 1100 22725000
20230106 DIH 0 2547500
20230110 DIH 1600 -16961900
20230111 DIH 3900 26296000
20230112 DIH -500 -12460000
20230113 DIH 3000 72920000
20230116 DIH -14200 -380000000
20230117 DIH -11300 -332220000
20230118 DIH -4300 -97636800
20230119 DIH 4500 31082200
20230127 DIH -10100 -106216100
20230130 DIH -7000 -192601700
20230131 DIH 500 155500
20230201 DIH -16600 -388826400
20230202 DIH -3100 -96820000
20230203 DIH -100 -3100
20230207 DIH -2000 13435600
20230208 DIH -5400 -174863800
20230209 DIH -4100 -113776000
20230210 DIH -6000 -164361600
20230213 DIH -400 -11800000
