20221212 DIH 100 2720000 2720000  300
20221212 DIH "acum_busd" "acum_busd_val" "acum_val_bu" "sd" "sum_vol"
20221213 DIH -100 -2560000 0 100 100
20221213 DIH -300 -7680000 0 200 200
20221213 DIH -400 -10240000 0 100 100
20221213 DIH -500 -12800000 0 100 100
20221213 DIH "acum_busd" "acum_busd_val" "acum_val_bu" "sd" "sum_vol"
20221214 DIH -200 -5040000 0 200 200
20221214 DIH -3700 -84335000 2650000  100
20221214 DIH -3800 -86985000 0 3400 4800
20221214 DIH -400 -5045000 0 200 200
20221214 DIH -400 -5045000 0  300
20221214 DIH -400 -5045000 0  500
20221214 DIH -400 -5045000 0  500
20221214 DIH "acum_busd" "acum_busd_val" "acum_val_bu" "sd" "sum_vol"
20221215 DIH 0 0 0  100
20221215 DIH 0 0 0  1000
20221215 DIH 0 0 0  900
20221215 DIH 200 5200 5200  200
20221215 DIH -2400 -66412200 7800  1300
20221215 DIH -2400 -66412200 7800 2700 2700
20221215 DIH -2400 -66412200 7800  300
20221215 DIH -2400 -66412200 7800  500
20221215 DIH -2900 -78712200 7800  300
20221215 DIH -2900 -78712200 7800 500 500
20221215 DIH 300 7800 7800  100
20221215 DIH "acum_busd" "acum_busd_val" "acum_val_bu" "sd" "sum_vol"
20221216 DIH 100 2490000 2490000  100
20221216 DIH 300 7470000 7470000  200
20221216 DIH 300 9957500 9960000 100 100
20221216 DIH 400 15315000 20680000 100 100
20221216 DIH 400 9960000 9960000  100
20221216 DIH 400 9960000 9960000  500
20221216 DIH 500 15317500 20680000 200 600
20221216 DIH "acum_busd" "acum_busd_val" "acum_val_bu" "sd" "sum_vol"
20221219 DIH -100 -2510000 0 100 100
20221219 DIH -1200 -30000 2512500  100
20221219 DIH -1300 -2540000 2500  100
20221219 DIH -1300 -2540000 2500  100
20221219 DIH -1300 -2540000 2500  100
20221219 DIH -1400 -2542500 0 1300 2200
20221219 DIH "acum_busd" "acum_busd_val" "acum_val_bu" "sd" "sum_vol"
20221220 DIH 100 2510000 2510000  100
20221220 DIH -100 5012500 5020000  200
20221220 DIH -100 5012500 5020000 300 300
20221220 DIH -1700 4972500 5025000  100
20221220 DIH -1800 4970000 5022500  100
20221220 DIH -1900 4967500 5020000 1000 1000
20221220 DIH -1900 4967500 5020000  200
20221220 DIH 200 5020000 5020000  100
20221220 DIH -600 5000000 5020000 500 500
20221220 DIH -700 4997500 5020000 100 100
20221220 DIH -900 4992500 5020000 200 200
20221220 DIH "acum_busd" "acum_busd_val" "acum_val_bu" "sd" "sum_vol"
20221221 DIH 100 2540000 2540000  100
20221221 DIH 2900 73570000 81280000 300 300
20221221 DIH 3000 73572700 81282700  100
20221221 DIH 3000 73572700 81282700  100
20221221 DIH 3200 81280000 81280000  3100
20221221 DIH "acum_busd" "acum_busd_val" "acum_val_bu" "sd" "sum_vol"
20221222 DIH 0 0 0  100
20221222 DIH "acum_busd" "acum_busd_val" "acum_val_bu" "sd" "sum_vol"
20221223 DIH 1400 35000 35000  500
20221223 DIH 1700 42500 42500  300
20221223 DIH 1800 45000 45000  100
20221223 DIH 1800 45000 45000  900
20221223 DIH 200 5000 5000  200
20221223 DIH 2800 70000 70000  1000
20221223 DIH 3800 95000 95000  1000
20221223 DIH 4000 100000 100000  200
20221223 DIH 4800 120000 120000  800
20221223 DIH 5200 130000 132500 100 100
20221223 DIH 5300 132500 132500  500
20221223 DIH 5300 132500 132500  500
20221223 DIH 5400 135000 137500  200
20221223 DIH 5700 142500 145000  300
20221223 DIH 6100 152500 155000  400
20221223 DIH 700 17500 17500  800
20221223 DIH 900 22500 22500  200
20221223 DIH "acum_busd" "acum_busd_val" "acum_val_bu" "sd" "sum_vol"
20221226 DIH -1500 -35380000 0 900 900
20221226 DIH -200 -4700000 0 200 1500
20221226 DIH -3100 -73140000 4720000 1800 2000
20221226 DIH -3100 -77855000 4725000  200
20221226 DIH -3300 -77860000 4720000 200 200
20221226 DIH -600 -14140000 0  1000
20221226 DIH -600 -14140000 0 400 1000
20221226 DIH "acum_busd" "acum_busd_val" "acum_val_bu" "sd" "sum_vol"
20221227 DIH 400 10000 12500 100 100
20221227 DIH 500 12500 12500  500
20221227 DIH 500 12500 45000  1300
20221227 DIH -800 -20000 12500 1200 1200
20221227 DIH 800 20000 52500  300
20221227 DIH "acum_busd" "acum_busd_val" "acum_val_bu" "sd" "sum_vol"
20221228 DIH 100 2500 2500  100
20221228 DIH 200 5000 5000  100
20221228 DIH 300 7500 7500  100
20221228 DIH "acum_busd" "acum_busd_val" "acum_val_bu" "sd" "sum_vol"
20221230 DIH 100 2450000 2450000  1200
20221230 DIH 1200 29400000 29400000  1000
20221230 DIH 1300 31850000 31850000  100
20221230 DIH 200 4900000 4900000  100
20221230 DIH -2300 -72644600 31868900  500
20221230 DIH -2300 -72644600 31868900  700
20221230 DIH -2600 -80294600 31868900 300 300
20221230 DIH -2600 -80294600 31868900  400
20221230 DIH -3000 -72663500 31850000 4300 4300
20221230 DIH "acum_busd" "acum_busd_val" "acum_val_bu" "sd" "sum_vol"
20230103 DIH -400 2667500 2680000  100
20230103 DIH -500 -12500 0 500 500
20230103 DIH "acum_busd" "acum_busd_val" "acum_val_bu" "sd" "sum_vol"
20230104 DIH 0 0 0  100
20230104 DIH 100 2520000 7560000  300
20230104 DIH -1200 -30240000 7560000 1300 1300
20230104 DIH -200 -5040000 0 200 200
20230104 DIH "acum_busd" "acum_busd_val" "acum_val_bu" "sd" "sum_vol"
20230105 DIH 0 0 0  200
20230105 DIH 0 0 0  200
20230105 DIH 1000 20135000 22605000 100 100
20230105 DIH 1100 22605000 22605000  200
20230105 DIH 1100 22605000 22605000  500
20230105 DIH 1100 22725000 25195000  100
20230105 DIH 200 5000 5000  200
20230105 DIH 200 5000 5000  500
20230105 DIH 400 4985000 4985000  200
20230105 DIH 600 10005000 10005000  200
20230105 DIH "acum_busd" "acum_busd_val" "acum_val_bu" "sd" "sum_vol"
20230106 DIH 0 0 0  500
20230106 DIH 0 2547500 2550000  100
20230106 DIH 0 2547500 2550000  100
20230106 DIH -100 -2500 0 100 100
20230106 DIH "acum_busd" "acum_busd_val" "acum_val_bu" "sd" "sum_vol"
20230110 DIH 1000 -19554400 45600  800
20230110 DIH 1000 -19554400 45600 800 800
20230110 DIH 1500 -19541900 58100  800
20230110 DIH 1600 -16961900 2638100  100
20230110 DIH 1800 45600 45600  1200
20230110 DIH 600 15600 15600  600
20230110 DIH "acum_busd" "acum_busd_val" "acum_val_bu" "sd" "sum_vol"
20230111 DIH 0 0 0  1200
20230111 DIH 0 0 0  1500
20230111 DIH 0 0 0  500
20230111 DIH 0 0 0  500
20230111 DIH 200 13092200 13100000 300 800
20230111 DIH 3800 23666000 23720000 300 5300
20230111 DIH 3900 26296000 26350000  100
20230111 DIH 500 13100000 13100000  500
20230111 DIH -500 20956200 20990000 1000 1000
20230111 DIH -500 20956200 20990000  2000
20230111 DIH 500 20982200 20990000  200
20230111 DIH 500 20982200 20990000  300
20230111 DIH -900 23553200 23600000  100
20230111 DIH -900 23553200 23600000  200
20230111 DIH -900 23553200 23600000 500 600
20230111 DIH "acum_busd" "acum_busd_val" "acum_val_bu" "sd" "sum_vol"
20230112 DIH 0 140000 2650000 100 100
20230112 DIH -100 -2380000 2650000 100 100
20230112 DIH 100 2650000 2650000  100
20230112 DIH -200 -4900000 2650000 100 100
20230112 DIH -500 -12460000 2650000  100
20230112 DIH -500 -12460000 2650000 300 300
20230112 DIH "acum_busd" "acum_busd_val" "acum_val_bu" "sd" "sum_vol"
20230113 DIH 0 0 0  500
20230113 DIH 1200 29210000 43790000  800
20230113 DIH 1800 43790000 58370000  300
20230113 DIH 1800 43790000 58370000  600
20230113 DIH 1900 46220000 60800000  100
20230113 DIH 2100 51080000 65660000  1100
20230113 DIH 3000 72920000 94820000 300 300
20230113 DIH 300 7300000 12200000  1400
20230113 DIH 300 7300000 12200000 200 200
20230113 DIH 300 7300000 12200000  500
20230113 DIH 3200 77810000 92390000  1100
20230113 DIH 3300 80240000 94820000  1000
20230113 DIH 3300 80240000 94820000  200
20230113 DIH 3300 80240000 94820000  400
20230113 DIH 500 12160000 17060000  500
20230113 DIH 500 12200000 12200000  500
20230113 DIH 900 21920000 36500000 400 1200
20230113 DIH "acum_busd" "acum_busd_val" "acum_val_bu" "sd" "sum_vol"
20230116 DIH -13700 -366600000 0 4200 4200
20230116 DIH -14000 -374640000 0 300 300
20230116 DIH -14200 -380000000 0 200 200
20230116 DIH -400 -10160000 0 400 400
20230116 DIH -5900 -157560000 0 5500 5500
20230116 DIH -6100 -162920000 0 200 200
20230116 DIH -6300 -168280000 0 200 200
20230116 DIH -6400 -170960000 0 100 100
20230116 DIH -6600 -176320000 0 200 200
20230116 DIH -9500 -254040000 0 2900 2900
20230116 DIH "acum_busd" "acum_busd_val" "acum_val_bu" "sd" "sum_vol"
20230117 DIH -11200 -329280000 55860000 2000 2000
20230117 DIH -11300 -332220000 55860000  100
20230117 DIH -11300 -332220000 55860000 100 100
20230117 DIH -1500 -44100000 55860000 3400 5300
20230117 DIH -4500 -132300000 55860000 3000 3000
20230117 DIH -6000 -176400000 55860000 1500 1500
20230117 DIH -9200 -270480000 55860000 3200 3200
20230117 DIH "acum_busd" "acum_busd_val" "acum_val_bu" "sd" "sum_vol"
20230118 DIH -1700 -54660000 129179999.99999999 2100 2100
20230118 DIH -2200 -74036800 142103199.99999997  100
20230118 DIH -2200 -74036800 142103199.99999997  200
20230118 DIH -2200 -74036800 142103199.99999997  300
20230118 DIH -2300 -67705800 148443199.99999997  100
20230118 DIH -2300 -74040000 142099999.99999997  700
20230118 DIH -2400 -70855800 145293199.99999997 300 400
20230118 DIH -2500 -80500000 135639999.99999997  200
20230118 DIH -2700 -86960000 129179999.99999999 1000 1000
20230118 DIH -2800 -67721300 148443199.99999997 500 500
20230118 DIH -3300 -67736800 148443199.99999997 500 500
20230118 DIH 400 12960000 129179999.99999999 3600 7600
20230118 DIH -4300 -97636800 148443199.99999997 1000 1000
20230118 DIH "acum_busd" "acum_busd_val" "acum_val_bu" "sd" "sum_vol"
20230119 DIH 0 -8721000 9000  200
20230119 DIH -100 -47715000 24155000 500 500
20230119 DIH 1300 -5695000 20975000  700
20230119 DIH 1300 -5695000 20975000  700
20230119 DIH -200 -8727000 3000  100
20230119 DIH 2400 31015000 111915000  2000
20230119 DIH 2600 31021400 111921400  200
20230119 DIH 300 -35795000 20975000 1000 1000
20230119 DIH -300 -8730000 0 300 300
20230119 DIH 400 -32585000 48315000 100 100
20230119 DIH 400 -32615000 24155000  100
20230119 DIH 4500 31082200 111982200  1900
20230119 DIH 500 -29575000 48315000 100 100
20230119 DIH 600 -26565000 48315000 100 100
20230119 DIH 600 -5716000 20954000 600 1800
20230119 DIH 700 -23555000 48315000  1100
20230119 DIH "acum_busd" "acum_busd_val" "acum_val_bu" "sd" "sum_vol"
20230127 DIH -10000 -106212900 16097500 100 100
20230127 DIH -10100 -106216100 16113500  400
20230127 DIH -10500 -106228900 16097500 500 500
20230127 DIH -10500 -106228900 16100700  100
20230127 DIH -10600 -106232100 16097500 100 100
20230127 DIH -2200 -86752500 17500 2600 3700
20230127 DIH 400 -3192500 17500 100 100
20230127 DIH -4600 -86829300 17500 2400 2400
20230127 DIH -5000 -99639300 9677500  300
20230127 DIH 500 17500 17500  500
20230127 DIH -5200 -106059300 9677500 200 200
20230127 DIH -5300 -109269300 9677500 100 100
20230127 DIH -5300 -109299300 17500 700 700
20230127 DIH -9900 -106209700 16097500 4800 5000
20230127 DIH "acum_busd" "acum_busd_val" "acum_val_bu" "sd" "sum_vol"
20230130 DIH 0 0 0  200
20230130 DIH -1300 -39700000 0 500 500
20230130 DIH -1800 -55050000 0 500 500
20230130 DIH -3200 -97890000 0 1400 1400
20230130 DIH -3800 -116310000 0 600 600
20230130 DIH -500 -15250000 0 500 500
20230130 DIH -6400 -195870000 0 2600 2600
20230130 DIH -7000 -192601700 3290000  100
20230130 DIH -7000 -192601700 3290000  500
20230130 DIH -7000 -192601700 3290000  800
20230130 DIH -7100 -195891700 0 700 700
20230130 DIH -800 -24400000 0  300
20230130 DIH -800 -24400000 0 300 300
20230130 DIH "acum_busd" "acum_busd_val" "acum_val_bu" "sd" "sum_vol"
20230131 DIH 0 140000 3250000  100
20230131 DIH -100 -3110000 0 100 100
20230131 DIH -1800 84200 3250000 1800 1800
20230131 DIH -2000 78000 3250000 200 200
20230131 DIH -200 133800 3305800  300
20230131 DIH -500 124500 3296500  200
20230131 DIH -500 124500 3296500  3000
20230131 DIH 500 155500 3327500  1700
20230131 DIH 500 155500 3327500  200
20230131 DIH -700 118300 3290300  1300
20230131 DIH "acum_busd" "acum_busd_val" "acum_val_bu" "sd" "sum_vol"
20230201 DIH -1200 3289699.9999999995 3329999.9999999995  100
20230201 DIH -1200 3289699.9999999995 3329999.9999999995  500
20230201 DIH -1300 -40300 0 1100 1100
20230201 DIH -16600 -388826400 90430000 9400 9400
20230201 DIH -1700 3274199.9999999995 3329999.9999999995 500 500
20230201 DIH -200 -6200 0 200 200
20230201 DIH -4400 783599.9999999925 90430000 800 3600
20230201 DIH -4400 83599.99999999953 3329999.9999999995 2700 2700
20230201 DIH -5600 -39176400.00000001 90430000 1200 1200
20230201 DIH -5600 -39176400.00000001 90430000  300
20230201 DIH -5600 -39176400.00000001 90430000  4600
20230201 DIH -5900 -48536400.00000001 90430000 300 300
20230201 DIH -6200 -59676400.00000001 3329999.9999999995 1800 1800
20230201 DIH -6200 -59676400.00000001 3329999.9999999995  200
20230201 DIH -7200 -88966400 90430000 1300 1300
20230201 DIH "acum_busd" "acum_busd_val" "acum_val_bu" "sd" "sum_vol"
20230202 DIH 0 0 3120000  300
20230202 DIH -100 -3120000 0 100 100
20230202 DIH -200 -6260000 9380000 400 600
20230202 DIH -2300 -71780000 9380000 2000 2000
20230202 DIH -300 -9380000 9380000 100 100
20230202 DIH -3100 -96820000 9380000 800 800
20230202 DIH "acum_busd" "acum_busd_val" "acum_val_bu" "sd" "sum_vol"
20230203 DIH 0 0 0  5100
20230203 DIH -100 -3100 0 100 100
20230203 DIH -100 -3100 0  200
20230203 DIH "acum_busd" "acum_busd_val" "acum_val_bu" "sd" "sum_vol"
20230207 DIH 100 3100 3100  100
20230207 DIH -1400 -43400 18600  1000
20230207 DIH -1400 -43400 18600  500
20230207 DIH -1700 22605600 22698600  100
20230207 DIH -1700 22605600 22698600  300
20230207 DIH -1800 19365600 19458600  600
20230207 DIH -1900 -58900 3100 1000 1000
20230207 DIH -2000 13275600 22698600 300 300
20230207 DIH -2000 13275600 22698600  500
20230207 DIH -2000 13435600 28998600  200
20230207 DIH -2200 7135600 22698600 200 200
20230207 DIH -2400 -74400 18600 1000 1000
20230207 DIH -900 -27900 3100 1000 1000
20230207 DIH "acum_busd" "acum_busd_val" "acum_val_bu" "sd" "sum_vol"
20230208 DIH 200 6200 6200  200
20230208 DIH -300 -15293800 15206200  100
20230208 DIH -400 -18333800 12166200  200
20230208 DIH -400 -18363800 15206200 100 100
20230208 DIH -400 -18363800 15206200  300
20230208 DIH -5400 -174863800 15206200 5000 5000
20230208 DIH -600 -24413800 6086200  200
20230208 DIH -800 -30493800 6200 1000 1000
20230208 DIH "acum_busd" "acum_busd_val" "acum_val_bu" "sd" "sum_vol"
20230209 DIH -100 -3030000 0 100 100
20230209 DIH -100 -3030000 0  1700
20230209 DIH -200 -6040000 0 100 100
20230209 DIH -4100 -113776000 6360000  200
20230209 DIH -4100 -120130000 0 3300 3400
20230209 DIH -4300 -120136000 0 200 200
20230209 DIH -4300 -120136000 0  800
20230209 DIH -800 -24100000 0 600 600
20230209 DIH "acum_busd" "acum_busd_val" "acum_val_bu" "sd" "sum_vol"
20230210 DIH -100 -2950000 0 100 100
20230210 DIH -1600 -47350000 0 1500 1500
20230210 DIH -3600 -106150000 0 2000 2000
20230210 DIH -5600 -164350000 0 2000 2000
20230210 DIH -6000 -164361600 0 400 400
20230210 DIH -6000 -164361600 0  900
20230210 DIH "acum_busd" "acum_busd_val" "acum_val_bu" "sd" "sum_vol"
20230213 DIH 100 2880000 2880000  100
20230213 DIH -1400 -40300000 39920000  600
20230213 DIH -1700 -49180000 22640000  400
20230213 DIH -1900 -54780000 8640000 1000 1000
20230213 DIH -2000 -57580000 22640000 300 300
20230213 DIH -2100 -60380000 11440000  100
20230213 DIH -2200 -63180000 8640000 300 300
20230213 DIH 300 8640000 8640000  200
20230213 DIH -900 -26280000 8640000 1200 1200
20230213 DIH "acum_busd" "acum_busd_val" "acum_val_bu" "sd" "sum_vol"
20230214 DIH -100 -2650000 0 100 100
20230214 DIH -100 -2650000 0  200
20230214 DIH -200 -5090000 14000000  200
20230214 DIH -400 -10690000 8400000  300
20230214 DIH 400 11690000 72800000 100 100
20230214 DIH 400 11690000 72800000  1600
20230214 DIH 500 14510000 53200000 700 2100
20230214 DIH 500 14510000 72800000 100 100
20230214 DIH 600 17310000 72800000 600 900
20230214 DIH -700 -19090000 0  10000
20230214 DIH -700 -19090000 0 600 1000
20230214 DIH 900 25710000 64400000  400
20230214 DIH "acum_busd" "acum_busd_val" "acum_val_bu" "sd" "sum_vol"
20230216 DIH 200 5620000 5620000  200
20230216 DIH -300 -8440000 19670000  100
20230216 DIH -300 -8440000 19670000 800 800
20230216 DIH 500 14040000 19670000 100 100
20230216 DIH 600 16860000 16860000  400
20230216 DIH 600 16860000 19670000 100 200
20230216 DIH "acum_busd" "acum_busd_val" "acum_val_bu" "sd" "sum_vol"
20230217 DIH 0 0 0  200
20230217 DIH 100 2900000 2900000  100
20230217 DIH 500 14500000 14500000  400
20230217 DIH 600 17400000 17400000  100
20230217 DIH 700 20300000 20300000  100
20230217 DIH "acum_busd" "acum_busd_val" "acum_val_bu" "sd" "sum_vol"
20230220 DIH 1000 28900000 28900000  500
20230220 DIH 1400 40500000 40500000  100
20230220 DIH 1400 40500000 40500000  100
20230220 DIH 1400 40500000 40500000  200
20230220 DIH 1400 40500000 40500000  400
20230220 DIH -1800 -52300000 40500000  100
20230220 DIH -1800 -52300000 40500000 3200 3200
20230220 DIH 500 14450000 14450000  500
20230220 DIH "acum_busd" "acum_busd_val" "acum_val_bu" "sd" "sum_vol"
