20221219 DNA 0 0 10000000 0 0
20221223 DNA 0 0 1739999.9999999998 0 0
20221226 DNA -100 -1750000 3490000 0 1750000
20221227 DNA 100 1989999.9999999998 1989999.9999999998 1.99e+06 0
20230111 DNA 0 100000 7500000 3800000 3700000
20230112 DNA -100 -1630000 1630000 0 1630000
20230116 DNA 0 0 1410000 0 0
20230117 DNA -100 -1210000 1210000 0 1210000
20230127 DNA -100 -1390000 1390000 0 1390000
20230207 DNA -100 -1590000 1590000 0 1590000
20230208 DNA -100 -1820000 1820000 0 1820000
20230209 DNA 100 1989999.9999999998 1989999.9999999998 1.99e+06 0
20230210 DNA 19500 434240000 434240000 434240000 0
