20221212 DNP 1500 36750000 36750000 36750000 0
20221213 DNP 1900 46350000 46350000 46350000 0
20221214 DNP 700 17350000 31450000 24400000 7050000
20221215 DNP -500 -11800000 84680000 0 11800000
20221219 DNP 1300 31600000 38870000 31600000 0
20221222 DNP 0 700000 47700000 24200000 23500000
20221226 DNP 4900 118490000 142380000 128050000 9560000
20221227 DNP 800 19570000 43070000 31320000 11750000
20221228 DNP 0 0 9560000 0 0
20221230 DNP 0 0 19200000 0 0
20230103 DNP -500 -12000000 12000000 0 12000000
20230104 DNP 2200 50720000 106810000 57710000 6990000
20230105 DNP -300 -6810000 42310000 11750000 18560000
20230106 DNP -1500 -35700000 35700000 0 35700000
20230109 DNP 0 0 59250000 0 0
20230110 DNP 600 14220000 14220000 14220000 0
20230111 DNP -700 -16540000 30540000 4640000 21180000
20230112 DNP -300 -6960000 21180000 0 6960000
20230113 DNP 400 9450000 9450000 9450000 0
20230117 DNP 1400 33080000 42440000 37760000 4680000
20230118 DNP 900 21320000 35350000 25960000 4640000
20230119 DNP -400 -9280000 9280000 0 9280000
20230127 DNP 0 0 9560000 0 0
20230130 DNP 600 14280000 14280000 14280000 0
20230201 DNP 0 0 4680000 0 0
20230202 DNP -200 -4560000 14120000 4780000 9340000
20230203 DNP -100 -2340000 18510000 4500000 6840000
20230206 DNP -800 -18060000 48260000 7110000 25170000
20230207 DNP 600 14220000 14220000 14220000 0
20230209 DNP 600 14220000 18900000 14220000 0
20230210 DNP 900 21590000 40030000 30810000 9220000
