20221212 DPR -17500 -926770000
20221213 DPR 65700 3595970000
20221214 DPR 10900 508276400
20221215 DPR -1100 -505279700
20221216 DPR -25300 -1523618800
20221219 DPR -2900 723066500
20221220 DPR -24900 -1216424600
20221221 DPR -41300 -1648264000
20221222 DPR -2700 -123521600
20221223 DPR -400 152448100
20221226 DPR -76400 -2880784800
20221227 DPR 4700 -67013600
20221228 DPR 21800 805515100
20221229 DPR -6100 -167183700
20221230 DPR -28100 -1489819400
20230103 DPR 31700 855673200
20230104 DPR -4600 251913200
20230105 DPR 12800 270056600
20230106 DPR -2200 -90471600
20230109 DPR -15400 -720093400
20230110 DPR -9200 -381159300
20230111 DPR 43700 1647464400
20230112 DPR 24900 880054000
20230113 DPR -19700 -810883800
20230116 DPR 37100 1988632200
20230117 DPR -600 624596100
20230118 DPR -25400 -843075400
20230119 DPR -32700 -1453026700
20230127 DPR 16200 581079800
20230130 DPR -7800 -712098900
20230131 DPR -1100 52413600
20230201 DPR -21400 -656850600
20230202 DPR -23600 -902650000
20230203 DPR 6200 -277227200
20230206 DPR 3800 121205200
20230207 DPR -16700 -636943500
20230208 DPR -16900 -857504900
20230209 DPR 22000 1310945500
20230210 DPR -11500 -131169500
20230213 DPR -25100 -1318970000
