20230223 DRH -107300 -530038000 2152803000  39300
20230223 DRH -10800 -53959000 257399000 46900 57900
20230223 DRH -124700 -617781000 1840309000 9100 50800
20230223 DRH -128300 -636452000 1448010000  24700
20230223 DRH -138900 -689959000 1840817000 14300 14400
20230223 DRH -141900 -705836000 1461321000 16200 18800
20230223 DRH -145200 -722265000 1582073000 1000 10800
20230223 DRH -146600 -728809000 1954032000 8200 19000
20230223 DRH -147900 -736078000 1627639000 11600 20500
20230223 DRH -149200 -741956000 1899475000 21900 33500
20230223 DRH -151000 -751129000 2153815000 43900 44100
20230223 DRH -153000 -762551000 1321911000 1200 6100
20230223 DRH -154000 -767232000 1532006000 5500 12300
20230223 DRH -154900 -772345000 1284196000 22000 48100
20230223 DRH -155300 -773903000 1497394000 20500 27600
20230223 DRH -156700 -781433000 1296921000 1500 3500
20230223 DRH -157100 -777473000 3017316000  3000
20230223 DRH -157200 -783978000 1286741000 2800 3300
20230223 DRH -157300 -784041000 1627639000 9400 9400
20230223 DRH -159000 -793985000 1151117000  22000
20230223 DRH -160100 -792693000 3002096000  200
20230223 DRH -160300 -793705000 3001084000 800 8300
20230223 DRH -164800 -820486000 2301780000 43100 72400
20230223 DRH -167000 -827607000 2963134000  33800
20230223 DRH -172100 -853106000 3042700000 20000 25000
20230223 DRH -172600 -862828000 967016000 15900 39700
20230223 DRH -180500 -902841000 845831000 3100 12700
20230223 DRH -181000 -905856000 1039246000 600 5100
20230223 DRH -184900 -925622000 1016444000  5600
20230223 DRH -187000 -935850000 797189000 700 6700
20230223 DRH -190500 -954070000 987996000 22000 26100
20230223 DRH -192300 -962456000 767069000 9100 48200
20230223 DRH -200800 -998356000 2792385000 2000 37000
20230223 DRH -222300 -1112532000 571569000 7600 22300
20230223 DRH -229400 -1148108000 498069000 190900 217100
20230223 DRH -233800 -1165021000 2615660000  18000
20230223 DRH -243600 -1211415000 3121749000 13100 26900
20230223 DRH -244300 -1215023000 3052760000 74200 76200
20230223 DRH -245500 -1220727000 3238078000 10000 25100
20230223 DRH -245600 -1221349000 3145248000 6700 11400
20230223 DRH -247500 -1230690000 3238078000 2000 2000
20230223 DRH -250600 -1246214000 3162713000 1900 4200
20230223 DRH -251000 -1248229000 3151236000 6600 7800
20230223 DRH 25100 130015000 200458000 13100 44000
20230223 DRH -251800 -1255673000 2525008000  2600
20230223 DRH -254400 -1268751000 2511930000  900
20230223 DRH -255000 -1268232000 3278056000 15500 23500
20230223 DRH -255100 -1272295000 2482303000 2100 19700
20230223 DRH -255300 -1273278000 2507403000 5200 10200
20230223 DRH -261800 -1302232000 3278056000 6800 6800
20230223 DRH -269700 -1345444000 2303283000 105200 105500
20230223 DRH -270600 -1349794000 2394283000 19100 37700
20230223 DRH -281000 -1398232000 3278056000 19200 19200
20230223 DRH -283600 -1411297000 3328455000 12700 22800
20230223 DRH -292000 -1453094000 3387956000  900
20230223 DRH -292900 -1457603000 3383447000 2300 10900
20230223 DRH -296400 -1475094000 3387956000 4400 4400
20230223 DRH -299200 -1489103000 3340447000  1500
20230223 DRH -299400 -1490094000 3387956000 3000 3000
20230223 DRH -300700 -1496603000 3332947000  100
20230223 DRH -300800 -1497103000 3332447000 18000 18800
20230223 DRH -305800 -1522072000 3387956000 6400 6400
20230223 DRH -413700 -2059154000 3465147000 400 5600
20230223 DRH -418500 -2083166000 3439147000 123000 133300
20230223 DRH -64200 -319977000 369569000  13100
20230223 DRH 7300 37811000 40396000 500 35700
20230223 DRH -77300 -387292000 302254000 75200 84000
20230223 DRH "acum_busd" "acum_busd_val" "acum_val_bu" "sd" "sum_vol"
