20221212 DSN 10600 540855300 738800000 4300 19400
20221213 DSN 12100 571560800 957861800 10800 33700
20221214 DSN -500 -24890000 45850000 1400 2400
20221215 DSN 1800 51550500 102215600 1300 4400
20221216 DSN 700 975700 111525700 2200 5100
20221219 DSN -800 -45124900 20155100 1300 1800
20221220 DSN -4500 -135070000 90595000 8600 12900
20221221 DSN -10200 -291200000 20270000 10600 11100
20221222 DSN 1600 15941600 55941600 1100 3900
20221223 DSN -1200 -59450000 50060000 2200 3200
20221226 DSN -300 -78915000 20255000 2400 4500
20221227 DSN -200 -9785000 5070000 300 500
20221228 DSN -500 -24410000 30340000 1500 2500
20221229 DSN 900 45680000 71020000 500 3000
20221230 DSN 1300 51575300 101765300 1000 3400
20230103 DSN 6900 388339400 510320000 3000 13200
20230104 DSN 0 -19469200 57440800 1500 3000
20230105 DSN -2100 -86810300 15435200 2500 2900
20230106 DSN 300 15380000 20440000 100 1100
20230109 DSN -700 -55939200 112880800 3300 6500
20230110 DSN 300 25979800 66870000 1000 3800
20230111 DSN 2100 42446700 109026700 1300 4700
20230112 DSN -3900 -199200000 119040000 6200 8600
20230113 DSN 16500 326546100 565737800 5400 27400
20230116 DSN -200 -90186500 130908300 5300 10700
20230117 DSN -3900 -118443400 127750000 6300 8900
20230118 DSN -13900 -636820100 398276500 21900 30000
20230119 DSN 0 360000 26661200 900 1800
20230127 DSN 2800 78457000 137527000 1100 5100
20230130 DSN 1700 -26271200 113568800 2600 7300
20230131 DSN 17400 707326600 901642800 5200 27800
20230201 DSN -1700 -84793600 38187200 4200 7100
20230202 DSN -800 71218700 258400000 5600 10400
20230203 DSN -2000 32442200 53900000 3000 4000
20230206 DSN 200 -15783500 37483000 1500 3200
20230207 DSN -800 -15346500 69640000 2100 3400
20230208 DSN 1400 70335300 150125300 1500 4500
20230209 DSN 4300 327779300 428386000 5800 16000
20230210 DSN -1700 -120434800 201476200 6600 12100
20230213 DSN 3100 162370000 266860000 2000 7100
20230214 DSN -800 -40430000 26120000 1300 1900
20230216 DSN 900 47000000 62660000 300 1500
20230217 DSN -10400 -578520000 42070000 11200 12000
20230220 DSN 5600 312270000 651610000 6300 18300
