20221212 DSN 0 0 0  100
20221212 DSN 0 0 0  100
20221212 DSN 100 4920000 14760000  300
20221212 DSN 10600 540855300 738800000  2100
20221212 DSN -200 -9840000 0 200 200
20221212 DSN -300 -14690000 19750000  100
20221212 DSN -400 -19670000 19750000 100 100
20221212 DSN -400 -19680000 14760000 500 500
20221212 DSN 5200 260115000 433510000 500 500
20221212 DSN 5600 279690000 428530000 200 200
20221212 DSN 5700 284670000 433510000  100
20221212 DSN 5800 289510000 428530000 2000 2000
20221212 DSN 5900 294485000 467880000  700
20221212 DSN 7800 387775000 561170000  1900
20221212 DSN 7800 389110000 428530000  8200
20221212 DSN 8100 402505000 575900000  300
20221212 DSN 8400 431965300 629910000 700 700
20221212 DSN 8500 436905300 634850000  100
20221212 DSN 9100 451610000 629910000 100 100
20221212 DSN 9200 456515000 629910000  1100
20221212 DSN "acum_busd" "acum_busd_val" "acum_val_bu" "sd" "sum_vol"
20221213 DSN -1000 -49000 0 1000 1000
20221213 DSN -1100 -53900 0 100 100
20221213 DSN 11200 509966100 885940000  3700
20221213 DSN 11300 530620800 916921800 400 600
20221213 DSN 11400 515191200 901466700 1000 1000
20221213 DSN 11500 525486100 911766700 100 300
20221213 DSN 11500 540900800 927201800  200
20221213 DSN 12100 571560800 957861800  600
20221213 DSN 12400 504962400 891176700 400 400
20221213 DSN 12400 515242200 901466700 200 400
20221213 DSN 12800 504982800 891176700 100 100
20221213 DSN 12900 510052800 886026700  1700
20221213 DSN 12900 510092800 891176700 100 200
20221213 DSN 2300 168921100 168975000  3400
20221213 DSN 2400 173901100 173955000  100
20221213 DSN 2800 188881100 188935000  400
20221213 DSN 3800 133066100 387120000 3000 3000
20221213 DSN 4900 194071100 194125000  2100
20221213 DSN 5000 194076100 194130000  100
20221213 DSN 5100 199256100 463470000 200 200
20221213 DSN 5300 209296100 209350000  300
20221213 DSN 5300 209416100 463470000  1500
20221213 DSN 5800 234696100 234750000  500
20221213 DSN 6800 285466100 387120000 2000 2000
20221213 DSN 6800 285496100 285550000  1000
20221213 DSN 7000 295596100 295650000  200
20221213 DSN 7200 306346100 672160000 2000 2600
20221213 DSN 7500 321636100 697610000 200 200
20221213 DSN 7700 331796100 697610000  500
20221213 DSN 8600 377406100 641620000  3500
20221213 DSN 8800 387066100 387120000  1800
20221213 DSN "acum_busd" "acum_busd_val" "acum_val_bu" "sd" "sum_vol"
20221214 DSN -300 -14770000 35690000  100
20221214 DSN -300 -14770000 40760000 100 200
20221214 DSN -300 -14850000 30600000  100
20221214 DSN -400 -19840000 40760000 100 100
20221214 DSN -400 -19860000 30600000 100 100
20221214 DSN -400 -19900000 25550000 900 900
20221214 DSN -500 -24890000 45850000  100
20221214 DSN -500 -24890000 45850000  100
20221214 DSN 500 25550000 25550000  500
20221214 DSN -600 -29980000 40760000 200 200
20221214 DSN "acum_busd" "acum_busd_val" "acum_val_bu" "sd" "sum_vol"
20221215 DSN 0 -15025000 25000 500 1000
20221215 DSN 100 -9915000 5135000  100
20221215 DSN 1100 15660500 30715600 100 100
20221215 DSN 1200 15665600 30715600  500
20221215 DSN 1200 20750500 40895600 100 100
20221215 DSN 1300 25840500 40895600  200
20221215 DSN 1800 51550500 102215600  1200
20221215 DSN 600 15635000 30685000  500
20221215 DSN 600 -9769500 40895600 100 100
20221215 DSN 700 15640100 30690100  100
20221215 DSN 700 -4689500 40895600 500 500
20221215 DSN "acum_busd" "acum_busd_val" "acum_val_bu" "sd" "sum_vol"
20221216 DSN -200 -10040000 5110000  100
20221216 DSN 200 10240000 25390000  400
20221216 DSN -200 -34634500 75915500 1000 2000
20221216 DSN -200 -35034500 25415500 900 900
20221216 DSN 300 -14299400 96250600  500
20221216 DSN -300 -15150000 0 300 300
20221216 DSN 600 970600 111520600  300
20221216 DSN 700 10265500 25415500  500
20221216 DSN 700 975700 111525700  100
20221216 DSN "acum_busd" "acum_busd_val" "acum_val_bu" "sd" "sum_vol"
20221219 DSN 0 -5024900 5100 100 200
20221219 DSN -100 -10054900 5100 100 100
20221219 DSN -800 -45124900 20155100  100
20221219 DSN -900 -50214900 15065100 1100 1400
20221219 DSN "acum_busd" "acum_busd_val" "acum_val_bu" "sd" "sum_vol"
20221220 DSN 0 0 0  100
20221220 DSN -1000 -110140000 75365000  900
20221220 DSN 100 5090000 5090000  200
20221220 DSN -1300 -60105000 10170000  100
20221220 DSN -1400 -65185000 5090000 1500 1500
20221220 DSN -1900 -155230000 30275000  300
20221220 DSN -2200 -170260000 15245000  1300
20221220 DSN -2900 -110235000 75365000 1900 1900
20221220 DSN -3500 -170325000 15180000  100
20221220 DSN -3600 -175335000 10170000 2300 2300
20221220 DSN -3700 -145140000 80425000  100
20221220 DSN -3700 -150195000 75365000 800 800
20221220 DSN -3800 -150200000 75365000 100 100
20221220 DSN -4500 -135070000 90595000  100
20221220 DSN -4600 -140130000 85535000  1100
20221220 DSN -5700 -145240000 80425000 2000 2000
20221220 DSN "acum_busd" "acum_busd_val" "acum_val_bu" "sd" "sum_vol"
20221221 DSN -100 -5060000 0 100 100
20221221 DSN -10200 -291200000 20270000  100
20221221 DSN -10200 -291220000 15200000  100
20221221 DSN -10300 -296270000 15200000 100 100
20221221 DSN -10300 -296290000 10130000 100 200
20221221 DSN -10300 -296290000 5080000  100
20221221 DSN -10300 -296290000 5080000 6000 6000
20221221 DSN -200 -10120000 0 100 100
20221221 DSN -300 -15180000 0 100 100
20221221 DSN -4200 -40630000 5080000 4000 4100
20221221 DSN -4300 -45640000 5080000 100 100
20221221 DSN "acum_busd" "acum_busd_val" "acum_val_bu" "sd" "sum_vol"
20221222 DSN 1300 731600 40731600 100 100
20221222 DSN 1400 5511600 30591600 400 500
20221222 DSN 1400 5701600 40731600 200 200
20221222 DSN 1600 15651600 40731600  200
20221222 DSN 1600 15941600 55941600  300
20221222 DSN 1800 10491600 30591600 200 200
20221222 DSN 2000 20411600 20411600  2000
20221222 DSN 2000 20521600 30591600 200 200
20221222 DSN 2200 30591600 30591600  200
20221222 DSN "acum_busd" "acum_busd_val" "acum_val_bu" "sd" "sum_vol"
20221223 DSN -100 -5050000 0 100 100
20221223 DSN -1100 -54420000 50060000  200
20221223 DSN -1200 -59450000 50060000 100 100
20221223 DSN -1200 -59660000 29940000  200
20221223 DSN -1300 -64560000 39920000  200
20221223 DSN -1300 -64630000 29940000 100 100
20221223 DSN -1400 -69590000 29940000 100 100
20221223 DSN -1400 -69640000 19960000  300
20221223 DSN -1500 -74540000 29940000 100 100
20221223 DSN -1700 -84610000 4990000 1000 1000
20221223 DSN -400 -19975000 0 300 300
20221223 DSN -700 -34885000 4990000  100
20221223 DSN -800 -39875000 0 400 400
20221223 DSN "acum_busd" "acum_busd_val" "acum_val_bu" "sd" "sum_vol"
20221226 DSN -100 -4935000 5080000  100
20221226 DSN -1100 -54490000 5080000 200 200
20221226 DSN -1200 -59430000 5080000 100 100
20221226 DSN -1300 -64370000 5080000 100 100
20221226 DSN -1600 -79220000 5080000 300 300
20221226 DSN -1700 -84170000 5080000 100 100
20221226 DSN -1900 -94070000 5080000 200 200
20221226 DSN -200 -10015000 0 200 200
20221226 DSN -200 -88960000 10190000  100
20221226 DSN -300 -78915000 20255000  200
20221226 DSN -300 -93990000 5160000  1600
20221226 DSN -400 -19850000 5080000 300 300
20221226 DSN -500 -88975000 10195000  100
20221226 DSN -600 -88980000 10190000 400 400
20221226 DSN -900 -44610000 5080000 500 500
20221226 DSN "acum_busd" "acum_busd_val" "acum_val_bu" "sd" "sum_vol"
20221227 DSN -200 -9785000 5070000  100
20221227 DSN -200 -9785000 5070000  100
20221227 DSN -300 -14855000 0 300 300
20221227 DSN "acum_busd" "acum_busd_val" "acum_val_bu" "sd" "sum_vol"
20221228 DSN -1000 -49750000 20000 100 100
20221228 DSN -100 -4980000 0 100 100
20221228 DSN 200 -9935000 20000  400
20221228 DSN -200 -9955000 0 100 100
20221228 DSN -300 -34810000 20000 500 500
20221228 DSN -500 -24410000 30340000  100
20221228 DSN -500 -44760000 20000 200 200
20221228 DSN -600 -29480000 25270000  100
20221228 DSN -600 -29570000 20200000  400
20221228 DSN -600 -49730000 20000 100 100
20221228 DSN -700 -34550000 20200000 100 100
20221228 DSN -800 -49740000 20000 200 200
20221228 DSN -900 -49745000 20000 100 100
20221228 DSN "acum_busd" "acum_busd_val" "acum_val_bu" "sd" "sum_vol"
20221229 DSN 1000 50780000 50780000  100
20221229 DSN 200 10140000 10140000  200
20221229 DSN 500 25440000 50780000 100 100
20221229 DSN 600 30450000 55790000  100
20221229 DSN 600 30460000 50780000 100 100
20221229 DSN 700 35520000 60860000  100
20221229 DSN 700 35540000 50780000 100 100
20221229 DSN 800 40620000 50780000 200 200
20221229 DSN 900 45680000 71020000  1000
20221229 DSN 900 45680000 71020000  200
20221229 DSN 900 45700000 45700000  800
20221229 DSN "acum_busd" "acum_busd_val" "acum_val_bu" "sd" "sum_vol"
20221230 DSN 0 960000 26220000 500 500
20221230 DSN 1300 51575300 101765300  100
20221230 DSN 1300 51575300 101765300  500
20221230 DSN 200 11125000 41370000 100 100
20221230 DSN 200 11185000 46420000 100 100
20221230 DSN 300 16110000 41370000  300
20221230 DSN 300 16175000 46420000  100
20221230 DSN 500 26140000 76330000 300 900
20221230 DSN 500 26220000 26220000  500
20221230 DSN 600 31190000 81380000  100
20221230 DSN 800 41290000 91480000  200
20221230 DSN "acum_busd" "acum_busd_val" "acum_val_bu" "sd" "sum_vol"
20230103 DSN 100 5160000 5160000  100
20230103 DSN 200 10310000 10310000  100
20230103 DSN 4200 216600000 268100000  5000
20230103 DSN 4800 247560000 299060000  600
20230103 DSN 5900 304320000 355820000  1100
20230103 DSN 6000 341939400 458880000 1300 1600
20230103 DSN 6100 347079400 464020000  100
20230103 DSN 6200 352319400 474300000 100 100
20230103 DSN 6300 357359400 474300000  200
20230103 DSN 6400 330110000 381610000  500
20230103 DSN 6400 362589400 484570000  200
20230103 DSN 6600 340430000 391930000  200
20230103 DSN 6600 371299400 422830000 200 200
20230103 DSN 6700 366159600 417680000 400 400
20230103 DSN 6800 371309600 422830000  100
20230103 DSN 6900 388339400 510320000  500
20230103 DSN 7100 366180000 417680000  500
20230103 DSN 7200 402199400 453730000  600
20230103 DSN 7300 407349400 458880000  100
20230103 DSN -800 -41190000 10310000 1000 1000
20230103 DSN "acum_busd" "acum_busd_val" "acum_val_bu" "sd" "sum_vol"
20230104 DSN 0 -19469200 57440800 800 800
20230104 DSN 1200 42020800 47140800 100 100
20230104 DSN 1300 47140800 47140800  500
20230104 DSN 600 15875600 15875600  600
20230104 DSN 700 16420800 47140800 500 500
20230104 DSN 700 16420800 52290800 100 100
20230104 DSN 800 21570800 52290800  100
20230104 DSN 800 21570800 57440800  100
20230104 DSN 800 26295600 26295600  200
20230104 DSN "acum_busd" "acum_busd_val" "acum_val_bu" "sd" "sum_vol"
20230105 DSN 0 -5124800 5200 100 100
20230105 DSN 100 5200 5200  100
20230105 DSN 100 65200 5195200  100
20230105 DSN -1100 -61254800 5195200 800 800
20230105 DSN -1200 -66364800 5195200 100 100
20230105 DSN -1400 -76584800 10305200 300 400
20230105 DSN -1700 -91914800 10305200 300 300
20230105 DSN -200 -15264800 5195200 300 300
20230105 DSN -2100 -86810300 15435200  100
20230105 DSN -2200 -91940300 10305200 500 500
20230105 DSN -300 -20374800 5195200 100 100
20230105 DSN "acum_busd" "acum_busd_val" "acum_val_bu" "sd" "sum_vol"
20230106 DSN 0 50000 5110000  100
20230106 DSN -100 -5060000 0 100 100
20230106 DSN 300 15380000 20440000  300
20230106 DSN 300 15380000 20440000  600
20230106 DSN "acum_busd" "acum_busd_val" "acum_val_bu" "sd" "sum_vol"
20230109 DSN 0 0 0  500
20230109 DSN -1000 -50820000 112860000 1100 2000
20230109 DSN 1000 51300000 61560000  100
20230109 DSN 1000 51300000 61560000  700
20230109 DSN -100 -5140000 0 100 100
20230109 DSN 100 5300000 61560000 900 900
20230109 DSN 300 15390000 25650000 100 100
20230109 DSN 400 20510000 25650000  500
20230109 DSN -600 -50799200 112880800  400
20230109 DSN -700 -55939200 112880800 100 100
20230109 DSN -800 -40700000 66690000  100
20230109 DSN -900 -45830000 61560000 1000 1000
20230109 DSN "acum_busd" "acum_busd_val" "acum_val_bu" "sd" "sum_vol"
20230110 DSN 0 0 0  1500
20230110 DSN 0 10529800 51420000  1000
20230110 DSN -1000 -40890200 0 100 100
20230110 DSN 300 25979800 66870000  300
20230110 DSN -600 -30660000 0 600 600
20230110 DSN -700 -35770000 0 100 100
20230110 DSN -800 -40880000 0 100 100
20230110 DSN -900 -40885100 0 100 100
20230110 DSN "acum_busd" "acum_busd_val" "acum_val_bu" "sd" "sum_vol"
20230111 DSN 1000 5235900 5235900  900
20230111 DSN 100 5100 5100  100
20230111 DSN 1200 15585900 15585900  200
20230111 DSN 1800 26116700 36366700 100 100
20230111 DSN 1800 36356300 36356300  600
20230111 DSN 1900 31246700 36366700 100 100
20230111 DSN 2000 36366700 36366700  200
20230111 DSN 2100 42446700 109026700 1000 1000
20230111 DSN 2500 62446700 72696700  700
20230111 DSN 3100 93646700 109026700 100 100
20230111 DSN 3200 98776700 109026700  700
20230111 DSN "acum_busd" "acum_busd_val" "acum_val_bu" "sd" "sum_vol"
20230112 DSN 0 0 5150000 100 100
20230112 DSN 100 5150000 5150000  100
20230112 DSN 100 5180000 10330000  100
20230112 DSN 1100 57080000 62230000  1000
20230112 DSN 1200 62250000 67400000  100
20230112 DSN 1400 72570000 93200000 300 300
20230112 DSN 1400 72590000 103540000 200 400
20230112 DSN 1700 88050000 93200000  500
20230112 DSN -3900 -199200000 119040000  100
20230112 DSN -4000 -204360000 113880000 4500 4500
20230112 DSN 500 26100000 113880000 200 200
20230112 DSN 600 31230000 108710000  100
20230112 DSN 600 31230000 108710000 900 1000
20230112 DSN 700 36400000 113880000  100
20230112 DSN "acum_busd" "acum_busd_val" "acum_val_bu" "sd" "sum_vol"
20230113 DSN 0 10000 20850000 100 100
20230113 DSN 100 45200 26005200  200
20230113 DSN -100 -5110000 20850000 100 100
20230113 DSN -100 -5210000 0 100 100
20230113 DSN -100 -5210000 10420000  100
20230113 DSN -100 -5210000 5210000 100 200
20230113 DSN 100 5220000 20850000  200
20230113 DSN 10500 132898300 345740000  1000
20230113 DSN -1100 -62114800 26005200 500 500
20230113 DSN 12500 143633700 356475400  2000
20230113 DSN 13300 186193700 404375400 100 1000
20230113 DSN 16100 310370700 549562400 100 100
20230113 DSN 16200 310376100 549567800  100
20230113 DSN 16200 315460700 538882400 100 3100
20230113 DSN 16200 315460700 544122400 100 200
20230113 DSN 16200 315640700 549562400 100 300
20230113 DSN 16500 326546100 565737800  300
20230113 DSN -200 -10420000 5210000 100 100
20230113 DSN 2600 -160413600 31542800 700 700
20230113 DSN 2900 -165602800 26317200 2000 2000
20230113 DSN 3200 -160382400 31537600  300
20230113 DSN 3300 -160377200 31542800  100
20230113 DSN 4100 -82263600 109692800  1500
20230113 DSN 4700 -50943600 141012800  600
20230113 DSN 4900 -61802800 26317200  6000
20230113 DSN -500 -30974800 26005200 600 600
20230113 DSN 5500 -9163600 182792800  800
20230113 DSN -600 -36164800 26005200 100 100
20230113 DSN 6300 32686400 229862800 100 100
20230113 DSN 6400 37906400 229862800  900
20230113 DSN 6600 48386400 261222800 300 900
20230113 DSN 7000 69346400 282182800  400
20230113 DSN 7400 90366400 303202800  400
20230113 DSN 8200 116832300 329674000 100 1000
20230113 DSN 8300 122152300 334994000  100
20230113 DSN 8500 132792300 345634000  200
20230113 DSN 9500 132845300 345687000  1000
20230113 DSN "acum_busd" "acum_busd_val" "acum_val_bu" "sd" "sum_vol"
20230116 DSN 0 0 0  100
20230116 DSN 100 5390000 5390000  100
20230116 DSN -100 -84806500 130908300  100
20230116 DSN -100 -84866500 125528300 3600 3600
20230116 DSN -200 -90186500 125528300 100 100
20230116 DSN -200 -90186500 130908300 100 100
20230116 DSN 2700 38199800 38199800  2000
20230116 DSN 300 5400800 5400800  200
20230116 DSN 3500 43778300 43778300  800
20230116 DSN 3500 93019700 125528300 100 100
20230116 DSN 3600 93025100 125528300 800 800
20230116 DSN 4000 71028300 71028300  500
20230116 DSN 400 10850800 10850800  100
20230116 DSN 4400 93068300 125528300 400 400
20230116 DSN 4800 114708300 125528300 200 200
20230116 DSN 5000 125528300 125528300  1000
20230116 DSN 900 38100800 38100800  500
20230116 DSN "acum_busd" "acum_busd_val" "acum_val_bu" "sd" "sum_vol"
20230117 DSN 0 10799400 16120000 300 300
20230117 DSN -1000 -41720600 16120000 800 1000
20230117 DSN -2000 -94020600 63660000 200 600
20230117 DSN 200 10740000 10740000  200
20230117 DSN -200 279400 16120000 200 200
20230117 DSN -2200 -104730600 42420000  100
20230117 DSN -2300 -109990600 37160000  400
20230117 DSN -2700 -131030600 16120000 1700 1700
20230117 DSN -3000 -146280600 63660000 1000 1000
20230117 DSN 300 16120000 16120000  100
20230117 DSN -3400 -146301400 63660000 400 400
20230117 DSN -3900 -118443400 127750000  1100
20230117 DSN -4900 -171963400 69010000  100
20230117 DSN -5000 -177183400 69010000 100 100
20230117 DSN -5000 -177313400 63660000 1600 1600
20230117 DSN "acum_busd" "acum_busd_val" "acum_val_bu" "sd" "sum_vol"
20230118 DSN -100 10664100 10680000 300 300
20230118 DSN 100 5340000 5340000  100
20230118 DSN -13200 -603820100 42386500  400
20230118 DSN -13600 -624820100 21386500 5900 5900
20230118 DSN -13900 -636820100 398276500  3900
20230118 DSN -16400 -771830100 63386500 3600 4000
20230118 DSN -17800 -845470100 189626500 200 2100
20230118 DSN -19500 -934890100 89686500  500
20230118 DSN -20000 -961190100 63386500 3600 3600
20230118 DSN 200 10680000 10680000  100
20230118 DSN -6600 -330745900 21360000  100
20230118 DSN -6600 -330745900 21386500  500
20230118 DSN -6600 -330835900 16020000  100
20230118 DSN -6600 -330835900 16020000  100
20230118 DSN -6700 -336085900 16020000 100 100
20230118 DSN -6700 -336175900 10680000 6600 6600
20230118 DSN -7100 -330772400 21360000 500 500
20230118 DSN -7700 -330804200 21386500 1100 1100
20230118 DSN "acum_busd" "acum_busd_val" "acum_val_bu" "sd" "sum_vol"
20230119 DSN 0 120000 5380000 100 200
20230119 DSN 0 360000 26661200 300 300
20230119 DSN 100 125300 5385300  100
20230119 DSN -100 -4990000 21295300  100
20230119 DSN -200 -10270000 16015300  100
20230119 DSN -200 -15544700 10735300  100
20230119 DSN 200 -4974100 21311200  300
20230119 DSN -300 -15550000 10735300 100 100
20230119 DSN -300 -20894700 5385300 400 400
20230119 DSN 300 375900 26661200  100
20230119 DSN "acum_busd" "acum_busd_val" "acum_val_bu" "sd" "sum_vol"
20230127 DSN 1100 61890000 83250000 400 400
20230127 DSN 1100 61910000 88600000 100 200
20230127 DSN 1200 61915500 88605500  100
20230127 DSN 1500 83250000 83250000  1500
20230127 DSN 1700 67477500 94167500  500
20230127 DSN 1800 72967500 99657500  100
20230127 DSN 2200 72989500 99679500  400
20230127 DSN 2700 73017000 99707000  500
20230127 DSN 2700 73047000 132117000 200 200
20230127 DSN 2800 78397000 105087000  100
20230127 DSN 2800 78457000 137527000  100
20230127 DSN 2900 83787000 132117000 400 500
20230127 DSN 3100 94537000 121227000  300
20230127 DSN 3200 100017000 126707000  100
20230127 DSN 3200 100017000 126707000  100
20230127 DSN "acum_busd" "acum_busd_val" "acum_val_bu" "sd" "sum_vol"
20230130 DSN 1000 -10245200 81174800  2000
20230130 DSN -1000 -53430000 37990000  100
20230130 DSN -1000 -53460000 32600000  100
20230130 DSN -100 -5050000 27210000  100
20230130 DSN -100 -5090000 21800000 300 300
20230130 DSN 1100 -4805200 113514800 100 700
20230130 DSN -1100 -58820000 32600000 100 100
20230130 DSN -1100 -58850000 27210000 1000 1000
20230130 DSN 1600 -26276600 113563400 400 400
20230130 DSN 1700 -26271200 113568800  100
20230130 DSN 1800 -4767400 113552600  700
20230130 DSN 2000 -4756600 113563400  200
20230130 DSN -200 -10460000 21800000 100 100
20230130 DSN 200 11020000 21800000  100
20230130 DSN 200 11020000 21800000 100 100
20230130 DSN 300 16390000 21800000 100 100
20230130 DSN 400 21800000 21800000  700
20230130 DSN 600 -31755200 81174800 100 100
20230130 DSN 700 -26385200 81174800 300 300
20230130 DSN "acum_busd" "acum_busd_val" "acum_val_bu" "sd" "sum_vol"
20230131 DSN 1000 54000 54000  1000
20230131 DSN 1100 5444000 5444000  100
20230131 DSN 11400 380666600 574982800  7000
20230131 DSN 1200 5449400 5449400  100
20230131 DSN 1400 16209400 16209400  200
20230131 DSN 16400 652826600 847142800  5000
20230131 DSN 1700 -21077600 16273000  1200
20230131 DSN 17400 707326600 901642800  1000
20230131 DSN 1800 -15707600 21643000  100
20230131 DSN 4400 366600 194682800 1000 1100
20230131 DSN 500 -21141200 16209400 900 900
20230131 DSN 5300 -4989400 189272800 2900 2900
20230131 DSN 6300 38301400 75662800 200 200
20230131 DSN 6500 38312200 75662800  4700
20230131 DSN 8200 151900600 189272800 200 2300
20230131 DSN "acum_busd" "acum_busd_val" "acum_val_bu" "sd" "sum_vol"
20230201 DSN 0 0 0  100
20230201 DSN 0 0 0  300
20230201 DSN 0 -68859700 32781000  100
20230201 DSN -100 -4790000 32700000  500
20230201 DSN 100 -68854300 32786400  100
20230201 DSN -100 -68865100 32775600 1300 1300
20230201 DSN 1200 -4719800 32775600  1400
20230201 DSN -1400 -84777800 38181800  100
20230201 DSN -1500 -90167800 32791800 1700 1800
20230201 DSN -1700 -84793600 38187200  100
20230201 DSN -1800 -84799000 38181800 400 400
20230201 DSN -200 -4795400 32700000 100 100
20230201 DSN -600 -32040000 5450000  100
20230201 DSN -700 -37490000 0 700 700
20230201 DSN "acum_busd" "acum_busd_val" "acum_val_bu" "sd" "sum_vol"
20230202 DSN -1000 60448700 247630000 1700 1700
20230202 DSN -1200 48478700 59150000 1900 1900
20230202 DSN -200 -10600 0 200 200
20230202 DSN -200 179400 10750000  100
20230202 DSN 2200 231568700 242240000  3400
20230202 DSN -300 -5190600 5380000  100
20230202 DSN -400 -10570600 0 200 200
20230202 DSN 600 145328700 242240000 1600 1600
20230202 DSN 700 150718700 247630000  100
20230202 DSN 700 48579400 59150000  900
20230202 DSN -800 71218700 258400000  100
20230202 DSN -900 65828700 253010000  100
20230202 DSN "acum_busd" "acum_busd_val" "acum_val_bu" "sd" "sum_vol"
20230203 DSN -1600 53762200 53900000  500
20230203 DSN -1700 48432200 53900000 100 100
20230203 DSN -1900 37772200 53900000 200 200
20230203 DSN -2000 32442200 53900000 100 100
20230203 DSN -2100 26812200 26950000  500
20230203 DSN -2500 -132500 0 2500 2500
20230203 DSN -2600 -137800 0 100 100
20230203 DSN "acum_busd" "acum_busd_val" "acum_val_bu" "sd" "sum_vol"
20230206 DSN 0 -26463500 26803000 100 100
20230206 DSN 100 -26458200 26803000 100 100
20230206 DSN 200 -15783500 37483000  200
20230206 DSN 200 -21168200 26803000  700
20230206 DSN -300 -15890000 26750000  400
20230206 DSN -500 -21205300 26765900  200
20230206 DSN -700 -21215900 26755300  100
20230206 DSN -700 -37290000 5350000  100
20230206 DSN -800 -21221200 26750000 500 500
20230206 DSN -800 -42640000 0 800 800
20230206 DSN "acum_busd" "acum_busd_val" "acum_val_bu" "sd" "sum_vol"
20230207 DSN 1000 53630000 53630000  200
20230207 DSN 100 27118800 64310000 100 100
20230207 DSN 100 5370000 5370000  100
20230207 DSN 1200 64310000 64310000  200
20230207 DSN 200 10730000 10730000  100
20230207 DSN 200 32428800 64310000 1000 1000
20230207 DSN -400 568800 64310000 500 500
20230207 DSN -800 -15346500 69640000  100
20230207 DSN -800 -20671200 64310000 400 400
20230207 DSN 800 42930000 42930000  600
20230207 DSN -900 -20676500 64310000 100 100
20230207 DSN "acum_busd" "acum_busd_val" "acum_val_bu" "sd" "sum_vol"
20230208 DSN -100 -10574700 5300 200 200
20230208 DSN 100 5300 5300  100
20230208 DSN 1300 64985300 144775300 1000 1000
20230208 DSN 1400 69785300 85655300  1000
20230208 DSN 1400 70335300 150125300  100
20230208 DSN 1400 70335300 150125300  100
20230208 DSN 2200 112925300 139415300 200 200
20230208 DSN 2300 118285300 144775300  100
20230208 DSN 2400 123545300 139415300  1000
20230208 DSN 400 16175300 26755300  500
20230208 DSN 400 16225300 32095300 100 100
20230208 DSN 500 21515300 32095300  100
20230208 DSN "acum_busd" "acum_busd_val" "acum_val_bu" "sd" "sum_vol"
20230209 DSN -1000 -10662400 42480000 200 200
20230209 DSN -1000 -53100000 0 1000 1000
20230209 DSN -1100 -26581800 26550000  200
20230209 DSN -1300 -37201800 15930000  200
20230209 DSN -1500 -47821800 5310000 600 600
20230209 DSN -1600 -42342400 42480000 600 600
20230209 DSN 2100 210089300 310696000 100 100
20230209 DSN 2200 215349300 310696000 1100 1100
20230209 DSN 2300 220779300 321386000  200
20230209 DSN 3100 204767600 299950000 200 200
20230209 DSN 3200 204772900 299955300  100
20230209 DSN 3300 215127600 299950000  5000
20230209 DSN 3300 215407600 310696000 2000 2200
20230209 DSN 4300 327779300 428386000  2000
20230209 DSN 5100 204873600 300056000  1900
20230209 DSN -800 -10651800 42480000  300
20230209 DSN -900 -47790000 5310000  100
20230209 DSN "acum_busd" "acum_busd_val" "acum_val_bu" "sd" "sum_vol"
20230210 DSN -1000 -84364900 180515700 200 200
20230210 DSN -1000 -84374900 185645700 100 200
20230210 DSN -100 5369400 10700000 300 300
20230210 DSN -1100 -100064400 185656200  100
20230210 DSN -1200 -100069600 185651000  100
20230210 DSN -1200 -94844900 185645700 200 200
20230210 DSN -1300 -100074800 185656200 200 200
20230210 DSN -1300 -100074900 185645700 100 100
20230210 DSN -1300 -99784800 201476200  100
20230210 DSN -1400 -104964800 201476200 100 100
20230210 DSN -1400 -105054800 196206200  100
20230210 DSN -1500 -110324800 190936200  100
20230210 DSN -1600 -115604800 185656200 300 300
20230210 DSN -1700 -120434800 201476200 300 300
20230210 DSN -1700 -120434800 201476200  600
20230210 DSN 200 10700000 10700000  200
20230210 DSN -800 -74174900 180515700 4800 8900
20230210 DSN "acum_busd" "acum_busd_val" "acum_val_bu" "sd" "sum_vol"
20230213 DSN -100 -5000000 5240000  100
20230213 DSN 100 5440000 15680000  200
20230213 DSN -200 -10240000 0 200 200
20230213 DSN 2800 146560000 251050000 1300 5000
20230213 DSN -300 -15360000 15680000 400 400
20230213 DSN 3100 162370000 266860000  300
20230213 DSN -400 -20560000 15680000 100 100
20230213 DSN 400 21180000 57420000  800
20230213 DSN "acum_busd" "acum_busd_val" "acum_val_bu" "sd" "sum_vol"
20230214 DSN -1000 -50860000 15690000  100
20230214 DSN -1100 -56070000 10480000  200
20230214 DSN -1300 -66550000 0 800 900
20230214 DSN -200 -10300000 0 200 200
20230214 DSN -500 -25660000 0 300 300
20230214 DSN -800 -40430000 26120000  100
20230214 DSN -900 -45650000 20900000  100
20230214 DSN "acum_busd" "acum_busd_val" "acum_val_bu" "sd" "sum_vol"
20230216 DSN 1000 52130000 52130000  300
20230216 DSN 1000 52180000 57400000 100 100
20230216 DSN 1100 57400000 57400000  100
20230216 DSN 600 31260000 31260000  600
20230216 DSN 700 36530000 36530000  100
20230216 DSN 800 41740000 57400000 200 200
20230216 DSN 900 47000000 62660000  100
20230216 DSN "acum_busd" "acum_busd_val" "acum_val_bu" "sd" "sum_vol"
20230217 DSN -100 -5180000 5260000 200 200
20230217 DSN 100 5260000 5260000  100
20230217 DSN -10400 -578520000 42070000 8900 8900
20230217 DSN -1500 -78340000 42070000  200
20230217 DSN -1700 -88870000 31540000 1500 1500
20230217 DSN -200 -10120000 31540000  300
20230217 DSN -500 -25900000 15760000  100
20230217 DSN -600 -31150000 10510000  100
20230217 DSN -700 -36400000 5260000 600 600
20230217 DSN "acum_busd" "acum_busd_val" "acum_val_bu" "sd" "sum_vol"
20230220 DSN 0 0 0  100
20230220 DSN -100 -5400000 0 100 100
20230220 DSN 100 5820000 162300000 2000 2000
20230220 DSN -200 -10810000 0 100 100
20230220 DSN 2100 113620000 162300000 300 300
20230220 DSN 2400 129850000 162300000  1900
20230220 DSN -2600 -138750000 173140000  200
20230220 DSN -2800 -149590000 162300000 2000 2000
20230220 DSN 4100 229870000 558410000 300 300
20230220 DSN 4200 235270000 574610000 200 500
20230220 DSN 4400 246520000 558410000  7000
20230220 DSN -500 -27040000 5410000  100
20230220 DSN 500 27060000 59510000  1000
20230220 DSN 5600 312270000 651610000  1400
20230220 DSN -600 -31780000 162300000 700 700
20230220 DSN -600 -32450000 0 400 400
20230220 DSN -800 -42510000 162300000 200 200
20230220 DSN "acum_busd" "acum_busd_val" "acum_val_bu" "sd" "sum_vol"
