20230223 DVM -1000 -12610000 342830000  1000
20230223 DVM 100 2100000 74550000  1500
20230223 DVM 10500 165430000 277130000  1500
20230223 DVM 11200 178420000 533860000  6900
20230223 DVM 12200 194020000 549460000  1000
20230223 DVM 14000 222100000 577540000  1800
20230223 DVM -1400 -21300000 51150000 700 700
20230223 DVM 17400 275380000 630820000  3400
20230223 DVM 17500 276940000 632380000  100
20230223 DVM 18000 284740000 640180000  500
20230223 DVM 1800 31530000 386970000  2800
20230223 DVM 19900 314570000 670010000  1900
20230223 DVM -2000 -28310000 327130000  1200
20230223 DVM 20900 330170000 685610000  1000
20230223 DVM 2100 33300000 105750000  2000
20230223 DVM 22400 353570000 709010000  1500
20230223 DVM 23800 375400000 836110000 4400 4400
20230223 DVM 26900 423450000 798910000 1300 1300
20230223 DVM 27000 425000000 800460000  100
20230223 DVM 27500 432750000 808210000  500
20230223 DVM 28200 443470000 798910000  5800
20230223 DVM 28200 443600000 836110000 1100 1100
20230223 DVM 28500 448250000 823710000  1000
20230223 DVM 28800 452900000 828360000  300
20230223 DVM 29300 460650000 836110000  500
20230223 DVM -3000 -44010000 311430000  1000
20230223 DVM -3000 -46100000 15500000 1000 2000
20230223 DVM -3000 -46200000 0 3000 3000
20230223 DVM 3600 56850000 129300000  1500
20230223 DVM 3800 62930000 418370000  2000
20230223 DVM -4000 -59610000 295830000 15700 16900
20230223 DVM 4000 66070000 421510000  200
20230223 DVM 4300 70780000 426220000  300
20230223 DVM 6000 94530000 166980000  2400
20230223 DVM 6000 94780000 206480000 2500 3500
20230223 DVM -700 -10450000 51150000  2300
20230223 DVM 7500 118230000 190680000  1500
20230223 DVM 9000 141880000 253580000  3000
20230223 DVM "acum_busd" "acum_busd_val" "acum_val_bu" "sd" "sum_vol"
