20221212 DVN 100 1730000 1730000 1730000 
20221212 DVN -14600 -243820000 247280000  235470000
20221212 DVN -14700 -245500000 248960000  1680000
20221212 DVN -1500 -17240000 500740000 17100000 
20221212 DVN -1600 -18920000 502420000  1680000
20221212 DVN -1800 -22580000 471880000 222920000 
20221212 DVN -200 -3310000 6770000  5040000
20221212 DVN -2500 -34340000 483640000  11760000
20221212 DVN -500 -8350000 11810000  5040000
20221212 DVN "acum_busd" "acum_busd_val" "acum_val" "val_bu" "val_sd"
20221213 DVN -100 -1680000 1680000  1680000
20221213 DVN -10300 -172860000 575780000 117860000.00000001 
20221213 DVN -11500 -192090000 355950000  84000000
20221213 DVN -12500 -208890000 372750000  16800000
20221213 DVN -13600 -227620000 726820000  99600000.00000001
20221213 DVN -17400 -290720000 457920000 1670000 
20221213 DVN -17500 -292390000 456250000  83500000
20221213 DVN -18600 -310620000 809820000  83000000
20221213 DVN -200 -3360000 3360000  1680000
20221213 DVN -2400 -40320000 40320000  36960000
20221213 DVN -2600 -43660000 55420000  3340000
20221213 DVN -27600 -460020000 959220000  149400000
20221213 DVN -28600 -476620000 975820000  16600000
20221213 DVN -29400 -489900000 989100000  13280000.000000002
20221213 DVN -36400 -606100000 1105300000  116200000.00000001
20221213 DVN -38400 -639100000 1343500000 102600000.00000001 
20221213 DVN -38500 -640760000 1345160000  1660000.0000000002
20221213 DVN -38700 -644080000 1348480000  3320000.0000000005
20221213 DVN -44400 -741700000 1240900000  135600000
20221213 DVN -5000 -83740000 95500000  40080000
20221213 DVN -5400 -89610000 253470000 76050000 
20221213 DVN -5500 -91290000 255150000  1680000
20221213 DVN -6000 -100440000 112200000  16700000
20221213 DVN -6500 -108090000 271950000  16800000
20221213 DVN -7600 -128020000 627220000 6640000.000000001 
20221213 DVN -8000 -133840000 145600000  33400000
20221213 DVN -8000 -134660000 620580000 41500000 3300000
20221213 DVN -9000 -150540000 162300000  16700000
20221213 DVN -9900 -165660000 177420000  15120000
20221213 DVN "acum_busd" "acum_busd_val" "acum_val" "val_bu" "val_sd"
20221214 DVN 0 0 1680000  
20221214 DVN -100 -1670000 3350000  1670000
20221214 DVN -10300 -172120000 451100000 30600000 
20221214 DVN -10500 -176370000 178050000  10080000
20221214 DVN -10500 -176370000 184770000  
20221214 DVN -10500 -176370000 201570000  
20221214 DVN -10700 -179730000 204930000  3360000
20221214 DVN -10700 -179730000 268770000  
20221214 DVN -1200 -20150000 21830000  18480000
20221214 DVN -12100 -202720000 420500000 42500000 
20221214 DVN -13500 -226770000 349410000 13440000 
20221214 DVN -14200 -238500000 371280000 3379999.9999999995 
20221214 DVN -14300 -240210000 335970000 3360000 63840000
20221214 DVN -14400 -241880000 367900000 1689999.9999999998 
20221214 DVN -14500 -243540000 376320000  5040000
20221214 DVN -14500 -243570000 366210000  16800000
20221214 DVN -14600 -245220000 378000000  1680000
20221214 DVN 16400 286480000 936900000 472200000 13600000
20221214 DVN -2200 -36950000 38630000  16800000
20221214 DVN -2300 -38620000 40300000  1670000
20221214 DVN -2500 -41980000 43660000  3360000
20221214 DVN 40500 701500000 1355360000 416740000 1720000
20221214 DVN -8500 -142780000 144460000  100800000
20221214 DVN -9500 -159580000 161260000  16800000
20221214 DVN -9800 -164620000 166300000  5040000
20221214 DVN -9900 -166290000 167970000  1670000
20221214 DVN "acum_busd" "acum_busd_val" "acum_val" "val_bu" "val_sd"
20221215 DVN -100 -1680000 1680000  1680000
20221215 DVN -1100 -18480000 18480000  11760000
20221215 DVN -31600 -526110000.00000006 526110000.00000006  415000000.00000006
20221215 DVN -400 -6720000 6720000  5040000
20221215 DVN -5100 -85910000 85910000  67430000
20221215 DVN -51200 -846220000 1034320000 94050000.00000001 1660000.0000000002
20221215 DVN -56600 -938610000 938610000  412500000
20221215 DVN -6100 -102710000 102710000  16800000
20221215 DVN -6600 -111110000 111110000  8400000
20221215 DVN "acum_busd" "acum_busd_val" "acum_val" "val_bu" "val_sd"
20221216 DVN -200 -3340000 3340000  3340000
20221216 DVN -3200 -53420000 53420000  50080000
20221216 DVN -3400 -55620000 191520000 44430000 
20221216 DVN -4200 -70020000 70020000  16600000
20221216 DVN -5100 -84950000 88290000 1670000 
20221216 DVN -5200 -86620000 86620000  16600000
20221216 DVN -5200 -86620000 89960000  1670000
20221216 DVN -5200 -86620000 93340000 1689999.9999999998 
20221216 DVN -5300 -88310000 91650000  1689999.9999999998
20221216 DVN -5400 -89980000 96700000  3360000
20221216 DVN -5700 -95020000 101740000  5040000
20221216 DVN -5900 -98380000 145420000 1680000 
20221216 DVN -6000 -100050000 147090000  1670000
20221216 DVN -6000 -100060000 143740000 18480000 
20221216 DVN -6100 -101740000 108460000  6720000
20221216 DVN -7100 -118540000 125260000  16800000
20221216 DVN "acum_busd" "acum_busd_val" "acum_val" "val_bu" "val_sd"
20221219 DVN -200 -3360000 3360000  3360000
20221219 DVN 23500 404160000 589560000 275200000 
20221219 DVN 30900 531960000 737760000 138000000 10200000
20221219 DVN -3100 -52060000 52060000  45340000
20221219 DVN -3400 -57070000 57070000  5010000
20221219 DVN -4000 -67090000 67090000  10020000
20221219 DVN -400 -6720000 6720000  3360000
20221219 DVN -4100 -68760000 68760000  1670000
20221219 DVN 7500 128960000 314360000  20520000
20221219 DVN 8700 149480000 293840000  3420000.0000000005
20221219 DVN 8900 152900000 290420000 221660000 
20221219 DVN "acum_busd" "acum_busd_val" "acum_val" "val_bu" "val_sd"
20221220 DVN -10400 -174460000 174460000  8350000
20221220 DVN -10500 -176130000 176130000  1670000
20221220 DVN -1300 -21840000 21840000  21840000
20221220 DVN -2300 -38640000 38640000  16800000
20221220 DVN -3300 -55440000 55440000  16800000
20221220 DVN -3700 -61280000 314480000 50700000 
20221220 DVN -5300 -89040000 89040000  33600000
20221220 DVN -5800 -97440000 97440000  8400000
20221220 DVN -6600 -110300000 262100000 17100000 
20221220 DVN -6700 -111980000 263780000  1680000
20221220 DVN -6800 -114240000 114240000  16800000
20221220 DVN -7600 -127400000 245000000 50400000 1670000
20221220 DVN -7800 -131040000 131040000  16800000
20221220 DVN -8800 -147740000 147740000  16700000
20221220 DVN -9800 -164440000 164440000  16700000
20221220 DVN -9900 -166110000 166110000  1670000
20221220 DVN "acum_busd" "acum_busd_val" "acum_val" "val_bu" "val_sd"
20221221 DVN -100 -1680000 1680000  1680000
20221221 DVN -1100 -18480000 18480000  16800000
20221221 DVN -14100 -235880000 235880000  167000000
20221221 DVN -2100 -35280000 35280000  16800000
20221221 DVN -24100 -401880000 401880000  166000000
20221221 DVN -26400 -439790000 553350000 56780000 
20221221 DVN -2800 -47040000 47040000  11760000
20221221 DVN -2900 -48720000 48720000  1680000
20221221 DVN -29100 -484880000 484880000  83000000
20221221 DVN -29600 -493230000 493230000  8350000
20221221 DVN -29800 -496570000 496570000  3340000
20221221 DVN -35600 -590210000 973970000 85000000 
20221221 DVN -36400 -605790000 719350000  166000000
20221221 DVN -40600 -675210000 888970000 50100000 
20221221 DVN -4100 -68880000 68880000  20160000
20221221 DVN -41400 -688790000 802350000  83000000
20221221 DVN -42400 -705390000 818950000  16600000
20221221 DVN -43400 -721990000 835550000  16600000
20221221 DVN -43600 -725310000 838870000  3320000.0000000005
20221221 DVN "acum_busd" "acum_busd_val" "acum_val" "val_bu" "val_sd"
20221222 DVN -100 -1670000 3350000  1670000
20221222 DVN -200 -3340000 6690000  1670000
20221222 DVN -300 -5000000 8350000  1660000.0000000002
20221222 DVN 700 11800000 25150000 16800000 
20221222 DVN "acum_busd" "acum_busd_val" "acum_val" "val_bu" "val_sd"
20221223 DVN -200 -3320000.0000000005 3320000.0000000005  3320000.0000000005
20221223 DVN -2200 -36720000 36720000  33400000
20221223 DVN "acum_busd" "acum_busd_val" "acum_val" "val_bu" "val_sd"
20221226 DVN -11400 -190360000 190360000  33400000
20221226 DVN -11500 -192030000 192030000  1670000
20221226 DVN -1200 -20020000 20020000  16700000
20221226 DVN -12500 -208730000 208730000  16700000
20221226 DVN -1500 -25030000 25030000  5010000
20221226 DVN -15700 -256870000 818870000 85500000 
20221226 DVN -1600 -26700000 26700000  1670000
20221226 DVN -19000 -317280000 317280000  108550000
20221226 DVN -200 -3320000.0000000005 3320000.0000000005  3320000.0000000005
20221226 DVN -20700 -342370000 716370000 187000000 116900000
20221226 DVN -21100 -352350000 352350000  35070000
20221226 DVN -22600 -377400000 377400000  25050000
20221226 DVN -23600 -394100000 394100000  16700000
20221226 DVN -24100 -402450000 402450000  8350000
20221226 DVN -24200 -404120000 404120000  1670000
20221226 DVN -24700 -412470000 412470000  8350000
20221226 DVN -3600 -60100000 60100000  33400000
20221226 DVN -3900 -65110000 65110000  5010000
20221226 DVN -6900 -115210000 115210000  50100000
20221226 DVN -8900 -148610000 148610000  33400000
20221226 DVN -9400 -156960000 156960000  8350000
20221226 DVN "acum_busd" "acum_busd_val" "acum_val" "val_bu" "val_sd"
20221227 DVN -11800 -189800000 1118260000 170000000 
20221227 DVN -19000 -315400000 315400000  315400000
20221227 DVN -21800 -359800000 948260000 92950000 
20221227 DVN -22200 -368100000 438660000 1680000 1660000.0000000002
20221227 DVN -22200 -368120000 435320000 33600000 1660000.0000000002
20221227 DVN -24000 -398400000 398400000  83000000
20221227 DVN -24100 -400060000 400060000  1660000.0000000002
20221227 DVN -27300 -452750000 855310000 1660000.0000000002 
20221227 DVN -27400 -454410000 853650000 4980000 1650000
20221227 DVN -27600 -457740000 847020000 159360000 
20221227 DVN 29800 522600000 1837420000 373780000 1689999.9999999998
20221227 DVN -37200 -617100000 687660000  249000000.00000003
20221227 DVN 64800 1124600000 2439420000 602000000 
20221227 DVN 8100 150510000 1461950000 342000000 1689999.9999999998
20221227 DVN 84800 1470600000 2785420000 346000000 
20221227 DVN "acum_busd" "acum_busd_val" "acum_val" "val_bu" "val_sd"
20221228 DVN -100 -1670000 1670000  1670000
20221228 DVN -1300 -21710000 21710000  16700000
20221228 DVN -300 -5010000 5010000  3340000
20221228 DVN -4300 -71810000 71810000  50100000
20221228 DVN -5300 -88510000 88510000  16700000
20221228 DVN "acum_busd" "acum_busd_val" "acum_val" "val_bu" "val_sd"
20221229 DVN -1300 -21710000 21710000  8350000
20221229 DVN -1400 -23380000 23380000  1670000
20221229 DVN -1600 -26720000 26720000  3340000
20221229 DVN -16500 -273850000 310810000  263940000
20221229 DVN -200 -3340000 3340000  3340000
20221229 DVN -400 -6680000 6680000  3340000
20221229 DVN -4500 -68450000 516210000 34400000 
20221229 DVN -500 -8350000 8350000  1670000
20221229 DVN 5400 101890000 689870000 172000000 1660000.0000000002
20221229 DVN -600 -9910000 46870000 1680000 
20221229 DVN -600 -9920000 43520000 16800000 
20221229 DVN -6500 -102850000 481810000 171000000 
20221229 DVN -700 -11590000 45190000  1670000
20221229 DVN -800 -13360000 13360000  5010000
20221229 DVN "acum_busd" "acum_busd_val" "acum_val" "val_bu" "val_sd"
20221230 DVN 1300 22590000 203530000 51300000.00000001 
20221230 DVN -1600 -27000000.000000007 147100000  54720000.00000001
20221230 DVN 1600 27720000 92380000  1670000
20221230 DVN -1700 -28710000.000000007 152230000  1710000.0000000002
20221230 DVN 1700 29390000 39410000  1670000
20221230 DVN 1700 29390000 90710000  
20221230 DVN 1800 31060000 37740000 34400000 
20221230 DVN -200 -3340000 3340000  3340000
20221230 DVN 285300 5116610000 7238910000 170100000 952680000
20221230 DVN 327500 5899190000 6116130000 5894600000 18000000
20221230 DVN "acum_busd" "acum_busd_val" "acum_val" "val_bu" "val_sd"
20230103 DVN 0 320000 43880000 3600000 
20230103 DVN 0 320000 45660000  
20230103 DVN 0 330000 49230000  1780000
20230103 DVN 100 2110000 47450000 1789999.9999999998 
20230103 DVN 100 2120000 51020000 1789999.9999999998 
20230103 DVN 1300 23690000 72590000 16200000 
20230103 DVN -200 -3280000 40280000  9000000
20230103 DVN -300 -5560000 5560000  5560000
20230103 DVN 300 5720000 31280000  3600000
20230103 DVN 400 7490000 56390000 5370000 
20230103 DVN 500 9320000 27680000  3620000.0000000005
20230103 DVN 700 12940000 24060000 18500000 
20230103 DVN "acum_busd" "acum_busd_val" "acum_val" "val_bu" "val_sd"
20230104 DVN 0 0 1800000  
20230104 DVN 100 1750000 10610000 5280000 
20230104 DVN 100 1750000 14150000  
20230104 DVN 100 1750000 63710000  
20230104 DVN -100 -1770000 3570000  1770000
20230104 DVN -100 -1790000 67250000  3540000
20230104 DVN -1100 -19490000 84950000  17700000
20230104 DVN -200 -3530000 5330000  1760000.0000000002
20230104 DVN "acum_busd" "acum_busd_val" "acum_val" "val_bu" "val_sd"
20230105 DVN 100 1770000 1770000 1770000 
20230105 DVN 2800 49220000 83820000 1750000 17300000
20230105 DVN 3700 64770000 64770000 63000000 
20230105 DVN 4000 70100000 104700000 20880000 
20230105 DVN 4000 70230000 150070000  17400000
20230105 DVN 5000 87630000 132670000  5219999.999999999
20230105 DVN 5200 91100000 125700000 21000000 
20230105 DVN 5300 92850000 127450000 1750000 
20230105 DVN 7000 123030000 202870000 52800000.00000001 
20230105 DVN "acum_busd" "acum_busd_val" "acum_val" "val_bu" "val_sd"
20230106 DVN 0 0 52199999.99999999  
20230106 DVN 0 0 55679999.99999999  
20230106 DVN 100 1750000 57429999.99999999 1750000 
20230106 DVN -3100 -52540000 233620000 35000000 
20230106 DVN -3100 -53140000 129820000  37840000
20230106 DVN -5100 -87540000 164220000  34400000
20230106 DVN -5100 -87540000 198620000 1720000 
20230106 DVN -5200 -89260000 196900000 15480000 
20230106 DVN 600 10500000 66179999.99999999 8750000 
20230106 DVN -6100 -104740000 181420000  17200000
20230106 DVN -900 -15300000 91980000  25800000
20230106 DVN "acum_busd" "acum_busd_val" "acum_val" "val_bu" "val_sd"
20230109 DVN 0 0 19030000  1730000
20230109 DVN 100 1730000 17300000  
20230109 DVN 100 1730000 1730000 1730000 
20230109 DVN "acum_busd" "acum_busd_val" "acum_val" "val_bu" "val_sd"
20230110 DVN -2800 -46760000 46760000  46760000
20230110 DVN -3500 -58660000 58660000  11900000
20230110 DVN -3700 -61940000 101470000  
20230110 DVN -3700 -61940000 82580000 10320000 
20230110 DVN -3700 -61940000 96340000  
20230110 DVN -3900 -65460000 65460000  6800000
20230110 DVN -4300 -72260000 72260000  6800000
20230110 DVN -4700 -79240000 118770000  17300000
20230110 DVN "acum_busd" "acum_busd_val" "acum_val" "val_bu" "val_sd"
20230111 DVN -2000 -34000000 34000000  34000000
20230111 DVN -2100 -35700000 35700000  1700000
20230111 DVN -2200 -37400000 37400000  1700000
20230111 DVN -3000 -51000000 51000000  13600000
20230111 DVN -3500 -59500000 59500000  8500000
20230111 DVN -4500 -76500000 76500000  17000000
20230111 DVN -4500 -76500000 86700000  
20230111 DVN -4900 -83260000 93460000  6759999.999999999
20230111 DVN -8800 -151120000 161320000  67860000
20230111 DVN "acum_busd" "acum_busd_val" "acum_val" "val_bu" "val_sd"
20230112 DVN 0 20000 3420000 1720000 
20230112 DVN -100 -1560000 25640000 10320000 
20230112 DVN -100 -1680000 5120000  1700000
20230112 DVN -100 -1700000 1700000  1700000
20230112 DVN 4900 85440000 112640000 87000000 
20230112 DVN -700 -11880000 15320000  10200000
20230112 DVN "acum_busd" "acum_busd_val" "acum_val" "val_bu" "val_sd"
20230113 DVN -100 -1710000.0000000002 1710000.0000000002  1710000.0000000002
20230113 DVN 100 2110000 75740000  5130000
20230113 DVN 1100 19510000 93140000 17400000 
20230113 DVN 1400 24340000 44860000 34600000 
20230113 DVN -400 -6840000 6840000  5130000
20230113 DVN 400 7240000 61960000  17100000
20230113 DVN 400 7240000 70610000  
20230113 DVN -600 -10260000 10260000  3420000.0000000005
20230113 DVN "acum_busd" "acum_busd_val" "acum_val" "val_bu" "val_sd"
20230116 DVN -100 -1700000 1700000  1700000
20230116 DVN -1100 -18740000 39380000  10260000
20230116 DVN -1100 -18800000 18800000  17100000
20230116 DVN -1500 -25580000 46220000  6840000.000000001
20230116 DVN -1900 -32420000 106380000  
20230116 DVN -1900 -32420000 94340000  6840000.000000001
20230116 DVN -500 -8480000 29120000 10320000 
20230116 DVN -900 -15120000 123680000 17300000 
20230116 DVN "acum_busd" "acum_busd_val" "acum_val" "val_bu" "val_sd"
20230117 DVN -1400 -23930000 27370000  17100000
20230117 DVN -200 -3420000.0000000005 3420000.0000000005  3420000.0000000005
20230117 DVN -2200 -37560000 125320000 3460000 
20230117 DVN -2300 -39310000 46190000 1720000 
20230117 DVN -2400 -41020000 121860000  
20230117 DVN -2400 -41020000 47900000  1710000.0000000002
20230117 DVN -2400 -41030000 44470000  17100000
20230117 DVN -300 -5130000.000000001 5130000.000000001  1710000.0000000002
20230117 DVN -400 -6830000.000000002 10270000.000000002 1720000 
20230117 DVN -4800 -81900000 190420000 10380000 
20230117 DVN -500 -8550000.000000002 8550000.000000002  3420000.0000000005
20230117 DVN -5400 -92280000 180040000  54720000
20230117 DVN "acum_busd" "acum_busd_val" "acum_val" "val_bu" "val_sd"
20230118 DVN -100 -1710000.0000000002 1710000.0000000002  1710000.0000000002
20230118 DVN -1600 -27280000 42840000 6920000 
20230118 DVN -1800 -30700000 46260000  3420000.0000000005
20230118 DVN -1900 -32490000 32490000  25650000
20230118 DVN -1900 -32490000 34210000  
20230118 DVN -2000 -34120000 49680000  3420000.0000000005
20230118 DVN -2000 -34200000 35920000  1710000.0000000002
20230118 DVN -2300 -39250000 54810000  5130000
20230118 DVN -2700 -46090000 61650000  6840000.000000001
20230118 DVN -3000 -51220000 66780000  5130000
20230118 DVN -300 -5130000.000000001 5130000.000000001  3420000.0000000005
20230118 DVN -3400 -58060000 73620000  6840000
20230118 DVN -3400 -58060000 78780000  
20230118 DVN -3900 -66610000 87330000  8550000
20230118 DVN -400 -6840000.000000001 6840000.000000001  1710000.0000000002
20230118 DVN -4400 -75160000 95880000  8550000
20230118 DVN -5200 -88840000 109560000  13680000.000000002
20230118 DVN -5300 -90510000 123310000 3460000 
20230118 DVN -5400 -92260000 112980000  3420000.0000000005
20230118 DVN -5500 -93970000 114690000  1710000.0000000002
20230118 DVN -5500 -93970000 119850000  
20230118 DVN "acum_busd" "acum_busd_val" "acum_val" "val_bu" "val_sd"
20230119 DVN -100 -1700000 1700000  1700000
20230119 DVN -3700 -63260000.00000001 63260000.00000001  51300000.00000001
20230119 DVN -4100 -70040000 90680000 10320000 
20230119 DVN -4200 -71750000 92390000  1710000.0000000002
20230119 DVN -4300 -73460000 94100000  1710000.0000000002
20230119 DVN -4400 -75170000 95810000  1710000.0000000002
20230119 DVN -4700 -80360000 80360000  17100000
20230119 DVN -700 -11960000 11960000  10260000
20230119 DVN "acum_busd" "acum_busd_val" "acum_val" "val_bu" "val_sd"
20230127 DVN -1100 -18720000 39480000  5160000
20230127 DVN -1200 -20520000 20520000  11970000.000000002
20230127 DVN -1300 -22160000 42920000  3440000
20230127 DVN -1300 -22210000 25670000 1730000 
20230127 DVN -1400 -23870000 44630000  1710000.0000000002
20230127 DVN -1400 -23940000 23940000  3420000.0000000005
20230127 DVN -500 -8550000 8550000  8550000
20230127 DVN -800 -13490000 55010000 10380000 
20230127 DVN -800 -13560000 34320000 8650000 
20230127 DVN "acum_busd" "acum_busd_val" "acum_val" "val_bu" "val_sd"
20230130 DVN -100 -1720000 1720000  1720000
20230130 DVN -10100 -172840000 172840000  85500000
20230130 DVN -10500 -179720000 179720000  6880000
20230130 DVN -10700 -183140000 183140000  3420000.0000000005
20230130 DVN -11300 -193400000 193400000  10260000
20230130 DVN -1300 -22360000 22360000  20640000
20230130 DVN -5100 -87340000 87340000  64980000.00000001
20230130 DVN "acum_busd" "acum_busd_val" "acum_val" "val_bu" "val_sd"
20230131 DVN -1500 -25110000 142470000 1720000 
20230131 DVN -1600 -26830000 140750000 1720000 
20230131 DVN -1700 -28550000 139030000 1720000 
20230131 DVN -1800 -30270000 137310000 1720000 
20230131 DVN -1900 -31990000 135590000 1720000 
20230131 DVN -19100 -325870000 501770000 17300000 
20230131 DVN -2000 -33710000 133870000 8600000 
20230131 DVN -20100 -343170000 484470000 1710000.0000000002 
20230131 DVN -20200 -344880000 482760000 1710000.0000000002 
20230131 DVN -20300 -346590000 481050000 8550000 
20230131 DVN -20800 -355140000 472500000  330030000
20230131 DVN -2500 -42310000 125270000 5160000 
20230131 DVN -2500 -42750000 42750000  42750000
20230131 DVN -2600 -44060000 113260000 34600000 
20230131 DVN -2700 -45770000 114970000  1710000.0000000002
20230131 DVN -2800 -47470000 120110000 1720000 
20230131 DVN -2800 -47480000 116680000  1710000.0000000002
20230131 DVN -2900 -49190000 118390000  1710000.0000000002
20230131 DVN -4500 -76950000 76950000  34200000
20230131 DVN -4600 -78660000 78660000  1710000.0000000002
20230131 DVN "acum_busd" "acum_busd_val" "acum_val" "val_bu" "val_sd"
20230201 DVN -100 -1710000.0000000002 1710000.0000000002  1710000.0000000002
20230201 DVN -1200 -20520000 20520000  8550000
20230201 DVN -15400 -263340000 263340000  121410000.00000001
20230201 DVN -2000 -34200000 34200000  13680000.000000002
20230201 DVN -4800 -82080000 82080000  47880000.00000001
20230201 DVN -5300 -90630000 90630000  8550000
20230201 DVN -700 -11970000 11970000  10260000
20230201 DVN -8300 -141930000 141930000  51300000.00000001
20230201 DVN "acum_busd" "acum_busd_val" "acum_val" "val_bu" "val_sd"
20230202 DVN -1200 -20400000 44340000 5130000 
20230202 DVN 1200 20440000 95300000  5060000
20230202 DVN 1200 20440000 96990000  
20230202 DVN 1500 25500000 90240000 13600000 
20230202 DVN -1500 -25530000 39210000  10200000
20230202 DVN -300 -5130000 18810000  
20230202 DVN -300 -5130000 5130000  5130000
20230202 DVN -400 -6440000 123870000  16800000
20230202 DVN -400 -6830000 20510000  1700000
20230202 DVN 600 10360000 107070000  10080000
20230202 DVN 700 11900000 76640000 32300000 
20230202 DVN -800 -13160000 130590000  6720000
20230202 DVN -900 -15330000 29010000  8500000
20230202 DVN "acum_busd" "acum_busd_val" "acum_val" "val_bu" "val_sd"
20230203 DVN -100 -1670000 1670000  1670000
20230203 DVN -2000 -33560000 36980000 1710000.0000000002 
20230203 DVN -2100 -35270000 35270000  33600000
20230203 DVN -4000 -67160000 70580000  33600000
20230203 DVN "acum_busd" "acum_busd_val" "acum_val" "val_bu" "val_sd"
20230206 DVN -100 -1670000 1670000  1670000
20230206 DVN -1700 -28490000 28490000  16800000
20230206 DVN -1900 -31850000 31850000  3360000
20230206 DVN -2000 -33530000 33530000  1680000
20230206 DVN -600 -10020000 10020000  8350000
20230206 DVN -700 -11690000 11690000  1670000
20230206 DVN "acum_busd" "acum_busd_val" "acum_val" "val_bu" "val_sd"
20230207 DVN -100 -1680000 1680000  1680000
20230207 DVN 12400 218110000 628590000 380600000 
20230207 DVN 200 4110000 81390000 42750000 
20230207 DVN -2300 -38640000 38640000  31920000
20230207 DVN -400 -6720000 6720000  5040000
20230207 DVN -6000 -101290000 186790000  105400000
20230207 DVN -6100 -102990000 188490000  1700000
20230207 DVN -7000 -118290000 203790000  15300000
20230207 DVN -9000 -152290000 237790000  34000000
20230207 DVN -9600 -162490000 247990000  10200000
20230207 DVN "acum_busd" "acum_busd_val" "acum_val" "val_bu" "val_sd"
20230208 DVN -100 -1720000 1720000  1720000
20230208 DVN -4100 -69820000 78410000  56100000
20230208 DVN -4600 -78320000 86910000  8500000
20230208 DVN -4700 -80010000 88600000  1689999.9999999998
20230208 DVN -4800 -81710000 90300000  1700000
20230208 DVN -600 -10320000 17200000  8600000
20230208 DVN -700 -12020000 18900000  1700000
20230208 DVN -700 -12020000 20610000  
20230208 DVN -800 -13720000 22310000  1700000
20230208 DVN "acum_busd" "acum_busd_val" "acum_val" "val_bu" "val_sd"
20230209 DVN -100 -1689999.9999999998 1689999.9999999998  1689999.9999999998
20230209 DVN -3100 -52440000 52440000  42250000
20230209 DVN -4700 -79640000 79640000  27200000
20230209 DVN -600 -10190000 10190000  8500000
20230209 DVN "acum_busd" "acum_busd_val" "acum_val" "val_bu" "val_sd"
20230210 DVN -100 -1689999.9999999998 1689999.9999999998  1689999.9999999998
20230210 DVN 10100 174180000 258080000 86500000 
20230210 DVN 10100 174280000 348120000  1720000
20230210 DVN 10200 175990000 342930000  6920000
20230210 DVN 10200 176000000 346400000  1730000
20230210 DVN 10200 176110000 415090000  10260000
20230210 DVN 10300 177720000 379080000 8600000 
20230210 DVN 10300 177730000 344670000 1739999.9999999998 
20230210 DVN 10600 182910000 336010000 12179999.999999998 
20230210 DVN 10800 186370000 404830000 17200000 
20230210 DVN -200 -3379999.9999999995 25480000  1689999.9999999998
20230210 DVN 3000 51550000 132010000 43010000 
20230210 DVN 5000 85950000 169850000 34400000 
20230210 DVN 500 8540000 54600000  1720000
20230210 DVN 500 8540000 89000000  
20230210 DVN 5100 87680000 171580000 1730000 
20230210 DVN 600 10260000 52880000 20520000 6880000
20230210 DVN 8600 148230000 301330000 8650000 34600000
20230210 DVN 9100 157300000 433900000  1710000.0000000002
20230210 DVN 9200 159010000 432190000  17100000
20230210 DVN 9300 160340000 313440000 12110000 
20230210 DVN 9500 163800000 316900000 3460000 
20230210 DVN 9800 168990000 322090000 5190000 
20230210 DVN 9800 169120000 353280000  5160000
20230210 DVN 9800 169120000 370480000  
20230210 DVN 9800 169170000 387630000  8550000
20230210 DVN 9900 170730000 323830000 1739999.9999999998 
20230210 DVN "acum_busd" "acum_busd_val" "acum_val" "val_bu" "val_sd"
