20221212 DXG -2683900 -29052888600 115467128000 11034000 20451000
20221213 DXG 224000 -2588024400 80043135100 7079700 17039400
20221214 DXG -689900 -6162363200 84999267800 6648300 13817500
20221215 DXG 4527700 54851238700 140678547800 6657500 20740700
20221216 DXG -699200 -12089011500 78472767500 5949400 13410000
20221219 DXG -4288400 -61074906500 83900962000 10200100 18334500
20221220 DXG -2427800 -33328426000 76743450800 8478100 15996700
20221221 DXG -2824500 -32416201400 46412463400 6446200 10701200
20221222 DXG -1340800 -14163193600 42326430300 4656600 8340300
20221223 DXG -264100 -3511595000 25673420000 2179800 4767600
20221226 DXG -1341900 -16249823600 48152468100 5225300 9301900
20221227 DXG 1586600 20879260300 49208982900 2691600 7525500
20221228 DXG 377800 1792700700 26108201900 2462700 5719600
20221229 DXG -250800 -3692730200 23694948900 2244400 5019800
20221230 DXG -173100 -955651200 47719087200 4247100 9802000
20230103 DXG 4400000 57902902400 91947070500 2540100 9622800
20230104 DXG -658200 -10051691400 37624152200 3748800 7375600
20230105 DXG -56100 -490970000 40662815000 3075600 6387800
20230106 DXG -1176800 -15767825000 44493640000 4461500 8374200
20230109 DXG -1210000 -15111590000 19201044200 3022800 5629800
20230110 DXG -692300 -8462190000 31299235000 3166600 6133600
20230111 DXG 1909000 24156836700 68947027100 3374200 9102400
20230112 DXG -473900 -283366300 22419797600 2368200 4511700
20230113 DXG -736100 -5926761200 24134882900 2700500 4990400
20230116 DXG -742100 -8831295000 18342997400 2249500 4021100
20230117 DXG 776900 10936526500 44892103700 2621000 6776400
20230118 DXG 2015600 24873102000 75743099600 3640200 9951600
20230119 DXG -2070200 -21377723400 26395685200 4905800 7752500
20230127 DXG -769700 -9697992400 41900435000 3726700 7114100
20230130 DXG 1488700 17391058600 118917341400 7133600 16456700
20230131 DXG 644400 9773615000 71011495000 4199000 9539500
20230201 DXG -2171700 -26531327900 108451398200 10082900 20563200
20230202 DXG -3645900 -36945939800 44751081800 7143300 10900300
20230203 DXG -571700 -7453625000 33997680000 3066700 6046500
20230206 DXG -1222100 -14168899300 41193891500 4335000 8045600
20230207 DXG -3504800 -38931028400 25668008300 5883300 9575600
20230208 DXG -1411500 -15364450600 51332023800 5507600 10201500
20230209 DXG -1267400 -15667915000 19499445000 2822400 4731300
20230210 DXG -2910800 -28651840600 33709605600 6220700 10468000
20230213 DXG -1389800 -15373750000 63977025000 7276300 13538400
20230214 DXG -3531200 -36993095000 33754685000 6742300 9957900
20230216 DXG -1263100 -13609800000 39566950000 4875200 9231300
20230217 DXG 153500 2000265000 64190665000 5494800 11881800
20230220 DXG 737100 8875280000 89276165000 6843800 14517000
