20221212 EVE -35400 -512950600 192919400 51600 67900
20221213 EVE -3600 -48585000 515935000 41500 79400
20221214 EVE 83700 997287800 2746502600 157600 400900
20221215 EVE -4200 -118066600 1904179800 148300 340200
20221216 EVE 29800 461820000 2604455000 147200 344700
20221219 EVE 3700 42400000 1121040000 73900 176500
20221220 EVE 21500 50842800 983371600 80600 183700
20221221 EVE -54600 -769450600 496640000 89300 126900
20221222 EVE 132200 1913720000 3860405000 135400 407200
20221223 EVE 48000 706220000 2540200000 125500 299000
20221226 EVE 39600 816158200 987501000 29800 103800
20221227 EVE 18200 274416000 330299200 5300 31200
20221228 EVE 4000 250481000 271655000 15000 35900
20221229 EVE -24500 -255572400 162560000 36000 47500
20221230 EVE 44600 530777400 1013982400 35100 114800
20230103 EVE 4000 112900400 374348400 30800 90800
20230104 EVE -5200 -141405000 252387800 35900 66600
20230105 EVE 22600 161818200 269033800 10600 54400
20230106 EVE -29700 -55326200 404386400 58200 97300
20230109 EVE -31700 65770400 190266000 51800 75800
20230110 EVE -13500 -199747400 180667600 27400 41300
20230111 EVE 2000 -38192800 176899000 34100 70200
20230112 EVE -13900 -81982000 147130400 25600 42200
20230113 EVE -3100 -45497200 173277800 15800 33000
20230116 EVE 17400 241400000 340115000 7200 32600
20230117 EVE 39800 550540000 775635000 16400 72600
20230118 EVE 20600 284410000 524110000 17500 56600
20230119 EVE -27500 -377703600 296461400 49200 87800
20230127 EVE 14900 48794600 201379600 11000 36900
20230130 EVE 12600 77969400 1330944400 90100 196500
20230131 EVE 115200 1483389000 2659053600 92100 300900
20230201 EVE -60800 -871610000 813930000 117200 173600
20230202 EVE -30200 -300334000 916626000 97000 165500
20230203 EVE -54100 -762516000 635379000 101100 148100
20230206 EVE -16300 -223425000 306695000 38600 60900
20230207 EVE -15000 -203883600 230591400 31800 50800
20230208 EVE -4500 -59450000 143535000 14900 25300
20230209 EVE -9600 -196731400 216107000 30900 57300
20230210 EVE -1300 -17950000 143135000 11800 22400
20230213 EVE -5900 -76870000 309350000 29000 52100
20230214 EVE 5100 68750000 149570000 6000 17100
20230216 EVE -4300 -56520000 63960000 9000 15800
20230217 EVE -22700 -306380000 41910000 25800 33200
20230220 EVE 27500 373845000 691790000 23500 74600
