20230223 EVF 1100 8829000 33497000 1500 1500
20230223 EVF 1200 9588000 10386000 100 100
20230223 EVF 1200 9588000 9588000  1200
20230223 EVF 1300 10386000 10386000  100
20230223 EVF 1500 11986000 17532000 100 1000
20230223 EVF 1600 12809000 37477000  500
20230223 EVF 1700 13605000 38273000  100
20230223 EVF 2000 15993000 40661000  300
20230223 EVF 2500 19961000 25507000  1000
20230223 EVF 2600 20778000 33497000 900 900
20230223 EVF 3000 23963000 48631000  1000
20230223 EVF 3000 23963000 49428000 100 100
20230223 EVF 3100 24760000 49428000  100
20230223 EVF 3500 27951000 33497000  1000
20230223 EVF -6000 -47497000 49428000 9000 9000
20230223 EVF 700 5634000 10386000 200 200
20230223 EVF -9000 -71317000 49428000 3000 3000
20230223 EVF 900 7218000 10386000 300 300
20230223 EVF -9100 -72111000 51810000  300
20230223 EVF -9200 -72905000 49428000 200 200
20230223 EVF -9400 -74493000 49428000 200 200
20230223 EVF "acum_busd" "acum_busd_val" "acum_val_bu" "sd" "sum_vol"
