20221212 FPT 293100 22870130000
20221213 FPT 264800 20536040000
20221214 FPT -497000 -38172230000
20221215 FPT 319000 24859280000
20221216 FPT 240200 18787070000
20221219 FPT -343600 -26398580000
20221220 FPT -84900 -6367760000
20221221 FPT 156000 12035670000
20221222 FPT -287800 -22007730000
20221223 FPT 270600 21248230000
20221226 FPT -328800 -25235840000
20221227 FPT 25900 2032830000
20221228 FPT -143200 -10860930000
20221229 FPT 309600 23807290000
20221230 FPT -35500 -2638410000
20230103 FPT 662800 52162530000
20230104 FPT -178000 -14212360000
20230105 FPT 180000 14678650000
20230106 FPT -244900 -19674220000
20230109 FPT -147500 -11792230000
20230110 FPT 178200 14426140000
20230111 FPT 320700 26104650000
20230112 FPT -128900 -10337640000
20230113 FPT -146400 -11762750000
20230116 FPT 53100 4354660000
20230117 FPT 176500 14459490000
20230118 FPT 264400 21952890000
20230119 FPT 99200 8448030000
20230127 FPT 267900 22887780000
20230130 FPT -295800 -24827350000
20230131 FPT -313400 -25893350000
20230201 FPT -331500 -27218160000
20230202 FPT -352600 -28728630000
20230203 FPT -1518700 -122040460000
20230206 FPT 141200 11477410000
20230207 FPT -172400 -13882800000
