20221212 G36 -74500 -478900000
20221213 G36 -71100 -435390000
20221214 G36 -42300 -271560000
20221215 G36 -53000 -330630000
20221216 G36 89600 603600000
20221219 G36 -32600 -211220000
20221220 G36 -144700 -887670000
20221221 G36 -290100 -1729650000
20221222 G36 -21700 -124420000
20221223 G36 -12700 -74200000
20221226 G36 -77500 -432440000
20221227 G36 -1100 -1390000
20221228 G36 10300 58030000
20221229 G36 -5800 -34040000
20221230 G36 1100 9880000
20230103 G36 181500 1170420000
20230104 G36 38300 296430000
20230105 G36 40000 279670000
20230106 G36 -181600 -1176040000
20230109 G36 -25400 -159060000
20230110 G36 132100 917950000
20230111 G36 -77900 -517870000
20230112 G36 -117000 -816160000
20230113 G36 166200 1201240000
20230116 G36 212200 1536760000
20230117 G36 112000 884080000
20230118 G36 -80400 -594430000
20230119 G36 19200 173190000
20230127 G36 -1800 -360000
20230130 G36 -156200 -1161880000
20230131 G36 56400 443670000
20230201 G36 -31800 -230990000
20230202 G36 56900 405500000
20230203 G36 221300 1589250000
20230206 G36 -8500 -57290000
20230207 G36 -205900 -1400490000
