20230223 G36 1100 8140000 8140000  1100
20230223 G36 -11100 -80440000 76960000 1100 2800
20230223 G36 -11700 -84880000 64380000 200 1700
20230223 G36 -13000 -94500000 53280000 3200 7500
20230223 G36 -137600 -994410000 353570000  2300
20230223 G36 -138000 -997240000 354290000 500 600
20230223 G36 -139900 -1010970000 337010000  1200
20230223 G36 -14100 -102640000 21460000 10000 11800
20230223 G36 -141100 -1019610000 328370000  3900
20230223 G36 -145000 -1047690000 300290000  3100
20230223 G36 -148100 -1070010000 277970000  700
20230223 G36 -148800 -1075050000 272930000  200
20230223 G36 -149000 -1076490000 271490000  1700
20230223 G36 -150700 -1088730000 259250000  5000
20230223 G36 -155700 -1124730000 223250000 64800 64900
20230223 G36 -17200 -124970000 79150000 6400 6700
20230223 G36 -173700 -1250710000 354290000 35700 35700
20230223 G36 -176400 -1269830000 357890000  200
20230223 G36 -176600 -1271270000 356450000 3200 3500
20230223 G36 -179300 -1290410000 358610000 3000 3100
20230223 G36 -180300 -1297510000 358610000 1000 1000
20230223 G36 -186900 -1344370000 375650000 9000 11400
20230223 G36 -20400 -148040000 100610000  100
20230223 G36 -20500 -148780000 99870000  1100
20230223 G36 -21600 -156920000 91730000  400
20230223 G36 -22000 -159880000 88770000  500
20230223 G36 -22000 -160010000 79150000 4800 4800
20230223 G36 -22500 -163580000 85070000  800
20230223 G36 -23300 -169500000 79150000 1300 1300
20230223 G36 -30900 -224690000 100610000 10500 10500
20230223 G36 -31100 -226150000 100610000 200 200
20230223 G36 -34600 -251700000 100610000 3500 3500
20230223 G36 -44400 -323240000 135650000  1800
20230223 G36 -46200 -336380000 122510000 14600 17600
20230223 G36 -48300 -351710000 152440000 6200 8500
20230223 G36 -51400 -374330000 159750000  100
20230223 G36 -51500 -375070000 159010000 4100 5000
20230223 G36 -53400 -388930000 159750000 2000 2000
20230223 G36 -5900 -42960000 8140000 5000 5000
20230223 G36 -64400 -468230000 159750000 11000 11000
20230223 G36 -69100 -501520000 199900000  2300
20230223 G36 -71000 -515200000 199900000 1900 1900
20230223 G36 -71400 -517940000 210120000  300
20230223 G36 -71400 -518310000 183110000 10200 13400
20230223 G36 -71600 -519380000 210120000 200 200
20230223 G36 -71700 -520130000 207930000  500
20230223 G36 -72000 -522370000 202090000 1300 1600
20230223 G36 -72200 -523780000 204280000 500 800
20230223 G36 -80500 -583460000 210120000 8900 8900
20230223 G36 -83300 -603580000 213040000  200
20230223 G36 -83500 -605040000 211580000  200
20230223 G36 -83700 -606500000 210120000 3200 3200
20230223 G36 -900 -6460000 8140000 2000 2000
20230223 G36 -91000 -658890000 222530000  1100
20230223 G36 -92100 -666920000 214500000 9000 9200
20230223 G36 "acum_busd" "acum_busd_val" "acum_val_bu" "sd" "sum_vol"
