20221212 GEE 28500 858170700 1162297700 16100 61800
20221213 GEE 19600 512690000 524540000 500 20600
20221214 GEE 33300 877373000 1461863000 22700 83200
20221215 GEE -7200 -137907500 133020000 12300 17700
20221216 GEE 58500 1621670000 1787500000 6500 71600
20221219 GEE 54300 1748669200 1748952600 10900 76600
20221220 GEE 1900 48242800 48242800 0 51900
20221221 GEE 12800 486224600 554692500 10100 33000
20221222 GEE 75100 1766677500 1766695000 700 76500
20221223 GEE 71500 15017000 15017000 0 71500
20221226 GEE -66300 -1979255000 5585000 71500 77200
20221227 GEE 1500 40650000 40650000 0 6000
20221228 GEE 88200 2510528300 2565010800 2200 92800
20221229 GEE 77900 2408115600 2557335600 5600 89500
20221230 GEE -23100 -3264200 508400 39500 56000
20230103 GEE -600 54487900 103250000 4100 8900
20230104 GEE -6500 -152161600 0 6500 7100
20230105 GEE -6600 -155702700 2798100 7000 7500
20230106 GEE -2400 -59632600 28600 3500 4700
20230109 GEE 8400 64161500 84404100 900 19800
20230110 GEE 800 21420000 26680000 200 1300
20230111 GEE 15000 121145600 223715600 4000 23000
20230112 GEE -100 -2680000 0 100 100
20230113 GEE 7200 192960000 192960000 0 7400
20230117 GEE -5600 112147800 166167800 12100 18600
20230118 GEE 8300 212955200 246525200 1300 20100
20230119 GEE -6600 -130183800 147802600 12300 18000
20230127 GEE 17200 456182600 456182600 0 17200
20230130 GEE 9900 277529600 361100000 3600 17100
20230131 GEE 13800 368810000 475610000 4000 28200
20230201 GEE 15600 417470000 444070000 1000 20700
20230202 GEE 12500 334800000 334800000 0 13900
20230203 GEE -200 640000 155440000 6000 18600
20230206 GEE 300 7890000 15780000 300 1400
20230207 GEE -1000 -25420000 5300000 1200 1400
20230208 GEE -4200 -108360000 0 4200 4200
20230209 GEE 600 15480000 15480000 0 1600
20230210 GEE 0 0 0 0 300
20230213 GEE 300 7830000 7830000 7830000 0
20230216 GEE 500 13000000 13000000 0 600
20230217 GEE -3000 -75900000 0 3000 3300
20230220 GEE -1100 -26860000 28280000 2200 3600
