20230223 GIL -10400 -203035000 628225000  100
20230223 GIL -10500 -205015000 626245000 2000 2000
20230223 GIL -10500 -205400000 545080000  4500
20230223 GIL -12700 -247485000 681685000  2600
20230223 GIL -13700 -266850000 777935000  1400
20230223 GIL -14300 -278845000 685605000  200
20230223 GIL -14500 -282765000 681685000 1800 1800
20230223 GIL -14600 -284725000 685605000 300 300
20230223 GIL -14800 -290530000 297790000 1100 3100
20230223 GIL -15000 -292565000 685605000 400 400
20230223 GIL -15000 -294020000 456460000  5500
20230223 GIL -15100 -294500000 750285000  600
20230223 GIL -15300 -298965000 630205000  100
20230223 GIL -15300 -300510000 258390000  100
20230223 GIL -15300 -300510000 258390000  1700
20230223 GIL -15400 -300945000 628225000 5000 5000
20230223 GIL -15700 -306260000 738525000  2500
20230223 GIL -15700 -308370000 258390000 400 400
20230223 GIL -16800 -327765000 777935000 3100 3100
20230223 GIL -17000 -331765000 685605000 2000 2000
20230223 GIL -17000 -333755000 225145000 700 2200
20230223 GIL -17200 -335585000 777935000 400 1000
20230223 GIL -17500 -341450000 777935000 300 300
20230223 GIL -17700 -345290000 791690000  700
20230223 GIL -17700 -347340000 57360000 9800 10300
20230223 GIL -17800 -349385000 195865000  2500
20230223 GIL -18100 -353150000 791690000 400 400
20230223 GIL -18200 -355260000 689525000  200
20230223 GIL -18400 -359045000 777935000 900 900
20230223 GIL -18400 -359180000 685605000 1400 1400
20230223 GIL -19500 -382235000 327100000  500
20230223 GIL -20000 -391985000 317350000 6200 7200
20230223 GIL -20300 -398135000 147115000 7200 11800
20230223 GIL -20500 -401820000 348660000  600
20230223 GIL -20900 -409660000 334940000  1000
20230223 GIL -20900 -409660000 334940000 1800 2200
20230223 GIL -21100 -413580000 336900000 300 400
20230223 GIL -22800 -444935000 825025000 600 1300
20230223 GIL -22900 -446890000 811340000  1000
20230223 GIL -23400 -456455000 909305000  3800
20230223 GIL -23900 -466540000 791690000 5800 5800
20230223 GIL -24800 -483935000 825025000 2000 2000
20230223 GIL -2600 -51480000 0 2600 2600
20230223 GIL -26600 -519205000 834825000 2300 2800
20230223 GIL -27200 -530935000 834825000 600 600
20230223 GIL -27400 -534655000 909305000 4000 4000
20230223 GIL -28300 -552250000 909305000 900 900
20230223 GIL -28400 -554205000 909305000 100 100
20230223 GIL -4900 -96450000 51480000 4900 7500
20230223 GIL -6100 -119980000 51480000 1200 1200
20230223 GIL -7600 -147995000 602485000  2900
20230223 GIL -8200 -161140000 51480000 2100 2100
20230223 GIL -8500 -165815000 626245000  700
20230223 GIL -9200 -179675000 612385000 2100 2600
20230223 GIL "acum_busd" "acum_busd_val" "acum_val_bu" "sd" "sum_vol"
