20221212 GMC 100 1140000 1140000  100
20221212 GMC 300 3420000 3420000  200
20221212 GMC -400 -4490000 9070000 1200 1200
20221212 GMC 400 4550000 4550000  100
20221212 GMC 500 5680000 5680000  100
20221212 GMC 800 9070000 9070000  300
20221212 GMC "acum_busd" "acum_busd_val" "acum_val_bu" "sd" "sum_vol"
20221213 GMC 0 -13131800 1139300 1100 1100
20221213 GMC 1000 -1142900 1138200  100
20221213 GMC -100 -1155000 1125000  100
20221213 GMC 100 -12041800 2229300  100
20221213 GMC 1100 -1141800 1139300  100
20221213 GMC -200 -1156100 1125000 100 100
20221213 GMC -200 -2280000 0 200 200
20221213 GMC 300 -1150600 1130500  500
20221213 GMC 500 -7661800 10949300 200 200
20221213 GMC 700 -1146200 1134900  400
20221213 GMC 700 -5501800 10949300 200 200
20221213 GMC 800 -1145100 1136000  100
20221213 GMC 900 -1144000 1137100  100
20221213 GMC 900 -3321800 10949300  800
20221213 GMC "acum_busd" "acum_busd_val" "acum_val_bu" "sd" "sum_vol"
20221214 GMC -100 -1080000 0 100 100
20221214 GMC 13400 134595000 187955000 3700 13700
20221214 GMC 19200 193125000 247565000 100 100
20221214 GMC 19200 193175000 246535000  5800
20221214 GMC 19300 193126100 247566100  100
20221214 GMC 19300 193376100 253016100 500 500
20221214 GMC 19300 194205000 247565000  100
20221214 GMC 19400 194216100 248656100  100
20221214 GMC 19800 198576100 253016100  400
20221214 GMC 20300 193387100 253027100  1000
20221214 GMC 21300 193398100 253038100  1000
20221214 GMC 22100 202268100 261908100  900
20221214 GMC 22200 203388100 263028100  100
20221214 GMC 25200 238038100 297678100  3000
20221214 GMC 4500 44840000 60825000 1400 7400
20221214 GMC 7100 70970000 86955000  2600
20221214 GMC "acum_busd" "acum_busd_val" "acum_val_bu" "sd" "sum_vol"
20221215 GMC 0 0 15470000 1000 1100
20221215 GMC -10300 -99472600 91240000  1100
20221215 GMC -11200 -127660000 44105000  1000
20221215 GMC -11400 -112177600 78535000 1900 1900
20221215 GMC -12200 -138760000 33005000  300
20221215 GMC -12500 -142090000 29675000 5700 5700
20221215 GMC -4900 -56690000 15470000 4900 4900
20221215 GMC -6800 -78290000 29675000  400
20221215 GMC -7200 -83070000 24895000  500
20221215 GMC -7200 -99435400 91277200  3100
20221215 GMC -7700 -89010000 18955000  300
20221215 GMC -8000 -92495000 15470000 3100 3100
20221215 GMC -8100 -93230000 78535000  3100
20221215 GMC 900 10710000 14280000 300 1500
20221215 GMC -9100 -104530000 78535000 1000 1000
20221215 GMC -9100 -104530000 78535000  2400
20221215 GMC -9300 -104532200 78535000 200 200
20221215 GMC -9400 -105622200 78535000 100 100
20221215 GMC -9500 -106712200 78535000 100 100
20221215 GMC "acum_busd" "acum_busd_val" "acum_val_bu" "sd" "sum_vol"
20221216 GMC -1000 -11680000 4740000 500 500
20221216 GMC 100 1190000 1190000  100
20221216 GMC 200 2380000 2380000  100
20221216 GMC 300 3570000 3570000  100
20221216 GMC -300 -3570000 3570000 600 600
20221216 GMC -400 -4770000 4740000  100
20221216 GMC -500 -5730000 10690000  500
20221216 GMC -500 -5930000 4740000 100 100
20221216 GMC -500 -5940000 3570000 200 200
20221216 GMC "acum_busd" "acum_busd_val" "acum_val_bu" "sd" "sum_vol"
20221219 GMC 0 365000 47750000  1000
20221219 GMC -1000 -10935000 36450000  900
20221219 GMC -1100 -12105000 51140000 300 300
20221219 GMC -1600 -17855000 10320000 1200 1200
20221219 GMC -1900 -21105000 26280000  300
20221219 GMC -1900 -21245000 10320000 300 300
20221219 GMC -200 -2010000 10320000 1100 1100
20221219 GMC 200 2625000 50010000  200
20221219 GMC -2100 -23420000 51140000 1000 1000
20221219 GMC -2200 -24495000 22890000  500
20221219 GMC -2200 -24635000 10320000 300 300
20221219 GMC -2600 -29015000 17240000  100
20221219 GMC -2700 -30145000 17240000 100 100
20221219 GMC -2700 -30175000 16080000  500
20221219 GMC -300 -3150000 10320000 100 100
20221219 GMC 300 3755000 51140000  100
20221219 GMC -3200 -35935000 10320000 1000 1000
20221219 GMC -400 -4280000 10320000 100 100
20221219 GMC -500 -5285000 51140000 800 800
20221219 GMC 500 5725000 5725000  500
20221219 GMC 600 6870000 6870000  100
20221219 GMC -7000 -78155000 62780000  500
20221219 GMC 700 8015000 8015000  100
20221219 GMC -7500 -84005000 56930000  300
20221219 GMC -7800 -87485000 53450000  200
20221219 GMC -8000 -89795000 51140000 5900 5900
20221219 GMC -800 -8675000 51140000 300 300
20221219 GMC 800 9160000 9160000  100
20221219 GMC 900 10320000 10320000  100
20221219 GMC "acum_busd" "acum_busd_val" "acum_val_bu" "sd" "sum_vol"
20221220 GMC -1000 17421500 81802300  2000
20221220 GMC 1000 39221500 103602300  1900
20221220 GMC -1500 1122500 1141200  100
20221220 GMC -1600 -17500 1200  100
20221220 GMC -1600 -7500 1141200 100 100
20221220 GMC -1700 -18700 0 1700 1700
20221220 GMC -2100 1075900 39291200  1200
20221220 GMC -2200 -14100 1141200 600 600
20221220 GMC -2600 1070400 39291200 500 500
20221220 GMC -3000 -4378500 60002300  100
20221220 GMC 3000 61021500 125402300  2000
20221220 GMC -3100 -4379600 60001200  1600
20221220 GMC -3300 -12004100 26211200  200
20221220 GMC -3500 -14184100 24031200  100
20221220 GMC -3600 -15274100 22941200  1000
20221220 GMC 4300 75191500 139572300  1300
20221220 GMC 4400 76281500 140662300  100
20221220 GMC -4500 -25084100 9861200  700
20221220 GMC -4600 -26174100 12041200 300 500
20221220 GMC -4700 -21819600 42561200  100
20221220 GMC -4800 -22909600 41471200  200
20221220 GMC -4900 -23999600 39291200 2300 2300
20221220 GMC -5000 -25089600 39291200 100 100
20221220 GMC -5100 -31624100 1141200 2900 2900
20221220 GMC -5200 -32714100 2231200 200 300
20221220 GMC -900 18511500 82892300  100
20221220 GMC "acum_busd" "acum_busd_val" "acum_val_bu" "sd" "sum_vol"
20221221 GMC -1000 -4970499.999999999 20635000  700
20221221 GMC -1000 -5480500 4455000  100
20221221 GMC -100 -1115000 3365000 400 600
20221221 GMC 100 1125000 1125000  100
20221221 GMC -1100 -6570500 3365000 500 500
20221221 GMC -1200 -7560500 4455000 200 200
20221221 GMC -1700 -12530500 13075000  500
20221221 GMC -1700 -12760500 4455000 500 500
20221221 GMC -200 -1116100 3365000 100 100
20221221 GMC -2200 -17880500 7725000 200 500
20221221 GMC -2300 -18990500 4455000 600 600
20221221 GMC -300 2379500.000000001 27985000  700
20221221 GMC -600 -1120500 3365000 400 400
20221221 GMC "acum_busd" "acum_busd_val" "acum_val_bu" "sd" "sum_vol"
20221222 GMC 1000 10500000 10500000  600
20221222 GMC -1300 -12820000 10500000 2000 2000
20221222 GMC -1800 -17875000 10500000 500 500
20221222 GMC -2200 -19887000 10500000 400 400
20221222 GMC 400 4200000 4200000  400
20221222 GMC -5200 -49347000 10500000 3000 3000
20221222 GMC 700 7380000 10500000 300 300
20221222 GMC "acum_busd" "acum_busd_val" "acum_val_bu" "sd" "sum_vol"
20221223 GMC 1000 10000 10000  900
20221223 GMC 100 1000 1000  100
20221223 GMC 13300 86710000 91890000 100 100
20221223 GMC 13400 87740000 91890000  5400
20221223 GMC 14300 97210000 102390000  1000
20221223 GMC 15300 107710000 112890000  1000
20221223 GMC 15400 108760000 113940000  100
20221223 GMC 17300 128710000 133890000  1900
20221223 GMC 18200 138160000 143340000  900
20221223 GMC 5600 9996000 9996000  4600
20221223 GMC 5800 7940000 12090000 200 200
20221223 GMC 6000 10000000 10000000  400
20221223 GMC 6000 9990000 12090000 200 200
20221223 GMC 6200 12090000 12090000  200
20221223 GMC 8000 31040000 35190000  2200
20221223 GMC "acum_busd" "acum_busd_val" "acum_val_bu" "sd" "sum_vol"
20221226 GMC -1100 -11510000 1050000  100
20221226 GMC -1100 -11550000 0 600 600
20221226 GMC -1200 -12520000 1050000 100 100
20221226 GMC -1200 -12560000 0 100 100
20221226 GMC -1200 -12560000 0  300
20221226 GMC -2200 -12530000 1050000 1000 1000
20221226 GMC -500 -5250000 0 500 500
20221226 GMC -5100 -12559000 1050000 2900 2900
20221226 GMC "acum_busd" "acum_busd_val" "acum_val_bu" "sd" "sum_vol"
20221227 GMC -1200 -11550000 3800000  100
20221227 GMC -1300 -12500000 2850000  300
20221227 GMC -1500 -14400000 0 1500 1500
20221227 GMC -1600 -15350000 0 100 100
20221227 GMC -2300 -22000000 50350000 6000 6000
20221227 GMC -31700 -298305000 146655000  9600
20221227 GMC 3700 35000000 50350000  4900
20221227 GMC -41300 -388065000 56895000 39700 40400
20221227 GMC -81700 -765837000 146655000 50000 50000
20221227 GMC -82600 -774262000 172308000  400
20221227 GMC -83000 -778102000 168468000  800
20221227 GMC -83800 -785782000 160788000  100
20221227 GMC -83900 -786732000 159838000  100
20221227 GMC -84000 -787682000 158888000  300
20221227 GMC -84000 -787728000 146655000 2300 2300
20221227 GMC -84300 -790532000 156038000  100
20221227 GMC -84400 -791482000 155088000 1300 2200
20221227 GMC "acum_busd" "acum_busd_val" "acum_val_bu" "sd" "sum_vol"
20221228 GMC 0 0 0  200
20221228 GMC -1700 -16320000 2880000  200
20221228 GMC -1900 -18240000 960000  100
20221228 GMC -2000 -19200000 0 1500 1500
20221228 GMC -500 -4800000 0 500 500
20221228 GMC -700 -6820000 12380000  1000
20221228 GMC -92000 -866121000 89237000 100 2100
20221228 GMC -92400 -870221000 89237000 400 400
20221228 GMC -92500 -871246000 89237000 100 100
20221228 GMC -93900 -885591000 68742000  100
20221228 GMC -94000 -886616000 67717000  600
20221228 GMC -94600 -886622000 67711000  100
20221228 GMC -94700 -887642000 66691000  100
20221228 GMC -94800 -888652000 65681000  200
20221228 GMC -94800 -888652000 65681000  2000
20221228 GMC -96800 -908452000 45881000  100
20221228 GMC -96900 -909441000 44892000  200
20221228 GMC -97100 -911297000 43036000  200
20221228 GMC -97300 -913153000 41180000 99600 102600
20221228 GMC "acum_busd" "acum_busd_val" "acum_val_bu" "sd" "sum_vol"
20221229 GMC -100 -1000 0 100 100
20221229 GMC -100 -4037000 4000 400 400
20221229 GMC -1500 -18227000 4000 600 600
20221229 GMC -1600 -19237000 1034000  100
20221229 GMC -1700 -20267000 4000 200 200
20221229 GMC 300 3000 4000  400
20221229 GMC -3400 -37297000 4184000  100
20221229 GMC -3400 -37347000 3124000 2000 2200
20221229 GMC -3500 -38357000 3124000 100 100
20221229 GMC -600 -9137000 4000 500 500
20221229 GMC -900 -12167000 4000 300 300
20221229 GMC "acum_busd" "acum_busd_val" "acum_val_bu" "sd" "sum_vol"
20221230 GMC -10100 -99651000 2958000 1000 1000
20221230 GMC -12100 -119371000 2958000 2000 2000
20221230 GMC -1400 -13859000 0 800 800
20221230 GMC -15200 -149937000 2958000 3100 3100
20221230 GMC -17800 -175573000 2958000 2600 2600
20221230 GMC -18900 -186419000 2958000 1100 1100
20221230 GMC -20600 -203181000 2958000 1700 1700
20221230 GMC 2100 8846000 244609000  24100
20221230 GMC -21600 -213051000 2958000 1000 1000
20221230 GMC -21700 -225777000 6018000  500
20221230 GMC -22000 -229744000 6019000  100
20221230 GMC -22100 -229745000 6018000 400 400
20221230 GMC -22200 -225782000 6013000 200 1100
20221230 GMC -22300 -219953000 2958000 700 700
20221230 GMC -22800 -224883000 2958000 500 500
20221230 GMC -22900 -225789000 6003000 100 200
20221230 GMC -22900 -225789000 6004000  100
20221230 GMC -22900 -225812000 4988000  100
20221230 GMC -22900 -225870000 2958000 100 100
20221230 GMC -23000 -225790000 6003000 100 100
20221230 GMC -23000 -226827000 3973000  100
20221230 GMC -23100 -227842000 2958000 200 200
20221230 GMC -2900 -28649000 0 1500 1500
20221230 GMC -4000 -39495000 0 1100 1100
20221230 GMC -6000 -59225000 986000 2100 2200
20221230 GMC -600 -5970000 0 600 600
20221230 GMC -6300 -62183000 1972000 400 500
20221230 GMC -7500 -74015000 2958000 1300 1400
20221230 GMC -7900 -77959000 2958000 400 400
20221230 GMC -9100 -89791000 2958000 1200 1200
20221230 GMC "acum_busd" "acum_busd_val" "acum_val_bu" "sd" "sum_vol"
20230103 GMC 0 0 0  100
20230103 GMC -1200 -39972000 11055000  2000
20230103 GMC -1500 -14505000 5146000 1000 1000
20230103 GMC 300 3105000 3105000  300
20230103 GMC -3200 -39992000 11035000  100
20230103 GMC -3300 -39993000 11034000  200
20230103 GMC -3500 -34125000 5146000 2000 2000
20230103 GMC -3500 -39995000 11032000  100
20230103 GMC -3600 -39996000 11031000  500
20230103 GMC -4000 -39025000 11026000  100
20230103 GMC 400 4125000 4125000  100
20230103 GMC 400 5144000 5145000 100 200
20230103 GMC -4100 -40001000 11026000 100 100
20230103 GMC -4100 -40005000 10046000 100 600
20230103 GMC -4200 -69672000 11055000 3000 3000
20230103 GMC -4500 -43925000 5146000 1000 1000
20230103 GMC -500 -4705000 5146000  100
20230103 GMC -600 -4706000 5145000 1000 1000
20230103 GMC "acum_busd" "acum_busd_val" "acum_val_bu" "sd" "sum_vol"
20230104 GMC -100 -76523000 22801000  500
20230104 GMC -100 -990000 990000 200 300
20230104 GMC -10300 -177561000 54304000 3400 3400
20230104 GMC 2100 -54963000 15941000 900 900
20230104 GMC 2200 -53983000 16921000  100
20230104 GMC 2700 -48980000 50344000  2800
20230104 GMC 3000 -46143000 15941000 200 300
20230104 GMC 3200 -44183000 15941000 2900 2900
20230104 GMC 3500 4980000 6960000  3600
20230104 GMC -3900 -114250000 54304000  400
20230104 GMC -4300 -118210000 50344000 7000 7000
20230104 GMC 4900 4994000 6974000  1400
20230104 GMC 5100 4996000 7000000 2400 5000
20230104 GMC 5800 -18733000 8021000 1300 1300
20230104 GMC 6000 -16753000 14951000 500 500
20230104 GMC -600 -81423000 17901000  100
20230104 GMC 6100 -15763000 10991000  300
20230104 GMC 6100 -15763000 15941000  100
20230104 GMC 6500 -11803000 14951000  400
20230104 GMC -6900 -143901000 54304000 3000 3000
20230104 GMC 7000 -6853000 7031000 1100 1100
20230104 GMC -700 -82403000 16921000 2900 2900
20230104 GMC 7100 -5863000 8021000  100
20230104 GMC 7600 4032000 7026000 100 100
20230104 GMC 7700 5022000 7026000  2600
20230104 GMC 8100 4037000 7031000  500
20230104 GMC "acum_busd" "acum_busd_val" "acum_val_bu" "sd" "sum_vol"
20230105 GMC -200 -2000 0 200 200
20230105 GMC -3000 -27722000 29700000  100
20230105 GMC -3000 -27722000 29700000  300
20230105 GMC -3100 -28712000 28710000  100
20230105 GMC -3200 -29702000 27720000  1000
20230105 GMC -4200 -39602000 17820000  800
20230105 GMC -5000 -47522000 9900000  1000
20230105 GMC -5700 -54452000 0 5500 5500
20230105 GMC -5800 -55442000 0 100 100
20230105 GMC -6000 -57422000 0 200 200
20230105 GMC "acum_busd" "acum_busd_val" "acum_val_bu" "sd" "sum_vol"
20230106 GMC 100 1019999.9999999999 1019999.9999999999  100
20230106 GMC -1500 -13322000 7080000  100
20230106 GMC -1600 -14332000 6070000 200 700
20230106 GMC -1900 -19380000 1019999.9999999999 1400 1400
20230106 GMC -2500 -23122000 7080000 1000 1000
20230106 GMC -500 -5100000 1019999.9999999999 600 600
20230106 GMC "acum_busd" "acum_busd_val" "acum_val_bu" "sd" "sum_vol"
20230109 GMC 100 980000.0000000001 980000.0000000001  100
20230109 GMC 1100 11370000 43780000  800
20230109 GMC 300 3850000 36260000 3300 3300
20230109 GMC 3200 31360000.000000004 32340000.000000004 100 100
20230109 GMC 3300 32340000.000000004 32340000.000000004  2900
20230109 GMC 3300 32340000.000000004 33320000.000000004  100
20230109 GMC 3600 35280000 36260000  300
20230109 GMC 400 3920000 3920000  300
20230109 GMC "acum_busd" "acum_busd_val" "acum_val_bu" "sd" "sum_vol"
20230110 GMC 0 10000 2890000 300 300
20230110 GMC 1000 9841000 27750000  300
20230110 GMC -100 -865000 12390000 500 500
20230110 GMC -100 -940000 2890000 100 100
20230110 GMC 100 960000 960000  100
20230110 GMC -300 -2840000 5740000  300
20230110 GMC 300 2890000 2890000  200
20230110 GMC 3500 33841000 51750000  2500
20230110 GMC 3600 34821000 52730000  100
20230110 GMC 3700 35801000 53710000  100
20230110 GMC 400 3810000 12390000  700
20230110 GMC -500 -4559000 13350000  100
20230110 GMC -500 -4740000 2890000 400 400
20230110 GMC 500 5041000 22950000  1000
20230110 GMC -600 -5519000 12390000 500 500
20230110 GMC -600 -5690000 2890000 100 100
20230110 GMC 700 6961000 24870000  200
20230110 GMC "acum_busd" "acum_busd_val" "acum_val_bu" "sd" "sum_vol"
20230111 GMC 0 -1008999.9999999998 1972000 200 200
20230111 GMC -1000 -10959000 1972000 1000 1000
20230111 GMC 100 980000 1970000 100 100
20230111 GMC -1800 -18877000 3970000  200
20230111 GMC -2000 -20875000 1972000 1000 1000
20230111 GMC 200 1970000 1970000  200
20230111 GMC 200 981000 1972000 100 100
20230111 GMC -2600 -26797000 3970000 800 800
20230111 GMC -2700 -27787000 3970000 100 100
20230111 GMC -2800 -28777000 3970000 100 100
20230111 GMC 300 982000 1972000  200
20230111 GMC -3500 -35707000 3970000 700 700
20230111 GMC "acum_busd" "acum_busd_val" "acum_val_bu" "sd" "sum_vol"
20230112 GMC 1000 9900000 9900000  500
20230112 GMC 1400 13860000 13860000  400
20230112 GMC 1900 18810000 18810000  500
20230112 GMC 2400 23760000 23760000  500
20230112 GMC 2600 25740000 25740000  200
20230112 GMC 2700 26730000 26730000  100
20230112 GMC 2800 26731000 26731000  100
20230112 GMC 500 4950000 4950000  500
20230112 GMC "acum_busd" "acum_busd_val" "acum_val_bu" "sd" "sum_vol"
20230113 GMC -1100 7052000 7070000 1600 1600
20230113 GMC 1200 -18135000 21259000 1000 1000
20230113 GMC -1200 7051000 7070000 100 100
20230113 GMC 2200 -8035000 21259000 2600 3000
20230113 GMC 3700 7100000 7119000  4900
20230113 GMC 4400 14185000 17219000 300 300
20230113 GMC 4700 17200000 17219000  1000
20230113 GMC 500 7068000 7070000 200 200
20230113 GMC 700 7070000 7070000  700
20230113 GMC 800 -18139000 21259000 400 400
20230113 GMC "acum_busd" "acum_busd_val" "acum_val_bu" "sd" "sum_vol"
20230116 GMC -2700 -26210000 0 2700 2700
20230116 GMC -3200 -31060000 0 500 500
20230116 GMC -8100 -78594000 0 4900 4900
20230116 GMC -8200 -79564000 0 100 100
20230116 GMC "acum_busd" "acum_busd_val" "acum_val_bu" "sd" "sum_vol"
20230117 GMC 1100 10211000 20231000  300
20230117 GMC 1600 15311000 31451000 600 1700
20230117 GMC 1900 18371000 34511000  100
20230117 GMC 1900 18371000 34511000  300
20230117 GMC 200 1071000 7071000 100 100
20230117 GMC -200 -2949000.0000000005 7071000 400 400
20230117 GMC 300 2076000 7071000 300 300
20230117 GMC 300 2100999.9999999995 12121000  500
20230117 GMC 300 3045000 5025000 200 200
20230117 GMC 400 3046000 5026000  100
20230117 GMC 500 5025000 5025000  500
20230117 GMC 600 5091000 7071000  200
20230117 GMC 800 7151000 17171000  500
20230117 GMC "acum_busd" "acum_busd_val" "acum_val_bu" "sd" "sum_vol"
20230118 GMC -1000 -10154999.999999998 2039999.9999999998 100 100
20230118 GMC 100 1064999.9999999998 2039999.9999999998  200
20230118 GMC -100 -975000 0 100 100
20230118 GMC -2400 -24435000 2039999.9999999998 1400 1400
20230118 GMC -2500 -25455000 2039999.9999999998 100 100
20230118 GMC -3500 -35655000 2039999.9999999998 1000 1000
20230118 GMC -4200 -42740000 6175000  300
20230118 GMC -4500 -45845000 3070000  600
20230118 GMC -4500 -45855000 2039999.9999999998 1000 1000
20230118 GMC -4600 -46875000 2039999.9999999998 100 100
20230118 GMC -700 -7094999.999999999 2039999.9999999998 800 800
20230118 GMC -8000 -81550000 15285000  100
20230118 GMC -8000 -81550000 15285000  700
20230118 GMC -8500 -86600000 8215000  200
20230118 GMC -8700 -88620000 8215000 200 200
20230118 GMC -8700 -88640000 6175000 4500 4500
20230118 GMC -900 -9134999.999999998 2039999.9999999998 200 200
20230118 GMC "acum_busd" "acum_busd_val" "acum_val_bu" "sd" "sum_vol"
20230119 GMC 0 0 0  100
20230119 GMC -100 -10865000 2005000  700
20230119 GMC -1100 -10875000 1995000  100
20230119 GMC -1200 -11880000 990000  100
20230119 GMC -1300 -12870000 0 1300 1300
20230119 GMC 3100 21455000 34325000  3200
20230119 GMC 4700 37615000 50485000  1600
20230119 GMC -800 -10872000 1998000  300
20230119 GMC "acum_busd" "acum_busd_val" "acum_val_bu" "sd" "sum_vol"
20230127 GMC 0 0 0  100
20230127 GMC -1000 -11960000 53320000 200 200
20230127 GMC -100 -2400000 52250000 4900 9400
20230127 GMC -200 -2090000 0 200 200
20230127 GMC 300 3135000 5225000  500
20230127 GMC -600 -7810000 53320000  100
20230127 GMC -600 -7810000 53320000  100
20230127 GMC -700 -8850000 53320000 100 100
20230127 GMC -700 -8880000 52250000 600 600
20230127 GMC -800 -9900000 53320000 100 100
20230127 GMC "acum_busd" "acum_busd_val" "acum_val_bu" "sd" "sum_vol"
20230130 GMC -1600 -16440000 2100000 1800 1800
20230130 GMC -1600 -16440000 2100000  800
20230130 GMC -1800 -18530000 18580000  600
20230130 GMC 200 2100000 2100000  200
20230130 GMC -2400 -24710000 12400000  500
20230130 GMC -2900 -29860000 7250000  400
20230130 GMC -3300 -33980000 3130000  100
20230130 GMC -3300 -33990000 2100000 1700 1700
20230130 GMC -3400 -35010000 2100000 100 100
20230130 GMC 5700 58720000 95830000  300
20230130 GMC 5700 58720000 95830000  7500
20230130 GMC 5800 59780000 96890000  100
20230130 GMC "acum_busd" "acum_busd_val" "acum_val_bu" "sd" "sum_vol"
20230131 GMC 10000 10570400 24355400  2800
20230131 GMC -1100 -11000 0 1100 1100
20230131 GMC 12100 -96231500.00000001 43193500 33900 35900
20230131 GMC 12400 2316400 2327400  4500
20230131 GMC 14400 24216400 24227400  2000
20230131 GMC 21300 4559400 24602400 8000 8000
20230131 GMC 25300 1617400.0000000005 24645400 300 300
20230131 GMC 25500 3607400 26635400  200
20230131 GMC 25600 4602400 24645400  4300
20230131 GMC 26200 -96090500.00000001 43334500  14100
20230131 GMC 26300 -95000500.00000001 44424500  100
20230131 GMC 26400 3616400 26644400  900
20230131 GMC 27100 -86275500.00000001 53149500  800
20230131 GMC 27200 -85195500.00000001 54229500  100
20230131 GMC 29300 9684400 24602400 100 100
20230131 GMC 29400 10764400 24602400  23500
20230131 GMC 37200 3724400 26752400  10800
20230131 GMC 43200 3784400 26812400  100
20230131 GMC 43200 3784400 26812400  6000
20230131 GMC 43300 4869400 27897400  100
20230131 GMC 43600 7165500 35543500 500 500
20230131 GMC 43900 10325500 33353500  600
20230131 GMC 44000 11525500 43173500 300 300
20230131 GMC 44100 12515500 35543500  200
20230131 GMC 44300 14795500 43173500  700
20230131 GMC 4700 10517400 24355400 5300 5300
20230131 GMC 5800 10528400 24366400  1100
20230131 GMC 5900 10529400 24367400  100
20230131 GMC 600 6000 17000  1200
20230131 GMC -600 -6000 5000  500
20230131 GMC 6600 10536400 24321400 17200 26600
20230131 GMC 7200 10542400 24327400  600
20230131 GMC 7800 78000 89000  7200
20230131 GMC 7900 1173000 1184000  100
20230131 GMC "acum_busd" "acum_busd_val" "acum_val_bu" "sd" "sum_vol"
20230201 GMC 105600 1110250000 1479230000 2500 2500
20230201 GMC 108000 1134960000 1478185000 4400 4400
20230201 GMC 108100 1136005000 1479230000  100
20230201 GMC -11000 -115525000 5225000  500
20230201 GMC 112400 1180720000 1478185000 8400 8400
20230201 GMC -11500 -120750000 0 11500 11500
20230201 GMC 120700 1267155000 1477135000 1400 1400
20230201 GMC 120800 1268205000 1478185000  100
20230201 GMC 122100 1281785000 1477135000 500 500
20230201 GMC 122600 1286990000 1477135000 4400 4400
20230201 GMC 127000 1333295000 1477135000  46700
20230201 GMC 30100 315895000 443985000 600 1100
20230201 GMC 30200 316945000 438735000  38500
20230201 GMC 77500 813595000 957435000 1500 1500
20230201 GMC 78000 818845000 962685000  500
20230201 GMC 79000 829295000 973135000  1000
20230201 GMC 79000 829345000 957435000  48900
20230201 GMC 80000 839795000 983635000  1000
20230201 GMC 80300 842945000 986785000  300
20230201 GMC -8300 -87305000 34485000  500
20230201 GMC -8800 -92530000 29260000  300
20230201 GMC -9100 -95665000 26125000  500
20230201 GMC -9500 -99850000 20900000  1500
20230201 GMC -9600 -100890000 20900000 100 100
20230201 GMC "acum_busd" "acum_busd_val" "acum_val_bu" "sd" "sum_vol"
20230202 GMC 21200 221560000 273990000  26200
20230202 GMC 21600 225750000 279190000 100 100
20230202 GMC 21700 226760000 279190000  500
20230202 GMC 2300 161272000 279267000  1400
20230202 GMC 2300 176107000 279252000 5000 5000
20230202 GMC 2300 178750000 328532000  100
20230202 GMC 2300 178750000 328532000 500 500
20230202 GMC 2700 165312000 283307000  400
20230202 GMC 2800 183700000 328532000 4400 4400
20230202 GMC -4000 -41200000 1030000  100
20230202 GMC -4100 -42230000 0 4100 4100
20230202 GMC -4800 -49360000 1030000 800 800
20230202 GMC -5000 -51400000 1030000 200 200
20230202 GMC 7200 210537000 328532000  4500
20230202 GMC 7300 225607000 279252000 20500 26700
20230202 GMC 900 161258000 279253000 1500 1600
20230202 GMC "acum_busd" "acum_busd_val" "acum_val_bu" "sd" "sum_vol"
20230203 GMC 0 0 0  500
20230203 GMC -100 -1025000 2050000 300 300
20230203 GMC -100 -1025000 2050000  500
20230203 GMC 200 2050000 2050000  200
20230203 GMC "acum_busd" "acum_busd_val" "acum_val_bu" "sd" "sum_vol"
20230206 GMC -100 -1010000 0 100 100
20230206 GMC 100 1075000 3095000  200
20230206 GMC -100 -985000 1035000  100
20230206 GMC -10100 -102950000 6155000 400 400
20230206 GMC -10200 -103970000 6155000 100 100
20230206 GMC -200 -2020000 0 100 100
20230206 GMC -4200 -41620000 68505000  6000
20230206 GMC -4700 -47885000 3095000 4800 4800
20230206 GMC -5000 -50930000 3095000 300 300
20230206 GMC -5700 -56925000 68505000 1500 1500
20230206 GMC -8200 -83570000 3095000 3200 3200
20230206 GMC -8300 -83445000 68505000 2600 2600
20230206 GMC -8400 -84475000 68505000 100 100
20230206 GMC -9500 -96830000 5135000  200
20230206 GMC -9500 -96830000 5135000  400
20230206 GMC -9600 -97850000 6155000  100
20230206 GMC -9700 -98870000 3095000 1500 1500
20230206 GMC -9700 -98870000 5135000 200 200
20230206 GMC -9700 -98870000 6155000 100 100
20230206 GMC "acum_busd" "acum_busd_val" "acum_val_bu" "sd" "sum_vol"
20230207 GMC -1000 -10250000 0 500 500
20230207 GMC -10400 -106255000 0 1900 1900
20230207 GMC -11100 -113395000 0 700 700
20230207 GMC -11900 -121475000 0 800 800
20230207 GMC -3500 -35875000 0 2500 2500
20230207 GMC -500 -5125000 0 500 500
20230207 GMC -8500 -86875000 0 5000 5000
20230207 GMC "acum_busd" "acum_busd_val" "acum_val_bu" "sd" "sum_vol"
20230208 GMC 100 1040000 1040000  100
20230208 GMC -1500 5130000 5150000  1500
20230208 GMC -1500 5130000 5150000  300
20230208 GMC -1800 2055000 2075000 2000 2000
20230208 GMC 200 2075000 2075000  100
20230208 GMC "acum_busd" "acum_busd_val" "acum_val_bu" "sd" "sum_vol"
20230209 GMC 0 0 0  100
20230209 GMC -100 4135000 4175000  1000
20230209 GMC -1100 4125000 4165000  500
20230209 GMC -1600 4120000 4140000 2000 2000
20230209 GMC -1600 4120000 4160000  1000
20230209 GMC -2600 4110000 4140000 1000 1000
20230209 GMC -2600 4110000 4150000  1000
20230209 GMC -3600 4100000 4140000 1000 1000
20230209 GMC 400 4140000 4140000  400
20230209 GMC -4900 -42905000 4175000 4800 4800
20230209 GMC "acum_busd" "acum_busd_val" "acum_val_bu" "sd" "sum_vol"
20230210 GMC 0 7000 2027000 200 200
20230210 GMC -1000 -3000 2027000 1000 1000
20230210 GMC 100 992000 992000  100
20230210 GMC -1100 -993000 2027000 100 100
20230210 GMC -1300 -2973000 2027000 200 200
20230210 GMC -1600 -5943000 2027000 300 300
20230210 GMC 200 2027000 2027000  100
20230210 GMC 6600 73517000 91377000 300 300
20230210 GMC 6900 76547000 91377000 700 10000
20230210 GMC "acum_busd" "acum_busd_val" "acum_val_bu" "sd" "sum_vol"
20230213 GMC 100 1010000 1010000  100
20230213 GMC 100 1010000 1010000  100
20230213 GMC -1100 -10775000 81645000  700
20230213 GMC -1800 -17705000 74715000 9100 14100
20230213 GMC 2000 20215000 22215000 200 200
20230213 GMC 20300 201085000 311325000  18000
20230213 GMC 20500 203065000 313305000  200
20230213 GMC 2200 22215000 22215000  2100
20230213 GMC 2300 22885000 133125000 1800 1800
20230213 GMC 2300 23215000 25215000  300
20230213 GMC 23500 233365000 343605000  3000
20230213 GMC 27500 274165000 384405000  4000
20230213 GMC 4100 40705000 133125000  3200
20230213 GMC 900 9025000 101445000  2000
20230213 GMC "acum_busd" "acum_busd_val" "acum_val_bu" "sd" "sum_vol"
20230214 GMC 14100 140920000 236630000 200 200
20230214 GMC 14300 142930000 236630000  20000
20230214 GMC 14600 145980000 241690000  500
20230214 GMC 14900 149040000 246750000 200 700
20230214 GMC -1700 -17000000 0 1200 1200
20230214 GMC -500 -5000000 0 500 500
20230214 GMC -5700 -57070000 36630000  400
20230214 GMC -6100 -61030000 32670000 7700 11000
20230214 GMC "acum_busd" "acum_busd_val" "acum_val_bu" "sd" "sum_vol"
20230216 GMC -14300 -143720000 38960000  500
20230216 GMC -14800 -148795000 33885000  500
20230216 GMC -15300 -153870000 28810000 7800 7800
20230216 GMC -19200 -193205000 39975000 5000 5100
20230216 GMC 24200 264590000 497770000  43400
20230216 GMC 24400 266750000 499930000  200
20230216 GMC -4700 -47415000 11605000  200
20230216 GMC -4900 -49445000 9575000 5800 5900
20230216 GMC -6200 -62495000 11605000 1500 1500
20230216 GMC -7500 -75440000 28810000  200
20230216 GMC -7700 -77470000 26780000  1000
20230216 GMC -7700 -77570000 16630000  500
20230216 GMC 800 8560000 8560000  800
20230216 GMC -8200 -82595000 11605000 2000 2000
20230216 GMC -8700 -87620000 16630000 1000 1000
20230216 GMC "acum_busd" "acum_busd_val" "acum_val_bu" "sd" "sum_vol"
20230217 GMC 1500 16050000 16050000  1500
20230217 GMC 1800 19230000 19230000  300
20230217 GMC -3200 -33270000 19230000 5000 5000
20230217 GMC -3400 -35340000 19230000 200 200
20230217 GMC "acum_busd" "acum_busd_val" "acum_val_bu" "sd" "sum_vol"
20230220 GMC -1000 -10125000 13680000  600
20230220 GMC -1300 -13230000 5400000  500
20230220 GMC -1400 -14130000 35795000  900
20230220 GMC -1600 -16335000 7470000  200
20230220 GMC -1700 -17130000 39795000  400
20230220 GMC -1800 -18405000 5400000 500 500
20230220 GMC -1800 -18630000 0 1800 1800
20230220 GMC -2100 -21130000 35795000 700 700
20230220 GMC 2200 21870000 78795000  3900
20230220 GMC -2300 -23130000 26795000  200
20230220 GMC 2400 23940000 80865000  200
20230220 GMC -2500 -25130000 24795000 1900 1900
20230220 GMC -600 -6110000 24795000  300
20230220 GMC -900 -9090000 14715000  100
20230220 GMC -900 -9170000 21735000 700 1400
20230220 GMC "acum_busd" "acum_busd_val" "acum_val_bu" "sd" "sum_vol"
