20221212 GMH -26400 -299735000
20221213 GMH 8100 101356800
20221214 GMH 22300 225740000
20221215 GMH -2600 -27315000
20221216 GMH 2700 28630000
20221219 GMH -4000 -35297000
20221220 GMH 1200 11331000
20221221 GMH -2900 -27641000
20221222 GMH 700 5117000
20221223 GMH -2700 -26152000
20221226 GMH 3700 36380000
20221227 GMH -2500 -6854300
20221228 GMH -900 -8406000
20221229 GMH 200 2037000
20221230 GMH 0 18000
20230103 GMH 100 1193000
20230104 GMH 400 3125999.9999999995
20230105 GMH -2500 -25380000
20230106 GMH -1600 -15805000
20230109 GMH 2000 18945999.999999996
20230110 GMH 700 6965000
20230111 GMH -600 23911000
20230112 GMH 1300 13302999.999999998
20230113 GMH -800 -1022000
20230116 GMH -1000 -6044700
20230117 GMH 1700 16060000
20230118 GMH 1000 1019000
20230119 GMH 3900 48612000
20230127 GMH -3700 -17570000
20230130 GMH 3500 37190000
20230131 GMH -1800 -18315000
20230201 GMH 5300 55230000
20230202 GMH -500 -5105000
20230203 GMH 1100 11575000
20230206 GMH 1200 12670000
20230207 GMH -1000 -10065000
20230208 GMH 800 8515000
20230209 GMH -1000 -10190000
20230210 GMH -500 -4829000
20230213 GMH 300 3100000
