20230106 GPC 11100 167950000 267950000  50000000
20230106 GPC 126500 1311040000 2240100000 353280000 
20230106 GPC 127600 1321710000 2254610000  1920000
20230106 GPC 127800 1323630000 2252690000 12590000 
20230106 GPC 128600 1331460000 2273960000 14550000 4800000
20230106 GPC 130100 1346010000 2288510000 14549999.999999998 
20230106 GPC 132800 1372540000 2315040000 26530000 
20230106 GPC 133700 1381440000 2338910000 5000000 6000000
20230106 GPC 133800 1382440000 2327910000 9900000 
20230106 GPC 135200 1396440000 2353910000 15000000 
20230106 GPC 136600 1410440000 2367910000 14000000 
20230106 GPC 137800 1422440000 2437910000 41000000 29000000
20230106 GPC 138400 1428440000 2443910000 6000000 
20230106 GPC 141600 1460440000 2475910000 32000000 
20230106 GPC 147900 1527500000 2781610000 10560000 105600000
20230106 GPC 149400 1538440000 2553910000 78000000 
20230106 GPC 151900 1565900000 2820010000 38400000 
20230106 GPC 152100 1567820000 2821930000 1920000 
20230106 GPC 15300 209950000 309950000 42000000 
20230106 GPC 155300 1598540000 2852650000 30720000 
20230106 GPC 15600 212000000 212000000 212000000 
20230106 GPC 157200 1616440000 2631910000 78000000 
20230106 GPC 157500 1619440000 2634910000 3000000 
20230106 GPC 157800 1622440000 2637910000 3000000 
20230106 GPC 157800 1622540000 2665450000 3920000.0000000005 13720000.000000002
20230106 GPC 157900 1623500000 2877610000 24960000 
20230106 GPC 158300 1627390000 2642860000 4950000 
20230106 GPC 158600 1630360000 2645830000 2970000 
20230106 GPC 158800 1632340000 2647810000 1980000 
20230106 GPC 16100 217950000 217950000 5950000 
20230106 GPC 163700 1679180000 2933290000 55680000 
20230106 GPC 165000 1691660000 2945770000 12480000 
20230106 GPC 166000 1701260000 2955370000 9600000 
20230106 GPC 167200 1712780000 2966890000 11520000 
20230106 GPC 170000 1739660000 2993770000 26880000 
20230106 GPC 171100 1750220000 3004330000 10560000 
20230106 GPC 171200 1751180000 3005290000 960000 
20230106 GPC 171300 1752140000 3006250000 960000 
20230106 GPC 171700 1755980000 3010090000 3840000 
20230106 GPC 171900 1757900000 3012010000 1920000 
20230106 GPC 172000 1758860000 3012970000 960000 
20230106 GPC 172600 1764620000 3018730000 5760000 
20230106 GPC 172800 1766540000 3020650000 1920000 
20230106 GPC 173800 1776140000 3030250000 9600000 
20230106 GPC 174000 1778060000 3032170000 1920000 
20230106 GPC 174100 1779020000 3033130000 960000 
20230106 GPC 179100 1827020000 3081130000 48000000 
20230106 GPC 179200 1827980000 3082090000 960000 
20230106 GPC 25400 328950000 435950000 119000000 
20230106 GPC 25700 332430000 439430000 3480000 
20230106 GPC 25800 333510000 440510000 1080000 
20230106 GPC 31600 399940000 1268500000  2910000
20230106 GPC 31800 402120000 1292020000  7759999.999999999
20230106 GPC 31800 402140000 1307680000 1960000.0000000002 3910000
20230106 GPC 31900 402850000 1265590000  96000000
20230106 GPC 32000 404090000 1301810000 5880000 3910000
20230106 GPC 32400 407940000 1282320000 8000000 
20230106 GPC 32600 409880000 1284260000 1939999.9999999998 
20230106 GPC 35800 433510000 540510000 100000000 
20230106 GPC 36400 440360000 767660000 1000000 4950000
20230106 GPC 36500 441360000 768660000 1000000 
20230106 GPC 36600 442360000 769660000 1000000 
20230106 GPC 36600 442370000 771650000 1000000 990000
20230106 GPC 36800 444310000 761710000  29700000
20230106 GPC 37600 451510000 558510000 18000000 
20230106 GPC 39500 471370000 800650000 29000000 
20230106 GPC 39800 473510000 580510000 22000000 
20230106 GPC 39800 474010000 732010000 5000000 49500000
20230106 GPC 41200 488370000 817650000 17000000 
20230106 GPC 41700 493370000 822650000 5000000 
20230106 GPC 41900 498850000 1169590000 4850000 57690000
20230106 GPC 43000 509440000 1438500000 119060000 11760000
20230106 GPC 44300 518510000 677510000 11000000 26000000
20230106 GPC 44500 523840000 1452900000 14400000 
20230106 GPC 45800 533510000 640510000 60000000 
20230106 GPC 46800 545920000 1474980000 22080000 
20230106 GPC 47400 551690000 1107050000  14630000
20230106 GPC 48800 565270000 1072750000  25740000
20230106 GPC 48900 566320000 1085560000 6930000 5880000
20230106 GPC 51400 591010000 1047010000  21780000
20230106 GPC 51900 594880000 1523940000 48960000 
20230106 GPC 52200 598370000 927650000 105000000 
20230106 GPC 53200 608370000 937650000 10000000 
20230106 GPC 53400 609280000 1538340000 14400000 
20230106 GPC 53600 612790000 1025230000  41580000
20230106 GPC 53800 613120000 1542180000 3840000 
20230106 GPC 54800 622720000 1551780000 9600000 
20230106 GPC 55400 630370000 959650000 22000000 
20230106 GPC 57500 651370000 980650000 21000000 
20230106 GPC 57600 649600000 1578660000 26880000 
20230106 GPC 57800 654370000 983650000 3000000 
20230106 GPC 59100 664000000 1593060000 14400000 
20230106 GPC 74100 808000000 1737060000 144000000 
20230106 GPC 89700 957760000 1886820000 149760000 
20230106 GPC "acum_busd" "acum_busd_val" "acum_val" "val_bu" "val_sd"
20230109 GPC 10600 89810000 126500000  990000
20230109 GPC 10700 90800000 116600000  4400000
20230109 GPC 10700 90800000 120560000  1980000
20230109 GPC 10700 90800000 124520000  
20230109 GPC 10700 90800000 125510000  
20230109 GPC 10900 92780000 118580000 1980000 
20230109 GPC 10900 92780000 129470000 2970000 
20230109 GPC 11200 95200000 112200000  8500000
20230109 GPC 12200 103700000 103700000 103700000 
20230109 GPC 1900 11780000 210470000  36000000
20230109 GPC 5900 47780000 174470000  45000000
20230109 GPC "acum_busd" "acum_busd_val" "acum_val" "val_bu" "val_sd"
20230110 GPC -11300 -112790000 261210000 19190000 40000000
20230110 GPC -114500 -1155110000 2460990000  289870000
20230110 GPC -114700 -1157130000 2463010000  2020000
20230110 GPC 11600 118500000 492500000 97970000 
20230110 GPC -136800 -1380340000 2686220000  223210000
20230110 GPC 14600 148800000 522800000 30300000 
20230110 GPC -146800 -1481340000 2787220000  101000000
20230110 GPC -147100 -1484370000 2790250000  3030000
20230110 GPC -148700 -1500430000 2806310000  16060000
20230110 GPC -158500 -1598400000 2911350000 3030000 101000000
20230110 GPC -158600 -1599390000 2981990000 3010000 4000000
20230110 GPC -159600 -1609490000 2992090000  10100000
20230110 GPC -159700 -1609620000 3228420000 76760000 
20230110 GPC -160300 -1616560000 2999160000  7070000
20230110 GPC -160400 -1617570000 3000170000  1010000
20230110 GPC -164700 -1660120000 3278920000  50500000
20230110 GPC -165000 -1663150000 3281950000  3030000
20230110 GPC -166700 -1680320000 3127420000 10100000 
20230110 GPC -167300 -1686380000 3135500000 1010000 7070000
20230110 GPC -167700 -1690420000 3117320000 15150000 
20230110 GPC -169200 -1705570000 3102170000 7000000 95000000
20230110 GPC 1900 20530000 394530000 133320000 
20230110 GPC 23100 234650000 1071230000  5050000
20230110 GPC 23600 239700000 1066180000  101000000
20230110 GPC 2500 25000000 25000000 25000000 
20230110 GPC 3300 33000000 33000000 8000000 
20230110 GPC 33600 340700000 965180000  60600000
20230110 GPC -35800 -360240000 1666120000  272700000
20230110 GPC 39600 401300000 904580000 317140000 64640000
20230110 GPC -44100 -444070000 1749950000  83830000
20230110 GPC -54900 -553150000 1859030000  109080000
20230110 GPC -6700 -66330000 1372210000  300980000
20230110 GPC -6800 -67340000 1373220000  1010000
20230110 GPC -85800 -865240000 2171120000  312090000
20230110 GPC -8800 -87540000 1393420000  20200000
20230110 GPC -9200 -91980000 202020000 1010000 
20230110 GPC -9300 -92990000 201010000 21010000 147000000
20230110 GPC "acum_busd" "acum_busd_val" "acum_val" "val_bu" "val_sd"
20230111 GPC -100000 -1159830000 1310630000  1160000
20230111 GPC -103000 -1194630000 1345430000  34800000
20230111 GPC -103100 -1195790000 1346590000  1160000
20230111 GPC -103200 -1196950000 1347750000  1160000
20230111 GPC -104100 -1207390000 1358190000  10440000
20230111 GPC 1500 17520000 66000000 41760000 24240000
20230111 GPC 2300 26850000 123950000 33640000 24310000
20230111 GPC -5700 -65950000 216750000  58000000
20230111 GPC -6700 -77550000 228350000  11600000
20230111 GPC -68400 -793270000 944070000  684400000
20230111 GPC -700 -7950000 158750000  34800000
20230111 GPC -73500 -852430000 1003230000  59160000
20230111 GPC -79600 -923190000 1073990000  70760000
20230111 GPC -80100 -928990000 1079790000  5800000
20230111 GPC -83100 -963790000 1114590000  34800000
20230111 GPC -83500 -968430000 1119230000  4640000
20230111 GPC -84000 -974230000 1125030000  5800000
20230111 GPC -85200 -988150000 1138950000  13920000
20230111 GPC -8700 -100750000 251550000  23200000
20230111 GPC -9400 -108870000 259670000  8120000
20230111 GPC -97000 -1125030000 1275830000  136880000
20230111 GPC -98000 -1136630000 1287430000  11600000
20230111 GPC -98400 -1141270000 1292070000  4640000
20230111 GPC -99400 -1152870000 1303670000  11600000
20230111 GPC -99800 -1157510000 1308310000  4640000
20230111 GPC -99900 -1158670000 1309470000  1160000
20230111 GPC "acum_busd" "acum_busd_val" "acum_val" "val_bu" "val_sd"
20230112 GPC 100 11310000 1502780000 1060000 15450000
20230112 GPC 100 3010000 217440000 108230000 82420000
20230112 GPC 10700 144730000 450120000  32980000
20230112 GPC 1100 18780000 671910000 7320000 
20230112 GPC 1100 18780000 686550000  7320000
20230112 GPC 13200 177710000 417140000 187200000 12500000
20230112 GPC 1500 25600000 1475570000  14040000
20230112 GPC 1500 25700000 1486270000 5400000 5300000
20230112 GPC 1700 26100000 679230000 7320000 
20230112 GPC 1900 29180000 696950000 10400000 
20230112 GPC -2000 -22800000 22800000  22800000
20230112 GPC -21000 -220440000 1949290000 12100000 
20230112 GPC -21300 -223740000 1952590000  3300000
20230112 GPC -21900 -230340000 1932790000 12100000 152910000
20230112 GPC -22100 -232540000 1937190000 1100000 3300000
20230112 GPC -22300 -234740000 1963590000  11000000
20230112 GPC -2300 -16460000 1397870000 2400000 
20230112 GPC -24400 -257810000 2043760000 3240000 
20230112 GPC -24700 -261050000 2029520000 17600000 
20230112 GPC -2500 -18860000 1395470000 1160000 25520000
20230112 GPC -25300 -267440000 2053390000  9630000
20230112 GPC -25600 -271040000 1999890000  36300000
20230112 GPC -25700 -272140000 2000990000  1100000
20230112 GPC -25700 -272140000 2003190000  
20230112 GPC -25800 -273250000 2006520000 1110000 2220000
20230112 GPC -26300 -278650000 2011920000  5400000
20230112 GPC -27000 -283950000 2347290000 31320000 
20230112 GPC -27200 -287580000 2074620000  20140000
20230112 GPC -27900 -295000000 2147000000 32480000 39900000
20230112 GPC -28000 -296140000 2216540000 25080000 1140000
20230112 GPC 2800 39640000 1458290000  1080000
20230112 GPC 2800 40340000 1586110000 56180000 27150000
20230112 GPC -28900 -305800000 2369140000  21850000
20230112 GPC 2900 40720000 1455050000 57180000 
20230112 GPC 2900 41400000 1587170000 1060000 
20230112 GPC -29400 -311550000 2374890000  5750000
20230112 GPC -29600 -313850000 2378340000  2300000
20230112 GPC -29700 -315270000 2315970000 11500000 
20230112 GPC -3000 -26020000 1299430000 29520000 
20230112 GPC 3000 42460000 1588230000 1060000 
20230112 GPC -300 1750000 595740000 1320000 144300000
20230112 GPC -30100 -320080000 2190320000 9120000 34200000
20230112 GPC -30200 -321220000 2241620000  25080000
20230112 GPC -30200 -321220000 2264420000 5700000 5700000
20230112 GPC -30700 -326770000 2304470000 17250000 22800000
20230112 GPC -3100 -27240000 1300650000  1220000
20230112 GPC -3200 -28500000 1311590000 4840000 6100000
20230112 GPC -33000 -352610000 2446740000 3420000 
20230112 GPC -33300 -356030000 2443320000 5700000 
20230112 GPC -33800 -361730000 2437620000 5700000 
20230112 GPC -34300 -367430000 2431920000  53580000
20230112 GPC 3500 49980000 717750000 20800000 
20230112 GPC -3800 -35770000 1000980000 1290000 
20230112 GPC -3900 -37060000 999690000 3870000 
20230112 GPC -400 5500000 1368790000  11600000
20230112 GPC -4200 -40930000 995820000 12800000 
20230112 GPC 4500 58370000 1604140000 15910000 
20230112 GPC 4500 62980000 730750000 13000000 
20230112 GPC 4500 62980000 743650000  
20230112 GPC 4900 68140000 748810000 5160000 
20230112 GPC -5000 -51270000 980560000 1230000 
20230112 GPC 500 11460000 664590000 12200000 13200000
20230112 GPC -500 -850000 611340000 1300000 
20230112 GPC -5100 -52500000 979330000 50020000 25620000
20230112 GPC -5200 -53060000 1266190000 26250000 
20230112 GPC -5200 -53730000 983020000  2460000
20230112 GPC -5300 -54300000 1267430000  1240000
20230112 GPC -5300 -54300000 1268670000  
20230112 GPC -5300 -54520000 1119730000 36250000 
20230112 GPC -5400 -55540000 1269910000  1240000
20230112 GPC -5600 -49710000 1718800000 3290000 111370000
20230112 GPC 600 12460000 639190000 14530000 
20230112 GPC 600 17100000 1357190000 45600000 
20230112 GPC -600 -2070000 624660000  1220000
20230112 GPC -600 -2150000 610040000 5200000 9100000
20230112 GPC -6700 -61820000 1737770000 3430000 15540000
20230112 GPC -7100 -76900000 903690000 4920000 149960000
20230112 GPC -7300 -79310000 1239940000 18750000 
20230112 GPC -8200 -90770000 1083480000 13750000 68750000
20230112 GPC -8200 -90770000 1155980000  36250000
20230112 GPC -8200 -90770000 1158480000 1250000 1250000
20230112 GPC -8800 -98060000 1221190000 7500000 
20230112 GPC -8800 -98270000 1165980000  7500000
20230112 GPC -9200 -89530000 1767780000 1150000 28860000
20230112 GPC -9400 -105560000 1213690000 12680000 8750000
20230112 GPC -9700 -109490000 1192260000 1280000 
20230112 GPC -9800 -110770000 1190980000  12500000
20230112 GPC "acum_busd" "acum_busd_val" "acum_val" "val_bu" "val_sd"
20230113 GPC 0 330000 6790000  1090000
20230113 GPC 100 1420000 5700000  1070000
20230113 GPC -100 -760000 7880000  1090000
20230113 GPC -10500 -114050000 136970000 1100000 
20230113 GPC -10600 -115150000 135870000 1100000 1090000
20230113 GPC -10600 -115160000 133680000  22000000
20230113 GPC -10800 -117190000 161910000  10800000
20230113 GPC -10800 -117190000 183510000  
20230113 GPC -11100 -120330000 208450000 10900000 
20230113 GPC -11300 -122590000 188910000  5400000
20230113 GPC -12100 -131230000 197550000  8640000
20230113 GPC 200 2380000 2380000 2380000 
20230113 GPC 200 2490000 4630000  1070000
20230113 GPC 300 3560000 3560000 1180000 
20230113 GPC -3100 -33460000 40580000  32700000
20230113 GPC -3600 -38910000 46030000  5450000
20230113 GPC -3800 -41490000 287290000 11880000 
20230113 GPC -4900 -53370000 275410000 10800000 
20230113 GPC -57700 -593559999.9999999 856560000 2160000 
20230113 GPC -57700 -593669999.9999999 850270000 5400000 557579999.9999999
20230113 GPC -57800 -594699999.9999999 851300000  1030000
20230113 GPC -57900 -595719999.9999999 854400000 1040000 
20230113 GPC -58000 -596759999.9999999 853360000  2060000
20230113 GPC -58200 -598759999.9999999 861760000  5200000
20230113 GPC -58400 -600859999.9999999 863860000  2100000
20230113 GPC -5900 -64170000 264610000 2160000 
20230113 GPC -59900 -616609999.9999999 879610000  15750000
20230113 GPC -60800 -626009999.9999999 897510000 1060000 
20230113 GPC -60900 -627069999.9999999 896450000 2120000 
20230113 GPC -6100 -66330000 262450000 54000000 
20230113 GPC -61100 -629189999.9999999 894330000 1070000 
20230113 GPC -61200 -630259999.9999999 893260000  13650000
20230113 GPC -61400 -632249999.9999999 903750000  6240000
20230113 GPC -62100 -639369999.9999999 919310000 3180000 
20230113 GPC -62400 -642549999.9999999 914050000  10300000
20230113 GPC -62400 -642549999.9999999 916130000  
20230113 GPC -62700 -646019999.9999999 1566520000 1019999.9999999999 
20230113 GPC -62800 -647039999.9999999 1565500000 2039999.9999999998 
20230113 GPC -63000 -649079999.9999999 1563460000 3060000 
20230113 GPC -63300 -652139999.9999999 1560400000 20400000 
20230113 GPC -65300 -672539999.9999999 1540000000 1019999.9999999999 
20230113 GPC -65400 -673559999.9999999 1538980000 1019999.9999999999 
20230113 GPC -65500 -674579999.9999999 1537960000 1019999.9999999999 
20230113 GPC -65600 -675599999.9999999 1536940000 4079999.9999999995 
20230113 GPC -66000 -679679999.9999999 1532860000 26520000 
20230113 GPC -67200 -691899999.9999999 971840000  52530000
20230113 GPC -67900 -699059999.9999999 979000000  7160000
20230113 GPC -68600 -706199999.9999999 1506340000 21420000 
20230113 GPC -70700 -727619999.9999999 1484920000 8160000 
20230113 GPC -71500 -735779999.9999999 1476760000 10200000 
20230113 GPC -72500 -745979999.9999999 1466560000 24480000 
20230113 GPC -74900 -770459999.9999999 1442080000 125460000 
20230113 GPC -8600 -93160000 111680000 5700000 5450000
20230113 GPC -8600 -93410000 100530000  54500000
20230113 GPC -87200 -895919999.9999999 1316620000 2039999.9999999998 
20230113 GPC -87400 -897959999.9999999 1314580000 68340000 
20230113 GPC -89900 -923459999.9999999 1203400000  224400000
20230113 GPC -94100 -966299999.9999999 1246240000  42840000
20230113 GPC -9600 -104240000 146780000 9810000 
20230113 GPC -9800 -106390000 151110000 1090000 
20230113 GPC -9900 -107480000 150020000  3240000
20230113 GPC "acum_busd" "acum_busd_val" "acum_val" "val_bu" "val_sd"
20230116 GPC 0 0 20000000 1000000 
20230116 GPC -1000 -10000000 10000000  10000000
20230116 GPC -100 -1000000 19000000 9000000 
20230116 GPC 100 1000000 21000000 1000000 
20230116 GPC -19300 -173520000 243220000 900000 
20230116 GPC -19400 -174420000 241420000  89890000
20230116 GPC -20200 -181620000 251320000  8100000
20230116 GPC -20300 -182550000 252250000  930000.0000000001
20230116 GPC -20400 -183460000 253160000  910000
20230116 GPC -21400 -192460000 262160000  9000000
20230116 GPC -23400 -210460000 280160000  18000000
20230116 GPC -26600 -239260000 361160000 26100000 9900000
20230116 GPC -28400 -255460000 325160000  45000000
20230116 GPC -34600 -309650000 507810000 4750000 
20230116 GPC -35100 -314400000 503060000 15910000 
20230116 GPC -35300 -316160000 514320000  6510000.000000001
20230116 GPC -35700 -319880000 518040000  3720000.0000000005
20230116 GPC -35900 -322510000 444410000  83250000
20230116 GPC -36300 -325460000 523620000  5580000
20230116 GPC -36500 -327380000 538420000 5520000 
20230116 GPC -36700 -328750000 622590000 17480000 
20230116 GPC -36800 -330310000 487150000 930000.0000000001 
20230116 GPC -36800 -330600000 454320000 910000 
20230116 GPC -36900 -331240000 486220000 1880000 
20230116 GPC -36900 -331510000 453410000  9000000
20230116 GPC -37100 -332900000 531060000  7440000
20230116 GPC -37100 -333120000 484340000 2790000 
20230116 GPC -37200 -333650000 563090000 9200000 15470000
20230116 GPC -37200 -334050000 479690000 930000.0000000001 
20230116 GPC -37300 -334980000 478760000 930000.0000000001 
20230116 GPC -37300 -335000000 476920000 9100000 
20230116 GPC -37400 -335910000 477830000  910000
20230116 GPC -37400 -335910000 481550000  1860000.0000000002
20230116 GPC -37700 -337950000 631790000  9200000
20230116 GPC -38100 -341590000 638190000  3640000
20230116 GPC -38300 -344100000 467820000  13500000
20230116 GPC -38600 -346230000 605110000 4600000 
20230116 GPC -39100 -350830000 600510000 10120000 27300000
20230116 GPC -39900 -357760000 667520000 1880000 
20230116 GPC -39900 -357760000 682560000  
20230116 GPC -40100 -359640000 665640000 3760000 
20230116 GPC -40400 -362520000 659120000  20930000
20230116 GPC -40500 -363400000 661880000 940000 
20230116 GPC -40600 -364340000 660940000  1820000
20230116 GPC -8200 -74530000 141530000  
20230116 GPC -8200 -74530000 96530000  75530000
20230116 GPC -8300 -75430000 142430000  900000
20230116 GPC -9300 -84530000 151530000  9100000
20230116 GPC "acum_busd" "acum_busd_val" "acum_val" "val_bu" "val_sd"
20230117 GPC 100 990000 1970000 990000 
20230117 GPC 11200 111510000 141190000  4950000
20230117 GPC 11700 116460000 136240000 50000000 1980000
20230117 GPC 11700 116510000 151140000 5000000 
20230117 GPC 12200 124310000 484680000  47500000
20230117 GPC 12300 125290000 485660000 980000.0000000001 
20230117 GPC 12400 123510000 158140000 7000000 
20230117 GPC 12900 130500000 395870000 969999.9999999999 5760000
20230117 GPC 13200 133410000 398780000 2909999.9999999995 
20230117 GPC 13300 135090000 495460000 9800000 
20230117 GPC 13400 135290000 389140000 960000 1920000
20230117 GPC 13500 136250000 386260000  960000
20230117 GPC 13600 137210000 385300000 9500000 14250000
20230117 GPC 14100 141960000 342350000  22800000
20230117 GPC 14200 143010000 408380000 9600000 
20230117 GPC 14400 143510000 178140000 20000000 
20230117 GPC 14600 146850000 412220000 3840000 
20230117 GPC 1600 15850000 18800000 8910000 
20230117 GPC 1600 15850000 19790000  
20230117 GPC 16400 163510000 198140000 20000000 
20230117 GPC 16500 164760000 319550000 7600000 9400000
20230117 GPC 16700 166560000 302550000 950000 21850000
20230117 GPC 17200 171810000 437180000 24960000 
20230117 GPC 1800 17830000 21770000 1980000 
20230117 GPC 18200 180430000 226340000 1880000 5640000
20230117 GPC 18300 181420000 227330000 990000 
20230117 GPC 18500 183610000 273040000  4750000
20230117 GPC 18600 184190000 218820000 20680000 
20230117 GPC 18600 184570000 274960000 960000 
20230117 GPC 18800 186490000 276880000 1920000 
20230117 GPC 18900 187460000 279750000 1920000 950000
20230117 GPC 19000 188360000 268290000  9400000
20230117 GPC 19300 191120000 237030000 9700000 
20230117 GPC 19700 194880000 242670000  940000
20230117 GPC 19700 194880000 250370000  
20230117 GPC 19800 195820000 241730000 4700000 
20230117 GPC 20000 197760000 258890000  2820000
20230117 GPC 200 1990000 2970000 1000000 
20230117 GPC 200 1990000 3950000  
20230117 GPC 20300 200580000 256070000 5700000 
20230117 GPC 2300 22780000 26720000 4950000 
20230117 GPC 3100 30700000 34640000 7920000 
20230117 GPC 3500 34660000 42560000 5940000 1980000
20230117 GPC 4200 41590000 55430000 9900000 2970000
20230117 GPC 4900 48520000 62360000 6930000 
20230117 GPC 6000 59530000 75350000 12000000 990000
20230117 GPC 6900 68440000 84260000 8910000 
20230117 GPC 700 6940000 8900000 4950000 
20230117 GPC "acum_busd" "acum_busd_val" "acum_val" "val_bu" "val_sd"
20230118 GPC 0 220000 150940000  1880000
20230118 GPC 0 40000.00000000023 5850000  1920000
20230118 GPC -1000 -9330000 135770000 1920000 1900000
20230118 GPC -1000 -9350000 131000000 1900000 
20230118 GPC -1000 -9350000 131950000  
20230118 GPC -1000 -9560000 15450000  9600000
20230118 GPC 100 1150000 148110000 2850000 930000.0000000001
20230118 GPC -100 -770000 144330000 8560000 
20230118 GPC 100 980000.0000000001 980000.0000000001 980000.0000000001 
20230118 GPC -1200 -11250000 129100000 7600000 
20230118 GPC 1300 12670000 163390000 9600000 
20230118 GPC -1500 -14280000 26090000 980000.0000000001 
20230118 GPC -1600 -15240000 27050000  960000
20230118 GPC -1600 -15240000 34890000  
20230118 GPC -1600 -15260000 25110000  7680000
20230118 GPC -2000 -18850000 121500000 5760000 950000
20230118 GPC 200 1960000.0000000002 1960000.0000000002 980000.0000000001 
20230118 GPC 200 1960000.0000000002 2940000.0000000005  
20230118 GPC 200 1960000.0000000002 3930000.0000000005  
20230118 GPC 200 2100000 149060000 950000 
20230118 GPC -2500 -23660000 114790000 1920000 
20230118 GPC -2700 -25580000 112870000 1920000 
20230118 GPC -2900 -27500000 110950000 960000 
20230118 GPC -3000 -28460000 109990000 9700000 
20230118 GPC 300 3070000 153790000 2850000 
20230118 GPC -4000 -38160000 100290000 9700000 
20230118 GPC -5000 -47860000 90590000 960000 
20230118 GPC -5100 -48820000 70430000 980000.0000000001 34560000
20230118 GPC -5100 -48820000 89630000  
20230118 GPC -800 -7580000 17430000 990000 
20230118 GPC -900 -8570000 16440000 990000 
20230118 GPC 9900 96950000 247670000 84280000 
20230118 GPC "acum_busd" "acum_busd_val" "acum_val" "val_bu" "val_sd"
20230119 GPC 100 960000 960000 960000 
20230119 GPC 11600 107720000 333990000  8190000
20230119 GPC 12400 115160000 341430000 7440000 
20230119 GPC 12500 115910000 325800000  13650000
20230119 GPC 13500 125390000 351660000 10230000 
20230119 GPC 14000 129560000 312150000  910000
20230119 GPC 14100 130470000 311240000  36400000
20230119 GPC 14200 131960000 363690000 9300000 2730000
20230119 GPC 15100 139040000 194490000 68400000 
20230119 GPC 1600 15770000 66570000  9400000
20230119 GPC 16500 151640000 216090000  4500000
20230119 GPC 17000 156140000 211590000 17100000 
20230119 GPC 17000 156340000 220790000 4700000 
20230119 GPC 17500 161040000 225490000 4700000 
20230119 GPC 17600 161980000 228290000 940000 
20230119 GPC 17700 162910000 229220000 930000.0000000001 
20230119 GPC 17800 163840000 230150000 930000.0000000001 
20230119 GPC 17800 163850000 241300000  919999.9999999999
20230119 GPC 17900 164770000 231080000 930000.0000000001 
20230119 GPC 1800 17490000 49490000 25280000 
20230119 GPC 18100 166870000 274840000  9200000
20230119 GPC 18800 173250000 250700000 9400000 
20230119 GPC 18800 173250000 253520000  
20230119 GPC 18900 178590000 542410000  65100000.00000001
20230119 GPC 19000 179560000 543380000 969999.9999999999 
20230119 GPC 1900 18450000 50450000 960000 
20230119 GPC 19100 176070000 256340000 2820000 
20230119 GPC 19100 176070000 265640000  
20230119 GPC 19200 178460000 410190000 46500000 
20230119 GPC 19200 178460000 411140000  
20230119 GPC 25700 241810000 474490000 63350000 
20230119 GPC 25900 243690000 476370000 1880000 
20230119 GPC 2600 25170000 57170000 6720000 
20230119 GPC 300 2880000 2880000 1920000 
20230119 GPC 300 2880000 3840000  
20230119 GPC 5200 49250000 100050000 33480000 
20230119 GPC 5300 50180000 100980000 930000.0000000001 
20230119 GPC 7200 67850000 118650000 17670000 
20230119 GPC 7500 70640000 126090000 2790000.0000000005 
20230119 GPC -800 -7790000 14510000  10670000
20230119 GPC -800 -7790000 24210000  
20230119 GPC "acum_busd" "acum_busd_val" "acum_val" "val_bu" "val_sd"
20230127 GPC 100 969999.9999999999 969999.9999999999 969999.9999999999 
20230127 GPC -14400 -133620000 149100000  46500000
20230127 GPC -14900 -138270000 155610000  4650000
20230127 GPC -14900 -138270000 162970000  
20230127 GPC -16000 -148390000 173090000  10120000
20230127 GPC -16600 -153640000 198230000 1900000 
20230127 GPC -16800 -155540000 193540000 950000 
20230127 GPC -16800 -155540000 196330000  
20230127 GPC -16900 -156490000 192590000 950000 
20230127 GPC -17000 -157440000 191640000 4750000 
20230127 GPC -17500 -162190000 186890000  13799999.999999998
20230127 GPC 200 1939999.9999999998 1939999.9999999998 969999.9999999999 
20230127 GPC 300 2909999.9999999995 2909999.9999999995 969999.9999999999 
20230127 GPC 500 4849999.999999999 4849999.999999999 1939999.9999999998 
20230127 GPC 500 4949999.999999999 10530000  2790000
20230127 GPC 600 5819999.999999999 5819999.999999999 969999.9999999999 
20230127 GPC 800 7739999.999999999 7739999.999999999 1920000 
20230127 GPC -9400 -87120000 102600000  92070000
20230127 GPC "acum_busd" "acum_busd_val" "acum_val" "val_bu" "val_sd"
20230130 GPC -1000 -9000000 9000000  9000000
20230130 GPC -10100 -89890000 121050000 919999.9999999999 
20230130 GPC -10200 -90810000 120130000 2790000 
20230130 GPC -10500 -93600000 116410000 940000 
20230130 GPC -10500 -93600000 117340000  
20230130 GPC -10600 -94540000 115470000  29619999.999999996
20230130 GPC -12100 -107890000 139050000  18000000
20230130 GPC -12500 -111470000 166970000 919999.9999999999 
20230130 GPC -12600 -112390000 143550000  4500000
20230130 GPC -12600 -112390000 166050000  
20230130 GPC -13600 -121460000 176960000  9990000
20230130 GPC -15900 -142060000 217600000 9100000 1820000
20230130 GPC -16500 -147540000 204880000 919999.9999999999 27000000
20230130 GPC -16700 -149340000 206680000  1800000
20230130 GPC -17800 -159350000 234890000  17290000
20230130 GPC -19900 -177970000 407070000 18000000 
20230130 GPC -20900 -186970000 416070000  9000000
20230130 GPC -20900 -186970000 425070000  
20230130 GPC -20900 -186970000 473130000  
20230130 GPC -20900 -186970000 474910000  
20230130 GPC -20900 -186970000 479360000  
20230130 GPC -21500 -192370000 293670000 12879999.999999998 
20230130 GPC -21500 -192370000 334170000  
20230130 GPC -21600 -193200000 485590000  6230000
20230130 GPC -21900 -195970000 389070000 9000000 
20230130 GPC -2200 -19920000 19920000  10920000
20230130 GPC -2200 -19920000 29020000  
20230130 GPC -2200 -19920000 40850000  
20230130 GPC -22100 -198050000 273590000  38700000
20230130 GPC -22500 -201370000 371070000 900000 
20230130 GPC -22600 -202270000 370170000 9000000 4500000
20230130 GPC -22800 -204070000 345870000  11700000
20230130 GPC -22800 -204350000 279890000  6300000
20230130 GPC -22900 -204970000 374670000  3600000
20230130 GPC -22900 -204970000 380070000  
20230130 GPC -22900 -205250000 280790000  900000
20230130 GPC -23100 -206770000 352170000 1800000 4500000
20230130 GPC -7200 -64920000 85850000  45000000
20230130 GPC "acum_busd" "acum_busd_val" "acum_val" "val_bu" "val_sd"
20230131 GPC -10100 -88870000 224440000  2670000
20230131 GPC -10400 -92140000 98540000 919999.9999999999 
20230131 GPC -10500 -93060000 97620000 919999.9999999999 
20230131 GPC -10600 -93980000 96700000 910000 
20230131 GPC -10700 -94890000 94890000  40890000
20230131 GPC -10700 -94890000 95790000  
20230131 GPC -11100 -97870000 244240000  11700000
20230131 GPC -11100 -97870000 245140000  
20230131 GPC -11100 -97870000 263340000 9100000 9100000
20230131 GPC -11400 -100570000 266040000  2700000
20230131 GPC -6000 -54000000 54000000  54000000
20230131 GPC -7800 -68600000 167330000 890000 
20230131 GPC -7900 -69490000 166440000 4450000 
20230131 GPC -8400 -73940000 161990000 21360000 14080000.000000002
20230131 GPC -8700 -76770000 122100000 3600000 
20230131 GPC -9100 -80370000 118500000 4500000 
20230131 GPC -9200 -81220000 126550000  4450000
20230131 GPC -9300 -82130000 108550000 10010000 
20230131 GPC -9500 -83470000 229840000 900000 
20230131 GPC -9600 -84370000 228940000 4500000 
20230131 GPC -9600 -84420000 186710000 1780000 17600000
20230131 GPC -9600 -84870000 114000000 900000 
20230131 GPC -9700 -85310000 189380000 890000 1780000
20230131 GPC -9700 -85310000 216380000  
20230131 GPC -9700 -85770000 112190000  3640000
20230131 GPC -9700 -85770000 113100000  
20230131 GPC -9800 -86170000 232540000  2700000
20230131 GPC -9800 -86200000 217270000  890000
20230131 GPC -9800 -86200000 221770000  
20230131 GPC "acum_busd" "acum_busd_val" "acum_val" "val_bu" "val_sd"
20230201 GPC 1000 9100000 9100000 910000 
20230201 GPC -100 -910000 28210000  14560000
20230201 GPC -10800 -95160000 251970000  36960000
20230201 GPC 1100 10010000 10010000 910000 
20230201 GPC -1300 -11580000 153260000 6300000 
20230201 GPC 1400 12740000 12740000 2730000 
20230201 GPC -1500 -13550000 48050000 2700000 
20230201 GPC 1500 13650000 13650000 910000 
20230201 GPC -1800 -16250000 45350000 900000 
20230201 GPC -1900 -17150000 44450000  12600000
20230201 GPC -2000 -17880000 146960000 1800000 
20230201 GPC -2200 -19680000 142490000 890000 
20230201 GPC -2300 -20570000 141600000 11570000 
20230201 GPC -25500 -222770000 485170000 47520000.00000001 23760000
20230201 GPC -27700 -242190000 399000000  147030000
20230201 GPC -27700 -242190000 399870000  
20230201 GPC -28200 -246530000 405970000 880000.0000000001 5220000
20230201 GPC -28200 -246530000 413890000  
20230201 GPC -29100 -254090000 553900000 869999.9999999999 
20230201 GPC -29100 -254090000 562600000  
20230201 GPC -29100 -254090000 563470000  
20230201 GPC -29200 -254960000 538240000 10440000 42629999.99999999
20230201 GPC -29900 -261050000 591310000 869999.9999999999 
20230201 GPC -30000 -261920000 590440000 8700000 
20230201 GPC -31000 -270620000 581740000 869999.9999999999 17400000
20230201 GPC -3500 -31250000 123800000 4500000 
20230201 GPC -3500 -31350000 65850000  17800000
20230201 GPC -3600 -32140000 130030000 890000 
20230201 GPC -3700 -33030000 129140000 890000 
20230201 GPC -3800 -33920000 128250000 890000 3560000
20230201 GPC -4000 -35750000 119300000  
20230201 GPC -4000 -35750000 79250000 2700000 
20230201 GPC -4300 -38450000 76550000 1800000 
20230201 GPC -4500 -40250000 74750000  8900000
20230201 GPC -500 -4550000 31850000  3640000
20230201 GPC -6600 -58200000.00000001 210560000 5340000 3560000
20230201 GPC -6800 -59980000.00000001 201660000  48400000.00000001
20230201 GPC 900 8190000 8190000 8190000 
20230201 GPC "acum_busd" "acum_busd_val" "acum_val" "val_bu" "val_sd"
20230202 GPC -11000 -97040000 423370000 869999.9999999999 
20230202 GPC -1100 -9790000 9790000  3560000
20230202 GPC -11100 -97910000 422500000 29579999.999999996 
20230202 GPC -11200 -98780000 260140000 880000.0000000001 
20230202 GPC -11200 -98780000 282140000  
20230202 GPC -11300 -99660000 259260000 880000.0000000001 
20230202 GPC -11400 -100520000 283880000  1739999.9999999998
20230202 GPC -11400 -100540000 216140000  45760000.00000001
20230202 GPC -11400 -100540000 258380000  
20230202 GPC -12200 -106270000 555870000  25500000
20230202 GPC -13200 -114770000 564370000  8500000
20230202 GPC -13500 -118790000 334340000  18270000
20230202 GPC -14500 -127490000 343040000  8700000
20230202 GPC -14500 -127490000 384320000  
20230202 GPC -14500 -127490000 392920000  
20230202 GPC -17200 -148770000 598370000  34000000
20230202 GPC -17800 -153870000 603470000  5100000
20230202 GPC -200 -1780000 1780000  1780000
20230202 GPC -20700 -178490000 629850000 880000.0000000001 
20230202 GPC -20800 -179370000 628970000  25500000
20230202 GPC -2200 -19580000 117480000  
20230202 GPC -2200 -19580000 80100000 16910000 
20230202 GPC -22700 -195490000 646850000  17000000
20230202 GPC -23300 -200590000 651950000  5100000
20230202 GPC 300 2670000 22250000 12460000 
20230202 GPC -300 -2670000 2670000  890000
20230202 GPC -4100 -36490000 63190000 890000 
20230202 GPC -4200 -37380000 62300000  40050000
20230202 GPC -6200 -54780000 152680000  35200000
20230202 GPC -6200 -54780000 161480000  
20230202 GPC -6200 -54780000 170380000  
20230202 GPC -6800 -60370000 482400000 9570000 
20230202 GPC -6800 -60370000 486750000  
20230202 GPC -6800 -60370000 509970000  
20230202 GPC -700 -6230000 6230000  3560000
20230202 GPC -7200 -63770000 513370000  3400000
20230202 GPC -7900 -69940000 472830000 28709999.999999996 11180000
20230202 GPC -8200 -72270000 521870000  8500000
20230202 GPC -9200 -80770000 530370000  8500000
20230202 GPC -9900 -87470000 432940000 9570000 
20230202 GPC "acum_busd" "acum_busd_val" "acum_val" "val_bu" "val_sd"
20230203 GPC 0 239999.99999999814 29340000  4250000
20230203 GPC -1000 -8260000.000000002 37840000  5950000
20230203 GPC -100 -850000 850000  850000
20230203 GPC 11100 95600000 249090000  4350000
20230203 GPC 11600 99950000 244740000  1739999.9999999998
20230203 GPC 11800 101690000 243000000  19140000
20230203 GPC -1200 -10300000 10300000  4350000
20230203 GPC 14000 120830000 223860000 64379999.99999999 
20230203 GPC -1700 -14210000.000000002 43790000  5950000
20230203 GPC -1700 -14210000.000000002 48040000  
20230203 GPC 3000 25130000.000000004 324780000  26099999.999999996
20230203 GPC 3000 25130000.000000004 332770000  
20230203 GPC -300 -2310000.000000002 31890000  2550000
20230203 GPC 300 2749999.999999998 23350000 13049999.999999998 
20230203 GPC -3200 -26810000 60640000  12600000
20230203 GPC -3300 -27660000 61490000  850000
20230203 GPC -3400 -28510000 62340000  850000
20230203 GPC -400 -3400000 3400000  2550000
20230203 GPC 400 3619999.999999998 24220000 869999.9999999999 
20230203 GPC 500 4489999.999999998 25090000 869999.9999999999 
20230203 GPC 6000 51230000 293460000  44370000
20230203 GPC -600 -5100000 5100000  1700000
20230203 GPC 6600 56450000 159480000  6089999.999999999
20230203 GPC 6600 56490000 147340000 85000000 
20230203 GPC -700 -5950000 5950000  850000
20230203 GPC 7300 62540000 153390000 6050000 
20230203 GPC "acum_busd" "acum_busd_val" "acum_val" "val_bu" "val_sd"
20230206 GPC -1300 -10920000 64470000 5100000 
20230206 GPC 1400 12030000 223420000 7650000 
20230206 GPC -1900 -16020000 59370000 3400000 
20230206 GPC -2000 -17000000 17000000  17000000
20230206 GPC -2000 -17000000 28050000  
20230206 GPC 2000 17130000 228520000 5100000 
20230206 GPC -2100 -17720000 193670000 1700000 
20230206 GPC -2100 -17740000 54290000 8500000 
20230206 GPC -2300 -19420000 191970000 39100000 
20230206 GPC -2300 -19420000 55970000  1680000
20230206 GPC -3000 -25370000 87420000  18700000
20230206 GPC -3100 -26240000 45790000  9240000
20230206 GPC -3900 -33020000 95070000  7650000
20230206 GPC 4500 38590000 346600000  1680000
20230206 GPC 4700 40080000 251470000 22950000 
20230206 GPC 4700 40270000 344920000  840000
20230206 GPC 4700 40290000 348300000 1700000 
20230206 GPC 4800 41110000 344080000  830000.0000000001
20230206 GPC 4900 41940000 343250000  6640000.000000001
20230206 GPC 4900 41990000 350000000 1700000 
20230206 GPC -5000 -42370000 104420000  9350000
20230206 GPC 500 4380000 215770000 22100000 
20230206 GPC -5100 -43220000 105270000  850000
20230206 GPC 5100 43690000 352550000 1700000 
20230206 GPC 5200 44330000 255720000 4250000 
20230206 GPC -5300 -44920000 106970000  1700000
20230206 GPC 5700 48580000 259970000 4250000 
20230206 GPC 5700 48580000 276970000  
20230206 GPC -6900 -58520000 152870000 16150000 
20230206 GPC -800 -6670000 68720000 4250000 
20230206 GPC -8800 -74670000 136720000  29750000
20230206 GPC "acum_busd" "acum_busd_val" "acum_val" "val_bu" "val_sd"
20230207 GPC 13700 120680000 231170000 50459999.99999999 
20230207 GPC 13700 120680000 261090000  
20230207 GPC 13700 120680000 294910000  
20230207 GPC 13700 120680000 361510000  
20230207 GPC 13700 120680000 384650000  
20230207 GPC 22700 203920000 729810000  880000.0000000001
20230207 GPC 22800 204800000 728930000  97680000
20230207 GPC 24700 219680000 483650000 99000000 
20230207 GPC 24800 220580000 484550000 900000 
20230207 GPC 24800 220580000 549350000  
20230207 GPC 33900 302480000 631250000 81900000 
20230207 GPC 3600 32810000 130250000 35280000 48720000
20230207 GPC 4900 43610000 43610000 43610000 
20230207 GPC 5000 44490000 44490000 880000.0000000001 
20230207 GPC 5100 45370000 45370000 880000.0000000001 
20230207 GPC 5200 46250000 46250000 880000.0000000001 
20230207 GPC 5600 50210000 147650000 17400000 
20230207 GPC 7600 67610000 165050000 17400000 
20230207 GPC 7700 68480000 165920000 869999.9999999999 
20230207 GPC 7900 70220000 167660000 1739999.9999999998 
20230207 GPC "acum_busd" "acum_busd_val" "acum_val" "val_bu" "val_sd"
20230208 GPC 10200 93100000 178090000  26400000.000000004
20230208 GPC 10500 94800000 109190000 27300000 
20230208 GPC 13200 119500000 151690000 33600000 8900000
20230208 GPC 13200 120100000 205090000 27000000 
20230208 GPC 13200 120100000 222890000  
20230208 GPC 13300 121250000 421520000  1780000
20230208 GPC 13300 121250000 437540000  
20230208 GPC 13300 121250000 439300000  
20230208 GPC 13300 121250000 457100000  
20230208 GPC 13400 122140000 418850000  7120000
20230208 GPC 13400 122140000 461550000  1780000
20230208 GPC 13500 123030000 419740000 890000 
20230208 GPC 13600 123920000 459770000 2670000 
20230208 GPC 14200 129260000 411730000  16120000
20230208 GPC 16000 145380000 395610000 1800000 6300000
20230208 GPC 16200 147100000 249890000 27000000 
20230208 GPC 16200 147100000 306590000  
20230208 GPC 16500 149880000 387510000  900000
20230208 GPC 16600 150780000 386610000  1780000
20230208 GPC 16800 152560000 384830000  24570000
20230208 GPC 19500 177130000 360260000 2730000 9100000
20230208 GPC 20200 183500000 342990000 36400000 
20230208 GPC 20200 183500000 344810000  
20230208 GPC 20200 183500000 348430000  
20230208 GPC 2900 28690000 555000000  1780000
20230208 GPC 3100 30470000 553220000  8900000
20230208 GPC 4100 39370000 544320000  82770000
20230208 GPC 4600 41400000 41400000 41400000 
20230208 GPC 5500 49500000 49500000 8100000 
20230208 GPC 5500 49500000 50390000  
20230208 GPC 6500 58500000 59390000 9000000 
20230208 GPC 7500 67500000 68390000 9000000 
20230208 GPC 7500 67500000 81890000  
20230208 GPC "acum_busd" "acum_busd_val" "acum_val" "val_bu" "val_sd"
20230209 GPC 0 0 151720000  
20230209 GPC 0 0 47320000  
20230209 GPC 10300 93940000 327560000 50740000 
20230209 GPC 10300 93940000 328500000  
20230209 GPC 23300 214740000 489700000 129270000.00000001 
20230209 GPC 23400 215670000 490630000 930000.0000000001 
20230209 GPC 4800 43200000 194920000 43200000 
20230209 GPC 4800 43200000 276820000  
20230209 GPC 8200 74200000 348240000  19740000
20230209 GPC 9100 82660000 356700000 8460000 
20230209 GPC 9300 84540000 358580000 1880000 
20230209 GPC 9400 85470000 359510000 930000.0000000001 
20230209 GPC 9400 85470000 360430000  
20230209 GPC "acum_busd" "acum_busd_val" "acum_val" "val_bu" "val_sd"
20230210 GPC 13700 133930000 218120000 39200000 
20230210 GPC 1400 13300000 13300000 11420000 
20230210 GPC 14200 138780000 225850000 4850000 
20230210 GPC 14200 138780000 518770000  
20230210 GPC 14300 139770000 529660000 990000 
20230210 GPC 200 1880000 1880000 1880000 
20230210 GPC 20600 202140000 592030000 62370000 
20230210 GPC 20700 203130000 593020000 990000 
20230210 GPC 20700 203130000 616780000  
20230210 GPC 21100 207090000 620740000 3960000 
20230210 GPC 21100 207090000 637570000  
20230210 GPC 2300 22210000 30130000 990000 3960000
20230210 GPC 2400 23190000 31110000 980000.0000000001 
20230210 GPC 2600 25180000 25180000 11880000 
20230210 GPC 2700 26100000 34020000 2910000 
20230210 GPC 27200 268390000 1563050000 52510000 164220000
20230210 GPC 27800 274570000 1569230000 6180000 
20230210 GPC 3000 29010000 51480000 2910000 
20230210 GPC 33200 330200000 1626900000 56650000 1019999.9999999999
20230210 GPC 33200 342080000 2140520000  21160000
20230210 GPC 35500 363240000 2119360000  22340000
20230210 GPC 37100 377980000 2083720000  38000000
20230210 GPC 37900 385580000 2097020000 10450000 2850000
20230210 GPC 38200 380100000 1346320000  159390000
20230210 GPC 41100 415980000 2036220000  5700000
20230210 GPC 41700 421680000 2030520000  5760000
20230210 GPC 42100 417090000 847570000 210000000 
20230210 GPC 42300 427440000 2021820000  89180000
20230210 GPC 42300 427440000 2024760000  
20230210 GPC 4500 43560000 66030000 14549999.999999998 
20230210 GPC 48600 483060000 950500000  15980000
20230210 GPC 49800 494090000 924570000 77000000 
20230210 GPC 49800 494090000 929570000  
20230210 GPC 50300 499040000 934520000 4950000 
20230210 GPC 51400 516620000 1932640000  19600000
20230210 GPC 53200 534200000 1841000000 204000000 
20230210 GPC 53200 534200000 1857900000  
20230210 GPC 53400 536220000 1913040000 13730000.000000002 16660000
20230210 GPC 53500 537170000 1860870000 2970000 
20230210 GPC 53700 539150000 1882650000 11880000 9900000
20230210 GPC 54300 539490000 1006930000 56430000 
20230210 GPC 7600 73940000 139510000  980000.0000000001
20230210 GPC 7600 73940000 158130000  
20230210 GPC 7700 74920000 118930000  
20230210 GPC 7700 74920000 99330000 31360000.000000004 
20230210 GPC 9700 94730000 178920000 20790000 
20230210 GPC "acum_busd" "acum_busd_val" "acum_val" "val_bu" "val_sd"
