20221212 GSP 1800 13853700 97891700 1000 1000
20221212 GSP 200 1800 1800  200
20221212 GSP 2300 18328700 89001700  4700
20221212 GSP -2300 -22611300 28481700  3000
20221212 GSP -2400 -23501300 47171700  2100
20221212 GSP 2800 22763700 97891700 500 500
20221212 GSP 300 2700 2700  100
20221212 GSP 3300 27218700 97891700  1000
20221212 GSP -4500 -42191300 28481700 2200 2200
20221212 GSP -5100 -47562300 116476700  2000
20221212 GSP -5300 -49311300 1781700  100
20221212 GSP -5400 -50210300 882700.0000000001  100
20221212 GSP -5500 -51090300 2700 5800 5800
20221212 GSP 700 4063700 97891700 1100 1100
20221212 GSP -7100 -65262300 98776700  100
20221212 GSP -7200 -66147300 97891700 7900 7900
20221212 GSP -8900 -81110300 117375700  100
20221212 GSP -9000 -82009300 116476700 3900 3900
20221212 GSP "acum_busd" "acum_busd_val" "acum_val_bu" "sd" "sum_vol"
20221213 GSP 0 6274700 6290000  300
20221213 GSP 100 7169700 7185000  100
20221213 GSP -1100 -5138500 12576800 2000 2200
20221213 GSP -1900 -12330500 14374800 1000 1000
20221213 GSP -2000 -13223500 15271800  100
20221213 GSP 200 8064700 8080000  100
20221213 GSP -2100 -14120500 14374800 200 200
20221213 GSP -300 3589700 3605000  300
20221213 GSP -4000 -31203500 15271800 2000 2000
20221213 GSP 400 3596000 3596000  400
20221213 GSP 400 3596000 3596000  700
20221213 GSP 500 3596900 3596900  100
20221213 GSP -600 3587000 3602300 1400 1500
20221213 GSP 700 12559700 12575000  500
20221213 GSP 800 3599600 3602300 300 900
20221213 GSP -900 -3340500 14374800  200
20221213 GSP "acum_busd" "acum_busd_val" "acum_val_bu" "sd" "sum_vol"
20221214 GSP -11800 -113110700 17388000 3500 3700
20221214 GSP 14800 128638300 282748000  7700
20221214 GSP 18800 165038300 319148000  4000
20221214 GSP 2000 12208300 166318000 900 1000
20221214 GSP -200 -1800 0 200 200
20221214 GSP 2100 13117300 167227000  100
20221214 GSP 2300 14646300 14667000 2000 3600
20221214 GSP 23400 207028300 368453000 800 6200
20221214 GSP 2400 15848300 160868000 1000 1000
20221214 GSP 24100 213433300 383093000 400 500
20221214 GSP 24200 214348300 384008000  100
20221214 GSP 24400 216174300 385834000  200
20221214 GSP 24400 216178300 382178000 500 2100
20221214 GSP 25600 227138300 396798000  1200
20221214 GSP 2700 24300 27000  3000
20221214 GSP 2800 19479300 165408000 100 100
20221214 GSP 28600 254613300 424273000  3000
20221214 GSP 2900 20388300 165408000  500
20221214 GSP -300 -2700 0 100 100
20221214 GSP 30200 269272300 439847000 100 1800
20221214 GSP 30400 271107300 441682000  400
20221214 GSP 30600 272943300 443518000  200
20221214 GSP 3400 24928300 160868000  4100
20221214 GSP -3600 -38836700 14667000 5900 5900
20221214 GSP 37500 336358300 508769000 200 300
20221214 GSP 37600 337275300 507850000  7000
20221214 GSP 39300 352900300 525311000  1800
20221214 GSP -4100 -43249700 92690000  1000
20221214 GSP 41400 372220300 544631000  2100
20221214 GSP 42300 380189300 686551000 10900 14900
20221214 GSP 47700 430180300 602591000  6300
20221214 GSP 48700 439369300 745731000  6400
20221214 GSP 48700 439730300 827416000 1100 1100
20221214 GSP 49200 444028300 649565000 1300 1300
20221214 GSP 49300 444920300 638471000 2300 6200
20221214 GSP 49800 449832300 827416000 1000 1000
20221214 GSP 49900 450470300 644021000  600
20221214 GSP 50500 456014300 649565000  600
20221214 GSP 50800 458857300 765219000  2100
20221214 GSP 50800 459032300 827416000 1600 1600
20221214 GSP -5100 -52319700 83620000  2500
20221214 GSP 52400 473706300 780068000  1600
20221214 GSP 52400 473766300 827416000 4000 4000
20221214 GSP 52800 477819300 865505000  4100
20221214 GSP 53500 483914300 790276000  1100
20221214 GSP 54500 493204300 799566000  1000
20221214 GSP 55500 502494300 808856000  1000
20221214 GSP 56400 510846300 827416000 100 100
20221214 GSP 56500 511774300 827416000 1000 3000
20221214 GSP -6100 -61389700 74550000  100
20221214 GSP -6200 -62299700 73640000  100
20221214 GSP -6200 -62300700 72730000  800
20221214 GSP -6300 -63209700 72730000 100 100
20221214 GSP -7000 -69572700 65458000  100
20221214 GSP -7000 -69574700 60924000  4800
20221214 GSP -700 -12381700 123558000  3400
20221214 GSP 7100 58568300 212678000  5000
20221214 GSP -7100 -70482700 64548000 500 900
20221214 GSP -8500 -83179700 15574000 5000 5100
20221214 GSP "acum_busd" "acum_busd_val" "acum_val_bu" "sd" "sum_vol"
20221215 GSP -1000 -10369000 106291000  500
20221215 GSP -11800 -110266000 200773000  100
20221215 GSP -11900 -111201000 199838000 4100 4100
20221215 GSP -1200 -12234000 106291000 200 200
20221215 GSP -1400 -14102000 100681000  100
20221215 GSP -1400 -14102000 99741000  100
20221215 GSP -1500 -15041000 100681000 100 100
20221215 GSP -1500 -15042000 99741000 100 100
20221215 GSP -1500 -15044000 101616000  100
20221215 GSP -1500 -15052000 98791000  2900
20221215 GSP -15200 -141731000 211113000  1100
20221215 GSP -1600 -15979000 100681000 100 100
20221215 GSP -1600 -15979000 100681000  2200
20221215 GSP -16300 -152071000 200773000 4500 4500
20221215 GSP 1700 15793000 15793000  1200
20221215 GSP 1800 16744000 66468000 2000 2000
20221215 GSP 2000 18627000 19562000 100 500
20221215 GSP 2000 18660000 68384000  200
20221215 GSP 2100 19606000 21480000 100 300
20221215 GSP 2200 20561000 22435000  100
20221215 GSP 3800 35884000 66468000 3000 3000
20221215 GSP -4000 -37763000 175678000  1700
20221215 GSP -4300 -41631000 68384000 6300 6300
20221215 GSP -4400 -42602000 71241000  100
20221215 GSP -4500 -43552000 70291000  100
20221215 GSP -4600 -44502000 69341000 400 500
20221215 GSP -4800 -45214000 181258000  600
20221215 GSP -4800 -45725000 107221000 3700 3800
20221215 GSP -5000 -47074000 181258000 200 200
20221215 GSP 500 4645000 4645000  500
20221215 GSP -5200 -48934000 181258000 200 200
20221215 GSP 5200 49268000 51142000  3000
20221215 GSP -5400 -50794000 175678000 1400 1400
20221215 GSP -5700 -53743000 159698000 900 3200
20221215 GSP 5700 54063000 55937000  500
20221215 GSP 5900 55979000 57853000  200
20221215 GSP -6200 -58234000 181258000 1000 1000
20221215 GSP 6400 60769000 62643000  500
20221215 GSP 6700 63637000 65511000  300
20221215 GSP 6800 64594000 66468000  100
20221215 GSP -7100 -66903000 138078000  800
20221215 GSP -7800 -73112000 199838000  600
20221215 GSP -7900 -74423000 130558000  300
20221215 GSP -8200 -77243000 127738000 100 500
20221215 GSP -8400 -78686000 194264000  300
20221215 GSP -8500 -80060000 123986000 500 1000
20221215 GSP -8500 -80085000 119311000  100
20221215 GSP -8600 -81015000 118381000  800
20221215 GSP -8700 -81473000 191477000 500 1600
20221215 GSP -9300 -87052000 181258000 3100 3100
20221215 GSP -9400 -88455000 110941000  400
20221215 GSP -9800 -92175000 107221000 5000 5000
20221215 GSP "acum_busd" "acum_busd_val" "acum_val_bu" "sd" "sum_vol"
20221216 GSP 10100 95298000 120652000 100 100
20221216 GSP 10200 96229000 120652000  1400
20221216 GSP 10900 102985000 143212000 100 100
20221216 GSP 11000 103915000 143212000 100 100
20221216 GSP 11100 104832000 143212000 1400 1400
20221216 GSP 11100 104845000 145072000  200
20221216 GSP 11300 106578000 131932000  1200
20221216 GSP 11700 110425000 150652000  600
20221216 GSP 12500 117858000 143212000  1200
20221216 GSP 1300 12449000 21992000 100 100
20221216 GSP 1400 13389000 22932000  100
20221216 GSP 1400 13390000 21992000 200 200
20221216 GSP 1500 14329000 23872000  100
20221216 GSP 1600 15287000 21992000 200 1500
20221216 GSP 300 2844000 2844000  300
20221216 GSP 3500 33129000 42672000  2000
20221216 GSP 3900 36949000 55792000 1000 2400
20221216 GSP 500 4713999.999999999 9489000 500 2900
20221216 GSP 5900 55749000 74592000  2000
20221216 GSP 6800 64209000 83052000  900
20221216 GSP 7800 73609000 92452000  1000
20221216 GSP 7900 74549000 93392000  100
20221216 GSP 8300 78309000 97152000  400
20221216 GSP 8700 82129000 106552000 600 600
20221216 GSP 8800 83069000 107492000  100
20221216 GSP 9300 87709000 106552000  1000
20221216 GSP "acum_busd" "acum_busd_val" "acum_val_bu" "sd" "sum_vol"
20221219 GSP 0 0 930000.0000000001  100
20221219 GSP -100 -930000.0000000001 0 100 100
20221219 GSP 1700 15810000.000000002 16740000.000000002  900
20221219 GSP -1800 -16175999.999999994 91488000 1400 1400
20221219 GSP -1900 -17309999.999999993 20420000 3000 3400
20221219 GSP -2100 -19149999.999999993 65500000  1500
20221219 GSP -2600 -23739999.999999993 71030000  100
20221219 GSP -2600 -23749999.999999993 70100000 1000 1500
20221219 GSP -2700 -24669999.999999993 70100000 100 100
20221219 GSP -3600 -32949999.999999993 51700000  1100
20221219 GSP -400 -3281999.9999999925 91488000  100
20221219 GSP -4700 -42768999.99999999 101716000  100
20221219 GSP -4700 -43069999.99999999 41580000  200
20221219 GSP -4800 -43696999.99999999 100788000  1000
20221219 GSP -4900 -44909999.99999999 39740000  1700
20221219 GSP -500 -4209999.999999993 90560000  2100
20221219 GSP -5800 -52996999.99999999 91488000 4000 4000
20221219 GSP -6600 -60549999.99999999 24100000  100
20221219 GSP -6700 -61134999.999999985 124760000  200
20221219 GSP -6700 -61469999.99999999 23180000  100
20221219 GSP -6800 -62389999.99999999 22260000  200
20221219 GSP -6900 -62988999.999999985 122906000  300
20221219 GSP -7000 -63913999.999999985 120131000  300
20221219 GSP -7000 -64229999.99999999 20420000 5100 5100
20221219 GSP 700 6610000.000000002 16740000.000000002 1000 1000
20221219 GSP -7200 -65763999.999999985 120131000 200 200
20221219 GSP -7300 -66688999.999999985 117356000  1700
20221219 GSP 800 7440000.000000001 8370000.000000001  800
20221219 GSP -8800 -80394999.99999999 133040000  900
20221219 GSP -8800 -80394999.99999999 137670000  16700
20221219 GSP -8800 -80394999.99999999 137670000 500 1000
20221219 GSP -9000 -82328999.99999999 101716000 4300 4300
20221219 GSP -9700 -88674999.99999999 124760000 3000 3000
20221219 GSP "acum_busd" "acum_busd_val" "acum_val_bu" "sd" "sum_vol"
20221220 GSP -14700 -128608900 5298000  500
20221220 GSP -14800 -129491900 5298000 100 100
20221220 GSP -15200 -133023900 883000 10400 10500
20221220 GSP -15800 -138291900 5298000 1000 1000
20221220 GSP -16600 -145025900 94040000  3000
20221220 GSP -19300 -168792900 66763000  500
20221220 GSP -19600 -171425900 67640000 400 500
20221220 GSP -19600 -171456900 46559000  2200
20221220 GSP -19800 -173192900 62363000  1800
20221220 GSP -2000 -17600000 0 2000 2000
20221220 GSP -20600 -180226900 46559000 1000 1000
20221220 GSP -20800 -182083900 5298000 5000 5000
20221220 GSP -2100 -17600900 0 100 100
20221220 GSP -21300 -186355900 27280000  300
20221220 GSP -21500 -188211900 7920000  300
20221220 GSP -21600 -188995900 24640000  100
20221220 GSP -21600 -188996900 46559000 1000 1000
20221220 GSP -21600 -189088900 7920000 100 100
20221220 GSP -21700 -189875900 23760000  500
20221220 GSP -21800 -190735900 27280000 500 500
20221220 GSP -21800 -190833900 5298000 1000 1000
20221220 GSP -22200 -194275900 19360000  300
20221220 GSP -22500 -196915900 16720000  1000
20221220 GSP -23500 -205715900 7920000 1900 1900
20221220 GSP -4500 -38823900 0 2400 2400
20221220 GSP -4900 -42355900 0 400 400
20221220 GSP -9200 -82543200 156522700  300
20221220 GSP -9500 -82545900 156520000  7100
20221220 GSP "acum_busd" "acum_busd_val" "acum_val_bu" "sd" "sum_vol"
20221221 GSP 1000 9100000 9100000  1000
20221221 GSP -1100 -28917300 33483700 7000 7000
20221221 GSP 1800 16372000 16372000  800
20221221 GSP -1900 -35910300 49239700  1000
20221221 GSP -1900 -35910300 49239700  200
20221221 GSP -1900 -35910300 49239700 2000 2300
20221221 GSP -200 -21045300 46599700  100
20221221 GSP 2200 19996000 20877000 100 100
20221221 GSP 2300 20877000 20877000  500
20221221 GSP 2600 23592000 24473000  400
20221221 GSP -300 -21925300 45719700 600 2000
20221221 GSP 3600 32582000 33463000  1000
20221221 GSP 5900 32602700 33483700  6300
20221221 GSP -900 -35901300 49248700  1000
20221221 GSP "acum_busd" "acum_busd_val" "acum_val_bu" "sd" "sum_vol"
20221222 GSP 0 -6203700 7200 300 300
20221222 GSP -100 -1759100.0000000002 900  100
20221222 GSP -1600 -20444700 896200  100
20221222 GSP -1700 -21333700 7200 1700 1700
20221222 GSP -200 -1760000.0000000002 0 200 200
20221222 GSP -200 -1760000.0000000002 900 100 100
20221222 GSP 300 -1755500.0000000002 5400  500
20221222 GSP 300 -3533700 7200 200 200
20221222 GSP 4500 -20389800 951100  7600
20221222 GSP 500 -1753700.0000000002 7200  200
20221222 GSP 6500 -20371800 969100  2000
20221222 GSP 6900 -16755800 4585100  400
20221222 GSP "acum_busd" "acum_busd_val" "acum_val_bu" "sd" "sum_vol"
20221223 GSP 100 908000 908000  100
20221223 GSP -10700 -95095000 33575000  100
20221223 GSP -10800 -95993000 32677000 9000 9000
20221223 GSP -11000 -103147600 35376400  600
20221223 GSP -11000 -97789000 33575000 300 300
20221223 GSP -11300 -100483000 35371000  400
20221223 GSP -11500 -102279000 33575000 500 500
20221223 GSP -11600 -103153000 35371000 300 300
20221223 GSP -1800 -15777000 32677000 5200 5200
20221223 GSP 3300 29970000 30867000 100 100
20221223 GSP 3400 30867000 30867000  2800
20221223 GSP 3400 30877000 31774000  100
20221223 GSP 3400 30877000 32677000 100 200
20221223 GSP 600 5443000 5443000  500
20221223 GSP "acum_busd" "acum_busd_val" "acum_val_bu" "sd" "sum_vol"
20221226 GSP 100 -884200 1800 100 100
20221226 GSP -12600 -131579200 125219800  1000
20221226 GSP -13400 -138227200 27485800  2000
20221226 GSP -13600 -140379200 116419800  800
20221226 GSP -14400 -147419200 109379800  1000
20221226 GSP -15000 -152587200 126099800 2500 2600
20221226 GSP -15200 -154193200 29259800  200
20221226 GSP -15400 -138245200 27467800  3100
20221226 GSP -15400 -155967200 27485800 2000 2000
20221226 GSP -15400 -156219200 100579800  100
20221226 GSP -15500 -157099200 99699800  2000
20221226 GSP -16200 -163053200 29259800 1000 1000
20221226 GSP -17300 -172799200 29259800 1100 1100
20221226 GSP -17500 -174699200 82099800  3000
20221226 GSP -18500 -165711200 1800 9500 9500
20221226 GSP -18700 -185199200 29259800 1400 1400
20221226 GSP -19800 -194934200 29259800 1100 1100
20221226 GSP -19800 -194934200 46899800 2000 4000
20221226 GSP 200 1800 1800  200
20221226 GSP -20500 -201099200 55699800  1000
20221226 GSP -21400 -208267200 126099800 6400 6400
20221226 GSP -21500 -209899200 46899800 1700 1700
20221226 GSP -9000 -81517200 1800 9100 9100
20221226 GSP "acum_busd" "acum_busd_val" "acum_val_bu" "sd" "sum_vol"
20221227 GSP 0 -119000.00000000023 106773000  100
20221227 GSP -100 -989000.0000000001 105903000  100
20221227 GSP 2000 17300000 17300000  2000
20221227 GSP -200 -1859000 105033000  2000
20221227 GSP -2100 -18389000 87633000  1500
20221227 GSP -2100 -18411000 43359000 5500 5500
20221227 GSP 2200 19030000 19030000  200
20221227 GSP -2200 -19259000 87633000 100 100
20221227 GSP 2800 24221000 24221000  600
20221227 GSP -3100 -27111000 45099000  200
20221227 GSP -3200 -27979000 60723000 700 2500
20221227 GSP 3300 28569000 28569000  500
20221227 GSP -3300 -28851000 43359000 1200 1200
20221227 GSP 3400 29439000 43359000 100 100
20221227 GSP 3500 30309000 43359000 1500 1500
20221227 GSP -3600 -31411000 74611000  500
20221227 GSP -4100 -35751000 70271000  100
20221227 GSP -4200 -36619000 69403000  500
20221227 GSP -4300 -37527000 45099000 1200 1200
20221227 GSP 4400 38139000 38139000  1100
20221227 GSP -4700 -40959000 65063000  500
20221227 GSP 5000 43359000 43359000  600
20221227 GSP -5200 -45299000 60723000  1600
20221227 GSP -5200 -45299000 60723000 2000 2000
20221227 GSP 5800 50340999.99999999 157233000  5800
20221227 GSP "acum_busd" "acum_busd_val" "acum_val_bu" "sd" "sum_vol"
20221228 GSP 10800 55767500 75076000 500 500
20221228 GSP -1100 -9570000 0 1100 1100
20221228 GSP 11300 55772000 75076000  6000
20221228 GSP 13300 78392500 138426000 3400 3400
20221228 GSP 13900 85630700 145666000 100 100
20221228 GSP 14000 85631600 145666000 100 900
20221228 GSP 14700 91062500 120326000 1000 1000
20221228 GSP 14800 91967500 121231000  100
20221228 GSP 15700 100112500 120326000 100 5100
20221228 GSP 16700 109162500 138426000  1900
20221228 GSP 24300 180360700 240396000  10400
20221228 GSP 2600 22800000 33250000 100 3400
20221228 GSP 37800 305934700 564055000 5800 5800
20221228 GSP 37900 306858700 577803000 300 300
20221228 GSP 38200 309606700 577803000 1000 1000
20221228 GSP 38200 309606700 580551000  300
20221228 GSP 38300 310522700 581467000  100
20221228 GSP 39200 318766700 577803000 100 1600
20221228 GSP 41200 336649700 451716000 1500 2000
20221228 GSP 42200 345809700 447136000 4300 7300
20221228 GSP 42300 346645700 406681000  18000
20221228 GSP 42600 349420700 409456000  900
20221228 GSP 42800 351270700 411306000  200
20221228 GSP 43200 354950700 414986000  400
20221228 GSP 43200 355009700 470076000  2000
20221228 GSP 43500 357720700 419596000 200 200
20221228 GSP 43600 359062700 564055000 6000 7000
20221228 GSP 43700 359560700 419596000  500
20221228 GSP 45200 373546700 517115000 1200 1200
20221228 GSP 46100 381746700 496813000  2900
20221228 GSP 46200 383102700 663297000 1000 9900
20221228 GSP 46400 384562700 517115000 700 800
20221228 GSP 47000 390073700 516196000 400 500
20221228 GSP 47300 392822700 515273000 800 2800
20221228 GSP 47300 392866700 536435000  2100
20221228 GSP 48600 404865700 554875000 700 700
20221228 GSP 49300 411306700 554875000  2000
20221228 GSP 5000 43920000 54370000  2400
20221228 GSP 51800 436013700 872666000 500 500
20221228 GSP 52300 440633700 872666000 2500 4200
20221228 GSP 5300 46737000 66041000 1000 2300
20221228 GSP 53100 447954700 857077000 1700 1700
20221228 GSP 53200 447926700 728121000  7000
20221228 GSP 54800 463545700 857077000 200 200
20221228 GSP 55000 465379700 857077000 2600 3100
20221228 GSP 55200 466506700 746701000  2000
20221228 GSP 55200 467244700 833962000 4800 4800
20221228 GSP 55800 472074700 752269000  600
20221228 GSP 56800 481354700 761549000  1000
20221228 GSP 57100 484809700 852452000 100 2100
20221228 GSP 59900 510151700 790346000  3100
20221228 GSP 60000 511404700 833962000 4500 4500
20221228 GSP -600 -5220000 4350000  500
20221228 GSP 61300 523143700 804266000 100 1600
20221228 GSP 63100 539847700 820970000  1800
20221228 GSP 64500 552839700 833962000  1400
20221228 GSP "acum_busd" "acum_busd_val" "acum_val_bu" "sd" "sum_vol"
20221229 GSP 0 584000 25623000 1300 1300
20221229 GSP 1300 12601000 25623000 1400 1400
20221229 GSP 200 2633000 50936000 2000 2000
20221229 GSP 2200 21247000 50936000 500 600
20221229 GSP 2600 24949000 49988000  2600
20221229 GSP 2700 25623000 25623000  2700
20221229 GSP -2800 -25282000 50936000 3000 3000
20221229 GSP -4100 -37414000 84335000  1700
20221229 GSP -4600 -42098000 134140000  1600
20221229 GSP -5400 -49467000 50936000 2600 2600
20221229 GSP -5700 -52246000 59306000 100 1000
20221229 GSP -5800 -53173000 68576000  1000
20221229 GSP -6200 -56866000 119372000  1000
20221229 GSP -6500 -59686000 50936000 1100 1100
20221229 GSP -6800 -62443000 59306000 1100 1100
20221229 GSP -7200 -66086000 110152000  1300
20221229 GSP -8500 -78072000 98166000  800
20221229 GSP -9100 -83625000 86183000  200
20221229 GSP -9300 -85440000 90798000 200 700
20221229 GSP -9300 -85473000 84335000 5200 5200
20221229 GSP -9400 -86385000 86183000 300 300
20221229 GSP -9600 -88209000 86183000 200 500
20221229 GSP "acum_busd" "acum_busd_val" "acum_val_bu" "sd" "sum_vol"
20221230 GSP 100 919000 919000  100
20221230 GSP 12500 115080000 169528000  4300
20221230 GSP 1700 15710000 33304000 500 2300
20221230 GSP 1800 16638000 36082000 200 200
20221230 GSP 2000 18488000 36082000  300
20221230 GSP 2400 22227000 59226000 200 200
20221230 GSP 2600 24075000 59226000 100 100
20221230 GSP 2700 24999000 59226000 600 900
20221230 GSP 2700 25000000 61999000  300
20221230 GSP 2900 26847000 55528000 200 200
20221230 GSP 2900 26856000 70316000 700 1600
20221230 GSP 3000 27773000 56454000  100
20221230 GSP 3100 28695000 55528000 800 800
20221230 GSP 3200 29628000 74012000 100 100
20221230 GSP 3300 30552000 74012000  400
20221230 GSP 3300 30552000 74936000  100
20221230 GSP 3500 32398000 76782000  200
20221230 GSP 3700 34242000 78626000  200
20221230 GSP 3900 36084000 55528000  2100
20221230 GSP 4000 36994000 86879000 100 100
20221230 GSP 400 3672000 16636000  1100
20221230 GSP 4100 37913000 86879000 100 100
20221230 GSP 4200 38829000 86879000 200 200
20221230 GSP 4400 40661000 86879000 200 1100
20221230 GSP 4600 42508000 92393000  600
20221230 GSP 5700 52573000 103373000 100 1300
20221230 GSP 6000 55327000 108863000 300 900
20221230 GSP 6100 56245000 110693000 100 100
20221230 GSP 6200 57157000 110693000  200
20221230 GSP 6300 58083000 112531000  200
20221230 GSP 6600 60843000 115291000  300
20221230 GSP -700 -6504000 6460000 1400 2000
20221230 GSP 8200 75563000 130011000  1600
20221230 GSP "acum_busd" "acum_busd_val" "acum_val_bu" "sd" "sum_vol"
20230103 GSP 10000 95584000 446940000  1000
20230103 GSP 1000 10921000 164565000  3000
20230103 GSP -100 -930000.0000000001 0 100 100
20230103 GSP 10400 99340000 450696000  400
20230103 GSP -1200 -9395000 204874000 2700 2700
20230103 GSP -1200 -9421000 341935000 1000 1000
20230103 GSP -1300 -10325000 307377000  2000
20230103 GSP -1300 -11297000 57523000 1200 1400
20230103 GSP 14500 137917000 490214000 100 4300
20230103 GSP 1500 15762000 189942000 600 600
20230103 GSP 1500 15764000 204874000 1600 3200
20230103 GSP 17800 169096000 521393000  3300
20230103 GSP 1800 18629000 341935000 600 4300
20230103 GSP 1800 18675000 370031000  2000
20230103 GSP -2000 -17249000 136395000  1000
20230103 GSP -200 -61000 351295000  1000
20230103 GSP -200 -71000 341935000 2000 2000
20230103 GSP 2100 21361000 189942000 1500 1500
20230103 GSP 23800 226140000 613455000 2000 2100
20230103 GSP 24700 234633000 603068000 200 200
20230103 GSP 24900 236521000 603068000 1500 10100
20230103 GSP 25700 244073000 612508000  1000
20230103 GSP 26100 247779000 811079000 500 500
20230103 GSP 26400 250624000 809179000 4900 4900
20230103 GSP 26600 252524000 811079000  200
20230103 GSP 26600 252528000 759783000 600 600
20230103 GSP 26800 254424000 817724000  3100
20230103 GSP 26800 254424000 817724000  700
20230103 GSP 27200 258222000 759783000 100 100
20230103 GSP 27300 259173000 759783000 1000 1000
20230103 GSP 27300 259174000 766429000  700
20230103 GSP 27500 261075000 751224000 300 300
20230103 GSP 27800 263925000 751224000 1200 1500
20230103 GSP 27800 264036000 682666000 3200 3600
20230103 GSP -2800 -24279000 209543000  100
20230103 GSP 28300 268683000 758832000  2000
20230103 GSP 28300 268683000 759783000 100 200
20230103 GSP 28600 271629000 692157000 200 1200
20230103 GSP 28900 274384000 750271000 2200 2200
20230103 GSP -2900 -25216000 208606000 100 500
20230103 GSP -3000 -26639000 127005000  1000
20230103 GSP -300 -2016000 55644000 1900 2700
20230103 GSP 30600 290607000 678870000 100 7000
20230103 GSP 3100 30661000 185247000 100 100
20230103 GSP 31100 295372000 750271000 2500 3500
20230103 GSP 31300 297174000 809179000 500 5000
20230103 GSP -3200 -28015000 204874000 2000 2000
20230103 GSP 3200 31600000 186186000  100
20230103 GSP 3200 31603000 185247000  2200
20230103 GSP 32600 309694000 740721000 1100 6200
20230103 GSP -3300 -29025000 288677000  2000
20230103 GSP -3400 -31021000 66908000  300
20230103 GSP 3400 32394000 48204000 1600 6700
20230103 GSP -3600 -32898000 65031000 200 600
20230103 GSP 3600 35356000 189942000  400
20230103 GSP -3800 -34776000 61275000 2900 3300
20230103 GSP -4000 -36029000 117615000  2000
20230103 GSP -4800 -42919000 209543000 2000 2000
20230103 GSP 4800 46785000 398141000  3000
20230103 GSP -5300 -47665000 270037000  800
20230103 GSP 5800 56161000 407517000  1000
20230103 GSP -6000 -54809000 98835000  1100
20230103 GSP -6100 -55105000 262597000 3000 8700
20230103 GSP -7100 -65138000 88506000 1000 3100
20230103 GSP 800 8214000 48204000 2600 2600
20230103 GSP -8200 -75468000 68786000 5000 5200
20230103 GSP -8800 -80199000 209543000 4000 4000
20230103 GSP 9000 86194000 437550000  3200
20230103 GSP "acum_busd" "acum_busd_val" "acum_val_bu" "sd" "sum_vol"
20230104 GSP 10100 102831999.99999999 1188790000 2700 3000
20230104 GSP 10300 99704000 99704000  10300
20230104 GSP 12500 125991999.99999999 1185895000 11500 14000
20230104 GSP 14000 137326000 522653000  4400
20230104 GSP 17900 181043000 1329323000 5000 5400
20230104 GSP 18100 183100000 1343073000 100 100
20230104 GSP 18200 176326000 181176000 500 8900
20230104 GSP 18200 184076000 1343073000 100 100
20230104 GSP 18300 185051000 1343073000 200 300
20230104 GSP 18400 186026000 1342098000 800 800
20230104 GSP 18500 181498000 570741000 400 5300
20230104 GSP 18700 185713000 1030102000 8800 8800
20230104 GSP 18800 189860000 1338140000  900
20230104 GSP 19100 192830000 1341110000  300
20230104 GSP 19200 193818000 1342098000  100
20230104 GSP 19400 188172000 235722000 4400 10000
20230104 GSP 19900 194185000 473732000 100 100
20230104 GSP 20000 195155000 473732000 14200 14200
20230104 GSP 20800 201822000 249372000  1400
20230104 GSP 21000 207857000 1156950000 6000 8000
20230104 GSP 21500 212707000 1161800000  500
20230104 GSP 22500 220901000 621962000 1200 6400
20230104 GSP 22500 225847000 1325427000 300 300
20230104 GSP 22800 221322000 268872000  2000
20230104 GSP 22800 228766000 1325427000 1100 1200
20230104 GSP 23500 235494000 1321452000  13400
20230104 GSP 23700 237484000 1323442000  200
20230104 GSP 23800 238477000 1324435000  100
20230104 GSP 25000 246657000 1137550000 800 1200
20230104 GSP 25400 250529000 1133678000 2000 2700
20230104 GSP 26700 263113000 1126902000 2000 14400
20230104 GSP 27400 266329000 315837000 200 5000
20230104 GSP 27500 271898000 1030102000 11000 11000
20230104 GSP 30300 298779000 914854000 12200 15700
20230104 GSP 30400 299769000 915844000  100
20230104 GSP 30500 300759000 917824000 100 100
20230104 GSP 30600 301749000 917824000  200
20230104 GSP 32600 320819000 721880000  10100
20230104 GSP 32700 321805000 723852000 100 300
20230104 GSP 33900 333646000 736681000 100 1400
20230104 GSP 34200 333021000 473732000 5700 5700
20230104 GSP 34400 338581000 741616000  500
20230104 GSP 36700 362333000 983373000 400 7000
20230104 GSP 37800 368196000 430431000 1300 13000
20230104 GSP 38400 374091000 437306000 100 800
20230104 GSP 38500 380248000 1030102000 300 300
20230104 GSP 38800 383218000 1004258000  2500
20230104 GSP 38800 383218000 1030102000 1000 1000
20230104 GSP 39000 384459000 880354000 5200 5200
20230104 GSP 39800 393158000 1030102000 1400 1900
20230104 GSP 39900 388871000 473732000 1400 1400
20230104 GSP 40400 393773000 457971000 100 2700
20230104 GSP 40500 394771000 464876000 500 500
20230104 GSP 40700 402104000 1025132000 200 2300
20230104 GSP 41000 399691000 464876000 100 800
20230104 GSP 41300 402643000 473732000 100 1000
20230104 GSP 42500 418714000 827689000 600 600
20230104 GSP 4300 48412000 1343073000 3800 3800
20230104 GSP 43100 424654000 827689000  8700
20230104 GSP 44000 433603000 842578000  2000
20230104 GSP 44200 435739000 880354000 1600 1800
20230104 GSP 45600 449593000 878368000 1100 1200
20230104 GSP 46600 459490000 877375000 900 900
20230104 GSP 47000 463428000 872403000  3000
20230104 GSP 47500 468400000 877375000  500
20230104 GSP 8100 85500000 1343073000 10000 10000
20230104 GSP 9000 88405000 473732000 10900 10900
20230104 GSP 9600 94225000 479552000  600
20230104 GSP "acum_busd" "acum_busd_val" "acum_val_bu" "sd" "sum_vol"
20230105 GSP -23000 -224463000 92150000  3600
20230105 GSP -23100 -225030000 139131000  2000
20230105 GSP -25100 -244610000 119551000  2000
20230105 GSP -26600 -259383000 57230000  500
20230105 GSP -26900 -262243000 99960000  500
20230105 GSP -27000 -263222000 99960000 100 100
20230105 GSP -27100 -264201000 99960000 100 100
20230105 GSP -27100 -264233000 52380000 1200 6600
20230105 GSP -27400 -267143000 95060000  300
20230105 GSP -27700 -270053000 92150000 4700 4700
20230105 GSP -31000 -302060000 0 23000 23000
20230105 GSP -31300 -304973000 0 300 300
20230105 GSP -31900 -311182000 139131000 8800 8800
20230105 GSP -32000 -312153000 139131000 100 100
20230105 GSP -37000 -360633000 139131000 5000 5000
20230105 GSP -500 -4880000 0 500 500
20230105 GSP -53000 -513636000 497943000  200
20230105 GSP -53200 -515602000 495977000  5800
20230105 GSP -55000 -533138000 497943000 2000 2000
20230105 GSP -55300 -536063000 497943000 300 300
20230105 GSP -57000 -554141000 139131000 20000 20000
20230105 GSP -58200 -565755000 142999000  200
20230105 GSP -58300 -565313000 497943000 3000 3000
20230105 GSP -58400 -567689000 141065000 1600 1800
20230105 GSP -59000 -572445000 439134000  1800
20230105 GSP -60100 -582863000 497943000 1800 1800
20230105 GSP -60700 -588738000 497943000 600 600
20230105 GSP -60800 -590050000 421529000  1400
20230105 GSP -61100 -592638000 497943000 400 400
20230105 GSP -62200 -603728000 407851000  2000
20230105 GSP -63100 -612138000 497943000 2000 2000
20230105 GSP -63300 -615071000 168166000 300 1500
20230105 GSP -64200 -623268000 388311000  300
20230105 GSP -64200 -623783000 156550000 400 1600
20230105 GSP -64500 -626199000 385380000 100 600
20230105 GSP -64900 -630107000 380495000 1500 4400
20230105 GSP -65000 -631530000 144935000 7000 7200
20230105 GSP -65300 -633698000 497943000 2200 2200
20230105 GSP -65900 -639979000 335697000  1200
20230105 GSP -65900 -640005000 322091000 1000 5300
20230105 GSP -66300 -643762000 352200000  300
20230105 GSP -66400 -644855000 322091000 500 500
20230105 GSP -66600 -646687000 349275000  400
20230105 GSP -67000 -650599000 345363000  500
20230105 GSP -67100 -651643000 324033000 900 1100
20230105 GSP -67500 -655435000 340527000 2100 2600
20230105 GSP -68800 -668261000 192416000  2000
20230105 GSP -69200 -672031000 280402000  4000
20230105 GSP -69200 -672126000 202086000  1000
20230105 GSP -69600 -676000000 192416000 800 800
20230105 GSP -70200 -681796000 192416000 600 600
20230105 GSP -70600 -685625000 212712000  1100
20230105 GSP -70800 -687661000 173016000 8000 8500
20230105 GSP -71700 -696251000 202086000 2500 2500
20230105 GSP -73200 -710711000 241722000 100 3100
20230105 GSP -76100 -738755000 212712000 5500 5500
20230105 GSP -8000 -78080000 0 7500 7500
20230105 GSP "acum_busd" "acum_busd_val" "acum_val_bu" "sd" "sum_vol"
20230106 GSP -1000 -9680000 0 1000 1000
20230106 GSP 100 1208000 108893000  3000
20230106 GSP 1100 11108000 118793000  1000
20230106 GSP 11600 115148000 232643000 1000 1000
20230106 GSP 12300 122905000 340490000 500 500
20230106 GSP 12400 123012000 241490000 100 1000
20230106 GSP 12400 123894000 341479000  100
20230106 GSP 12600 124958000 232643000  8000
20230106 GSP 12800 127810000 340490000 1700 1700
20230106 GSP 13200 133453000 837248000 2700 2700
20230106 GSP -13900 -134100000 344422000 8600 8900
20230106 GSP 1400 14078000 121763000  300
20230106 GSP -14100 -136060000 344422000 200 200
20230106 GSP 14300 142452000 653090000 600 19000
20230106 GSP 14500 144487000 340490000 200 200
20230106 GSP 14700 146449000 340490000 1400 1400
20230106 GSP -1500 -14632000 49493000 500 3600
20230106 GSP 15300 152252000 662890000  1000
20230106 GSP 15900 159643000 837248000 5600 5600
20230106 GSP 16100 160183000 340490000 1000 1000
20230106 GSP 17100 169993000 340490000 4300 4300
20230106 GSP 17400 172512000 290990000  5000
20230106 GSP -1900 -18592000 49493000 400 400
20230106 GSP 21400 212182000 340490000 1000 1000
20230106 GSP 21500 213963000 837248000 900 900
20230106 GSP 22400 222012000 340490000  5000
20230106 GSP 22400 222693000 837248000 6000 6000
20230106 GSP 2300 24813000 341479000 2700 2700
20230106 GSP 28400 280893000 837248000 2200 2200
20230106 GSP -2900 -28492000 79193000 4000 7000
20230106 GSP 2900 33543000 856648000 200 200
20230106 GSP 30600 302233000 837248000 2000 2200
20230106 GSP 30800 304167000 817730000 300 16100
20230106 GSP 3100 35483000 856648000 1100 1100
20230106 GSP 31600 311975000 826514000 100 1000
20230106 GSP 32400 319783000 835298000 100 1000
20230106 GSP -3500 -31963000 472801000 2500 7500
20230106 GSP -400 -1674000 341479000 2700 2700
20230106 GSP -4100 -40370000 18810000  800
20230106 GSP 4200 46153000 856648000 5000 7000
20230106 GSP 4600 45758000 153443000  3200
20230106 GSP -4900 -48290000 10890000  1000
20230106 GSP 5000 51300000 341479000 1400 1400
20230106 GSP -5600 -52686000 341479000 5000 5000
20230106 GSP -5900 -58190000 990000 5000 5100
20230106 GSP -6000 -56681000 423801000  8100
20230106 GSP -600 -3636000 341479000 200 200
20230106 GSP -6100 -53577000 856648000 9000 9000
20230106 GSP 6400 65034000 341479000 2000 2000
20230106 GSP 7200 75253000 837248000 6000 6000
20230106 GSP 8400 84654000 341479000 1000 1000
20230106 GSP 9400 94464000 341479000 3000 3200
20230106 GSP "acum_busd" "acum_busd_val" "acum_val_bu" "sd" "sum_vol"
20230109 GSP 1000 9806000 29394000  400
20230109 GSP 100 1248000 71281000  2900
20230109 GSP 1200 11786000 38169000  900
20230109 GSP 1200 11973000 82980000  500
20230109 GSP 1900 18620000 20580000 200 200
20230109 GSP 1900 18743000 95564000 200 4700
20230109 GSP 2000 19610000 21570000  100
20230109 GSP 200 1982000 21570000  1000
20230109 GSP 200 1982000 21570000 1800 1800
20230109 GSP 2100 20580000 20580000  2100
20230109 GSP -24600 -234041000 193414000  1500
20230109 GSP -26100 -248291000 179164000 17700 17700
20230109 GSP -2800 -26998000 43035000  500
20230109 GSP -2800 -27019000 38169000 4000 4000
20230109 GSP -29100 -276836000 193414000 4500 4500
20230109 GSP -3000 -28297000 95564000 4900 4900
20230109 GSP 300 2960000 22548000  100
20230109 GSP 300 3011000 29394000 600 600
20230109 GSP -3300 -31864000 38169000 500 500
20230109 GSP 600 5894000 25482000  300
20230109 GSP 700 7120000 78127000 100 100
20230109 GSP 800 8094000 78127000  700
20230109 GSP 800 8097000 82980000 400 400
20230109 GSP -8200 -78077000 179164000 8000 16800
20230109 GSP -8400 -79979000 179164000 200 200
20230109 GSP -9000 -85677000 95564000 6000 6000
20230109 GSP 900 8831000 29394000 100 100
20230109 GSP "acum_busd" "acum_busd_val" "acum_val_bu" "sd" "sum_vol"
20230110 GSP 0 0 0  700
20230110 GSP -100 -951000 0 100 100
20230110 GSP -1600 -15196000 4755000 1000 1000
20230110 GSP -3800 -36068000 31383000  1800
20230110 GSP -4100 -38908000 32347000  100
20230110 GSP -4100 -38921000 31383000 300 300
20230110 GSP -4200 -39872000 31383000 100 100
20230110 GSP -5600 -53186000 14265000  200
20230110 GSP -5800 -55088000 12363000  300
20230110 GSP -5800 -55095000 5706000  100
20230110 GSP -5900 -56046000 4755000 4300 4300
20230110 GSP -600 -5696000 4755000 1000 1500
20230110 GSP -6100 -57941000 9510000  400
20230110 GSP -6400 -60791000 33297000 2400 2500
20230110 GSP -6500 -61745000 5706000 700 700
20230110 GSP -6800 -64574000 33297000  300
20230110 GSP -6800 -64574000 33297000 400 400
20230110 GSP "acum_busd" "acum_busd_val" "acum_val_bu" "sd" "sum_vol"
20230111 GSP 0 66000 3924000 400 400
20230111 GSP 100 1030000 4888000  100
20230111 GSP 1200 11602000 16420000  1000
20230111 GSP 1300 12566000 17384000  100
20230111 GSP 1400 13687000 29916000 1200 1200
20230111 GSP 1600 15458000 20276000  300
20230111 GSP -19600 -185813000 53666000 300 1000
20230111 GSP -19900 -188663000 53666000 300 300
20230111 GSP -20000 -189613000 47016000  1800
20230111 GSP 200 1994000 5852000  100
20230111 GSP 200 1998000 6816000 100 100
20230111 GSP -20100 -190553000 54626000  100
20230111 GSP -20200 -191513000 53666000 300 300
20230111 GSP -21800 -206713000 29916000 13200 13200
20230111 GSP 2500 24134000 28952000  900
20230111 GSP -2600 -24313000 29916000 4000 4000
20230111 GSP 2600 25098000 29916000  100
20230111 GSP 300 2958000 6816000  100
20230111 GSP 400 3924000 3924000  400
20230111 GSP -8600 -81313000 29916000 6000 6000
20230111 GSP "acum_busd" "acum_busd_val" "acum_val_bu" "sd" "sum_vol"
20230112 GSP 10100 96878000 127409000  400
20230112 GSP 10300 98788000 129319000  200
20230112 GSP 10800 103563000 134094000  2200
20230112 GSP 10800 103563000 134094000  500
20230112 GSP 11500 110248000 121679000  3000
20230112 GSP 13500 129483000 204024000 800 1000
20230112 GSP 14100 135235000 202104000 100 100
20230112 GSP 14200 136194000 202104000 1100 1100
20230112 GSP 14900 142909000 217450000  1400
20230112 GSP 15300 146743000 202104000  6600
20230112 GSP 200 1945000 6754000 100 100
20230112 GSP 300 2898000 2898000  300
20230112 GSP 300 2905000 6754000 200 200
20230112 GSP 400 3862000 3862000  100
20230112 GSP 500 4825000 6754000 200 200
20230112 GSP 600 5790000 5790000  200
20230112 GSP 700 6754000 6754000  100
20230112 GSP 8200 78733000 134094000 100 100
20230112 GSP 8300 79688000 134094000 900 900
20230112 GSP 8500 81598000 93029000 700 700
20230112 GSP 8700 83508000 138869000  500
20230112 GSP 9200 88220000 93029000  9000
20230112 GSP 9200 88283000 134094000 200 200
20230112 GSP 9400 90193000 134094000 1400 1400
20230112 GSP 9500 91148000 121679000 2000 2000
20230112 GSP 9700 93058000 123589000  200
20230112 GSP "acum_busd" "acum_busd_val" "acum_val_bu" "sd" "sum_vol"
20230113 GSP 0 0 0  200
20230113 GSP 0 7999.999999999767 7684000  200
20230113 GSP -1100 -10573000 34603000  100
20230113 GSP -1200 -11532000 33644000 500 500
20230113 GSP -1300 -12435000 145097000  300
20230113 GSP -1400 -13394000 145097000 100 100
20230113 GSP -1400 -13457000 25964000 500 500
20230113 GSP -1500 -14356000 95177000  400
20230113 GSP -1500 -14417000 25964000 100 100
20230113 GSP -1600 -15312000 145097000 200 200
20230113 GSP -1600 -15315000 142217000  100
20230113 GSP -1700 -16275000 141257000  1900
20230113 GSP -1700 -16275000 99977000  500
20230113 GSP -1800 -17221000 48115000  1300
20230113 GSP 1800 17324000 25000000  1800
20230113 GSP -1900 -18196000 91337000 900 3900
20230113 GSP -200 -1916000 5760000 400 400
20230113 GSP 200 1924000 5760000 400 400
20230113 GSP 200 1932000 25000000 1600 1600
20230113 GSP -2100 -20116000 95177000 600 600
20230113 GSP -2200 -21075000 95177000 100 100
20230113 GSP -2700 -25875000 99977000 1000 1000
20230113 GSP -3100 -29772000 35564000 2100 2200
20230113 GSP -3300 -31629000 62537000 2900 3000
20230113 GSP -3600 -34515000 123017000  2000
20230113 GSP -4000 -38355000 99977000 1300 1300
20230113 GSP -4000 -38356000 62537000 700 700
20230113 GSP -500 -4728000 61569000 100 1500
20230113 GSP -5600 -53715000 103817000  200
20230113 GSP -5800 -55635000 101897000 2000 2200
20230113 GSP 600 5760000 5760000  600
20230113 GSP 600 5760000 5760000  600
20230113 GSP -700 -6737000 33644000  800
20230113 GSP -8600 -81812000 145097000 7000 7000
20230113 GSP -900 -8648000 25964000 100 200
20230113 GSP -900 -8650000 25000000 1100 1100
20230113 GSP "acum_busd" "acum_busd_val" "acum_val_bu" "sd" "sum_vol"
20230116 GSP 100 965000 965000  100
20230116 GSP 1500 14120000 66765000  5000
20230116 GSP -3500 -32880000 19765000  200
20230116 GSP -3700 -34760000 17885000  100
20230116 GSP -3800 -35700000 16945000  1700
20230116 GSP -5500 -51680000 965000 5600 5600
20230116 GSP -6900 -64297000 80958000  100
20230116 GSP -7000 -65245000 80010000  400
20230116 GSP -7400 -69037000 76218000  500
20230116 GSP -7900 -73777000 71478000  100
20230116 GSP -7900 -73831000 69570000  300
20230116 GSP -8000 -74725000 70530000  100
20230116 GSP -8100 -75685000 69570000 200 200
20230116 GSP -8200 -76636000 66765000 9700 9700
20230116 GSP "acum_busd" "acum_busd_val" "acum_val_bu" "sd" "sum_vol"
20230117 GSP 1000 9896000 31374000  3000
20230117 GSP 14100 136362000 407597000 10000 10000
20230117 GSP 14300 138272000 409507000  200
20230117 GSP 14700 142092000 413327000  400
20230117 GSP 14800 143052000 422927000 900 1900
20230117 GSP 17300 167052000 446927000  2900
20230117 GSP 17400 168017000 448857000 100 300
20230117 GSP -2000 -18604000 2874000 1800 1800
20230117 GSP -200 -1791000 2874000 500 500
20230117 GSP 22700 217913000 335822000 700 700
20230117 GSP 22700 217913000 338693000 300 300
20230117 GSP 22800 218870000 336779000  100
20230117 GSP 23000 220784000 338693000  200
20230117 GSP 23200 224159000 538171000 100 100
20230117 GSP 23200 224159000 540119000 200 200
20230117 GSP 23300 225130000 538171000 100 100
20230117 GSP 23300 225133000 541093000  100
20230117 GSP 23400 224560000 335822000 600 600
20230117 GSP 23400 226107000 538171000 700 700
20230117 GSP 23400 226107000 540119000  200
20230117 GSP 23400 226107000 542067000  100
20230117 GSP 23600 226443000 301124000  23200
20230117 GSP 24000 230278000 335822000 900 900
20230117 GSP 24100 231407000 407597000 400 400
20230117 GSP 24100 232946000 538171000 2500 2700
20230117 GSP 24500 235227000 407597000 400 400
20230117 GSP 24900 238921000 335822000 700 700
20230117 GSP 24900 239047000 407597000 4000 4000
20230117 GSP 25600 245667000 335822000 400 400
20230117 GSP 26000 249528000 324209000  2400
20230117 GSP 26000 249529000 335822000 600 600
20230117 GSP 26400 255377000 536217000  9000
20230117 GSP 26600 255331000 335822000 400 400
20230117 GSP 26800 257252000 331933000  800
20230117 GSP 27000 259201000 335822000 200 200
20230117 GSP 27200 261141000 335822000  400
20230117 GSP 27700 265763000 386543000  5000
20230117 GSP 27900 267677000 388457000  200
20230117 GSP 28900 277247000 407597000 1000 3000
20230117 GSP 2900 27950000 60829000 1200 4300
20230117 GSP -300 -2431000 68449000 4000 4800
20230117 GSP 300 2874000 2874000  300
20230117 GSP 400 4273000 78954000 400 1500
20230117 GSP "acum_busd" "acum_busd_val" "acum_val_bu" "sd" "sum_vol"
20230118 GSP 14200 139198000 178173000 400 400
20230118 GSP 14300 140175000 171334000 500 500
20230118 GSP 14600 143106000 178173000 100 100
20230118 GSP 14700 144083000 178173000 300 1000
20230118 GSP 14800 145060000 171334000 1200 11100
20230118 GSP 1600 15840000.000000002 30390000 1500 1500
20230118 GSP 24200 237198000 276173000  10000
20230118 GSP 26100 255818000 294793000  1900
20230118 GSP 27100 265628000 304603000  1000
20230118 GSP 27100 265630000 306565000 100 100
20230118 GSP 27200 266610000 306565000 100 300
20230118 GSP 27700 271510000 314405000 200 1000
20230118 GSP 2800 27456000 27456000  2000
20230118 GSP 3100 30390000 30390000  300
20230118 GSP 36100 353955000 404704000 300 400
20230118 GSP 36300 355915000 403720000 500 9600
20230118 GSP 37100 363775000 414524000  1000
20230118 GSP 6100 59840000 74390000  4500
20230118 GSP 800 7856000 7856000  800
20230118 GSP "acum_busd" "acum_busd_val" "acum_val_bu" "sd" "sum_vol"
20230119 GSP -10400 -102094000 180954000  100
20230119 GSP -10500 -103075000 179973000 19900 19900
20230119 GSP -10600 -104048000 190804000 800 800
20230119 GSP -10800 -106018000 180954000 400 400
20230119 GSP 10800 106215000 169160000  1000
20230119 GSP 12300 120940000 159310000 1600 1700
20230119 GSP 13800 135699000 158325000 2000 10400
20230119 GSP 14800 128229000 434025000  5900
20230119 GSP 15400 134289000 440085000  600
20230119 GSP 16300 143379000 450185000 100 100
20230119 GSP 16400 144389000 450185000  1000
20230119 GSP 17300 153529000 460335000  1000
20230119 GSP 200 1968000 1968000  200
20230119 GSP -2400 -22924000 271928000  6000
20230119 GSP 25000 231979000 544845000 600 8900
20230119 GSP 2800 27514000 28496000 100 100
20230119 GSP 2800 28847999.999999993 331628000 800 6800
20230119 GSP 2900 28496000 28496000  2000
20230119 GSP 3300 32425000 33407000  500
20230119 GSP 3300 32427000 35373000 200 200
20230119 GSP 34400 328329000 641195000  9400
20230119 GSP 3500 34391000 35373000  200
20230119 GSP 3900 39792999.99999999 343568000 100 1300
20230119 GSP 5500 54031000 56977000  2200
20230119 GSP 6100 59923000 62869000  600
20230119 GSP 6400 62872000 65818000  300
20230119 GSP 6800 66763999.99999999 370558000 1800 1800
20230119 GSP 6800 66763999.99999999 370558000  200
20230119 GSP 6900 67760000 373552000 200 500
20230119 GSP 7400 72703000 75649000  1000
20230119 GSP 8300 81640000 169160000 500 500
20230119 GSP -8400 -82338000 212514000  500
20230119 GSP 8600 66781999.99999999 370558000 100 4900
20230119 GSP 8800 86555000 169160000 2000 2000
20230119 GSP 8900 68784000 374580000 400 2800
20230119 GSP -8900 -87273000 207579000  1000
20230119 GSP 900 8856000 8856000  700
20230119 GSP 9300 91470000 178990000  1000
20230119 GSP 9400 92453000 179973000  100
20230119 GSP -9800 -96168000 190804000  1000
20230119 GSP 9800 96365000 159310000 2500 2500
20230119 GSP -9900 -97143000 197709000  700
20230119 GSP "acum_busd" "acum_busd_val" "acum_val_bu" "sd" "sum_vol"
20230127 GSP -10500 -110115000 591290000  7500
20230127 GSP -13000 -134705000 133260000  3500
20230127 GSP -13000 -134705000 133260000 4300 4300
20230127 GSP -13000 -135905000 606890000 3400 3400
20230127 GSP -1600 -16060000 104000000  7700
20230127 GSP -1700 -17100000 104000000 100 100
20230127 GSP -17700 -184300000 609995000  300
20230127 GSP -18000 -187405000 606890000 5000 5000
20230127 GSP -18000 -188040000 513365000  10700
20230127 GSP -1800 -18140000 104000000 100 100
20230127 GSP -21700 -225300000 609995000 4000 4000
20230127 GSP -22700 -235550000 609995000 1000 1000
20230127 GSP -22700 -235550000 609995000  6800
20230127 GSP -24800 -256650000 140515000  200
20230127 GSP -25000 -258730000 138435000 12500 13000
20230127 GSP -27600 -285770000 140515000 2800 2800
20230127 GSP -28700 -298235000 403170000  6300
20230127 GSP -31800 -329450000 140515000 4200 4200
20230127 GSP -31900 -330490000 142595000 300 500
20230127 GSP -32700 -338810000 142595000 800 800
20230127 GSP -32900 -340805000 176865000  2300
20230127 GSP -33500 -347130000 142595000 800 800
20230127 GSP -33900 -351155000 190320000  200
20230127 GSP -34100 -353225000 188250000  6000
20230127 GSP -34500 -357480000 152945000 2000 3000
20230127 GSP -35000 -362495000 338910000  500
20230127 GSP -35100 -363575000 177900000 2300 2400
20230127 GSP -35200 -364725000 152945000 700 700
20230127 GSP -35500 -367595000 333810000  100
20230127 GSP -35600 -368615000 332790000  3100
20230127 GSP -35800 -370510000 301170000  1900
20230127 GSP -37200 -384930000 280570000  100
20230127 GSP -37300 -385965000 279535000  2700
20230127 GSP -37700 -390080000 281600000  100
20230127 GSP -37800 -391110000 280570000 600 600
20230127 GSP -38700 -400235000 301170000 2900 2900
20230127 GSP -40000 -413680000 251820000  5000
20230127 GSP -43900 -453655000 190320000 10000 10000
20230127 GSP -45000 -464930000 200570000  1000
20230127 GSP -46000 -475180000 190320000 2100 2100
20230127 GSP -6900 -71330000 17680000  1700
20230127 GSP -8300 -85740000 104000000 6500 6500
20230127 GSP -8500 -87680000 133260000 3000 5800
20230127 GSP -8600 -89010000 0 8600 8600
20230127 GSP -8700 -89770000 133260000 200 200
20230127 GSP -9100 -95540000 606890000  100
20230127 GSP -9100 -95555000 605850000  1400
20230127 GSP -9200 -96580000 605850000 100 100
20230127 GSP -9300 -96140000 23920000 3000 3600
20230127 GSP -9600 -100715000 606890000 500 500
20230127 GSP "acum_busd" "acum_busd_val" "acum_val_bu" "sd" "sum_vol"
20230130 GSP 0 10000 1035000 100 200
20230130 GSP 1200 12615000 118190000  5100
20230130 GSP 12300 139575000 1356930000 23500 23500
20230130 GSP 124500 1324535000 2746180000  22500
20230130 GSP 124500 1324535000 2746180000  50300
20230130 GSP -12500 -128410000 216265000  400
20230130 GSP -12900 -132530000 212145000  3000
20230130 GSP 13100 150240000 1553110000  16900
20230130 GSP -15900 -163430000 181245000  1600
20230130 GSP -17500 -179910000 164765000 14200 14200
20230130 GSP 22000 236705000 983400000 6600 6600
20230130 GSP 2200 35445000 1356930000 5100 5100
20230130 GSP 2300 25524999.999999996 380575000  2000
20230130 GSP 24100 255485000 610535000  21800
20230130 GSP 24200 266735000 1680055000 1000 13100
20230130 GSP 24700 264920000 1011615000  2700
20230130 GSP -2700 -26725000 328325000 500 6100
20230130 GSP -2800 -16055000 1356930000 5000 5000
20230130 GSP 28500 304820000 1051515000  3800
20230130 GSP 28600 305675000 983400000 7600 7600
20230130 GSP -2900 -29715000 1035000 2900 2900
20230130 GSP -300 -2750000 164765000 5000 5000
20230130 GSP 300 4624999.999999996 359675000  3000
20230130 GSP 31800 339585000 1087330000 100 4500
20230130 GSP 32100 342735000 1090480000  300
20230130 GSP 32200 343785000 1091530000  100
20230130 GSP 32200 344505000 1196280000 10000 10000
20230130 GSP 32300 345555000 1197330000  100
20230130 GSP -3300 -33650000 164765000 3000 3000
20230130 GSP 35800 383355000 1356930000 10000 10000
20230130 GSP 36200 385095000 983400000 800 800
20230130 GSP 36600 388110000 744220000 100 12700
20230130 GSP 37000 393495000 983400000 100 100
20230130 GSP 37100 394545000 983400000 1000 1000
20230130 GSP 37200 396285000 1144030000  5000
20230130 GSP -3800 -26270000 1376600000  100
20230130 GSP 38100 405045000 983400000 2500 2500
20230130 GSP 38600 409310000 765420000  2000
20230130 GSP 38600 409315000 782380000 100 100
20230130 GSP 38700 410370000 782380000 1500 3100
20230130 GSP -3900 -27310000 1375560000  1800
20230130 GSP -3900 -39915000 65660000  1000
20230130 GSP 39300 417645000 969750000 10000 10000
20230130 GSP 39400 418695000 970800000  100
20230130 GSP 4000 41595000 147170000  2800
20230130 GSP 40100 427505000 1297080000 1000 1200
20230130 GSP 40200 428555000 1298130000  100
20230130 GSP 40600 431295000 983400000  1200
20230130 GSP 40600 431815000 1179560000  3400
20230130 GSP 40900 435855000 1294980000 700 10000
20230130 GSP 42200 448535000 1196280000  1600
20230130 GSP 42300 448350000 831965000 1000 5700
20230130 GSP 44000 466355000 890250000 3800 3800
20230130 GSP 44200 475755000 1896355000 700 21400
20230130 GSP 45800 487355000 1356930000  5600
20230130 GSP 46600 493915000 877530000  4300
20230130 GSP 47000 498255000 943250000 2000 7000
20230130 GSP 4700 48840000 164765000 1000 1000
20230130 GSP 47800 506635000 890250000  1200
20230130 GSP -4900 -50215000 55360000  3100
20230130 GSP 49300 522645000 969750000 200 200
20230130 GSP 49500 524755000 969750000  2500
20230130 GSP 5500 57120000 162695000  1600
20230130 GSP 5500 57120000 162695000  4000
20230130 GSP 55100 590210000 2011855000 100 11100
20230130 GSP -5700 -45940000 1356930000 2900 2900
20230130 GSP 5700 59190000 164765000  200
20230130 GSP -5800 -59440000 22560000 5000 7100
20230130 GSP -7300 -74590000 270085000  5200
20230130 GSP 7300 87975000 1356930000 5000 5000
20230130 GSP 74200 791665000 2213310000  19100
20230130 GSP -7800 -79765000 270085000 500 500
20230130 GSP -8000 -81990000 23585000 2300 2400
20230130 GSP "acum_busd" "acum_busd_val" "acum_val_bu" "sd" "sum_vol"
20230131 GSP 100 1115000 3195000 200 500
20230131 GSP -10800 -111850000 322390000  2600
20230131 GSP 11800 126440000 928100000 3500 3600
20230131 GSP 12200 130700000 949000000 500 500
20230131 GSP 12400 132790000 951090000  200
20230131 GSP 12500 133835000 952135000  100
20230131 GSP 12700 135900000 949000000 1100 1100
20230131 GSP -13400 -139020000 295220000 7300 11100
20230131 GSP 13800 147340000 949000000  2000
20230131 GSP -15000 -155740000 202215000 10000 10000
20230131 GSP 15200 161795000 927055000 4200 4200
20230131 GSP 1600 17960000 98825000 2200 2300
20230131 GSP -1800 -17275000.000000004 462945000  500
20230131 GSP 19400 205685000 927055000 1000 1000
20230131 GSP 20200 214035000 924955000 6000 6000
20230131 GSP 20300 215085000 926005000  100
20230131 GSP 20400 216135000 927055000  100
20230131 GSP 23000 243560000 1061860000  10500
20230131 GSP -2300 -22525000.000000004 457695000  2900
20230131 GSP 2500 26875000 53250000 1000 1000
20230131 GSP 26200 276735000 924955000 5700 5700
20230131 GSP 29400 310325000 790545000  31200
20230131 GSP -3100 -30885000 427390000 2300 2300
20230131 GSP 31600 333435000 899755000 4600 4600
20230131 GSP 31800 335535000 901855000  200
20230131 GSP 31900 336585000 924955000 100 100
20230131 GSP 32000 337635000 924955000 1000 1000
20230131 GSP 32400 341825000 822045000  3000
20230131 GSP 32800 346025000 826245000  400
20230131 GSP 33000 348135000 924955000 1000 1000
20230131 GSP 3300 35895000 129420000 1200 4100
20230131 GSP 3300 35895000 158960000 1900 1900
20230131 GSP 33400 352230000 1252430000 1000 1000
20230131 GSP 33600 354330000 1172630000  10600
20230131 GSP 34000 358635000 924955000  2200
20230131 GSP 3400 36950000 180060000 1900 3900
20230131 GSP 34300 361830000 1278785000 500 500
20230131 GSP 34400 362730000 1252430000 6800 6800
20230131 GSP 34700 366010000 1277735000 500 500
20230131 GSP 34800 367060000 1278785000  100
20230131 GSP 3500 37325000 53250000 1300 6000
20230131 GSP 35100 370185000 1274585000 400 400
20230131 GSP 35200 371235000 1277735000 200 500
20230131 GSP 35300 372380000 1289335000  1000
20230131 GSP 35500 374385000 1274585000  2100
20230131 GSP 36200 381735000 899755000 1000 1000
20230131 GSP 3700 39895000 97770000 2000 2000
20230131 GSP 37200 392235000 899755000 100 100
20230131 GSP 37300 393285000 899755000 2000 2100
20230131 GSP 38100 401920000 1318875000  2800
20230131 GSP 38900 409980000 1228280000  5300
20230131 GSP 39100 412470000 1329425000  1000
20230131 GSP 39200 413225000 898695000 500 500
20230131 GSP 39700 418475000 898695000  6900
20230131 GSP 40100 423020000 1339975000  1000
20230131 GSP 40600 428295000 1345250000  11200
20230131 GSP 40600 428295000 1345250000  500
20230131 GSP 41200 434130000 1252430000  2300
20230131 GSP -4500 -45895000 202215000 10000 10000
20230131 GSP -4700 -47995000 202215000 200 200
20230131 GSP -4900 -50095000 202215000 200 200
20230131 GSP -5000 -51145000 202215000 100 100
20230131 GSP -5200 -52830000 427390000 2100 2100
20230131 GSP 5200 55940000 158960000 900 3700
20230131 GSP 5500 59105000 202215000  2100
20230131 GSP 5700 60795000 97770000 1000 5200
20230131 GSP -800 -6850000 427390000  10000
20230131 GSP -9900 -102445000 255510000  5100
20230131 GSP "acum_busd" "acum_busd_val" "acum_val_bu" "sd" "sum_vol"
20230201 GSP 100 1065000 186560000 1400 1400
20230201 GSP -100800 -1042510000 673380000 3700 3700
20230201 GSP -10100 -105580000 383340000 6000 6000
20230201 GSP -10300 -107615000 522600000  500
20230201 GSP -103700 -1072090000 745800000 10000 17100
20230201 GSP -103700 -1072090000 745800000  7800
20230201 GSP -10400 -108770000 410770000  2600
20230201 GSP -106800 -1102770000 575355000 9300 10300
20230201 GSP -10800 -112890000 517325000  1000
20230201 GSP -10900 -114045000 437145000  100
20230201 GSP -11000 -115100000 436090000  200
20230201 GSP -11200 -117210000 433980000  2200
20230201 GSP 11500 121900000 121900000  10700
20230201 GSP -11800 -123365000 522600000 1500 1500
20230201 GSP -11800 -123440000 506775000  1000
20230201 GSP -11900 -124595000 452970000 2500 2500
20230201 GSP -12400 -129870000 410770000 2000 2000
20230201 GSP -12800 -133990000 496225000  2000
20230201 GSP -12800 -134090000 475125000  100
20230201 GSP -12900 -135145000 474070000  2000
20230201 GSP -13000 -136200000 383340000 2900 2900
20230201 GSP -13400 -140420000 410770000 1000 1000
20230201 GSP -14800 -155090000 475125000 2000 2000
20230201 GSP -14900 -156245000 452970000 3000 3000
20230201 GSP 1500 15905000 186560000 4900 7900
20230201 GSP 2100 22520000 290695000 7000 7600
20230201 GSP 2200 23320000 121900000 4300 4300
20230201 GSP 2500 26780000 294955000  400
20230201 GSP 2600 27565000 221540000  2000
20230201 GSP -31800 -333365000 522600000 20000 20000
20230201 GSP -32500 -340715000 529950000 100 800
20230201 GSP -32700 -342815000 529950000 200 200
20230201 GSP -33100 -347015000 522600000 1300 1300
20230201 GSP 3400 36040000 154760000 1900 1900
20230201 GSP -37000 -387750000 529950000 4300 4300
20230201 GSP -38500 -403425000 529950000 1500 1500
20230201 GSP 4000 42405000 236380000  1400
20230201 GSP -400 -4235000 189740000  300
20230201 GSP -40400 -423180000 530995000 2000 2100
20230201 GSP -4100 -42280000 383340000 9000 9000
20230201 GSP 4100 43470000 237445000  100
20230201 GSP -45300 -474140000 530995000 4900 4900
20230201 GSP 4900 52670000 383340000 3000 3000
20230201 GSP 5300 56180000 154760000  3100
20230201 GSP -54200 -566255000 530995000 8900 8900
20230201 GSP 5900 62990000 348205000  5000
20230201 GSP 600 6365000 200340000  1000
20230201 GSP -63400 -661205000 565305000 12500 15800
20230201 GSP 6500 68900000 121900000 5000 5000
20230201 GSP -700 -7415000 186560000 800 800
20230201 GSP 7700 82220000 380155000 800 800
20230201 GSP 7800 83280000 382275000 100 100
20230201 GSP 7900 84340000 382275000  200
20230201 GSP 7900 84345000 383340000  100
20230201 GSP 800 8480000 8480000  800
20230201 GSP 8500 90700000 380155000 400 400
20230201 GSP 8900 94940000 380155000  3000
20230201 GSP 900 9740000 294955000 1600 1600
20230201 GSP 9100 96720000 290695000  5000
20230201 GSP -9400 -98220000 452970000  1500
20230201 GSP -97100 -1004745000 673380000  9700
20230201 GSP -98500 -1018395000 565305000 35100 35100
20230201 GSP "acum_busd" "acum_busd_val" "acum_val_bu" "sd" "sum_vol"
20230202 GSP 0 0 0  5300
20230202 GSP 10100 -191864000 488058000  500
20230202 GSP 10300 -168124000 478966000 300 44800
20230202 GSP 10800 -168119000 478971000  500
20230202 GSP 12500 -168102000 478988000  1700
20230202 GSP -2300 -302526000 488077000 5000 5000
20230202 GSP 2700 -252676000 488077000 2000 2000
20230202 GSP -28400 -286660000 7080000  200
20230202 GSP -28600 -288690000 5050000 22000 22000
20230202 GSP -30100 -302740000 341335000  100
20230202 GSP -30200 -303760000 340315000  1000
20230202 GSP -3100 -311496000 489077000  100
20230202 GSP -3100 -311496000 489077000  400
20230202 GSP -31200 -313960000 330115000  100
20230202 GSP -31300 -314980000 329095000  6900
20230202 GSP -3200 -312495000 488078000  100
20230202 GSP -3300 -312496000 488077000 1000 1000
20230202 GSP -33800 -341230000 7080000 5400 5400
20230202 GSP -33900 -341820000 258715000  1000
20230202 GSP -33900 -341820000 258715000  500
20230202 GSP -34000 -342835000 258715000 100 100
20230202 GSP -34500 -348335000 7080000 700 700
20230202 GSP -34800 -351380000 7080000 300 300
20230202 GSP -34900 -351970000 248565000  400
20230202 GSP -35300 -356030000 244505000  500
20230202 GSP -35800 -361105000 239430000  3000
20230202 GSP -36200 -365160000 258715000 2200 3100
20230202 GSP -38200 -385360000 258715000 2000 2000
20230202 GSP -38800 -391455000 209080000 6500 26500
20230202 GSP 4700 -232745000 488077000 2100 3100
20230202 GSP -52300 -528130000 7080000 17500 17500
20230202 GSP 5800 -211819000 488067000 1000 1000
20230202 GSP 5900 -201858000 488058000 1000 1000
20230202 GSP -5900 -59425000 0 5900 5900
20230202 GSP -6600 -66490000 5050000 100 600
20230202 GSP 6800 -201849000 488067000  900
20230202 GSP -6800 -68515000 0 900 900
20230202 GSP 6900 -191896000 488058000 3200 3200
20230202 GSP -7000 -70535000 0 200 200
20230202 GSP 9200 -200934000 478988000 100 100
20230202 GSP 9300 -199939000 478988000 3200 3200
20230202 GSP 9600 -196914000 483008000  400
20230202 GSP "acum_busd" "acum_busd_val" "acum_val_bu" "sd" "sum_vol"
20230203 GSP -100 -1000 0 100 100
20230203 GSP -10400 -21188000 8165000 1500 1500
20230203 GSP -11400 -31238000 8165000 1000 1000
20230203 GSP -12400 -41288000 8165000 1000 1000
20230203 GSP -12600 -112000 112747000  10100
20230203 GSP -14400 -61398000 8165000 2000 2000
20230203 GSP -22700 -103637000 9222000  4500
20230203 GSP -24300 -101652000 9175000  100
20230203 GSP -24400 -102662000 8165000 10000 10000
20230203 GSP -26300 -102676000 9175000 2000 2000
20230203 GSP -27200 -103682000 9177000  200
20230203 GSP -27300 -102686000 9175000 1000 1000
20230203 GSP -27400 -103684000 9175000 100 100
20230203 GSP -6900 -69000 0 6800 6800
20230203 GSP -7800 -78000 0 900 900
20230203 GSP -8000 3032000 8165000 1000 1800
20230203 GSP -8400 -988000.0000000005 8165000 400 400
20230203 GSP -8900 -6038000 8165000 500 500
20230203 GSP "acum_busd" "acum_busd_val" "acum_val_bu" "sd" "sum_vol"
20230206 GSP -12000 -29392000 5125000 3300 5000
20230206 GSP -14300 -49265000 11229000  100
20230206 GSP -14400 -50290000 10204000  400
20230206 GSP -14800 -54370000 6124000  100
20230206 GSP -14900 -55369000 5125000 2900 2900
20230206 GSP -5000 -50000 0 5000 5000
20230206 GSP -7000 5050000 5125000  500
20230206 GSP -7200 3010000 5125000 200 200
20230206 GSP -7500 -75000 0 2500 2500
20230206 GSP -8200 -7189999.999999998 5125000 1000 1000
20230206 GSP -8300 -8209999.999999998 5125000 100 100
20230206 GSP -8700 -12249999.999999998 5125000 400 400
20230206 GSP "acum_busd" "acum_busd_val" "acum_val_bu" "sd" "sum_vol"
20230207 GSP -10100 15121000 201581000 1100 1100
20230207 GSP -11800 -1862000 213569000  1200
20230207 GSP -13000 -13850000 201581000 2900 2900
20230207 GSP -1500 90326000 201565000  100
20230207 GSP -1600 89311000 200550000 21100 21100
20230207 GSP -1600 89321000 201565000 100 100
20230207 GSP 19500 200550000 200550000  19000
20230207 GSP 300 3075000 3075000  300
20230207 GSP -4600 59166000 201565000 3000 3000
20230207 GSP -4700 58161000 201565000 100 100
20230207 GSP -5000 55146000 201565000 300 300
20230207 GSP 500 5125000 5125000  200
20230207 GSP -5100 54141000 201565000 100 100
20230207 GSP -5900 46101000 201565000 800 800
20230207 GSP -6300 46097000 201565000 400 400
20230207 GSP -6500 46095000 201565000 200 200
20230207 GSP -7000 46090000 201576000  500
20230207 GSP -7500 46085000 201570000  500
20230207 GSP -7500 46085000 201571000  100
20230207 GSP -7600 46084000 201570000 100 100
20230207 GSP -8000 46080000 201565000 1500 1500
20230207 GSP -8500 26115000 201581000  500
20230207 GSP -9000 26110000 201576000 2000 2000
20230207 GSP -9000 26110000 201581000 500 500
20230207 GSP "acum_busd" "acum_busd_val" "acum_val_bu" "sd" "sum_vol"
20230208 GSP 1000 -16722000 34537000 1200 1200
20230208 GSP 1000 -59528000 35582000  100
20230208 GSP 1100 -20713000 34545000 400 1200
20230208 GSP 2200 -4662000 34537000 1800 1800
20230208 GSP 3100 31481000 32480000 100 100
20230208 GSP 3200 32480000 32480000  3200
20230208 GSP 3600 31486000 32485000  500
20230208 GSP 3900 -20685000 34573000  2800
20230208 GSP 4000 13428000 34537000 1000 1000
20230208 GSP 4000 -29558000 65552000  3000
20230208 GSP 4200 -27560000 67550000  200
20230208 GSP 4200 -27560000 77540000 1000 1000
20230208 GSP 4300 -26561000 68549000  100
20230208 GSP 4800 31498000 32507000 1000 1000
20230208 GSP 4900 -20675000 34583000  1000
20230208 GSP 5000 23478000 34537000 1000 2200
20230208 GSP 5200 -17570000 77540000  900
20230208 GSP 5800 31508000 32507000  2200
20230208 GSP 700 -16725000 34537000 300 300
20230208 GSP 7400 -27528000 77572000  3200
20230208 GSP 8400 -27518000 77582000  1000
20230208 GSP 8600 -27516000 77584000  200
20230208 GSP 8900 -24501000 80599000  300
20230208 GSP 900 -60527000 34583000 4000 4000
20230208 GSP 9400 -19476000 85624000  400
20230208 GSP 9400 -19476000 85624000  500
20230208 GSP "acum_busd" "acum_busd_val" "acum_val_bu" "sd" "sum_vol"
20230209 GSP -100 2036999.9999999998 2039999.9999999998 300 300
20230209 GSP -13500 -86023000 2043999.9999999998 5000 5000
20230209 GSP -2000 -15050000 2039999.9999999998 1700 1700
20230209 GSP 200 2039999.9999999998 2039999.9999999998  200
20230209 GSP -2100 -158952000 132285000 10000 10000
20230209 GSP -2100 -158952000 132285000  2000
20230209 GSP -2100 -158992000 31245000  100
20230209 GSP -2200 -159997000 30240000  300
20230209 GSP -2500 -163012000 27225000  1000
20230209 GSP -300 2034999.9999999998 2039999.9999999998 200 200
20230209 GSP -3500 -173062000 17175000  5000
20230209 GSP -4200 -110692000 11153000  5300
20230209 GSP -4500 -133495000 17125000  2000
20230209 GSP -6000 -80958000 7109000  100
20230209 GSP -6100 -80959000 7108000  1100
20230209 GSP -6300 -131531000 17105000 2700 3300
20230209 GSP -6500 -133515000 17105000 200 200
20230209 GSP -6600 -15096000 2041999.9999999998  200
20230209 GSP -6800 -15098000 2039999.9999999998 4800 4800
20230209 GSP -7000 -90902000 7109000 1000 1000
20230209 GSP -7200 -80970000 7097000  100
20230209 GSP -7300 -80971000 7096000  200
20230209 GSP -7500 -80973000 7094000  6000
20230209 GSP -7600 -164202000 17125000 3100 3100
20230209 GSP -7600 -25086000 2041999.9999999998 1000 1000
20230209 GSP 7900 -57952000 132285000  10000
20230209 GSP -8500 -105798000 7109000 1500 1500
20230209 GSP -8500 -173112000 17125000 900 900
20230209 GSP -8500 -36073000 2043999.9999999998 1100 1300
20230209 GSP -9400 -114736000 7109000 900 900
20230209 GSP "acum_busd" "acum_busd_val" "acum_val_bu" "sd" "sum_vol"
20230210 GSP -1000 -10889000 6026000 500 500
20230210 GSP 200 2030000 2030000  200
20230210 GSP 300 3040000 3040000  100
20230210 GSP 300 3040000 3040000  200
20230210 GSP -300 -3924000.0000000005 6026000  300
20230210 GSP -3200 -32757000 6026000 2200 2200
20230210 GSP 400 3041000 3041000  100
20230210 GSP -500 -5914000 6026000 200 200
20230210 GSP -600 -6909000 3041000 1000 1000
20230210 GSP "acum_busd" "acum_busd_val" "acum_val_bu" "sd" "sum_vol"
20230213 GSP -22000 -218903000 0 12400 12400
20230213 GSP -23000 -228844000 0 1000 1000
20230213 GSP -30500 -303234000 19854000  1000
20230213 GSP -30800 -306219000 19854000 300 300
20230213 GSP -31000 -308193000 21844000  200
20230213 GSP -31200 -310183000 19854000 400 400
20230213 GSP -31500 -313184000 9904000  300
20230213 GSP -31800 -316158000 6930000  200
20230213 GSP -32000 -318138000 4950000 9500 10000
20230213 GSP -33300 -330979000 21844000 2300 2300
20230213 GSP -35800 -355663000 21844000 2500 2500
20230213 GSP -36000 -357633000 21844000 200 200
20230213 GSP -37800 -375363000 37604000 3400 5000
20230213 GSP -38700 -384385000 96480000 500 2700
20230213 GSP -38800 -385365000 96480000 100 100
20230213 GSP -40000 -397033000 37604000 2200 2200
20230213 GSP -40400 -401045000 74920000 1200 5000
20230213 GSP -40800 -404966000 96480000 2000 2000
20230213 GSP -43000 -426577000 37604000 3000 3000
20230213 GSP -46000 -455406000 96480000 5200 5200
20230213 GSP -9100 -90545000 0 9100 9100
20230213 GSP -9200 -91543000 0 100 100
20230213 GSP -9600 -95523000 0 400 400
20230213 GSP "acum_busd" "acum_busd_val" "acum_val_bu" "sd" "sum_vol"
20230214 GSP -1800 -17396000 16360000  200
20230214 GSP -1800 -17396000 16360000  200
20230214 GSP -1800 -17397000 18336000 100 300
20230214 GSP -1900 -18386000 16360000 100 100
20230214 GSP -2000 -19356000 14400000 3500 5000
20230214 GSP 200 2403000 38136000  2000
20230214 GSP 200 2406000 39126000 100 100
20230214 GSP 2900 29134000 65854000  2500
20230214 GSP 300 3393000 39126000  100
20230214 GSP 400 4384000 41104000  200
20230214 GSP "acum_busd" "acum_busd_val" "acum_val_bu" "sd" "sum_vol"
20230216 GSP 10000 118710000 863165000  6300
20230216 GSP 14500 168585000 1088870000 4000 4000
20230216 GSP 14800 171250000 939465000  7000
20230216 GSP 15900 183240000 1017945000 6100 6100
20230216 GSP -16700 -167505000 1105020000  1000
20230216 GSP 1700 28240000 772695000  15100
20230216 GSP -17700 -178255000 1094270000 13400 13400
20230216 GSP 18500 211785000 1088870000 800 800
20230216 GSP -18600 -187740000 1125445000  1900
20230216 GSP 19300 220425000 1088870000 1000 1000
20230216 GSP 19400 221465000 1077970000 2000 2500
20230216 GSP -19700 -199475000 1140560000  1200
20230216 GSP 200 14145000 1088870000 14300 14300
20230216 GSP 20300 231275000 1088870000 100 100
20230216 GSP 20400 232365000 1088870000  1000
20230216 GSP -20500 -208165000 1105020000 3800 3800
20230216 GSP 20500 233415000 1068120000  4600
20230216 GSP -20900 -212435000 1127600000 2500 2700
20230216 GSP 20900 237815000 1072520000  400
20230216 GSP 22000 249730000 1017945000  7200
20230216 GSP 24600 275690000 615105000 7000 7000
20230216 GSP -24700 -253000000 1140560000 5000 5000
20230216 GSP -25100 -257300000 1140560000 400 400
20230216 GSP 25800 288890000 628305000  1200
20230216 GSP -25900 -265395000 1234230000  200
20230216 GSP -26100 -267565000 1232060000  100
20230216 GSP -26200 -268650000 1230975000  100
20230216 GSP -26300 -269735000 1229890000  1000
20230216 GSP -26800 -275185000 1219040000  1900
20230216 GSP -27300 -280585000 1219040000 500 500
20230216 GSP 28000 313210000 669005000 1100 1100
20230216 GSP -28200 -290465000 1151265000  100
20230216 GSP -28300 -291540000 1150190000  400
20230216 GSP -28700 -295705000 1198520000  500
20230216 GSP -28700 -295820000 1145910000 4100 4600
20230216 GSP -28900 -297930000 1182320000  500
20230216 GSP 29100 325200000 669005000 100 100
20230216 GSP -29200 -301105000 1193120000 1300 2300
20230216 GSP 29200 326290000 669005000 300 4000
20230216 GSP -29400 -303305000 1176945000 1800 4100
20230216 GSP -29900 -308595000 1234230000 4000 4000
20230216 GSP -29900 -308655000 1152335000 1800 1900
20230216 GSP 31600 351290000 615105000 2000 2000
20230216 GSP 33600 373090000 615105000 10000 10000
20230216 GSP -3400 -26850000 717605000  2500
20230216 GSP 3700 50040000 794495000  2000
20230216 GSP -39900 -416595000 1234230000 10000 10000
20230216 GSP -4300 -34205000 1094270000 5000 5000
20230216 GSP 43100 476590000 609605000 1700 1800
20230216 GSP 43600 482090000 615105000  500
20230216 GSP 44600 493010000 607410000 6600 6600
20230216 GSP 44700 494105000 608505000  100
20230216 GSP -4500 -39030000 673325000  300
20230216 GSP 45500 502830000 514930000 1100 47700
20230216 GSP -4800 -42270000 670085000  100
20230216 GSP -4900 -43350000 669005000 32900 32900
20230216 GSP 50400 556730000 575430000 600 6100
20230216 GSP 51200 565610000 607410000 2000 2500
20230216 GSP 52700 582085000 601885000 100 2500
20230216 GSP -5900 -53850000 690605000  1000
20230216 GSP -6900 -64650000 679805000  100
20230216 GSP -7000 -65730000 678725000  500
20230216 GSP 700 19545000 1094270000  500
20230216 GSP -7500 -71130000 673325000 3000 3000
20230216 GSP 7800 94950000 863165000 2200 2200
20230216 GSP "acum_busd" "acum_busd_val" "acum_val_bu" "sd" "sum_vol"
20230217 GSP 140900 1560260000 2733100000 1700 47700
20230217 GSP 157900 1752645000 3562580000 4600 4600
20230217 GSP -15800 -166910000 845915000  33700
20230217 GSP 162500 1804165000 3562580000 10000 10000
20230217 GSP 172500 1916165000 3562580000 3300 4400
20230217 GSP 173700 1929635000 3538925000 12400 12400
20230217 GSP 174700 1940865000 3550155000  1000
20230217 GSP 176500 1959925000 3143965000 1000 37600
20230217 GSP 184500 2050535000 3281825000 4200 16400
20230217 GSP 186100 2069210000 3538925000 20000 25300
20230217 GSP 200800 2235055000 3478770000 1100 18500
20230217 GSP 22500 253935000 1277710000  28300
20230217 GSP 27100 305035000 1438310000 10000 10000
20230217 GSP 28800 323575000 1462300000 500 2700
20230217 GSP 31600 354235000 1495150000 200 200
20230217 GSP 31800 356425000 1495150000  3000
20230217 GSP 32700 366135000 1389910000  10200
20230217 GSP 33200 371890000 1525945000 1200 1300
20230217 GSP 34300 383935000 1524850000  2700
20230217 GSP 37100 414535000 1438310000  4400
20230217 GSP -37900 -409310000 270710000  5000
20230217 GSP -38900 -420160000 270710000 1000 1000
20230217 GSP -40100 -433030000 338030000  1000
20230217 GSP -41100 -443930000 327130000  1100
20230217 GSP -4200 -45780000 0 4200 4200
20230217 GSP -42200 -455865000 315195000 1000 3000
20230217 GSP -42900 -463915000 216105000  3600
20230217 GSP -43200 -466765000 293495000  500
20230217 GSP 43200 481390000 1635445000  10000
20230217 GSP -43700 -472190000 288070000  100
20230217 GSP -43800 -473275000 286985000  1500
20230217 GSP -44300 -478750000 270710000 5400 5400
20230217 GSP -44800 -484150000 270710000 500 500
20230217 GSP -45000 -486775000 171645000  10300
20230217 GSP -45300 -489550000 270710000 500 500
20230217 GSP -46500 -502975000 177045000 2000 2500
20230217 GSP -49200 -531255000 378065000 300 3300
20230217 GSP -49500 -534215000 478610000 1000 7900
20230217 GSP -5000 -54500000 1090000 900 1000
20230217 GSP -50800 -548535000 391025000  1200
20230217 GSP -51400 -555015000 393185000  200
20230217 GSP -51600 -557175000 391025000 800 800
20230217 GSP -51900 -560420000 345660000 12500 13200
20230217 GSP -52000 -561495000 378065000 2800 2800
20230217 GSP -55300 -598015000 60405000  1700
20230217 GSP -55400 -598090000 403985000 5000 6000
20230217 GSP 56100 623145000 1777200000  12900
20230217 GSP -57000 -616375000 42045000 100 3100
20230217 GSP -5800 -57365000 966410000 1000 12000
20230217 GSP -59800 -646490000 9795000 51300 51300
20230217 GSP -59900 -647550000 9795000 100 100
20230217 GSP -7200 -78370000 2175000  100
20230217 GSP -7300 -79455000 1090000 2300 2300
20230217 GSP -7300 -79455000 2175000 100 100
20230217 GSP -7600 -82685000 7625000  500
20230217 GSP -7800 -84855000 7625000 200 200
20230217 GSP -8100 -88135000 2175000 800 800
20230217 GSP -8400 -91365000 9795000  200
20230217 GSP -8500 -92450000 9795000 100 100
20230217 GSP -8600 -93535000 7625000 800 800
20230217 GSP 96600 1068645000 2222700000  40500
20230217 GSP "acum_busd" "acum_busd_val" "acum_val_bu" "sd" "sum_vol"
20230220 GSP 1000 11150000 11150000  1000
20230220 GSP -1100 -12090000 52850000 300 300
20230220 GSP 1100 12265000 12265000  100
20230220 GSP -11100 -120030000 413260000  100
20230220 GSP -11200 -121155000 412135000  1000
20230220 GSP -11500 -126580000 244210000 6100 6100
20230220 GSP -11600 -127700000 244210000 100 100
20230220 GSP -11900 -128790000 552340000  1500
20230220 GSP 1200 13380000 13380000  100
20230220 GSP -12200 -132405000 400885000  1800
20230220 GSP -12900 -140190000 413260000 1800 1800
20230220 GSP -13400 -145665000 535465000  2500
20230220 GSP -14000 -152565000 380725000  10000
20230220 GSP -14500 -157810000 661080000  2000
20230220 GSP -14600 -158930000 661080000 100 100
20230220 GSP -15900 -173790000 507340000  7600
20230220 GSP -16500 -180210000 638680000  700
20230220 GSP -16500 -181825000 245335000  100
20230220 GSP -16600 -182950000 244210000 5000 5000
20230220 GSP -17200 -188050000 630840000  500
20230220 GSP -17700 -193650000 625240000  4500
20230220 GSP -19300 -211800000 662210000  100
20230220 GSP -19400 -212930000 661080000 4800 4800
20230220 GSP -200 -40000 241950000 7000 7000
20230220 GSP -21100 -231965000 681420000  1000
20230220 GSP -21500 -237075000 245335000 5000 5000
20230220 GSP -21800 -239925000 662210000 2500 2500
20230220 GSP -22000 -242600000 245335000 500 500
20230220 GSP -22100 -243265000 670120000  700
20230220 GSP -22200 -244050000 574840000 12300 14300
20230220 GSP -22800 -251175000 662210000 1000 1000
20230220 GSP -23500 -258910000 422220000 11400 12200
20230220 GSP -23900 -263495000 259805000 3200 4500
20230220 GSP -24000 -264565000 268725000  700
20230220 GSP -24700 -272375000 260915000 900 1000
20230220 GSP -26400 -291590000 681420000 5300 5300
20230220 GSP 2800 31500000 96440000  2100
20230220 GSP -31800 -352110000 733400000  4600
20230220 GSP -3500 -38030000 125560000  1000
20230220 GSP -36400 -404090000 681420000 10000 10000
20230220 GSP 4300 48330000 48330000  3100
20230220 GSP 4400 49460000 49460000  100
20230220 GSP -4500 -49230000 114360000  1100
20230220 GSP 4700 52850000 52850000  300
20230220 GSP -5000 -54935000 102040000 8300 8800
20230220 GSP -500 -3400000 241950000 300 300
20230220 GSP -5400 -58260000 244210000  200
20230220 GSP -5600 -60520000 241950000 5000 5000
20230220 GSP -5600 -61550000 102040000 600 600
20230220 GSP -600 -4520000 241950000 100 100
20230220 GSP 6700 77230000 240820000  10200
20230220 GSP 6800 78360000 241950000  100
20230220 GSP -700 -7630000 52850000 5400 5400
20230220 GSP 700 7980000 72920000  1800
20230220 GSP -800 -8745000 52850000 100 100
20230220 GSP "acum_busd" "acum_busd_val" "acum_val_bu" "sd" "sum_vol"
