20221212 HAR 65300 256394000 1082510000 669062000 412668000
20221213 HAR -15600 -57597000 509909000 217381000 274978000
20221214 HAR 40100 162236000 1068144000 614200000 451964000
20221215 HAR 4200 16946000 380392000 198669000 181723000
20221216 HAR 20000 78503000 475185000 212718000 134215000
20221219 HAR -36700 -140921000 629815000 243283000 384204000
20221220 HAR 16700 71643000 1286019000 661212000 589569000
20221221 HAR -14200 -51208000 939106000 433838000 485046000
20221222 HAR 43400 152011000 361773000 253004000 100993000
20221223 HAR 2000 7300000 100762000 52281000 44981000
20221226 HAR -164100 -539683000 784547000 121088000 660771000
20221227 HAR 31800 103596000 304924000 186425000 82829000
20221228 HAR 20100 70015000 216160000 142570000 72555000
20221229 HAR 21800 79289000 416802000 238283000 158994000
20221230 HAR 28600 100452000 457528000 278646000 178194000
20230103 HAR 71600 253495000 609482000 421264000 167769000
20230104 HAR -8900 -30531000 797415000 379533000 410064000
20230105 HAR 3200 13463000 891163000 445633000 432170000
20230106 HAR -86700 -325596000 609030000 139437000 465033000
20230109 HAR -39700 -148947000 479815000 163564000 312511000
20230110 HAR 40900 156300000 672396000 414348000 258048000
20230111 HAR 24500 95227000 274231000 184535000 89308000
20230112 HAR -52100 -198875000 288549000 29597000 228472000
20230113 HAR -99600 -377298000 569442000 94172000 471470000
20230116 HAR 1300 5670000 442924000 224105000 218435000
20230117 HAR 109400 422789000 613015000 517902000 95113000
20230118 HAR 95200 372760000 683904000 509180000 136420000
20230119 HAR 31700 126774000 278051000 190052000 63278000
20230127 HAR -18400 -71081000 318523000 107907000 178988000
20230130 HAR 6900 26939000 1452919000 730340000 703401000
20230131 HAR -47700 -193232000 640598000 210340000 403572000
20230201 HAR -48400 -193043000 859937000 333447000 526490000
20230202 HAR 1800 8436000 841352000 410269000 401833000
20230203 HAR -3100 -11113000 349107000 166627000 177740000
20230206 HAR 20900 83379000 676332000 370923000 287544000
20230207 HAR -88400 -346035000 593429000 123697000 469732000
20230208 HAR 5600 22914000 336630000 179772000 156858000
20230209 HAR 16600 64156000 121900000 93028000 28872000
20230210 HAR -26700 -100905000 167053000 33074000 133979000
