20221212 HD2 -100 -1650000 0 100 100
20221212 HD2 -1500 -24040000 1639999.9999999998  100
20221212 HD2 -1500 -24040000 1639999.9999999998 1100 1100
20221212 HD2 -1500 -24040000 1639999.9999999998  1900
20221212 HD2 -2100 -33460000 1639999.9999999998 600 600
20221212 HD2 -2400 -38540000 27960000  1000
20221212 HD2 -2900 -46140000 20360000  100
20221212 HD2 -2900 -46140000 20360000  800
20221212 HD2 -300 -4960000 1639999.9999999998  100
20221212 HD2 -300 -4960000 1639999.9999999998  200
20221212 HD2 -3700 -58700000 7800000 2000 2400
20221212 HD2 -400 -6550000 1639999.9999999998 100 100
20221212 HD2 -400 -6600000 0 300 300
20221212 HD2 -4100 -48585000 29530000 1800 1900
20221212 HD2 -5100 -63085000 29530000 1000 1200
20221212 HD2 -7000 -89915000 31100000  100
20221212 HD2 -7100 -91485000 29530000 2000 2000
20221212 HD2 "acum_busd" "acum_busd_val" "acum_val_bu" "sd" "sum_vol"
20221213 HD2 -100 -1500 0 100 100
20221213 HD2 -100 -1500 0  500
20221213 HD2 100 3118500 3120000  500
20221213 HD2 -1100 -16139900 49741600  2500
20221213 HD2 -1200 -16141500 49740000  100
20221213 HD2 -1200 -16141500 49740000  100
20221213 HD2 -1300 -17701500 48180000  100
20221213 HD2 -1400 -19271500 46610000  600
20221213 HD2 -1400 -19651500 10950000  100
20221213 HD2 -1400 -19651500 10950000  2400
20221213 HD2 -1500 -21211500 9390000  200
20221213 HD2 -1700 -24331500 6270000  100
20221213 HD2 -1700 -24331500 6270000  2200
20221213 HD2 -1800 -25901500 4700000 2000 2000
20221213 HD2 -2000 -28691500 37190000  3200
20221213 HD2 200 4698500 4700000  100
20221213 HD2 -2400 -34951500 10950000 1000 1000
20221213 HD2 -2800 -41071500 10950000 400 400
20221213 HD2 -3100 -45631500 20250000  600
20221213 HD2 -3700 -54931500 10950000 900 900
20221213 HD2 "acum_busd" "acum_busd_val" "acum_val_bu" "sd" "sum_vol"
20221214 HD2 0 0 0  100
20221214 HD2 1100 25866600 79550000 2000 2000
20221214 HD2 2600 49206600 71690000 200 200
20221214 HD2 2700 50776600 73260000  100
20221214 HD2 2800 52346600 71690000 100 100
20221214 HD2 2800 52346600 74830000  100
20221214 HD2 2900 52348300 71690000 100 100
20221214 HD2 3000 52350000 71690000 900 1100
20221214 HD2 3000 55486600 77970000  400
20221214 HD2 3100 57066600 79550000  100
20221214 HD2 3100 57066600 79550000  100
20221214 HD2 3500 63306600 121670000  2700
20221214 HD2 3700 64670000 68170000 200 200
20221214 HD2 3700 66426600 138830000 900 2000
20221214 HD2 3800 67996600 140400000  100
20221214 HD2 3900 68170000 68170000  3900
20221214 HD2 3900 69576600 141980000  100
20221214 HD2 3900 69576600 141980000  200
20221214 HD2 3900 69576600 141980000  200
20221214 HD2 4100 72746600 145150000  200
20221214 HD2 5300 40607800 153261200 2500 2500
20221214 HD2 5400 42257800 154911200  100
20221214 HD2 6500 72785000 145188400  2400
20221214 HD2 7200 72796200 145199600  700
20221214 HD2 7500 76017800 148421200  200
20221214 HD2 7500 76017800 148421200  300
20221214 HD2 7600 77637800 150041200  100
20221214 HD2 7800 80857800 153261200  200
20221214 HD2 800 21186600 79550000 300 300
20221214 HD2 "acum_busd" "acum_busd_val" "acum_val_bu" "sd" "sum_vol"
20221215 HD2 -1800 -30996800 3200  1900
20221215 HD2 -1800 -30996800 3200  200
20221215 HD2 -1800 -30996800 3200  500
20221215 HD2 -2000 -31000000 0 2000 2000
20221215 HD2 -2000 -31000000 0  700
20221215 HD2 -2400 -40536800 3200  1400
20221215 HD2 -2400 -40536800 3200 600 600
20221215 HD2 -2500 -42116800 3200 100 900
20221215 HD2 -2500 -42116800 3200  2500
20221215 HD2 -2500 -42116800 3200  500
20221215 HD2 -3000 -50066800 3200 500 500
20221215 HD2 "acum_busd" "acum_busd_val" "acum_val_bu" "sd" "sum_vol"
20221216 HD2 100 1620000 1620000  100
20221216 HD2 200 3230000 3230000  100
20221216 HD2 -32000 -530811300 360560600  100
20221216 HD2 -32000 -530811300 360560600  2000
20221216 HD2 -32100 -532441300 360560600 100 100
20221216 HD2 -32500 -538461300 388770600  1600
20221216 HD2 -32700 -541821300 385410600  1000
20221216 HD2 -33000 -547111300 360560600 900 900
20221216 HD2 -33700 -558421300 368810600  500
20221216 HD2 -33700 -558421300 368810600  500
20221216 HD2 -33900 -562351300 329012100 1000 2200
20221216 HD2 -33900 -562351300 329020600  100
20221216 HD2 -33900 -562351300 329020600  500
20221216 HD2 -34100 -566331300 311508700 100 2700
20221216 HD2 -34200 -566671300 360560600  100
20221216 HD2 -34200 -566671300 360560600 1200 1200
20221216 HD2 -34400 -562359800 329012100 500 500
20221216 HD2 -35300 -568020000 308130000 4500 20700
20221216 HD2 -46000 -744570000 57330000  1000
20221216 HD2 -47000 -760870000 41030000  1500
20221216 HD2 -48500 -785470000 16430000  800
20221216 HD2 -49300 -798670000 3230000 49500 49500
20221216 HD2 "acum_busd" "acum_busd_val" "acum_val_bu" "sd" "sum_vol"
20221219 HD2 0 0 0  100
20221219 HD2 0 0 0  100
20221219 HD2 1000 16500000 16500000  1000
20221219 HD2 1500 24750000 24750000  500
20221219 HD2 2000 33820000 79340000 1000 1000
20221219 HD2 2000 33820000 79340000  2400
20221219 HD2 2900 47850000 47850000  1400
20221219 HD2 3000 50020000 79340000 100 100
20221219 HD2 3100 51630000 79340000 1600 1600
20221219 HD2 3100 51630000 79340000  200
20221219 HD2 3100 51630000 79340000  2800
20221219 HD2 3700 61050000 61050000  800
20221219 HD2 4200 69400000 69400000  500
20221219 HD2 4400 72740000 72740000  200
20221219 HD2 4500 74410000 74410000  100
20221219 HD2 4500 74410000 74410000  900
20221219 HD2 4600 76060000 76060000  100
20221219 HD2 4600 76070000 77700000 100 100
20221219 HD2 4700 77700000 77700000  100
20221219 HD2 4700 77710000 79340000  100
20221219 HD2 "acum_busd" "acum_busd_val" "acum_val_bu" "sd" "sum_vol"
20221220 HD2 0 -1578400 1600  100
20221220 HD2 -100 -1580000 0 100 200
20221220 HD2 -100 -1580000 0  5000
20221220 HD2 100 41600 3181600 100 100
20221220 HD2 -100 -51151900 17178100 1300 1300
20221220 HD2 1200 -30981900 17178100  900
20221220 HD2 -1400 -71431900 17178100 1300 1300
20221220 HD2 200 1601600 3181600  200
20221220 HD2 200 1601600 3181600  300
20221220 HD2 200 1601600 3181600  900
20221220 HD2 -2300 -85311900 31238100  200
20221220 HD2 -2300 -85341900 29648100 1700 1700
20221220 HD2 -2400 -86901900 29648100 100 100
20221220 HD2 -2700 -43438400 3181600  100
20221220 HD2 -2700 -43438400 3181600 2000 2000
20221220 HD2 300 -44931900 3228100 100 3200
20221220 HD2 300 -44931900 3228100  1400
20221220 HD2 -600 -58961900 29648100  100
20221220 HD2 -700 -12438400 3181600 800 800
20221220 HD2 -700 -60511900 28098100  700
20221220 HD2 "acum_busd" "acum_busd_val" "acum_val_bu" "sd" "sum_vol"
20221221 HD2 12500 87562000 87562000  12500
20221221 HD2 12600 89152000 89152000  100
20221221 HD2 12700 90732000 90732000  100
20221221 HD2 12700 90732000 90732000  900
20221221 HD2 12800 92722000 114042000 500 500
20221221 HD2 12900 94152000 107922000 800 800
20221221 HD2 13100 97212000 110982000  200
20221221 HD2 13300 100272000 114042000  200
20221221 HD2 13300 100272000 114042000  600
20221221 HD2 13500 103332000 104862000 100 100
20221221 HD2 13600 104862000 104862000  900
20221221 HD2 13700 106392000 107922000  200
20221221 HD2 "acum_busd" "acum_busd_val" "acum_val_bu" "sd" "sum_vol"
20221222 HD2 10000 158910000 225300000  100
20221222 HD2 100 1650000 3180000 100 100
20221222 HD2 11000 174610000 241000000  1000
20221222 HD2 11000 187317200 253744000  3500
20221222 HD2 11800 187330000 253720000  800
20221222 HD2 1300 21540000 52160000 100 100
20221222 HD2 1400 23090000 52160000  1000
20221222 HD2 1400 23090000 52160000  1000
20221222 HD2 1400 23090000 52160000 1800 1800
20221222 HD2 16300 272667200 353584000 900 900
20221222 HD2 16400 274287200 355204000  100
20221222 HD2 17200 287157200 353584000  6200
20221222 HD2 200 3180000 3180000  100
20221222 HD2 200 3180000 3180000  200
20221222 HD2 20400 339087200 420004000  4000
20221222 HD2 300 6220000 66290000  700
20221222 HD2 3100 49050000 50580000  3000
20221222 HD2 3200 50630000 52160000  100
20221222 HD2 -400 -4770000 55300000  200
20221222 HD2 400 7800000 67870000  100
20221222 HD2 4600 74160000 140550000 400 400
20221222 HD2 4900 78840000 145230000  300
20221222 HD2 5000 80480000 140550000  4600
20221222 HD2 -600 -7910000 52160000 1900 1900
20221222 HD2 6900 110240000 176630000  2000
20221222 HD2 9500 187293200 253720000 2300 2300
20221222 HD2 9500 187293200 253720000  2700
20221222 HD2 9900 157340000 223730000  3000
20221222 HD2 "acum_busd" "acum_busd_val" "acum_val_bu" "sd" "sum_vol"
20221223 HD2 0 0 0  100
20221223 HD2 -100 -1570000 0 100 100
20221223 HD2 1300 19211600 36571600 300 1900
20221223 HD2 1400 22360000 34980000 200 200
20221223 HD2 1500 23950000 36570000  100
20221223 HD2 1600 23951600 36571600  100
20221223 HD2 1600 25520000 34980000  1200
20221223 HD2 -200 -4498400 53291600 100 200
20221223 HD2 -200 -4508400 51771600 2500 3500
20221223 HD2 -400 -6280000 0 300 300
20221223 HD2 400 6440000 15900000 200 200
20221223 HD2 600 9620000 15900000  1000
20221223 HD2 -6300 -97668400 60941600  500
20221223 HD2 -6700 -103728400 62531600 500 600
20221223 HD2 -6800 -105318400 53291600 6600 6600
20221223 HD2 -7600 -118426800 78433200  100
20221223 HD2 -7700 -118428400 78431600  1000
20221223 HD2 -7700 -119028400 62531600 1000 1000
20221223 HD2 -8700 -134328400 62531600 1000 1000
20221223 HD2 "acum_busd" "acum_busd_val" "acum_val_bu" "sd" "sum_vol"
20221226 HD2 100 1600 1600  100
20221226 HD2 100 -37576800 38128000  200
20221226 HD2 -100 -40656800 35048000  2000
20221226 HD2 -100 -40656800 35048000 4000 4000
20221226 HD2 1700 39872200 115628000  5000
20221226 HD2 2700 16307200 16312000  1900
20221226 HD2 -3300 -37627800 38128000  200
20221226 HD2 -3300 -37627800 38128000 3400 3400
20221226 HD2 -3300 -37627800 38128000  600
20221226 HD2 3700 16323200 16328000  1000
20221226 HD2 3900 19843200 35048000 1000 1000
20221226 HD2 4200 24123200 24128000  500
20221226 HD2 4700 31923200 31928000  500
20221226 HD2 4900 35043200 35048000  100
20221226 HD2 4900 35043200 35048000  200
20221226 HD2 600 13036800 13041600 300 300
20221226 HD2 700 9781600 9781600  600
20221226 HD2 800 16276800 16281600  2400
20221226 HD2 900 13041600 13041600  200
20221226 HD2 "acum_busd" "acum_busd_val" "acum_val_bu" "sd" "sum_vol"
20221227 HD2 100 1590000 1590000  100
20221227 HD2 100 1590000 1590000  200
20221227 HD2 -1200 3139000 3160000  100
20221227 HD2 -1300 1569000 1590000 1400 1400
20221227 HD2 -2000 20440500 20490000  300
20221227 HD2 -200 18889000 18910000  500
20221227 HD2 -2100 18860500 18910000 1900 1900
20221227 HD2 -700 10989000 11010000  500
20221227 HD2 "acum_busd" "acum_busd_val" "acum_val_bu" "sd" "sum_vol"
20221228 HD2 100 1500 1500  500
20221228 HD2 -1700 -5649500 4731500 900 900
20221228 HD2 -1900 -8599500 6311500  100
20221228 HD2 -2000 -10179500 4731500  200
20221228 HD2 -2000 -10179500 4731500 300 300
20221228 HD2 -400 -7198500 3161500  200
20221228 HD2 -600 -10358500 1500 700 700
20221228 HD2 -600 -7201500 3161500  100
20221228 HD2 -600 -7201500 3161500 200 200
20221228 HD2 -800 -5636000 4731500  100
20221228 HD2 -900 -7206000 3161500 300 300
20221228 HD2 "acum_busd" "acum_busd_val" "acum_val_bu" "sd" "sum_vol"
20221229 HD2 100 1600 1600  100
20221229 HD2 -10300 -160206800 49903200 600 600
20221229 HD2 -11200 -173886800 49903200 900 900
20221229 HD2 -12700 -196686800 49903200 1500 1500
20221229 HD2 1500 19303200 49903200 2000 2000
20221229 HD2 -16700 -257086800 49903200 4000 4000
20221229 HD2 -17100 -263126800 58963200  300
20221229 HD2 -17400 -267656800 54433200  300
20221229 HD2 -17700 -272186800 49903200 1000 1000
20221229 HD2 -20100 -263171800 58963200 3000 3000
20221229 HD2 -22100 -293571800 58963200 2000 2000
20221229 HD2 -25000 -337601800 60533200  100
20221229 HD2 -25100 -339171800 58963200 3000 3000
20221229 HD2 -3200 -52286800 49903200 4700 4700
20221229 HD2 3300 48321600 48321600  1500
20221229 HD2 3300 48321600 48321600  3200
20221229 HD2 3300 48321600 48321600  3800
20221229 HD2 3400 48323200 48323200  100
20221229 HD2 3500 49903200 49903200  100
20221229 HD2 -9700 -151086800 49903200 6500 6500
20221229 HD2 "acum_busd" "acum_busd_val" "acum_val_bu" "sd" "sum_vol"
20221230 HD2 1000 15640000 20210000  100
20221230 HD2 1900 29830000 40490000 200 200
20221230 HD2 2100 32870000 40490000  1300
20221230 HD2 300 4790000 9360000 100 100
20221230 HD2 400 6320000 9360000 200 200
20221230 HD2 400 6340000 10910000  100
20221230 HD2 400 6340000 10910000  100
20221230 HD2 500 7800000 7800000  500
20221230 HD2 600 9360000 9360000  100
20221230 HD2 800 12590000 20210000 200 200
20221230 HD2 900 14090000 18660000  500
20221230 HD2 "acum_busd" "acum_busd_val" "acum_val_bu" "sd" "sum_vol"
20230103 HD2 -10400 -160480000 0 600 600
20230103 HD2 -10600 -163560000 0 200 200
20230103 HD2 -14200 -233245600 14054400  300
20230103 HD2 -14300 -234825600 14054400 100 100
20230103 HD2 -14500 -233250400 14049600  500
20230103 HD2 -15000 -233258400 14041600  100
20230103 HD2 -15100 -233260000 14040000  1600
20230103 HD2 -15100 -233260000 14040000  900
20230103 HD2 -15600 -241060000 0 5000 5000
20230103 HD2 -16000 -247300000 0 400 400
20230103 HD2 -1800 -27900000 0 1800 1800
20230103 HD2 -8800 -135900000 0 7000 7000
20230103 HD2 -9800 -151300000 0 1000 1400
20230103 HD2 "acum_busd" "acum_busd_val" "acum_val_bu" "sd" "sum_vol"
20230104 HD2 -10500 -163830000 94070000 5000 5000
20230104 HD2 -10800 -168520000 127060000  100
20230104 HD2 -10900 -170110000 125470000 2400 2400
20230104 HD2 -1100 -16720000 69080000  2500
20230104 HD2 -1100 -16720000 69080000  3500
20230104 HD2 -1100 -17070000 14130000  100
20230104 HD2 -1100 -17070000 14130000  900
20230104 HD2 -1600 -24520000 69080000 500 500
20230104 HD2 -2000 -31200000 0 2000 2000
20230104 HD2 -3600 -55720000 76880000 2500 3000
20230104 HD2 -4500 -69760000 86240000 1500 2100
20230104 HD2 -4600 -71670000 14130000 3500 3500
20230104 HD2 -5500 -85330000 94070000  100
20230104 HD2 -5600 -86920000 92480000 1500 1900
20230104 HD2 -8500 -132430000 125470000  2000
20230104 HD2 "acum_busd" "acum_busd_val" "acum_val_bu" "sd" "sum_vol"
20230105 HD2 15100 242070000 397500000 9900 9900
20230105 HD2 17600 305646000 461117600 2600 3600
20230105 HD2 19100 305670000 461100000  100
20230105 HD2 19100 305670000 461100000  4000
20230105 HD2 19200 305671600 461101600  100
20230105 HD2 20000 305684400 461114400  800
20230105 HD2 20100 305686000 461116000  100
20230105 HD2 20200 305687600 461117600  100
20230105 HD2 25000 397500000 397500000  100
20230105 HD2 25000 397500000 397500000  1300
20230105 HD2 25000 397500000 397500000  24400
20230105 HD2 600 9540000 9540000  600
20230105 HD2 "acum_busd" "acum_busd_val" "acum_val_bu" "sd" "sum_vol"
20230106 HD2 -200 -2800000.0000000014 24590000  200
20230106 HD2 -2700 -2840000.0000000014 24590000 2500 2500
20230106 HD2 -300 -4400000.000000002 21370000 1000 1000
20230106 HD2 -400 -6020000.000000002 21370000 100 100
20230106 HD2 -400 -6020000.000000002 21370000  1200
20230106 HD2 400 6520000 6520000  400
20230106 HD2 400 6719999.999999999 14770000 100 100
20230106 HD2 500 8329999.999999999 14770000 400 400
20230106 HD2 600 9820000 9820000  200
20230106 HD2 700 11470000 11470000  100
20230106 HD2 700 11700000 21370000 100 100
20230106 HD2 700 11700000 21370000  200
20230106 HD2 800 13320000 21370000  400
20230106 HD2 900 14770000 14770000  200
20230106 HD2 "acum_busd" "acum_busd_val" "acum_val_bu" "sd" "sum_vol"
20230109 HD2 -400 -6250000 1639999.9999999998  100
20230109 HD2 -400 -6280000 0  200
20230109 HD2 -400 -6280000 0 400 400
20230109 HD2 -500 -7860000 1639999.9999999998 100 100
20230109 HD2 -500 -7860000 1639999.9999999998  4000
20230109 HD2 -500 -7890000 0  100
20230109 HD2 -500 -7890000 0  100
20230109 HD2 -500 -7890000 0  100
20230109 HD2 -500 -7890000 0  100
20230109 HD2 -500 -7890000 0 100 100
20230109 HD2 "acum_busd" "acum_busd_val" "acum_val_bu" "sd" "sum_vol"
20230110 HD2 -10200 -159690000 14580000 1400 1400
20230110 HD2 -10700 -167540000 14580000 500 500
20230110 HD2 -12500 -209435600 33914400  100
20230110 HD2 -12600 -211045600 32304400  1000
20230110 HD2 -13600 -227145600 16204400  700
20230110 HD2 -14300 -227156800 16193200  100
20230110 HD2 -14400 -225590000 16190000  100
20230110 HD2 -14400 -227158400 16191600  100
20230110 HD2 -14500 -227160000 16190000 100 100
20230110 HD2 -14500 -227200000 14580000 3800 3800
20230110 HD2 -1900 -29380000 14580000  100
20230110 HD2 -1900 -29380000 14580000  1300
20230110 HD2 -1900 -29380000 14580000 2800 3300
20230110 HD2 -2800 -43510000 14580000 900 900
20230110 HD2 -4000 -62350000 14580000 1200 1200
20230110 HD2 -8800 -137710000 14580000 4800 4800
20230110 HD2 900 14580000 14580000  900
20230110 HD2 -9500 -160985600 82364400  3000
20230110 HD2 "acum_busd" "acum_busd_val" "acum_val_bu" "sd" "sum_vol"
20230111 HD2 0 0 0  200
20230111 HD2 -2400 -36430000 79000000  100
20230111 HD2 -2500 -38010000 77420000  4900
20230111 HD2 -2800 -44100000 0  100
20230111 HD2 -2800 -44100000 0 2000 2000
20230111 HD2 -700 -10920000 0 700 700
20230111 HD2 -7300 -113850000 0 4500 4500
20230111 HD2 -7400 -115430000 0 100 100
20230111 HD2 -800 -12500000 0 100 100
20230111 HD2 "acum_busd" "acum_busd_val" "acum_val_bu" "sd" "sum_vol"
20230112 HD2 -100 -9352000 8000 600 700
20230112 HD2 -1900 -37432000 8000 1800 1800
20230112 HD2 -2900 -53132000 8000 1000 1000
20230112 HD2 -3400 -68924000 16000  200
20230112 HD2 -3400 -68924000 16000  400
20230112 HD2 -3500 -62612000 8000 600 600
20230112 HD2 -3800 -68930400 9600  100
20230112 HD2 -3900 -68932000 8000 400 400
20230112 HD2 500 8000 8000  500
20230112 HD2 "acum_busd" "acum_busd_val" "acum_val_bu" "sd" "sum_vol"
20230113 HD2 100 -6272000 16000  1000
20230113 HD2 1100 -6256000 32000  1000
20230113 HD2 -400 -6280000 0 400 400
20230113 HD2 4400 -6203200 89600 100 100
20230113 HD2 4500 -6201600 89600 200 200
20230113 HD2 4700 -6198400 89600  100
20230113 HD2 4700 -6198400 89600  1000
20230113 HD2 4700 -6198400 89600  2000
20230113 HD2 4700 -6198400 89600  3600
20230113 HD2 -900 -6288000 0 500 500
20230113 HD2 "acum_busd" "acum_busd_val" "acum_val_bu" "sd" "sum_vol"
20230116 HD2 1300 20790000 25440000  600
20230116 HD2 200 3300000 7950000  500
20230116 HD2 -300 -4650000 0 300 300
20230116 HD2 700 11250000 15900000  500
20230116 HD2 "acum_busd" "acum_busd_val" "acum_val_bu" "sd" "sum_vol"
20230117 HD2 -2500 -40000 0 2500 2500
20230117 HD2 -2900 -46400 0 400 400
20230117 HD2 -3000 -48000 0 100 100
20230117 HD2 -3900 -62400 0 900 900
20230117 HD2 -5600 -89600 1600  100
20230117 HD2 -5700 -91200 0 1800 1800
20230117 HD2 -5700 -91200 0  4500
20230117 HD2 -8100 -129600 1600  100
20230117 HD2 -8100 -129600 1600 2500 2500
20230117 HD2 "acum_busd" "acum_busd_val" "acum_val_bu" "sd" "sum_vol"
20230118 HD2 -1000 -16100000.000000002 0  1000
20230118 HD2 -1000 -16100000.000000002 0 100 100
20230118 HD2 -1000 -16100000.000000002 0  200
20230118 HD2 -2800 -14500400.000000002 1639600  300
20230118 HD2 -2800 -14500400.000000002 1639600  600
20230118 HD2 -3100 -14505200.000000002 1634800  100
20230118 HD2 -3100 -14505200.000000002 1634800  600
20230118 HD2 -3200 -16135200.000000002 4800  600
20230118 HD2 -3300 -22610400 4939600  200
20230118 HD2 -3500 -16140000.000000002 0 2500 2700
20230118 HD2 -3500 -25910400 1639600 700 700
20230118 HD2 -900 -14490000.000000002 0 900 900
20230118 HD2 "acum_busd" "acum_busd_val" "acum_val_bu" "sd" "sum_vol"
20230119 HD2 0 0 0  100
20230119 HD2 1900 31370000 37950000 100 100
20230119 HD2 2000 33000000 37950000 300 300
20230119 HD2 2300 37950000 37950000  1700
20230119 HD2 2700 44600000 52800000 100 100
20230119 HD2 2800 46220000 52800000  100
20230119 HD2 2800 46220000 52800000  900
20230119 HD2 600 9900000 9900000  600
20230119 HD2 "acum_busd" "acum_busd_val" "acum_val_bu" "sd" "sum_vol"
20230127 HD2 -1000 -17230000 5210000  100
20230127 HD2 -1100 -18960000 3479999.9999999995 900 900
20230127 HD2 -200 -3300000 0 200 200
20230127 HD2 -200 -3300000 0  300
20230127 HD2 -200 -3300000 3479999.9999999995 200 400
20230127 HD2 "acum_busd" "acum_busd_val" "acum_val_bu" "sd" "sum_vol"
20230130 HD2 0 10000 1730000 100 100
20230130 HD2 0 10000 1730000  1300
20230130 HD2 0 90000 5270000  100
20230130 HD2 0 90000 5270000  100
20230130 HD2 0 90000 8730000 200 200
20230130 HD2 -100 -1680000 3500000  200
20230130 HD2 100 1730000 1730000  100
20230130 HD2 -1300 -22400000 8730000  100
20230130 HD2 -1300 -22400000 8730000 1300 1300
20230130 HD2 -200 -3450000 1730000 200 1200
20230130 HD2 200 3550000 8730000  200
20230130 HD2 -2300 -39700000 8730000 1000 1000
20230130 HD2 -2800 -48400000 8730000 500 500
20230130 HD2 -3500 -59030000 65600000  2900
20230130 HD2 -3600 -60760000 65600000 100 100
20230130 HD2 -4300 -74500000 8730000 1500 1500
20230130 HD2 -6400 -110650000 13980000 200 500
20230130 HD2 -6500 -112400000 8730000 2200 2200
20230130 HD2 -6500 -112400000 8730000  800
20230130 HD2 -7400 -126120000 65600000  300
20230130 HD2 -7400 -126120000 65600000 3800 3800
20230130 HD2 -7600 -129580000 65600000 200 400
20230130 HD2 "acum_busd" "acum_busd_val" "acum_val_bu" "sd" "sum_vol"
20230131 HD2 0 0 0  200
20230131 HD2 -1000 -17170000 5290000  200
20230131 HD2 -1000 -17170000 5290000  300
20230131 HD2 -1100 -19020000 0 600 600
20230131 HD2 -1200 -20590000 8870000  100
20230131 HD2 -1200 -20670000 1789999.9999999998  100
20230131 HD2 -1300 -22380000 7080000 400 400
20230131 HD2 -1300 -22460000 0 200 200
20230131 HD2 -500 -8700000 0 500 500
20230131 HD2 -900 -15380000 7080000  100
20230131 HD2 "acum_busd" "acum_busd_val" "acum_val_bu" "sd" "sum_vol"
20230201 HD2 0 0 0  200
20230201 HD2 0 0 0  400
20230201 HD2 0 0 0  400
20230201 HD2 -1600 -28090000 1750000  100
20230201 HD2 -1600 -28120000 0 1000 1000
20230201 HD2 -1600 -28120000 0  200
20230201 HD2 -1700 -29840000 0 100 100
20230201 HD2 -1700 -29840000 0  200
20230201 HD2 -2600 -45590000 1750000 1000 1000
20230201 HD2 -3000 -52630000 1750000 400 400
20230201 HD2 -3900 -68470000 1750000 900 900
20230201 HD2 -4400 -77220000 1750000 500 500
20230201 HD2 -4900 -85970000 1750000 500 500
20230201 HD2 -5400 -94720000 15750000  100
20230201 HD2 -5500 -96470000 14000000  1000
20230201 HD2 -5500 -96470000 14000000 1300 2000
20230201 HD2 -600 -10620000 0  200
20230201 HD2 -600 -10620000 0 600 600
20230201 HD2 "acum_busd" "acum_busd_val" "acum_val_bu" "sd" "sum_vol"
20230202 HD2 0 0 0  500
20230202 HD2 -1000 -17200000 0 800 800
20230202 HD2 -100 23376200 64190000  2100
20230202 HD2 -1300 -22330000 1720000  100
20230202 HD2 -1400 -24050000 0 400 400
20230202 HD2 -200 -3440000 0 200 200
20230202 HD2 -2200 -13163800 27650000  1000
20230202 HD2 -2600 -29185300 1720000 1300 1300
20230202 HD2 -3000 -27473800 3440000  100
20230202 HD2 -3000 -27473800 3440000  1200
20230202 HD2 -3100 -29003800 8510000  200
20230202 HD2 -3100 -29193800 1720000 500 500
20230202 HD2 -3100 -29193800 1720000  800
20230202 HD2 -3200 -30563800 10250000  100
20230202 HD2 -3200 -30753800 6760000 400 600
20230202 HD2 -3300 -32303800 8510000 200 200
20230202 HD2 "acum_busd" "acum_busd_val" "acum_val_bu" "sd" "sum_vol"
20230203 HD2 1400 25798300 25800000 100 100
20230203 HD2 1400 25798300 25800000  200
20230203 HD2 1500 25800000 25800000  1500
20230203 HD2 16400 121448100 134749800 500 500
20230203 HD2 16800 129696400 134748100  9300
20230203 HD2 16900 129698100 134749800  100
20230203 HD2 5300 92578300 97630000 300 300
20230203 HD2 5500 95908300 95910000  4100
20230203 HD2 5500 95908300 95910000  500
20230203 HD2 5600 97628300 97630000  100
20230203 HD2 5600 97628300 97630000  100
20230203 HD2 7400 127858300 132910000  4300
20230203 HD2 7500 129538300 134590000  100
20230203 HD2 "acum_busd" "acum_busd_val" "acum_val_bu" "sd" "sum_vol"
20230206 HD2 4700 77670000 90700000  4000
20230206 HD2 4800 79360000 92390000  100
20230206 HD2 600 9990000 16500000  100
20230206 HD2 600 9990000 16500000 100 100
20230206 HD2 700 11640000 16500000 300 1300
20230206 HD2 700 11640000 16500000  400
20230206 HD2 700 11670000 24700000 400 900
20230206 HD2 7800 79411000 92441000  3000
20230206 HD2 "acum_busd" "acum_busd_val" "acum_val_bu" "sd" "sum_vol"
20230207 HD2 100 1660000.0000000002 1660000.0000000002  100
20230207 HD2 -10100 1496800.0000000002 1660000.0000000002  3000
20230207 HD2 -10100 1496800.0000000002 1660000.0000000002 7000 7000
20230207 HD2 -11600 14020000 58279200  1100
20230207 HD2 -11600 14020000 58279200  3600
20230207 HD2 -12500 1458400.0000000002 1757600.0000000002  6100
20230207 HD2 -15200 -42500000 1759200.0000000002 2800 2900
20230207 HD2 -17600 1376800.0000000002 1660000.0000000002 7500 7500
20230207 HD2 -18600 1360800.0000000002 1660000.0000000002 1000 1000
20230207 HD2 -19500 -111520000 59939200  100
20230207 HD2 -19600 -113180000 58279200  2000
20230207 HD2 -19600 -113180000 58279200 8000 8000
20230207 HD2 -3100 1608800.0000000002 1660000.0000000002 3200 3200
20230207 HD2 "acum_busd" "acum_busd_val" "acum_val_bu" "sd" "sum_vol"
20230208 HD2 0 0 0  100
20230208 HD2 4600 -7883300.000000002 1810699.9999999998 2000 9200
20230208 HD2 -500 -8050000.000000001 0 500 500
20230208 HD2 5500 -7868000.000000002 1825999.9999999998  1000
20230208 HD2 5600 -6148000.000000002 3546000  100
20230208 HD2 -600 -9660000.000000002 0 100 100
20230208 HD2 -600 -9660000.000000002 0  500
20230208 HD2 6900 16211999.999999998 25906000  1300
20230208 HD2 7300 16218799.999999998 25912800  400
20230208 HD2 8300 24827300 34523000 100 100
20230208 HD2 8400 24829000 34523000  1100
20230208 HD2 "acum_busd" "acum_busd_val" "acum_val_bu" "sd" "sum_vol"
20230209 HD2 0 -1648300 1700  100
20230209 HD2 100 -1646600 3400  100
20230209 HD2 -100 -1650000 0 100 100
20230209 HD2 1100 -1629600 20400  1000
20230209 HD2 1300 -1626200 23800  200
20230209 HD2 2800 -11380500 3549500 100 100
20230209 HD2 2900 -9720500 3549500 600 600
20230209 HD2 3100 -6250500 8679500  300
20230209 HD2 3100 -6250500 8679500  300
20230209 HD2 3500 159500 1809500  2200
20230209 HD2 3500 239499.99999999953 3549500 100 100
20230209 HD2 3600 1899499.9999999998 3549500  100
20230209 HD2 5100 -6216500 8713500  2000
20230209 HD2 "acum_busd" "acum_busd_val" "acum_val_bu" "sd" "sum_vol"
20230210 HD2 -1000 -16600000.000000002 0 900 900
20230210 HD2 -100 -1660000.0000000002 0 100 100
20230210 HD2 -100 -1660000.0000000002 0  500
20230210 HD2 -1100 -18260000 3320000.0000000005 300 300
20230210 HD2 -1200 -19920000 6700000  100
20230210 HD2 -1300 -21610000 5010000  100
20230210 HD2 -1400 -23300000 3320000.0000000005 300 300
20230210 HD2 -1400 -23300000 3320000.0000000005  600
20230210 HD2 -1900 -31610000 6700000 700 700
20230210 HD2 -2000 -33280000 6700000 100 100
20230210 HD2 -3000 -49440000 41620000  600
20230210 HD2 -3100 -51560000 6700000 1100 1100
20230210 HD2 -3600 -59580000 31480000  300
20230210 HD2 -3900 -64560000 26500000 2000 3200
20230210 HD2 -4000 -65790000 43310000  100
20230210 HD2 -4100 -67480000 41620000 1100 1100
20230210 HD2 -800 -13280000.000000002 3320000.0000000005  300
20230210 HD2 "acum_busd" "acum_busd_val" "acum_val_bu" "sd" "sum_vol"
20230213 HD2 1000 17100000 17100000  2200
20230213 HD2 -10200 -171450000 139420000 5000 5000
20230213 HD2 -13300 -223530000 139420000 3100 3100
20230213 HD2 -14500 -243690000 139420000 1200 1200
20230213 HD2 -15500 -260490000 139420000 1000 1000
20230213 HD2 -15900 -267210000 139420000 400 400
20230213 HD2 -1600 -27300000 22350000 2200 2200
20230213 HD2 -16700 -279540000 199270000  500
20230213 HD2 -17200 -288090000 190720000  3000
20230213 HD2 -1800 -29200000 139420000  2500
20230213 HD2 -1900 -30940000 139420000 100 100
20230213 HD2 -19900 -334410000 139420000  100
20230213 HD2 -19900 -334410000 139420000 4000 4000
20230213 HD2 -20000 -336090000 139420000 100 100
20230213 HD2 -20000 -336090000 139420000  4400
20230213 HD2 -2000 -32670000 139420000 100 200
20230213 HD2 -20200 -339390000 139420000 200 200
20230213 HD2 -21700 -363540000 199270000 5000 5000
20230213 HD2 -26400 -440820000 216040000  100
20230213 HD2 -26400 -440850000 212710000  300
20230213 HD2 -26500 -442500000 214360000 200 300
20230213 HD2 -26600 -444120000 216040000 200 200
20230213 HD2 -26700 -445890000 207670000  500
20230213 HD2 -27200 -454290000 199270000 5500 5500
20230213 HD2 -3900 -65350000 139420000 1900 1900
20230213 HD2 -4300 -72950000 95670000  100
20230213 HD2 -4300 -72950000 95670000  1000
20230213 HD2 -4300 -72950000 95670000  1100
20230213 HD2 -4300 -72950000 95670000  300
20230213 HD2 -4300 -72950000 95670000  4000
20230213 HD2 -5200 -87450000 139420000 1300 1300
20230213 HD2 -5400 -91870000 75050000  3100
20230213 HD2 -5400 -91870000 76750000 100 200
20230213 HD2 600 10100000 22350000  2000
20230213 HD2 600 10100000 22350000 700 1000
20230213 HD2 -8500 -144570000 22350000 6900 6900
20230213 HD2 "acum_busd" "acum_busd_val" "acum_val_bu" "sd" "sum_vol"
20230214 HD2 -100 -1660000 0 100 100
20230214 HD2 "acum_busd" "acum_busd_val" "acum_val_bu" "sd" "sum_vol"
20230216 HD2 0 2800000 139550000 100 100
20230216 HD2 0 2810000 141220000 100 100
20230216 HD2 -100 1150000 141220000 100 100
20230216 HD2 100 4430000 139550000 5700 9200
20230216 HD2 100 4470000 141220000  100
20230216 HD2 -1200 -17110000 141220000 1000 1000
20230216 HD2 -1200 -17110000 141220000  1800
20230216 HD2 -200 -510000 141220000 100 100
20230216 HD2 2300 39500000 84600000 2300 2600
20230216 HD2 2300 39500000 84600000  800
20230216 HD2 4600 75150000 84600000 600 2500
20230216 HD2 5000 81500000 81500000  2000
20230216 HD2 5000 81500000 81500000  5000
20230216 HD2 7000 122290000 280620000  8200
20230216 HD2 7100 123990000 282320000  100
20230216 HD2 7600 132490000 290820000  100
20230216 HD2 7600 132490000 290820000  500
20230216 HD2 "acum_busd" "acum_busd_val" "acum_val_bu" "sd" "sum_vol"
20230217 HD2 10400 193550000 735450000 1400 1400
20230217 HD2 11800 218050000 735450000 5000 5000
20230217 HD2 12000 199020000 223550000  5000
20230217 HD2 12200 202440000 226970000  100
20230217 HD2 12200 202440000 226970000  400
20230217 HD2 13300 221910000 246440000  1100
20230217 HD2 15500 261510000 286040000  2200
20230217 HD2 15800 296530000 989130000 500 800
20230217 HD2 16300 305880000 989130000 200 200
20230217 HD2 16500 309620000 989130000 3000 3000
20230217 HD2 16800 304050000 735450000 15000 20000
20230217 HD2 17400 324920000 884620000  8000
20230217 HD2 17700 332010000 944250000 1000 1000
20230217 HD2 17700 332060000 946120000 100 200
20230217 HD2 18400 344810000 938850000 1700 1700
20230217 HD2 18700 350210000 944250000  100
20230217 HD2 18700 350210000 944250000  300
20230217 HD2 19500 365720000 989130000 500 2800
20230217 HD2 19700 367930000 931370000 200 200
20230217 HD2 19900 371670000 931370000  2500
20230217 HD2 20100 375410000 938850000  400
20230217 HD2 24300 424050000 597450000 1700 1700
20230217 HD2 25700 448330000 523350000 2100 2100
20230217 HD2 26000 452950000 597450000 3600 6900
20230217 HD2 26300 459130000 541350000 400 1400
20230217 HD2 26700 495000000 1248990000 800 800
20230217 HD2 26800 469050000 642450000  2500
20230217 HD2 27500 509960000 1248990000 1700 1700
20230217 HD2 27800 487600000 523350000 600 600
20230217 HD2 28400 498820000 523350000  12900
20230217 HD2 28600 530770000 1223370000  12800
20230217 HD2 28900 536140000 1290130000  2200
20230217 HD2 29200 541750000 1248990000 800 2200
20230217 HD2 30300 562320000 1316310000  1400
20230217 HD2 30500 566060000 1320050000  200
20230217 HD2 31500 584760000 1338750000  1000
20230217 HD2 31500 584760000 1340620000 100 200
20230217 HD2 32600 605330000 1361190000  1100
20230217 HD2 7000 114020000 138550000 1100 1100
20230217 HD2 8100 131950000 138550000 400 8900
20230217 HD2 9400 175750000 735450000  100
20230217 HD2 9400 175750000 735450000 100 100
20230217 HD2 9500 177530000 735450000 900 900
20230217 HD2 "acum_busd" "acum_busd_val" "acum_val_bu" "sd" "sum_vol"
20230220 HD2 -1000 -17680000 63660000  200
20230220 HD2 100 1990000 1990000  100
20230220 HD2 -1200 -21640000 59700000  100
20230220 HD2 -1200 -21640000 59700000 1000 2000
20230220 HD2 1300 27110000 59700000 500 500
20230220 HD2 1300 29030000 200270000  2000
20230220 HD2 -1500 -26410000 111170000  1000
20230220 HD2 -1700 -30370000 140870000  600
20230220 HD2 -1700 -31330000 63660000 700 700
20230220 HD2 1700 36990000 208230000  400
20230220 HD2 1800 36660000 59700000  100
20230220 HD2 1800 36660000 59700000 1200 1200
20230220 HD2 -200 -1840000 59700000 500 500
20230220 HD2 -2300 -42250000 128990000  3300
20230220 HD2 -2300 -42250000 128990000  700
20230220 HD2 -2500 -46210000 91370000  200
20230220 HD2 -2600 -48700000 63660000 900 900
20230220 HD2 -2700 -50170000 87410000  1000
20230220 HD2 -2700 -50640000 63660000 100 100
20230220 HD2 -3000 -56110000 115130000  100
20230220 HD2 3000 59700000 59700000  2600
20230220 HD2 300 7810000 59700000 1000 1000
20230220 HD2 -3100 -58090000 113150000  100
20230220 HD2 -3100 -58400000 63660000 400 400
20230220 HD2 -3200 -60070000 111170000 1700 1700
20230220 HD2 -3500 -66160000 63660000  2000
20230220 HD2 -3500 -66160000 63660000 400 400
20230220 HD2 -3700 -69970000 67610000  100
20230220 HD2 -3800 -71950000 65630000  300
20230220 HD2 -3900 -73920000 63660000  300
20230220 HD2 -3900 -73920000 63660000 400 400
20230220 HD2 400 7960000 7960000  300
20230220 HD2 -700 -10570000 160670000  1000
20230220 HD2 "acum_busd" "acum_busd_val" "acum_val_bu" "sd" "sum_vol"
