20221212 HHG -101800 -179540000 644180000  39240000
20221212 HHG 10200 21480000 421120000 1140000 
20221212 HHG 10700 21340000 57700000 18240000 
20221212 HHG 1100 3100000 39460000 3800000 
20221212 HHG 13600 27940000 427580000 6460000 
20221212 HHG 13700 28130000 427770000 190000 
20221212 HHG 13800 28320000 427960000 190000 
20221212 HHG 13900 28510000 428150000 190000 
20221212 HHG 14000 28700000 428340000 190000 
20221212 HHG 14100 28890000 428530000 190000 
20221212 HHG 14700 30030000 429670000 1140000 
20221212 HHG 14800 30220000 429860000 190000 
20221212 HHG 15300 31170000 430810000 950000 
20221212 HHG 16000 32500000 432140000 1330000 
20221212 HHG 20700 40340000 76700000 19000000 
20221212 HHG 20800 40640000 162880000 32110000 33630000
20221212 HHG 21600 42160000 97140000  760000
20221212 HHG 22000 42920000 96380000  190000
20221212 HHG 22100 43110000 96190000  760000
20221212 HHG 22500 43870000 95430000  190000
20221212 HHG 22600 44060000 95240000  6840000
20221212 HHG 25100 48700000 86200000  380000
20221212 HHG 25200 48900000 86400000 200000 
20221212 HHG 25300 49080000 85820000  190000
20221212 HHG 25400 49270000 85630000 8930000 
20221212 HHG 26200 50900000 88400000 2000000 
20221212 HHG 27700 54070000 326790000  40090000
20221212 HHG 28100 54870000 327590000 800000 
20221212 HHG 28300 55270000 327990000 400000 
20221212 HHG 33400 64580000 186820000 23940000 
20221212 HHG 34200 66100000 188340000 1520000 
20221212 HHG 48800 94160000 286700000  1900000
20221212 HHG 49800 96060000 284800000  3800000
20221212 HHG 51800 99860000 281000000  1900000
20221212 HHG 52700 101250000 223490000 35150000 
20221212 HHG 52800 101440000 223680000 190000 
20221212 HHG 52800 101760000 279100000  12540000
20221212 HHG 57800 110940000 233180000 9500000 
20221212 HHG 58200 111700000 233940000 760000 
20221212 HHG 59400 114300000 266560000  190000
20221212 HHG 59500 114490000 266370000  9500000
20221212 HHG 62100 119110000 248950000  3800000
20221212 HHG 62200 119310000 249150000 200000 
20221212 HHG 62300 119510000 249350000 200000 
20221212 HHG -62500 -108800000 573440000  141300000
20221212 HHG 62600 120110000 249950000 600000 
20221212 HHG 62800 120510000 250350000 400000 
20221212 HHG 64100 122910000 245150000 11210000 
20221212 HHG 64500 123990000 256870000  570000
20221212 HHG 64800 124560000 256300000  950000
20221212 HHG 65300 125510000 255350000 5000000 
20221212 HHG 7700 16730000 416370000 24920000 63460000
20221212 HHG -78500 -137600000 602240000  28800000
20221212 HHG -80000 -140300000 604940000  2700000
20221212 HHG -900 -700000 35660000 17480000 18180000
20221212 HHG 9600 20340000 419980000 3610000 
20221212 HHG "acum_busd" "acum_busd_val" "acum_val" "val_bu" "val_sd"
20221213 HHG -101800 -179540000 644180000  39240000
20221213 HHG 10200 21480000 421120000 1140000 
20221213 HHG 10700 21340000 57700000 18240000 
20221213 HHG 1100 3100000 39460000 3800000 
20221213 HHG 13600 27940000 427580000 6460000 
20221213 HHG 13700 28130000 427770000 190000 
20221213 HHG 13800 28320000 427960000 190000 
20221213 HHG 13900 28510000 428150000 190000 
20221213 HHG 14000 28700000 428340000 190000 
20221213 HHG 14100 28890000 428530000 190000 
20221213 HHG 14700 30030000 429670000 1140000 
20221213 HHG 14800 30220000 429860000 190000 
20221213 HHG 15300 31170000 430810000 950000 
20221213 HHG 16000 32500000 432140000 1330000 
20221213 HHG 20700 40340000 76700000 19000000 
20221213 HHG 20800 40640000 162880000 32110000 33630000
20221213 HHG 21600 42160000 97140000  760000
20221213 HHG 22000 42920000 96380000  190000
20221213 HHG 22100 43110000 96190000  760000
20221213 HHG 22500 43870000 95430000  190000
20221213 HHG 22600 44060000 95240000  6840000
20221213 HHG 25100 48700000 86200000  380000
20221213 HHG 25200 48900000 86400000 200000 
20221213 HHG 25300 49080000 85820000  190000
20221213 HHG 25400 49270000 85630000 8930000 
20221213 HHG 26200 50900000 88400000 2000000 
20221213 HHG 27700 54070000 326790000  40090000
20221213 HHG 28100 54870000 327590000 800000 
20221213 HHG 28300 55270000 327990000 400000 
20221213 HHG 33400 64580000 186820000 23940000 
20221213 HHG 34200 66100000 188340000 1520000 
20221213 HHG 48800 94160000 286700000  1900000
20221213 HHG 49800 96060000 284800000  3800000
20221213 HHG 51800 99860000 281000000  1900000
20221213 HHG 52700 101250000 223490000 35150000 
20221213 HHG 52800 101440000 223680000 190000 
20221213 HHG 52800 101760000 279100000  12540000
20221213 HHG 57800 110940000 233180000 9500000 
20221213 HHG 58200 111700000 233940000 760000 
20221213 HHG 59400 114300000 266560000  190000
20221213 HHG 59500 114490000 266370000  9500000
20221213 HHG 62100 119110000 248950000  3800000
20221213 HHG 62200 119310000 249150000 200000 
20221213 HHG 62300 119510000 249350000 200000 
20221213 HHG -62500 -108800000 573440000  141300000
20221213 HHG 62600 120110000 249950000 600000 
20221213 HHG 62800 120510000 250350000 400000 
20221213 HHG 64100 122910000 245150000 11210000 
20221213 HHG 64500 123990000 256870000  570000
20221213 HHG 64800 124560000 256300000  950000
20221213 HHG 65300 125510000 255350000 5000000 
20221213 HHG 7700 16730000 416370000 24920000 63460000
20221213 HHG -78500 -137600000 602240000  28800000
20221213 HHG -80000 -140300000 604940000  2700000
20221213 HHG -900 -700000 35660000 17480000 18180000
20221213 HHG 9600 20340000 419980000 3610000 
20221213 HHG "acum_busd" "acum_busd_val" "acum_val" "val_bu" "val_sd"
20221214 HHG -100400 -177360000 311520000 14060000 
20221214 HHG -104900 -185460000 319620000  8100000
20221214 HHG -107800 -191420000 297460000  90000000
20221214 HHG 10800 20440000 24040000 19000000 1440000
20221214 HHG -124900 -221460000 355620000  36000000
20221214 HHG 13200 26040000 67080000  180000
20221214 HHG 13300 26220000 66900000 20140000 12600000
20221214 HHG 14100 27760000 69160000 1900000 180000
20221214 HHG 14600 28730000 70850000  360000
20221214 HHG -147800 -261100000 455300000 10640000 
20221214 HHG 14800 29090000 70490000 1330000 
20221214 HHG -153400 -271740000 444660000 190000 
20221214 HHG -153500 -271930000 444470000 19000000 180000
20221214 HHG 1600 2880000 3600000 3240000 360000
20221214 HHG -160400 -285360000 419520000  63900000
20221214 HHG -163400 -290750000 425290000 190000 5580000
20221214 HHG -16900 -27810000 133470000 2850000 27360000
20221214 HHG -2500 -2050000 101630000  18180000
20221214 HHG -3200 -3300000 103260000 190000 
20221214 HHG -3300 -3490000 103070000  1440000
20221214 HHG -44800 -78030000 183690000  50220000
20221214 HHG -45000 -78390000 184050000  360000
20221214 HHG -45500 -79290000 184950000  900000
20221214 HHG -46500 -81090000 186750000  1800000
20221214 HHG -49400 -86300000 192340000 190000 
20221214 HHG -49500 -86490000 192150000  5400000
20221214 HHG -57500 -100880000 206920000  14580000
20221214 HHG -57800 -101420000 207460000  540000
20221214 HHG 7600 16130000 83450000  1800000
20221214 HHG 7700 14860000 29620000  1800000
20221214 HHG 8000 15430000 30190000 570000 
20221214 HHG 8100 15620000 30380000 190000 
20221214 HHG 8500 16380000 31140000 760000 
20221214 HHG 8500 16400000 31880000  180000
20221214 HHG 8600 16580000 31700000  180000
20221214 HHG 8600 17930000 81650000  900000
20221214 HHG 8700 16660000 27820000  3780000
20221214 HHG 8700 16760000 31520000 380000 
20221214 HHG 9100 18830000 80750000  180000
20221214 HHG 9200 19010000 80570000  720000
20221214 HHG 9500 18300000 33780000 1900000 
20221214 HHG 9600 19730000 79850000  9000000
20221214 HHG 9700 18680000 34160000 380000 
20221214 HHG "acum_busd" "acum_busd_val" "acum_val" "val_bu" "val_sd"
20221215 HHG 1000 1910000 2270000  180000
20221215 HHG 1100 2090000 2090000 2090000 
20221215 HHG -1800 -3130000 7310000  4320000
20221215 HHG -2000 -3060000 23580000 2470000 
20221215 HHG -2100 -3240000 23760000  180000
20221215 HHG -2400 -4210000 8390000  1080000
20221215 HHG -242600 -436130000 505990000 190000 
20221215 HHG -242700 -436320000 505800000 4860000 
20221215 HHG -242800 -436490000 506350000  360000
20221215 HHG -243800 -438290000 508150000  1800000
20221215 HHG -243900 -438470000 508330000  180000
20221215 HHG -245400 -441180000 500940000 19620000 396360000
20221215 HHG -2600 -4570000 8750000  360000
20221215 HHG -26100 -46440000 66960000  36000000
20221215 HHG -319100 -573830000 678970000 17640000 153000000
20221215 HHG -325400 -582040000 955520000 40470000 
20221215 HHG -3300 -5530000 21110000 1520000 
20221215 HHG -334100 -600110000 882010000 3800000 
20221215 HHG -334500 -600830000 882730000  720000
20221215 HHG -336100 -603910000 878210000 16030000 360000
20221215 HHG -339500 -609830000 891730000  9000000
20221215 HHG -339800 -610580000 852820000 53820000 23580000
20221215 HHG -344800 -619580000 861820000  9000000
20221215 HHG -346100 -621670000 905090000 380000 
20221215 HHG -346300 -622050000 904710000 380000 12600000
20221215 HHG -346700 -622510000 915050000 2090000 
20221215 HHG -347800 -624600000 912960000 190000 
20221215 HHG -347900 -624790000 912770000 1900000 
20221215 HHG -348900 -626690000 910870000 380000 
20221215 HHG -349100 -627070000 910490000  5400000
20221215 HHG -351500 -632150000 747370000 5040000 63360000
20221215 HHG -356600 -640820000 775420000 9500000 
20221215 HHG -36100 -64440000 84960000  18000000
20221215 HHG -361600 -650320000 765920000 190000 18360000
20221215 HHG -4100 -7050000 19590000 4180000 3600000
20221215 HHG -4100 -7270000 11450000  2700000
20221215 HHG -4300 -7630000 11810000  360000
20221215 HHG -5100 -8640000 29160000  5400000
20221215 HHG 600 1190000 2990000  180000
20221215 HHG -6100 -10440000 30960000  1800000
20221215 HHG 700 1370000 2810000  540000
20221215 HHG "acum_busd" "acum_busd_val" "acum_val" "val_bu" "val_sd"
20221216 HHG 0 0 6840000  
20221216 HHG 10000 19310000 539870000  2880000
20221216 HHG 100 1510000 1067470000 9540000 
20221216 HHG 100 190000 7030000 190000 
20221216 HHG 11600 22190000 536990000  1800000
20221216 HHG 12600 23990000 535190000  10620000
20221216 HHG 12700 23880000 502680000 9720000 180000
20221216 HHG -139800 -250310000 815650000  141300000
20221216 HHG 17000 31760000 521720000  3600000
20221216 HHG 17900 33240000 514920000 10800000 1440000
20221216 HHG 17900 33250000 515290000 190000 180000
20221216 HHG 18000 33660000 523620000 1900000 
20221216 HHG 18500 34610000 524570000 950000 
20221216 HHG 18900 35150000 517190000 1900000 
20221216 HHG 19000 35340000 517380000 190000 
20221216 HHG 19000 35360000 518120000  360000
20221216 HHG 19200 35720000 517760000 380000 
20221216 HHG 200 380000 7220000 190000 
20221216 HHG -29800 -52310000 1013650000 360000 
20221216 HHG -30000 -52670000 1013290000 1440000 
20221216 HHG -30800 -54110000 1011850000 180000 
20221216 HHG -30900 -54290000 1011670000 720000 
20221216 HHG -31300 -55010000 1010950000 360000 
20221216 HHG -31500 -55370000 1010590000 9900000 
20221216 HHG -33700 -60640000 209720000 4140000 
20221216 HHG -36000 -64780000 205580000 27360000 
20221216 HHG -37000 -65270000 1000690000 900000 
20221216 HHG -37500 -66170000 999790000 8460000 
20221216 HHG -42000 -74580000 296580000 19000000 
20221216 HHG -42200 -74630000 991330000 1800000 
20221216 HHG -43200 -76430000 989530000 5220000 
20221216 HHG -4600 -7260000 467940000 77040000 
20221216 HHG -46100 -81650000 984310000 180000 
20221216 HHG -46200 -81830000 984130000 720000 
20221216 HHG -46600 -82550000 983410000 6840000 
20221216 HHG -47400 -84300000 390900000 3060000 
20221216 HHG -49100 -87360000 387840000 900000 
20221216 HHG -49600 -88260000 386940000 21960000 
20221216 HHG -50400 -89390000 976570000 72540000 
20221216 HHG -51200 -92140000 178220000 39240000 
20221216 HHG -52000 -93580000 277580000 17460000 50400000
20221216 HHG -5200 -8030000 1057930000 720000 
20221216 HHG -54200 -96240000 656160000 180000 109080000
20221216 HHG -5600 -8750000 1057210000 2880000 
20221216 HHG -57400 -101990000 667330000 2710000 8460000
20221216 HHG -60400 -107390000 672730000  5400000
20221216 HHG -60700 -107930000 673270000  540000
20221216 HHG -61300 -109010000 674350000  1080000
20221216 HHG -61800 -110220000 364980000 16380000 52020000
20221216 HHG 6300 12660000 546900000  3060000
20221216 HHG -7200 -11630000 1054330000 40680000 
20221216 HHG -73000 -131380000 138980000  131760000
20221216 HHG 7400 14340000 492780000 23220000 1620000
20221216 HHG 8000 15720000 543840000  1440000
20221216 HHG 8700 16970000 542210000  2340000
20221216 HHG 8700 16990000 1082950000 15480000 
20221216 HHG 8700 16990000 1083850000  
20221216 HHG 8800 17160000 542400000 190000 
20221216 HHG -90700 -161930000 904030000 2160000 
20221216 HHG -91900 -164090000 901870000 180000 
20221216 HHG -92000 -164270000 901690000 2700000 
20221216 HHG -93500 -166970000 898990000 83340000 
20221216 HHG "acum_busd" "acum_busd_val" "acum_val" "val_bu" "val_sd"
20221219 HHG 101800 184130000 271290000 36000000 
20221219 HHG 108700 196550000 283710000 12420000 
20221219 HHG 111700 201950000 289110000 5400000 
20221219 HHG 111700 201950000 302610000  
20221219 HHG 115200 208250000 308910000 6300000 
20221219 HHG 11700 21070000 28610000 9180000 
20221219 HHG 12500 22510000 30050000 1440000 
20221219 HHG 15700 28270000 35810000 5760000 
20221219 HHG 16000 28820000 36700000  170000
20221219 HHG 16100 28990000 36530000 720000 
20221219 HHG 26500 47720000 55600000 18900000 
20221219 HHG 26600 47900000 55780000 180000 
20221219 HHG 31600 56900000 64780000 9000000 
20221219 HHG 32900 59330000 70270000 180000 1530000
20221219 HHG 33700 60680000 68560000 3780000 
20221219 HHG 37900 68340000 79620000 9180000 170000
20221219 HHG 38900 70140000 81420000 1800000 
20221219 HHG 39900 71940000 83220000 1800000 
20221219 HHG 43400 78240000 89520000 6300000 
20221219 HHG 43900 79140000 90420000 900000 
20221219 HHG 44000 79320000 90600000 180000 
20221219 HHG 44200 79680000 90960000 360000 
20221219 HHG 44800 81500000 117940000 14400000 12580000
20221219 HHG 45100 82040000 118480000 540000 
20221219 HHG 54900 99700000 136820000  170000
20221219 HHG 55000 99870000 136650000  170000
20221219 HHG 55000 99880000 137000000 180000 
20221219 HHG 55100 100040000 136480000 18000000 
20221219 HHG 55100 100060000 137180000 180000 
20221219 HHG 57600 110340000 407180000  170000
20221219 HHG 57700 110510000 407010000  34000000
20221219 HHG 57700 110520000 407360000 180000 
20221219 HHG 57700 110520000 408800000  
20221219 HHG 6600 11890000 19430000 10260000 
20221219 HHG 77700 144510000 373010000 180000 34000000
20221219 HHG 80700 146140000 199100000 54000000 7920000
20221219 HHG 81800 148130000 235290000 1800000 16200000
20221219 HHG 89400 161800000 214760000 15660000 
20221219 HHG 89800 162530000 217290000 730000 
20221219 HHG 900 1630000 9170000 1800000 170000
20221219 HHG 97600 178330000 338830000  850000
20221219 HHG 98100 179180000 337980000  29070000
20221219 HHG "acum_busd" "acum_busd_val" "acum_val" "val_bu" "val_sd"
20221220 HHG -12000 -19840000 40000000 360000 
20221220 HHG -12200 -20200000 39640000 180000 
20221220 HHG -12300 -20380000 39460000 180000 
20221220 HHG -12400 -20560000 39280000 180000 9690000
20221220 HHG -174500 -295090000 351250000  208250000
20221220 HHG -175900 -296940000 372180000 180000 
20221220 HHG -176000 -297120000 372000000 360000 
20221220 HHG -176200 -297480000 371640000 8640000 
20221220 HHG -181000 -306120000 363000000 360000 
20221220 HHG -181200 -306480000 362640000  11390000
20221220 HHG -2000 -1840000 58000000 9000000 
20221220 HHG -214100 -361880000 762500000 1020000 
20221220 HHG -214100 -361880000 776100000  
20221220 HHG -214700 -362900000 761480000 6630000 
20221220 HHG -218600 -369530000 754850000 15300000 
20221220 HHG -227600 -384830000 739550000 850000 
20221220 HHG -228100 -385680000 738700000 8500000 
20221220 HHG -233100 -394180000 730200000 16830000 
20221220 HHG -243000 -411010000 713370000 340000 
20221220 HHG -243200 -411350000 713030000 1360000 
20221220 HHG -244000 -412710000 711670000 1360000 
20221220 HHG -244800 -414070000 710310000 31620000 
20221220 HHG -255900 -432940000 508180000  136000000
20221220 HHG -256500 -433960000 509200000  1020000
20221220 HHG -261500 -442460000 517700000  8500000
20221220 HHG -263400 -445690000 678690000 1190000 
20221220 HHG -264100 -446880000 677500000 1870000 
20221220 HHG -265200 -448750000 675630000 510000 
20221220 HHG -265500 -449260000 675120000 340000 
20221220 HHG -265700 -449600000 674780000 1360000 
20221220 HHG -266500 -450960000 673420000 680000 
20221220 HHG -266900 -451640000 672740000 170000 
20221220 HHG -267000 -451810000 672570000 340000 
20221220 HHG -267200 -452150000 672230000 1700000 
20221220 HHG -268200 -453850000 670530000 20060000 
20221220 HHG -280000 -473910000 650470000 3060000 
20221220 HHG -281500 -476460000 551700000  34000000
20221220 HHG -281800 -476970000 647410000 5270000 
20221220 HHG -284100 -480880000 556120000  4420000
20221220 HHG -284900 -482240000 642140000 5100000 
20221220 HHG -285100 -482580000 557820000  1700000
20221220 HHG -287900 -487340000 637040000 8500000 
20221220 HHG 2900 5230000 5570000 5400000 170000
20221220 HHG -292900 -495840000 628540000 2890000 
20221220 HHG -294600 -498730000 625650000 9690000 
20221220 HHG -300300 -508420000 615960000 170000 
20221220 HHG -300400 -508590000 615790000 680000 
20221220 HHG -300800 -509270000 615110000 510000 
20221220 HHG -301100 -509780000 614600000 14790000 
20221220 HHG -304800 -516070000 591310000  33490000
20221220 HHG -309800 -524570000 599810000  8500000
20221220 HHG 3500 6460000 11900000  2550000
20221220 HHG 5000 9010000 9350000 3780000 
20221220 HHG -52000 -86840000 143000000  85000000
20221220 HHG -6800 -11050000 29410000  17510000
20221220 HHG -7000 -10840000 49000000 9000000 
20221220 HHG "acum_busd" "acum_busd_val" "acum_val" "val_bu" "val_sd"
20221221 HHG -1100 1170000 117170000  340000
20221221 HHG 1400 2400000 3040000 850000 
20221221 HHG 1500 2570000 3210000 170000 
20221221 HHG 175000 282000000 561160000 335040000 
20221221 HHG -19400 -29950000 67010000 15640000 48160000
20221221 HHG 202700 326320000 694760000  960000
20221221 HHG 203300 327280000 693800000  10880000
20221221 HHG 210100 338160000 682920000  11040000
20221221 HHG 210300 338480000 706920000 12160000 
20221221 HHG 212300 341680000 710120000 3200000 
20221221 HHG 212800 342480000 710920000 800000 
20221221 HHG 213000 342800000 711240000 320000 
20221221 HHG 213200 343120000 711560000 320000 
20221221 HHG 214800 345680000 714120000 2560000 
20221221 HHG 217000 349200000 671880000  1600000
20221221 HHG 218000 350800000 670280000  2560000
20221221 HHG 219600 353360000 667720000  12800000
20221221 HHG 227600 366160000 654920000 88960000 4800000
20221221 HHG -24300 -38260000 164420000 170000 
20221221 HHG -24400 -38430000 164250000 340000 
20221221 HHG -24600 -38770000 163910000 3400000 40110000
20221221 HHG 249200 400720000 770760000 55040000 
20221221 HHG 249700 401570000 771610000 850000 
20221221 HHG 249700 401570000 780090000  
20221221 HHG -29300 -46260000 172420000  8000000
20221221 HHG -29600 -46740000 172900000  480000
20221221 HHG -30000 -47380000 173540000  640000
20221221 HHG -3000 -2060000 120400000  3230000
20221221 HHG -30500 -48070000 177970000 850000 
20221221 HHG -31000 -48920000 177120000 170000 
20221221 HHG -31100 -49090000 176950000 850000 
20221221 HHG -31300 -49460000 175620000  2080000
20221221 HHG -31400 -49620000 175780000  160000
20221221 HHG -31500 -49670000 179570000  1600000
20221221 HHG -31600 -49940000 176100000  320000
20221221 HHG -33200 -51120000 224200000 7480000 1600000
20221221 HHG -34400 -53040000 226120000  1920000
20221221 HHG -36600 -57000000 215120000 3400000 
20221221 HHG -38600 -60400000 211720000 6800000 
20221221 HHG 4000 9830000 108150000 40460000 680000
20221221 HHG 4100 10010000 108330000 180000 
20221221 HHG -41700 -65780000 202820000 2550000 2240000
20221221 HHG -41800 -66090000 198030000 850000 800000
20221221 HHG -41800 -66140000 196380000 170000 
20221221 HHG -41900 -66310000 196210000  16640000
20221221 HHG -42200 -66580000 203620000  800000
20221221 HHG -42600 -67200000 204920000 340000 
20221221 HHG -42800 -67540000 204580000  960000
20221221 HHG -900 1510000 116830000  8500000
20221221 HHG 900 1550000 2190000 1870000 320000
20221221 HHG "acum_busd" "acum_busd_val" "acum_val" "val_bu" "val_sd"
20221222 HHG -11300 -18070000 18410000 170000 18240000
20221222 HHG -124300 -198570000 283670000  49440000
20221222 HHG -126100 -201450000 286550000  2880000
20221222 HHG -126800 -202570000 287670000  1120000
20221222 HHG -126900 -202720000 288160000 170000 
20221222 HHG -127000 -202890000 287990000  320000
20221222 HHG -14500 -23190000 23530000  5120000
20221222 HHG -14700 -23510000 23850000  320000
20221222 HHG -24700 -39510000 39850000  16000000
20221222 HHG -25200 -40310000 40650000  800000
20221222 HHG -28200 -45110000 45450000  4800000
20221222 HHG -36400 -57950000 67810000 850000 
20221222 HHG -36700 -58430000 68290000  480000
20221222 HHG -36900 -58800000 66960000 170000 
20221222 HHG -37000 -58970000 66790000 1530000 
20221222 HHG -37900 -60500000 65260000 2040000 
20221222 HHG -38200 -61110000 61450000  16000000
20221222 HHG -39100 -62540000 63220000 170000 1600000
20221222 HHG -40200 -64030000 73890000  5600000
20221222 HHG -40400 -64350000 74210000  320000
20221222 HHG -43400 -69150000 79010000  4800000
20221222 HHG -63500 -101310000 111170000  32160000
20221222 HHG -66200 -105630000 115490000  4320000
20221222 HHG -67000 -106910000 116770000  1280000
20221222 HHG -72000 -114910000 124770000  8000000
20221222 HHG -75200 -120030000 129890000  5120000
20221222 HHG -75900 -121150000 201410000 35200000 4320000
20221222 HHG -77500 -118740000 372140000 12070000 
20221222 HHG -79800 -127390000 207650000  6240000
20221222 HHG -81800 -130590000 210850000  3200000
20221222 HHG -83000 -132510000 212770000  1920000
20221222 HHG -83200 -132820000 213420000 170000 480000
20221222 HHG -83500 -133290000 214230000 170000 
20221222 HHG -83600 -133460000 214060000  640000
20221222 HHG -84600 -130810000 360070000 340000 
20221222 HHG -84800 -131150000 359730000 71570000 
20221222 HHG -85900 -137130000 218070000  3840000
20221222 HHG -93400 -149130000 234230000 480000 
20221222 HHG -93700 -149610000 233750000 1600000 14080000
20221222 HHG -95200 -152030000 161890000  32000000
20221222 HHG "acum_busd" "acum_busd_val" "acum_val" "val_bu" "val_sd"
20221223 HHG 0 20000 660000  160000
20221223 HHG 100 180000 500000 340000 160000
20221223 HHG 100 190000 830000 170000 
20221223 HHG -100900 -159090000 238990000  68800000
20221223 HHG -106900 -168690000 274190000 12800000 22400000
20221223 HHG -108700 -171570000 293710000 8320000 11200000
20221223 HHG -108900 -171890000 294030000  320000
20221223 HHG -108900 -171890000 307950000  
20221223 HHG -109500 -172850000 308910000  960000
20221223 HHG -109500 -172850000 322990000  
20221223 HHG -110700 -174770000 324910000  1920000
20221223 HHG -133200 -210770000 375310000 7200000 3840000
20221223 HHG -135300 -214130000 364270000  39360000
20221223 HHG -135600 -214610000 379150000  3840000
20221223 HHG -145600 -230610000 395150000  16000000
20221223 HHG -181100 -287400000 452280000 170000 56960000
20221223 HHG -182200 -289150000 454370000 170000 
20221223 HHG -182300 -289320000 454200000  1920000
20221223 HHG -182700 -289940000 455500000 170000 
20221223 HHG -182800 -290110000 455330000  960000
20221223 HHG -202300 -321260000 488180000 680000 32000000
20221223 HHG 20400 34700000 35340000 34000000 
20221223 HHG -211700 -336300000 503220000  15040000
20221223 HHG 21900 37250000 37890000 2550000 
20221223 HHG 22200 37760000 38400000 510000 
20221223 HHG 22300 37930000 38570000 170000 
20221223 HHG 22800 38830000 41070000  160000
20221223 HHG 22900 38990000 40910000  640000
20221223 HHG 23300 39630000 40270000 1700000 
20221223 HHG -27900 -42290000 122190000  81120000
20221223 HHG 300 530000 1170000 340000 
20221223 HHG 400 700000 1340000 170000 
20221223 HHG -57900 -90290000 170190000  48000000
20221223 HHG "acum_busd" "acum_busd_val" "acum_val" "val_bu" "val_sd"
20221226 HHG 0 10000 330000 170000 
20221226 HHG -100 -160000 160000  160000
20221226 HHG -10600 -16270000 70670000  1500000
20221226 HHG -10700 -16420000 70820000  150000
20221226 HHG 1100 2080000 8800000  3200000
20221226 HHG -11100 -17410000 59330000 800000 150000
20221226 HHG -11500 -18060000 58380000 800000 
20221226 HHG -11900 -18710000 57430000 160000 
20221226 HHG -12000 -18860000 57580000  150000
20221226 HHG -12000 -18870000 57270000 6880000 
20221226 HHG -1200 -1600000 12480000  3680000
20221226 HHG -12200 -19200000 30080000  17600000
20221226 HHG -12800 -19260000 83580000 320000 150000
20221226 HHG -12900 -19410000 83730000  150000
20221226 HHG -12900 -19430000 83110000 4320000 
20221226 HHG -13700 -20920000 75320000  4500000
20221226 HHG -140400 -210630000 275910000  86850000
20221226 HHG -15000 -22560000 86880000  3150000
20221226 HHG -15600 -23750000 78790000 160000 
20221226 HHG -15700 -23910000 78630000 160000 150000
20221226 HHG -15700 -23920000 78320000  3000000
20221226 HHG -16000 -25280000 36160000  6080000
20221226 HHG -16300 -25750000 50390000 6880000 7350000
20221226 HHG -180200 -270330000 335610000  59700000
20221226 HHG -184200 -276330000 341610000  6000000
20221226 HHG -184200 -276330000 358560000  
20221226 HHG -25000 -37540000 102500000 160000 
20221226 HHG -25000 -37560000 101880000  15000000
20221226 HHG -25100 -37700000 102340000 160000 300000
20221226 HHG 2900 4940000 5260000 4930000 
20221226 HHG 3100 5280000 5600000 340000 
20221226 HHG -40000 -60040000 125000000  22500000
20221226 HHG -56500 -84790000 149750000  24750000
20221226 HHG -59300 -88990000 153950000  4200000
20221226 HHG -64300 -96490000 161450000  7500000
20221226 HHG -77300 -115980000 181260000 160000 19650000
20221226 HHG -80300 -120480000 185760000  4500000
20221226 HHG -82500 -123780000 189060000  3300000
20221226 HHG -8600 -13270000 67670000 2240000 150000
20221226 HHG -8700 -13570000 63170000 3840000 
20221226 HHG -8800 -13710000 63630000 160000 
20221226 HHG -8900 -13860000 63780000  150000
20221226 HHG -8900 -13870000 63470000  300000
20221226 HHG -9600 -14770000 69170000  1500000
20221226 HHG -9900 -15360000 65280000  1500000
20221226 HHG "acum_busd" "acum_busd_val" "acum_val" "val_bu" "val_sd"
20221227 HHG 11400 17110000 17390000 5400000 
20221227 HHG 13700 20560000 20840000 3450000 
20221227 HHG 14300 21460000 21740000 900000 
20221227 HHG 14500 21760000 22040000 300000 
20221227 HHG 1600 2410000 2690000 1500000 140000
20221227 HHG 17800 26710000 26990000 4950000 
20221227 HHG 18000 27060000 101380000  140000
20221227 HHG 18100 27200000 101240000  19950000
20221227 HHG 20100 30170000 37630000  1350000
20221227 HHG 20900 31370000 36130000  2100000
20221227 HHG 21000 31520000 36280000 150000 
20221227 HHG 21200 31810000 32090000 5100000 
20221227 HHG 21300 31960000 32240000 150000 
20221227 HHG 22300 33470000 34030000 1650000 140000
20221227 HHG 26500 39810000 114130000 12750000 
20221227 HHG 27600 41420000 48880000 11250000 
20221227 HHG 28300 42470000 49930000 1050000 
20221227 HHG 29000 43520000 50980000 1050000 
20221227 HHG 29000 43560000 122380000 3750000 
20221227 HHG 30900 46600000 125420000 3040000 
20221227 HHG 31400 47150000 81290000  600000
20221227 HHG 31600 47720000 126540000 1120000 
20221227 HHG 31600 47820000 129640000  1500000
20221227 HHG 31700 47980000 129800000 160000 
20221227 HHG 31800 47750000 80690000  150000
20221227 HHG 31900 47900000 80540000  3900000
20221227 HHG 32100 48620000 130440000 640000 
20221227 HHG 32600 49320000 128140000 1600000 
20221227 HHG 34500 51800000 76640000  600000
20221227 HHG 34900 52400000 76040000  2400000
20221227 HHG 36500 54800000 73640000  300000
20221227 HHG 36700 55100000 73340000  3900000
20221227 HHG 39300 59000000 69440000  900000
20221227 HHG 39800 59740000 68380000  450000
20221227 HHG 39900 59900000 68540000 160000 
20221227 HHG 40100 60190000 67930000 16810000 140000
20221227 HHG 4300 6460000 6740000 4050000 
20221227 HHG 700 1050000 1050000 1050000 
20221227 HHG 7300 10960000 11240000 4500000 
20221227 HHG 7800 11710000 11990000 750000 
20221227 HHG "acum_busd" "acum_busd_val" "acum_val" "val_bu" "val_sd"
20221228 HHG 0 10000 310000  150000
20221228 HHG 100 160000 160000 160000 
20221228 HHG -1600 670000 97570000  30000000
20221228 HHG 18400 30670000 67570000  150000
20221228 HHG 18500 30820000 67420000 15520000 
20221228 HHG 2700 4390000 6490000  900000
20221228 HHG -2800 -3860000 14740000  8250000
20221228 HHG 2800 5530000 37030000  600000
20221228 HHG -2900 -4000000 15200000 160000 300000
20221228 HHG 3000 4810000 5110000 3520000 
20221228 HHG 3200 6130000 36430000  750000
20221228 HHG 3300 5290000 5590000 480000 
20221228 HHG 3700 6880000 35680000  600000
20221228 HHG 3700 9150000 106050000 5280000 
20221228 HHG 400 3870000 100770000 1600000 
20221228 HHG 4100 7480000 35080000  600000
20221228 HHG 4400 7920000 34320000 15360000 
20221228 HHG 4500 8080000 34480000 160000 
20221228 HHG 4700 8580000 40380000 3200000 150000
20221228 HHG 4800 8740000 40540000 160000 
20221228 HHG -4900 -7000000 18200000  3000000
20221228 HHG 500 810000 1110000 800000 
20221228 HHG -5100 -7300000 18500000  300000
20221228 HHG -5200 -7440000 18960000 160000 
20221228 HHG -5300 -7600000 18800000  300000
20221228 HHG 5300 9700000 46300000 160000 2250000
20221228 HHG 5500 10020000 46620000 320000 
20221228 HHG -600 2270000 99170000 1600000 
20221228 HHG 6700 11790000 43890000 3200000 150000
20221228 HHG 700 1130000 1430000 320000 
20221228 HHG 800 1290000 1590000 160000 
20221228 HHG 8800 15300000 51900000 5280000 
20221228 HHG "acum_busd" "acum_busd_val" "acum_val" "val_bu" "val_sd"
20221229 HHG 12400 20740000 47740000  3000000
20221229 HHG 14400 23740000 44740000  450000
20221229 HHG 14700 24190000 44290000  1500000
20221229 HHG 15600 25530000 42630000  450000
20221229 HHG 15700 25690000 42790000 160000 
20221229 HHG 15900 25980000 42180000  7500000
20221229 HHG 18800 30120000 31320000 19200000 
20221229 HHG 19100 30600000 31800000 480000 
20221229 HHG 19200 30760000 31960000 160000 
20221229 HHG -200 1840000 66640000  13950000
20221229 HHG 20400 32680000 33880000 1920000 
20221229 HHG 20500 32840000 34040000 160000 
20221229 HHG 20900 33480000 34680000 640000 
20221229 HHG 2100 3360000 3360000 2080000 
20221229 HHG 2800 6640000 71440000 3200000 
20221229 HHG 300 480000 480000 480000 
20221229 HHG 3300 7440000 72240000 800000 
20221229 HHG 3400 7600000 72400000 160000 
20221229 HHG 4700 10680000 105480000 17920000 
20221229 HHG -6500 -7240000 87560000 160000 
20221229 HHG -6600 -7400000 87400000  15000000
20221229 HHG 6700 10760000 11960000 8000000 600000
20221229 HHG 6800 10920000 12120000 160000 
20221229 HHG 700 1120000 1120000 640000 
20221229 HHG 800 1280000 1280000 160000 
20221229 HHG 800 3440000 68240000 1600000 
20221229 HHG 9100 15790000 52690000  4950000
20221229 HHG "acum_busd" "acum_busd_val" "acum_val" "val_bu" "val_sd"
20221230 HHG -1200 -780000 33420000 160000 
20221230 HHG -1300 -940000 33260000 160000 
20221230 HHG -1400 -1100000 33100000  8400000
20221230 HHG 2300 3680000 3680000 3200000 
20221230 HHG 2500 4580000 21980000  150000
20221230 HHG -2600 -2820000 37380000  3000000
20221230 HHG 2600 4730000 21830000  5100000
20221230 HHG 2600 4740000 22140000 160000 
20221230 HHG -26600 -38820000 73380000  34650000
20221230 HHG 2900 5220000 22620000 480000 
20221230 HHG -3000 -3420000 37980000  600000
20221230 HHG 3000 5380000 22780000 160000 
20221230 HHG 300 480000 480000 480000 
20221230 HHG -3500 -4170000 38730000  750000
20221230 HHG 4000 6980000 24380000 1600000 
20221230 HHG 4100 7140000 24540000 160000 
20221230 HHG 4200 7300000 24700000 160000 
20221230 HHG 6000 9830000 16730000  150000
20221230 HHG -600 180000 34380000 960000 
20221230 HHG 6100 9980000 16580000  1500000
20221230 HHG 7100 11480000 15080000  150000
20221230 HHG 7200 11630000 14930000  150000
20221230 HHG 7300 11680000 11680000 8000000 
20221230 HHG 7300 11780000 14780000  1500000
20221230 HHG 8300 13280000 13280000 1600000 
20221230 HHG "acum_busd" "acum_busd_val" "acum_val" "val_bu" "val_sd"
20230103 HHG 100 160000 160000 160000 
20230103 HHG -1100 -1640000 1960000  450000
20230103 HHG 116400 175130000 334130000 58050000 
20230103 HHG 118400 178130000 339230000 3000000 
20230103 HHG 133600 200930000 401030000  450000
20230103 HHG 133900 201380000 400580000  2100000
20230103 HHG 134200 201900000 402300000 1120000 150000
20230103 HHG 134800 202730000 364130000 24750000 150000
20230103 HHG 135100 203180000 364580000 450000 
20230103 HHG 135300 203480000 398480000  300000
20230103 HHG 135500 203780000 398180000  600000
20230103 HHG 135900 204380000 397580000  3750000
20230103 HHG 136500 205280000 366680000 2100000 
20230103 HHG 137200 206700000 407100000 4800000 
20230103 HHG 137900 207870000 409770000  750000
20230103 HHG 138000 208030000 409930000 160000 
20230103 HHG 138200 208300000 408700000 1600000 
20230103 HHG 138400 208130000 393830000 150000 12000000
20230103 HHG 138400 208620000 409020000 320000 
20230103 HHG 138500 208830000 410730000 800000 
20230103 HHG 140700 212350000 414250000 3520000 
20230103 HHG 140800 212510000 414410000 160000 
20230103 HHG 142400 214130000 375530000 8850000 
20230103 HHG 142800 215710000 417610000 3200000 
20230103 HHG 143100 216190000 418090000 480000 
20230103 HHG 144100 217790000 419690000 1600000 
20230103 HHG 146100 219680000 381080000 5550000 
20230103 HHG 146300 219980000 381680000 450000 150000
20230103 HHG 146300 221310000 423210000 3520000 
20230103 HHG 146400 221470000 423370000 160000 
20230103 HHG 146600 221790000 423690000 320000 
20230103 HHG 146900 222270000 424170000 480000 
20230103 HHG 148900 225470000 427370000 3200000 
20230103 HHG 161200 245150000 447050000 19680000 
20230103 HHG 162200 246750000 448650000 1600000 
20230103 HHG -17700 -26540000 70360000 150000 
20230103 HHG -17800 -26690000 70210000 13500000 
20230103 HHG 184000 281630000 483530000 34880000 
20230103 HHG 184100 281790000 483690000 160000 
20230103 HHG -26800 -40190000 56710000 5850000 
20230103 HHG -2900 -4340000 118360000 150000 
20230103 HHG -3000 -4490000 118210000  3150000
20230103 HHG -30700 -46040000 50860000 750000 
20230103 HHG 3100 4660000 127360000 9000000 
20230103 HHG -31200 -46790000 50110000 1500000 46650000
20230103 HHG 3900 5860000 128560000 1200000 
20230103 HHG -400 -590000 910000  750000
20230103 HHG 52500 78760000 201460000 69750000 
20230103 HHG 5600 8410000 105310000 34950000 
20230103 HHG 6000 9010000 131710000 3150000 
20230103 HHG 74900 112360000 235060000 33600000 
20230103 HHG 77700 117080000 276080000  15000000
20230103 HHG -800 -1190000 1510000  600000
20230103 HHG 82700 124060000 252460000 14550000 2850000
20230103 HHG 82800 124220000 252620000 160000 
20230103 HHG 87700 132060000 260460000 7840000 
20230103 HHG 87700 132080000 261080000  300000
20230103 HHG 87900 132380000 260780000 320000 
20230103 HHG -900 -1340000 115060000  9750000
20230103 HHG "acum_busd" "acum_busd_val" "acum_val" "val_bu" "val_sd"
20230104 HHG 112600 180170000 239510000 25600000 
20230104 HHG 112800 180490000 239830000 320000 
20230104 HHG 113500 181610000 240950000 1120000 
20230104 HHG 114100 182570000 241910000 960000 
20230104 HHG 118200 189130000 248470000 6560000 
20230104 HHG 119700 191530000 250870000 2400000 
20230104 HHG 119800 191690000 251030000 160000 
20230104 HHG 120000 192010000 251350000 320000 
20230104 HHG 120100 192170000 251510000 160000 
20230104 HHG 122100 195370000 254710000 3200000 
20230104 HHG 122200 195530000 254870000 160000 
20230104 HHG 122300 195690000 255030000 160000 
20230104 HHG 133300 213290000 272630000 17600000 
20230104 HHG 134400 215050000 274390000 1760000 
20230104 HHG 137300 219690000 279030000 4640000 
20230104 HHG 137400 219850000 279190000 160000 
20230104 HHG 138400 221450000 280790000 1600000 
20230104 HHG 138900 222270000 282210000  300000
20230104 HHG 139000 222430000 282370000 160000 
20230104 HHG 139100 222570000 281910000 1120000 
20230104 HHG 14700 23520000 33760000 23520000 
20230104 HHG 149500 239230000 299170000 16800000 
20230104 HHG 151500 242430000 302370000 3200000 
20230104 HHG 151800 242910000 302850000 480000 
20230104 HHG 153800 246110000 306050000 3200000 
20230104 HHG 155800 249310000 309250000 3200000 
20230104 HHG 156800 251020000 314260000  150000
20230104 HHG 156900 251170000 314110000  1500000
20230104 HHG 156900 251180000 314420000 160000 
20230104 HHG 157100 251500000 314740000 320000 
20230104 HHG 157100 251500000 315060000  
20230104 HHG 157700 252350000 312290000 3040000 
20230104 HHG 157900 252670000 312610000 320000 
20230104 HHG 19100 30570000 41110000 7200000 150000
20230104 HHG 22100 35370000 45910000 4800000 
20230104 HHG 25900 41450000 51990000 6080000 
20230104 HHG 26000 41610000 52150000 160000 
20230104 HHG 38500 61610000 72150000 20000000 
20230104 HHG 40500 64810000 75350000 3200000 
20230104 HHG 43500 69610000 80150000 4800000 
20230104 HHG 45500 72810000 83350000 3200000 
20230104 HHG 74500 119210000 129750000 46400000 
20230104 HHG 87700 140330000 187670000  17920000
20230104 HHG 91100 145770000 193110000 5440000 
20230104 HHG 91200 145930000 193270000 160000 
20230104 HHG 96600 154570000 201910000 8640000 
20230104 HHG 98900 158250000 169750000  480000
20230104 HHG 99200 158730000 169270000 39520000 
20230104 HHG "acum_busd" "acum_busd_val" "acum_val" "val_bu" "val_sd"
20230105 HHG 0 600000 18600000 1920000 
20230105 HHG 1000 1640000 2840000 2080000 
20230105 HHG 1100 1800000 3000000 160000 
20230105 HHG -1200 -1090000 23810000 160000 2850000
20230105 HHG -1200 -1320000 16680000 160000 
20230105 HHG 1200 1960000 3160000 160000 
20230105 HHG -1300 -1480000 16520000  5250000
20230105 HHG 1300 2140000 3940000  150000
20230105 HHG 1400 2290000 3790000 480000 150000
20230105 HHG 2100 3420000 5220000 1280000 
20230105 HHG 2200 3770000 11270000  1500000
20230105 HHG -300 -440000 760000 160000 
20230105 HHG 3200 5270000 9770000  1200000
20230105 HHG 3600 5820000 7620000 2400000 
20230105 HHG -400 0 19200000  600000
20230105 HHG 4000 6470000 8570000 800000 150000
20230105 HHG -400 -600000 600000  600000
20230105 HHG 5000 9230000 46130000  3000000
20230105 HHG 5500 10030000 46930000 800000 
20230105 HHG 600 1600000 20800000 1600000 
20230105 HHG 6500 11630000 48530000 1600000 
20230105 HHG 6600 11790000 48690000 160000 
20230105 HHG 6600 11790000 53490000  
20230105 HHG 7000 12230000 43130000  3000000
20230105 HHG 8800 14910000 39810000 16000000 
20230105 HHG 9000 15230000 40130000 320000 
20230105 HHG "acum_busd" "acum_busd_val" "acum_val" "val_bu" "val_sd"
20230106 HHG -100 -150000 150000  150000
20230106 HHG -37900 -56170000 77930000 160000 
20230106 HHG -38000 -56330000 77770000 640000 
20230106 HHG -38100 -56470000 78230000  300000
20230106 HHG -38400 -56970000 77130000 160000 
20230106 HHG -38500 -57130000 76970000 1600000 
20230106 HHG -39500 -58730000 75370000 1760000 
20230106 HHG -40100 -59470000 81230000  3000000
20230106 HHG -40600 -60490000 73610000 480000 
20230106 HHG -40900 -60970000 73130000 1600000 
20230106 HHG -41800 -61720000 93080000 320000 
20230106 HHG -41900 -62570000 71530000 1600000 
20230106 HHG -42000 -62040000 92760000 320000 
20230106 HHG -42200 -62360000 92440000 320000 
20230106 HHG -42400 -62680000 92120000 320000 
20230106 HHG -42600 -63000000 91800000 3520000 
20230106 HHG -42900 -64170000 69930000 160000 
20230106 HHG -43000 -64330000 69770000 160000 
20230106 HHG -43100 -64490000 69610000 2400000 
20230106 HHG -44200 -65620000 87380000  6150000
20230106 HHG -44500 -66070000 87830000  450000
20230106 HHG -44600 -66890000 67210000 160000 
20230106 HHG -44700 -67050000 67050000  66300000
20230106 HHG -44800 -66520000 88280000  450000
20230106 HHG -500 -750000 750000  600000
20230106 HHG -51800 -76720000 108080000  15000000
20230106 HHG -54300 -80400000 114000000 1120000 4800000
20230106 HHG -93700 -139500000 173100000  59100000
20230106 HHG "acum_busd" "acum_busd_val" "acum_val" "val_bu" "val_sd"
20230109 HHG -1000 1360000 90160000 160000 
20230109 HHG -100 1080000 38280000  450000
20230109 HHG -100 1180000 41380000 1600000 
20230109 HHG 100 3000000 88200000  600000
20230109 HHG 10200 16520000 22520000  3000000
20230109 HHG 10500 18150000 58650000  150000
20230109 HHG 10600 18300000 58500000 16000000 
20230109 HHG 10600 18310000 58810000 160000 
20230109 HHG -1100 1200000 90000000  1800000
20230109 HHG -1100 -420000 39780000  1500000
20230109 HHG 12200 19520000 19520000 19520000 
20230109 HHG 12600 21610000 65110000  1500000
20230109 HHG 13600 23110000 63610000 4800000 
20230109 HHG -2000 -130000 91970000 160000 
20230109 HHG 200 1530000 37830000 160000 14700000
20230109 HHG -200 2410000 84310000  4800000
20230109 HHG 200 3100000 86500000 800000 
20230109 HHG -2100 -290000 91810000  1650000
20230109 HHG 3000 7210000 79510000  150000
20230109 HHG -300 2300000 85700000 160000 
20230109 HHG 3100 7360000 79360000  14250000
20230109 HHG -400 2140000 85540000 480000 
20230109 HHG 500 3600000 87600000  300000
20230109 HHG 600 2300000 42500000 1120000 
20230109 HHG -700 1660000 85060000  750000
20230109 HHG 700 3900000 87300000 800000 
20230109 HHG -9300 -11080000 102920000  10950000
20230109 HHG 9900 16070000 22970000  450000
20230109 HHG "acum_busd" "acum_busd_val" "acum_val" "val_bu" "val_sd"
20230110 HHG -10300 -15450000 110850000 1500000 
20230110 HHG -11300 -16950000 109350000 3000000 
20230110 HHG -1300 -1950000 1950000  1950000
20230110 HHG -13300 -19950000 106350000 300000 
20230110 HHG -13500 -20250000 106050000 300000 
20230110 HHG -13700 -20550000 105750000 900000 
20230110 HHG -14300 -21450000 104850000 600000 
20230110 HHG -14700 -22050000 104250000 450000 
20230110 HHG -15000 -22500000 103800000 16050000 
20230110 HHG -16600 -19560000 291060000 29400000 
20230110 HHG -16600 -24900000 24900000  14850000
20230110 HHG -18900 -28350000 28350000  3450000
20230110 HHG -20900 -31350000 31350000  3000000
20230110 HHG -25700 -38550000 87750000 300000 
20230110 HHG -25900 -38850000 38850000  7500000
20230110 HHG -25900 -38850000 87450000 4200000 
20230110 HHG -27000 -40500000 40500000  1650000
20230110 HHG -28700 -43050000 83250000 150000 
20230110 HHG -28800 -43200000 83100000 1650000 
20230110 HHG -29900 -44850000 81450000 450000 
20230110 HHG -30200 -45300000 81000000 17850000 
20230110 HHG -3300 -4950000 4950000  3000000
20230110 HHG -3400 -5100000 5100000  150000
20230110 HHG -35100 -47440000 224740000 600000 
20230110 HHG -35500 -48040000 224140000 750000 
20230110 HHG -36000 -48790000 223390000 7650000 
20230110 HHG -3600 -5400000 5400000  300000
20230110 HHG -36200 -48960000 226860000 300000 
20230110 HHG -36400 -49260000 226560000  1819999.9999999998
20230110 HHG -40100 -60150000 60150000  19650000
20230110 HHG -41100 -56440000 215740000 3000000 
20230110 HHG -41100 -61650000 61650000  1500000
20230110 HHG -42100 -63150000 63150000  1500000
20230110 HHG -43100 -59440000 212740000 1050000 
20230110 HHG -43800 -60490000 211690000 3150000 
20230110 HHG -45900 -63640000 208540000 6600000 
20230110 HHG -4600 -6900000 6900000  1500000
20230110 HHG -50300 -70240000 201940000 150000 
20230110 HHG -50400 -70390000 201790000 8100000 
20230110 HHG -55800 -78490000 193690000 6000000 
20230110 HHG -5800 -8700000 8700000  1800000
20230110 HHG -59800 -84490000 187690000 900000 
20230110 HHG -60400 -85390000 186790000 1500000 
20230110 HHG -60400 -85590000 180990000  70140000
20230110 HHG -61400 -86890000 185290000 1500000 
20230110 HHG -62400 -88390000 183790000  2800000
20230110 HHG -6700 -10050000 10050000  1350000
20230110 HHG "acum_busd" "acum_busd_val" "acum_val" "val_bu" "val_sd"
20230111 HHG 1000 2710000 57970000  1950000
20230111 HHG -10200 -13970000 78490000 1600000 
20230111 HHG -10600 -14680000 75680000  2550000
20230111 HHG -11200 -15570000 76890000 160000 
20230111 HHG -11300 -15730000 76730000  1050000
20230111 HHG -1300 -1230000 46230000 2700000 10650000
20230111 HHG -1600 -1670000 46990000 160000 600000
20230111 HHG -17600 -24600000 104160000  15150000
20230111 HHG 1900 4010000 55070000 1600000 
20230111 HHG -20300 -28650000 108210000  4050000
20230111 HHG -21100 -29850000 109410000  1200000
20230111 HHG 2300 4660000 56020000  150000
20230111 HHG 2400 4810000 55870000 800000 
20230111 HHG -3100 -3930000 22230000 750000 
20230111 HHG -3600 -4680000 21480000 300000 
20230111 HHG -3800 -4980000 21180000 600000 
20230111 HHG 4000 6720000 32880000 10650000 
20230111 HHG -4200 -5580000 20580000 3000000 
20230111 HHG -47200 -69000000 148560000  39150000
20230111 HHG -47300 -69150000 148710000  150000
20230111 HHG -5500 -6450000 86010000 6400000 
20230111 HHG -57300 -84150000 163710000  15000000
20230111 HHG -5800 -6900000 86460000  450000
20230111 HHG -60600 -89100000 168660000  4950000
20230111 HHG -60700 -89250000 168810000  150000
20230111 HHG -6200 -8580000 17580000 4500000 13080000
20230111 HHG -7400 -9300000 88860000  2400000
20230111 HHG -7500 -9450000 89010000  150000
20230111 HHG -8900 -12130000 73130000 160000 
20230111 HHG -9000 -12290000 72970000  15000000
20230111 HHG 900 2410000 53470000 5280000 1200000
20230111 HHG -90700 -134250000 213810000  45000000
20230111 HHG -90700 -134250000 221970000  
20230111 HHG -9500 -12850000 79610000 480000 
20230111 HHG -9800 -13330000 79130000 640000 
20230111 HHG "acum_busd" "acum_busd_val" "acum_val" "val_bu" "val_sd"
20230112 HHG 1200 2230000 11530000  2850000
20230112 HHG 2200 3520000 3520000 3520000 
20230112 HHG 3100 5080000 8680000  1800000
20230112 HHG 3600 5760000 5760000 2240000 
20230112 HHG 3700 5920000 5920000 160000 
20230112 HHG 4100 6560000 6560000 640000 
20230112 HHG 4300 6880000 6880000 320000 
20230112 HHG 500 1180000 12580000  300000
20230112 HHG 700 1480000 12280000  750000
20230112 HHG -71200 -106010000 131290000 4480000 
20230112 HHG -71200 -106010000 171640000  
20230112 HHG -74000 -110490000 126810000 480000 
20230112 HHG -74300 -110970000 126330000 320000 
20230112 HHG -74500 -111290000 126010000 320000 
20230112 HHG -74700 -111610000 125690000 160000 
20230112 HHG -74800 -111770000 125530000  112950000
20230112 HHG "acum_busd" "acum_busd_val" "acum_val" "val_bu" "val_sd"
20230113 HHG -1100 3340000 156340000 19200000 
20230113 HHG -13100 -15860000 137140000 8000000 
20230113 HHG -13200 -19790000 20110000  12000000
20230113 HHG -14000 -20970000 21930000 160000 
20230113 HHG -14100 -21130000 21770000 160000 
20230113 HHG -14200 -21290000 21610000  1500000
20230113 HHG 16200 31590000 201690000  4500000
20230113 HHG -16400 -21610000 117290000 320000 
20230113 HHG -16600 -21930000 116970000 32000000 
20230113 HHG -17100 -22660000 118340000  1050000
20230113 HHG -18100 -23860000 129140000 4800000 
20230113 HHG 18900 35340000 188340000 16000000 
20230113 HHG -19100 -25660000 121340000  3000000
20230113 HHG 19200 36090000 197190000  1050000
20230113 HHG 19900 37140000 196140000  3000000
20230113 HHG -21100 -28660000 124340000  3000000
20230113 HHG 21900 40140000 193140000 4800000 
20230113 HHG -24000 -35970000 36930000  15000000
20230113 HHG -33900 -50810000 52090000 160000 
20230113 HHG -34000 -50970000 51930000  15000000
20230113 HHG -35600 -52430000 83470000 160000 
20230113 HHG -35700 -52590000 83310000 14720000 
20230113 HHG -36600 -53930000 84970000  1500000
20230113 HHG -4300 950000 235850000  15000000
20230113 HHG -44900 -67310000 68590000  16500000
20230113 HHG 4700 14340000 218940000  750000
20230113 HHG 4800 14500000 219100000 160000 
20230113 HHG 5200 15090000 218190000  16500000
20230113 HHG -5200 -7790000 8110000 160000 7950000
20230113 HHG 5700 15950000 220850000  150000
20230113 HHG 5800 16100000 220700000 1600000 
20230113 HHG -6200 -1890000 239010000 160000 
20230113 HHG -6200 -1890000 270050000  
20230113 HHG -6300 -2050000 238850000  3000000
20230113 HHG 8900 19340000 172340000 16000000 
20230113 HHG "acum_busd" "acum_busd_val" "acum_val" "val_bu" "val_sd"
20230116 HHG -1000 -1460000 2740000 160000 
20230116 HHG -100 -150000 150000  150000
20230116 HHG 10400 19770000 113670000  10650000
20230116 HHG 10500 19930000 113830000 160000 
20230116 HHG 10600 20090000 113990000 160000 
20230116 HHG -1100 -1620000 2580000 320000 
20230116 HHG -1100 -1650000 1650000  1500000
20230116 HHG 11200 21050000 114950000 960000 
20230116 HHG 12600 23290000 117190000 2240000 
20230116 HHG -1300 -1940000 2260000 160000 
20230116 HHG 1300 2220000 6420000 3680000 
20230116 HHG 13600 24890000 118790000 1600000 
20230116 HHG 13700 25050000 118950000 160000 
20230116 HHG 13700 25050000 142050000  
20230116 HHG -1400 -2100000 2100000  450000
20230116 HHG 17400 30260000 102860000  300000
20230116 HHG 17500 30420000 103020000 160000 
20230116 HHG 17600 30560000 102560000  750000
20230116 HHG 18100 31310000 101810000  7500000
20230116 HHG 23000 38650000 94150000  300000
20230116 HHG 23100 38810000 94310000 160000 
20230116 HHG 23200 38950000 93850000 160000 10350000
20230116 HHG 26800 43020000 47220000 40800000 
20230116 HHG 30000 49140000 83340000 21120000 15000000
20230116 HHG "acum_busd" "acum_busd_val" "acum_val" "val_bu" "val_sd"
20230117 HHG 100 160000 160000 160000 
20230117 HHG 11400 19560000 59160000 8480000 
20230117 HHG -1400 -1920000 7680000 160000 
20230117 HHG -1500 -2080000 7520000  4500000
20230117 HHG 1500 2420000 3020000 1920000 
20230117 HHG -2000 -1890000 37410000 1760000 
20230117 HHG -2000 -2780000 9820000 160000 
20230117 HHG 200 340000 940000  300000
20230117 HHG -2100 -2940000 9660000 320000 
20230117 HHG -2300 -3260000 9340000 160000 1500000
20230117 HHG -2900 -3360000 35040000 5600000 
20230117 HHG 300 500000 1100000 160000 
20230117 HHG -3100 -3650000 35650000 160000 
20230117 HHG -3200 -3810000 35490000  450000
20230117 HHG 400 640000 640000 480000 
20230117 HHG 4200 8040000 47640000  150000
20230117 HHG 4300 8190000 47490000 10080000 
20230117 HHG -4500 -6120000 26280000 3200000 
20230117 HHG -4900 -6720000 26880000  600000
20230117 HHG -5000 -6870000 27030000  150000
20230117 HHG 5900 10760000 50360000 2720000 
20230117 HHG -5900 -8220000 28380000  1350000
20230117 HHG 6100 11080000 50680000 320000 
20230117 HHG -6400 -8960000 29440000 160000 
20230117 HHG -6400 -8970000 29130000  750000
20230117 HHG -6500 -9120000 29280000  150000
20230117 HHG -6500 -9320000 23080000 160000 
20230117 HHG -6600 -9480000 22920000 3200000 
20230117 HHG -8600 -12680000 19720000  9900000
20230117 HHG "acum_busd" "acum_busd_val" "acum_val" "val_bu" "val_sd"
20230118 HHG 100 160000 160000 160000 
20230118 HHG 18700 29920000 29920000 16320000 
20230118 HHG 19700 31520000 31520000 1600000 
20230118 HHG 22100 35450000 38150000  750000
20230118 HHG 22600 36200000 37400000  150000
20230118 HHG 22700 36350000 37250000  450000
20230118 HHG 22900 36640000 36640000 5120000 
20230118 HHG 23000 36800000 36800000 160000 
20230118 HHG 30100 48250000 50950000 12800000 
20230118 HHG 30200 48410000 51110000 160000 
20230118 HHG 30300 48600000 52200000 640000 450000
20230118 HHG 30400 48760000 52360000 160000 
20230118 HHG 30600 49080000 52680000 320000 
20230118 HHG 31300 50530000 64030000  4950000
20230118 HHG 31500 50850000 64350000 320000 
20230118 HHG 32600 52610000 66110000 1760000 
20230118 HHG 3300 5280000 5280000 5120000 
20230118 HHG 33600 53880000 57480000 4800000 
20230118 HHG 34600 55480000 59080000 1600000 
20230118 HHG 34900 56290000 69790000 3680000 
20230118 HHG 35500 57250000 70750000 960000 
20230118 HHG 35700 59470000 129970000  6900000
20230118 HHG 35700 59470000 190450000  
20230118 HHG 40300 66370000 123070000  3000000
20230118 HHG 42300 69370000 120070000  18600000
20230118 HHG 4800 7680000 7680000 2400000 
20230118 HHG 54700 87970000 101470000 30720000 
20230118 HHG 8400 13440000 13440000 5760000 
20230118 HHG 8500 13600000 13600000 160000 
20230118 HHG "acum_busd" "acum_busd_val" "acum_val" "val_bu" "val_sd"
20230119 HHG 0 10000 310000  150000
20230119 HHG 100 160000 160000 160000 
20230119 HHG 11000 17810000 24110000 14720000 
20230119 HHG 1200 2130000 8430000 4800000 3000000
20230119 HHG 1300 2290000 8590000 160000 
20230119 HHG 15200 24530000 30830000 6720000 
20230119 HHG 15400 24850000 31150000 320000 
20230119 HHG 15600 25170000 31470000 320000 
20230119 HHG 16600 26770000 33070000 1600000 
20230119 HHG 1700 2930000 9230000 640000 
20230119 HHG 1800 3090000 9390000 160000 
20230119 HHG 200 330000 630000 320000 
20230119 HHG 36600 58770000 65070000 32000000 
20230119 HHG 46700 74930000 81230000 16160000 
20230119 HHG 50400 86380000 258580000  10800000
20230119 HHG 50500 86540000 258740000 160000 
20230119 HHG 50500 86550000 309600000  150000
20230119 HHG 50600 86700000 258900000 160000 
20230119 HHG 50600 86700000 309450000  
20230119 HHG 53300 85850000 102950000 16320000 5400000
20230119 HHG 56700 93000000 161400000  22500000
20230119 HHG 56800 93160000 161560000 160000 
20230119 HHG 56800 93180000 162180000 320000 300000
20230119 HHG 57600 97180000 247780000  37500000
20230119 HHG 63500 102170000 119270000 16320000 
20230119 HHG 71700 115500000 138900000  3000000
20230119 HHG 73500 118170000 135270000 16000000 
20230119 HHG 73700 118500000 135900000  150000
20230119 HHG 73800 118650000 135750000 480000 
20230119 HHG 81600 133080000 208680000 43200000 3300000
20230119 HHG 82100 133880000 209480000 800000 
20230119 HHG 82600 134680000 210280000 800000 
20230119 HHG "acum_busd" "acum_busd_val" "acum_val" "val_bu" "val_sd"
20230127 HHG 118300 189580000 198580000 192000000 
20230127 HHG 120300 192780000 201780000 3200000 
20230127 HHG 121900 195340000 204340000 2560000 
20230127 HHG 139500 223500000 232500000 28160000 
20230127 HHG 140900 225740000 479220000  160000
20230127 HHG 141000 225900000 479060000  4160000
20230127 HHG 141700 227020000 481140000 160000 320000
20230127 HHG 141800 227180000 480660000 1440000 
20230127 HHG 142500 228300000 485620000 2880000 1600000
20230127 HHG 143600 230060000 474900000  17600000
20230127 HHG 144500 231500000 488820000 3200000 
20230127 HHG 148000 237100000 494420000 5600000 
20230127 HHG 148300 237580000 494900000 480000 
20230127 HHG 148400 237740000 495060000 160000 
20230127 HHG 149200 239020000 496340000 1280000 
20230127 HHG 150200 240620000 497940000 1600000 
20230127 HHG 151800 243180000 500500000 2560000 
20230127 HHG 154600 247660000 457300000  2880000
20230127 HHG 156400 250540000 454420000  2560000
20230127 HHG 158000 253100000 451860000  480000
20230127 HHG 158000 253100000 510420000 9920000 
20230127 HHG 158300 253580000 451380000  3200000
20230127 HHG 160300 256780000 448180000  640000
20230127 HHG 160700 257420000 447540000  480000
20230127 HHG 161000 257900000 447060000  28800000
20230127 HHG 168900 270540000 279540000 47040000 
20230127 HHG -1700 -2420000 6580000 1600000 
20230127 HHG 179000 286700000 418260000  2240000
20230127 HHG 180400 288940000 416020000  6400000
20230127 HHG 184400 295340000 409620000  4800000
20230127 HHG 187400 300140000 404820000  960000
20230127 HHG 188000 301100000 403860000  1600000
20230127 HHG 189000 302700000 402260000  4480000
20230127 HHG 191800 307180000 397780000  320000
20230127 HHG 192000 307500000 397460000  4800000
20230127 HHG 195000 312300000 392660000  29120000
20230127 HHG 199100 318860000 576180000 65760000 
20230127 HHG 213200 341420000 363540000 77440000 6560000
20230127 HHG 217700 348620000 605940000 29760000 
20230127 HHG 239000 382700000 784340000  23200000
20230127 HHG 253500 405900000 761140000  160000
20230127 HHG 253600 406060000 760980000  1120000
20230127 HHG 254300 407180000 759860000  16480000
20230127 HHG 264600 423660000 743380000  640000
20230127 HHG 265000 424300000 742740000  800000
20230127 HHG 265500 425100000 741940000  2400000
20230127 HHG 267000 427500000 739540000  320000
20230127 HHG 267200 427820000 739220000  7040000
20230127 HHG -2700 -4020000 4980000 160000 
20230127 HHG 271600 434860000 732180000  8320000
20230127 HHG 276800 443180000 723860000  640000
20230127 HHG 277200 443820000 723220000  6400000
20230127 HHG -2800 -4180000 4820000 320000 
20230127 HHG 281200 450220000 716820000  800000
20230127 HHG 281700 451020000 716020000  640000
20230127 HHG 282100 451660000 715380000  160000
20230127 HHG 282200 451820000 715220000 106240000 3040000
20230127 HHG -3000 -4500000 4500000  4500000
20230127 HHG "acum_busd" "acum_busd_val" "acum_val" "val_bu" "val_sd"
20230130 HHG 123200 209990000 227590000 42330000 
20230130 HHG 125300 213560000 497720000  13940000
20230130 HHG 133500 227500000 483780000  340000
20230130 HHG 133700 227840000 483440000  510000
20230130 HHG 134000 228350000 482930000  3400000
20230130 HHG 136000 231750000 479530000  4080000
20230130 HHG 138400 235830000 475450000  27880000
20230130 HHG 14400 24620000 29100000 25500000 
20230130 HHG 14600 25270000 39670000  3360000
20230130 HHG 154800 263710000 447570000  340000
20230130 HHG 155000 264050000 447230000  1700000
20230130 HHG 156000 265750000 445530000  17000000
20230130 HHG 166000 282750000 428530000  21590000
20230130 HHG 166500 283600000 301200000 73610000 
20230130 HHG 16700 28630000 36310000  1600000
20230130 HHG 17700 30230000 34710000 5610000 
20230130 HHG 178700 304340000 406940000  170000
20230130 HHG 178800 304510000 406770000  8500000
20230130 HHG 183800 313010000 398270000  510000
20230130 HHG 184100 313520000 397760000  170000
20230130 HHG 184200 313690000 397590000  1530000
20230130 HHG 185100 315220000 396060000  170000
20230130 HHG 185200 315390000 395890000  1530000
20230130 HHG 186100 316920000 394360000  4760000
20230130 HHG 188900 321680000 389600000 63240000 25160000
20230130 HHG 32900 56380000 70780000 31110000 
20230130 HHG 33000 56650000 654630000  49300000
20230130 HHG 33000 56650000 673160000  
20230130 HHG 42900 73380000 87780000 17000000 
20230130 HHG 43000 73550000 87950000 170000 
20230130 HHG 43100 73720000 88120000 170000 
20230130 HHG 43400 74230000 88630000 510000 
20230130 HHG 49700 84940000 99340000 10710000 
20230130 HHG -600 -880000 3600000 1360000 2240000
20230130 HHG 60300 102960000 117360000 18020000 
20230130 HHG 60600 103470000 117870000 510000 
20230130 HHG 62000 105950000 605330000  9690000
20230130 HHG 66100 112820000 127220000 9350000 
20230130 HHG 67700 115640000 595640000  1700000
20230130 HHG 68100 116320000 133920000 5100000 1600000
20230130 HHG 68700 117340000 593940000  170000
20230130 HHG 68800 117510000 593770000  4250000
20230130 HHG 71300 121760000 589520000  17510000
20230130 HHG 81600 139270000 572010000  9690000
20230130 HHG 87300 148960000 562320000  64600000
20230130 HHG 98300 167660000 185260000 51340000 
20230130 HHG "acum_busd" "acum_busd_val" "acum_val" "val_bu" "val_sd"
20230131 HHG -100 -160000 520000 180000 340000
20230131 HHG 10400 23620000 351380000 84960000 
20230131 HHG 11200 25060000 352820000 1440000 
20230131 HHG 11300 25240000 353000000 180000 
20230131 HHG 11400 25420000 353180000 180000 
20230131 HHG 12400 27220000 354980000 1800000 
20230131 HHG 12900 28120000 355880000 900000 
20230131 HHG -14200 -15920000 528460000 2550000 
20230131 HHG -15700 -18470000 525910000 1700000 
20230131 HHG -15700 -20490000 459250000 340000 
20230131 HHG -15900 -20810000 459570000  320000
20230131 HHG -15900 -20830000 458910000 18020000 
20230131 HHG -16700 -20170000 524210000 4250000 
20230131 HHG -19200 -24420000 519960000 2720000 
20230131 HHG 19500 42400000 678620000  5950000
20230131 HHG -20800 -27140000 517240000 17000000 
20230131 HHG -21200 -36020000 94200000 180000 170000
20230131 HHG -21200 -36030000 93850000 28730000 3400000
20230131 HHG -21500 -27330000 549050000 2720000 
20230131 HHG 22900 48170000 672490000  3400000
20230131 HHG 23000 48350000 672670000 180000 
20230131 HHG -23100 -30050000 546330000 1700000 
20230131 HHG -23300 -33410000 417770000 180000 61710000
20230131 HHG -24100 -31750000 544630000 170000 
20230131 HHG -24200 -31920000 544460000  16000000
20230131 HHG 24700 51210000 668730000  340000
20230131 HHG 24900 51550000 668390000  19210000
20230131 HHG 24900 51570000 669090000 360000 
20230131 HHG -26500 -38850000 440890000 340000 
20230131 HHG -26700 -39190000 440550000 850000 
20230131 HHG -27200 -40040000 439700000 510000 
20230131 HHG -27500 -40550000 439190000 510000 
20230131 HHG -27800 -41060000 438680000 6630000 14280000
20230131 HHG -30800 -44140000 500240000 8670000 
20230131 HHG -35900 -52810000 491570000  32000000
20230131 HHG -36000 -61190000 61550000  51170000
20230131 HHG -36100 -61360000 61720000  170000
20230131 HHG 36200 70760000 649180000 48280000 1020000
20230131 HHG -36800 -61340000 266420000 18000000 
20230131 HHG -43200 -73420000 131600000  37400000
20230131 HHG -46800 -79340000 248420000 1440000 
20230131 HHG -46800 -79500000 242820000 360000 
20230131 HHG -47000 -79860000 242460000 360000 
20230131 HHG -47100 -80010000 243330000  510000
20230131 HHG -47100 -80050000 241930000 23630000 11390000
20230131 HHG -47200 -80220000 242100000  170000
20230131 HHG -47600 -80780000 246980000 1080000 
20230131 HHG -47600 -80860000 244180000  850000
20230131 HHG -48200 -81860000 245900000 180000 
20230131 HHG -48300 -82040000 245720000 180000 
20230131 HHG -48400 -82220000 245540000  1360000
20230131 HHG -5100 -8660000 9020000  8500000
20230131 HHG -53400 -90760000 148940000  17340000
20230131 HHG -54300 -92290000 206910000 18530000 
20230131 HHG -5900 -10020000 10380000  1360000
20230131 HHG -65200 -110820000 188380000 8500000 
20230131 HHG -69900 -118810000 176990000  28050000
20230131 HHG -70200 -119320000 179880000 510000 
20230131 HHG -70500 -119830000 179370000 680000 1700000
20230131 HHG 8400 23500000 599880000 30090000 
20230131 HHG -9300 -6590000 569790000 20740000 
20230131 HHG "acum_busd" "acum_busd_val" "acum_val" "val_bu" "val_sd"
20230201 HHG -1000 -1590000 25440000 1260000 
20230201 HHG -1000 -1700000 21590000 9860000 7480000
20230201 HHG 100 390000 27420000 1800000 
20230201 HHG -100 410000 40360000  6460000
20230201 HHG -107600 -182100000 231510000  19890000
20230201 HHG -1100 -1870000 21760000  170000
20230201 HHG -110200 -186520000 235930000  4420000
20230201 HHG -116900 -197910000 247320000  11390000
20230201 HHG -134800 -227840000 340490000 23800000 
20230201 HHG 1400 2730000 29760000 1800000 
20230201 HHG -143900 -243810000 308520000 170000 
20230201 HHG -144000 -243980000 308350000 2380000 
20230201 HHG -145400 -246360000 305970000 1700000 
20230201 HHG -146400 -248060000 304270000 510000 
20230201 HHG -146700 -248570000 303760000 2890000 53550000
20230201 HHG -148800 -251640000 316690000 170000 
20230201 HHG -148900 -251810000 316520000  8000000
20230201 HHG -1700 -2850000 24180000 720000 1700000
20230201 HHG -2400 -4080000 4250000  4080000
20230201 HHG 3600 6690000 33720000 3960000 
20230201 HHG 3700 6870000 33900000 180000 
20230201 HHG 400 930000 27960000 540000 
20230201 HHG -74300 -125490000 174900000 1440000 
20230201 HHG -74400 -125660000 175070000  170000
20230201 HHG -75000 -126680000 176090000  1020000
20230201 HHG -75100 -126930000 173460000 1620000 
20230201 HHG -75500 -127770000 168540000  128180000
20230201 HHG -75800 -128280000 169050000  510000
20230201 HHG -76000 -128550000 171840000 1260000 
20230201 HHG -76500 -129470000 170240000  1190000
20230201 HHG -76700 -129810000 170580000  340000
20230201 HHG -88800 -150140000 199550000  23460000
20230201 HHG -900 -1410000 25620000 180000 
20230201 HHG -93800 -158640000 208050000  8500000
20230201 HHG -94900 -160510000 209920000  1870000
20230201 HHG -95900 -162210000 211620000  1700000
20230201 HHG "acum_busd" "acum_busd_val" "acum_val" "val_bu" "val_sd"
20230202 HHG 1000 1700000 1700000 340000 
20230202 HHG -104400 -162760000 308280000 7140000 
20230202 HHG -108600 -169900000 301140000 170000 
20230202 HHG -108700 -170070000 300970000  44480000
20230202 HHG 1600 2730000 3050000 1190000 
20230202 HHG 1700 2900000 3220000 170000 
20230202 HHG 300 510000 510000 510000 
20230202 HHG 3300 5630000 6270000  160000
20230202 HHG 3400 5790000 6110000 2890000 
20230202 HHG 400 680000 680000 170000 
20230202 HHG -46900 -74690000 86590000  80320000
20230202 HHG -57700 -88540000 217060000 8500000 
20230202 HHG -57800 -88700000 217220000  160000
20230202 HHG -59200 -90880000 221440000 1020000 
20230202 HHG -59800 -91900000 220420000  3200000
20230202 HHG -60100 -95810000 107710000  21120000
20230202 HHG -62700 -97040000 208560000 17000000 
20230202 HHG -65900 -104490000 136790000 850000 
20230202 HHG -66400 -105340000 135940000 850000 
20230202 HHG -66900 -106190000 135090000 8500000 
20230202 HHG -69100 -106710000 237610000 170000 16000000
20230202 HHG -69400 -107190000 238090000  480000
20230202 HHG 700 1190000 1190000 510000 
20230202 HHG -71800 -114530000 126430000  18720000
20230202 HHG -71900 -114690000 126590000  160000
20230202 HHG -72700 -114040000 191560000 21250000 
20230202 HHG -74400 -115190000 246090000  8000000
20230202 HHG -78900 -122390000 253290000  7200000
20230202 HHG 800 1360000 1360000 170000 
20230202 HHG -80900 -125590000 256490000  3200000
20230202 HHG -85200 -135290000 170310000 850000 
20230202 HHG -85700 -136140000 169460000 510000 32160000
20230202 HHG 900 1540000 1860000  160000
20230202 HHG "acum_busd" "acum_busd_val" "acum_val" "val_bu" "val_sd"
20230203 HHG -102200 -154360000 465800000 170000 
20230203 HHG -102300 -154530000 465630000  8000000
20230203 HHG -124000 -189240000 500680000  34880000
20230203 HHG 15800 34370000 274690000  80000000
20230203 HHG 21200 36540000 52540000 43860000 
20230203 HHG 21700 37390000 53390000 850000 
20230203 HHG 22400 38580000 54580000 1190000 
20230203 HHG -34200 -45630000 354690000  80000000
20230203 HHG -40200 -55230000 364290000  9600000
20230203 HHG -41200 -56830000 365890000  1600000
20230203 HHG 42400 72580000 88580000 34000000 
20230203 HHG -4600 -7320000 8680000 680000 
20230203 HHG -5000 -8000000 8000000  8000000
20230203 HHG -51200 -72830000 381890000  16000000
20230203 HHG -51800 -73790000 382850000  960000
20230203 HHG 62400 106580000 122580000 34000000 
20230203 HHG 64300 110620000 152540000  12800000
20230203 HHG 64400 110790000 152710000 170000 
20230203 HHG 65100 111980000 153900000 1190000 
20230203 HHG 65800 114370000 194690000  16000000
20230203 HHG 68400 116780000 132780000 10200000 
20230203 HHG 71000 122010000 163930000 10030000 
20230203 HHG 71400 122690000 164610000 680000 
20230203 HHG 71500 122860000 164780000 170000 
20230203 HHG 71800 123370000 165290000 510000 
20230203 HHG 72300 123420000 139740000 6800000 160000
20230203 HHG 75800 130370000 178690000  2880000
20230203 HHG 77300 132720000 174640000 9350000 
20230203 HHG 77600 133230000 175150000 510000 
20230203 HHG 77600 133250000 175810000  160000
20230203 HHG 77700 133410000 175650000  160000
20230203 HHG 77800 133570000 175490000 340000 
20230203 HHG -89900 -134750000 443810000  60960000
20230203 HHG -92900 -139550000 448610000  4800000
20230203 HHG -97300 -146530000 457630000 1020000 
20230203 HHG -97900 -147550000 456610000  8000000
20230203 HHG "acum_busd" "acum_busd_val" "acum_val" "val_bu" "val_sd"
20230206 HHG -102400 -163750000 179610000  8000000
20230206 HHG -105900 -169350000 185210000  5600000
20230206 HHG -114900 -183740000 203170000 170000 
20230206 HHG -114900 -183750000 199610000  14400000
20230206 HHG -115000 -183910000 199770000  160000
20230206 HHG -115000 -183910000 203000000  
20230206 HHG -1300 -2050000 3070000 510000 
20230206 HHG -13200 -21090000 22110000  13440000
20230206 HHG -1600 -2560000 2560000  2560000
20230206 HHG -2300 -3650000 4670000  1600000
20230206 HHG -28600 -45730000 46750000  24640000
20230206 HHG -4400 -7010000 8030000  3360000
20230206 HHG -4800 -7650000 8670000  640000
20230206 HHG -74100 -118530000 119550000  72800000
20230206 HHG -74900 -119800000 133960000 6400000 
20230206 HHG -75200 -120230000 136090000 340000 
20230206 HHG -75400 -120570000 135750000 340000 
20230206 HHG -75400 -120600000 134760000  800000
20230206 HHG -75500 -120760000 134920000  160000
20230206 HHG -75600 -120910000 135410000 170000 
20230206 HHG -75600 -120920000 135080000  160000
20230206 HHG -75700 -121080000 135240000  160000
20230206 HHG -78900 -126200000 127560000 170000 7840000
20230206 HHG -80200 -128230000 144090000  8000000
20230206 HHG -94600 -151270000 167130000  23040000
20230206 HHG -94900 -151750000 167610000  480000
20230206 HHG -95000 -151910000 167770000  160000
20230206 HHG -95400 -152550000 168410000  640000
20230206 HHG -97400 -155750000 171610000  3200000
20230206 HHG "acum_busd" "acum_busd_val" "acum_val" "val_bu" "val_sd"
20230207 HHG 0 0 4160000  
20230207 HHG 0 300000 14060000  1600000
20230207 HHG 1000 1900000 12460000  1600000
20230207 HHG -101600 -162150000 180250000  3360000
20230207 HHG -106100 -169350000 187450000  7200000
20230207 HHG -121800 -194450000 411630000 320000 
20230207 HHG -122000 -194770000 411310000 12000000 
20230207 HHG -129500 -206770000 399310000 86880000 
20230207 HHG 1300 2210000 6370000 2210000 
20230207 HHG 1500 2550000 6710000 340000 
20230207 HHG -15500 -24390000 42490000  19200000
20230207 HHG 1600 2720000 6880000 170000 
20230207 HHG 1600 2820000 10180000  1600000
20230207 HHG -173900 -277810000 296590000 340000 108800000
20230207 HHG -183800 -293650000 312430000  15840000
20230207 HHG 2000 3500000 10860000 680000 
20230207 HHG -25500 -40390000 58490000  16000000
20230207 HHG -25600 -40550000 58650000  160000
20230207 HHG 2600 4420000 8580000 1700000 
20230207 HHG -26600 -42150000 60250000  1600000
20230207 HHG -3500 -5190000 23290000 1190000 
20230207 HHG -4200 -6380000 22100000 170000 
20230207 HHG -4200 -6390000 21770000 170000 
20230207 HHG -4300 -6550000 21930000  160000
20230207 HHG -4300 -6560000 21600000 340000 
20230207 HHG -4500 -6900000 21260000  7200000
20230207 HHG -66600 -106150000 124250000  64000000
20230207 HHG -68500 -109190000 127290000  3040000
20230207 HHG -73500 -117190000 135290000  8000000
20230207 HHG -99500 -158790000 176890000  41600000
20230207 HHG "acum_busd" "acum_busd_val" "acum_val" "val_bu" "val_sd"
20230208 HHG 135800 217280000 217280000 67680000 
20230208 HHG 141400 226240000 226240000 8960000 
20230208 HHG 142400 227840000 227840000 1600000 
20230208 HHG 148000 236800000 236800000 8960000 
20230208 HHG 150000 240000000 240000000 3200000 
20230208 HHG 150600 240960000 240960000 960000 
20230208 HHG 151100 241760000 241760000 800000 
20230208 HHG 151300 242080000 242080000 320000 
20230208 HHG 151300 242320000 249520000  3450000
20230208 HHG 151400 242240000 242240000 160000 
20230208 HHG 151400 242480000 249680000 160000 
20230208 HHG 151800 242880000 242880000 640000 
20230208 HHG 152200 243520000 243520000 640000 
20230208 HHG 152600 244160000 244160000 640000 
20230208 HHG 153500 245610000 245910000 1600000 150000
20230208 HHG 153600 245770000 246070000 160000 
20230208 HHG 161400 258480000 265680000 16000000 
20230208 HHG 162400 260080000 267280000 1600000 
20230208 HHG 162500 260240000 267440000 160000 
20230208 HHG 164500 263440000 270640000 3200000 
20230208 HHG 166000 267240000 316440000  3900000
20230208 HHG 166100 267400000 316600000 160000 
20230208 HHG 167300 268990000 308290000  16050000
20230208 HHG 168600 271140000 312540000  750000
20230208 HHG 168800 271390000 310690000 2400000 
20230208 HHG 169100 271890000 311790000  150000
20230208 HHG 169200 272040000 311640000  150000
20230208 HHG 169300 272190000 311490000 800000 
20230208 HHG 177000 283440000 290640000 20000000 
20230208 HHG 177500 285640000 334840000 18240000 
20230208 HHG 177700 284560000 291760000 1120000 
20230208 HHG 178000 285040000 292240000 480000 
20230208 HHG 186700 300360000 349560000 14720000 
20230208 HHG 186800 300520000 349720000 160000 
20230208 HHG 187300 301320000 350520000 800000 
20230208 HHG 193300 310920000 360120000 9600000 
20230208 HHG 198400 319080000 368280000 8160000 
20230208 HHG 198500 319240000 368440000 160000 
20230208 HHG 208600 335400000 384600000 16160000 
20230208 HHG 209400 336680000 385880000 1280000 
20230208 HHG 211400 339880000 389080000 3200000 
20230208 HHG 212300 341320000 390520000 1440000 
20230208 HHG 221800 356520000 405720000 15200000 
20230208 HHG 221800 356520000 409620000  
20230208 HHG 41100 65760000 65760000 64800000 
20230208 HHG 500 800000 800000 800000 
20230208 HHG 600 960000 960000 160000 
20230208 HHG 93500 149600000 149600000 83840000 
20230208 HHG "acum_busd" "acum_busd_val" "acum_val" "val_bu" "val_sd"
20230209 HHG 1700 2730000 3030000 1440000 
20230209 HHG 1800 2940000 4740000  300000
20230209 HHG 1900 3100000 24900000  
20230209 HHG 1900 3100000 4900000 160000 
20230209 HHG 2000 3240000 4440000  150000
20230209 HHG 200 320000 320000 320000 
20230209 HHG 2100 3390000 4290000  150000
20230209 HHG 2200 3530000 3830000 800000 
20230209 HHG 2200 3540000 4140000  150000
20230209 HHG 2300 3690000 3990000 160000 
20230209 HHG 400 640000 640000 320000 
20230209 HHG 700 1120000 1120000 480000 
20230209 HHG 700 1130000 1430000  150000
20230209 HHG 800 1280000 1280000 160000 
20230209 HHG 800 1290000 1590000 160000 
20230209 HHG "acum_busd" "acum_busd_val" "acum_val" "val_bu" "val_sd"
20230210 HHG 11600 18560000 18560000 8000000 
20230210 HHG 11800 18880000 18880000 320000 
20230210 HHG 11900 19040000 19040000 160000 
20230210 HHG 12900 20640000 20640000 1600000 
20230210 HHG 14000 24200000 78200000  15600000
20230210 HHG 16700 27000000 35400000  4200000
20230210 HHG 1800 2880000 2880000 2880000 
20230210 HHG 19300 30880000 30880000 10240000 
20230210 HHG 19300 31640000 54440000  900000
20230210 HHG 19500 31200000 31200000 320000 
20230210 HHG 19900 32540000 53540000  1200000
20230210 HHG 20300 33100000 51700000  5100000
20230210 HHG 20400 33260000 51860000 160000 
20230210 HHG 20500 33420000 52020000 160000 
20230210 HHG 20700 33740000 52340000 320000 
20230210 HHG 21700 35000000 43400000 8000000 
20230210 HHG 2300 3680000 3680000 800000 
20230210 HHG 23700 38200000 46600000 3200000 
20230210 HHG 2400 3840000 3840000 160000 
20230210 HHG 24300 39640000 62440000 8000000 
20230210 HHG 24400 39800000 62600000 160000 
20230210 HHG 2900 4640000 4640000 800000 
20230210 HHG 3100 4960000 4960000 320000 
20230210 HHG 3600 5760000 5760000 800000 
20230210 HHG 4600 7360000 7360000 1600000 
20230210 HHG 5100 8160000 8160000 800000 
20230210 HHG 5600 8960000 8960000 800000 
20230210 HHG 6600 10560000 10560000 1600000 
20230210 HHG "acum_busd" "acum_busd_val" "acum_val" "val_bu" "val_sd"
