20221212 HID 108500 402603000 573389000 59810000 15293000
20221212 HID -10900 -38340000 38340000  10560000
20221212 HID -1100 -2745000 83203000 31261000 
20221212 HID -11300 -39764000 39764000  1424000
20221212 HID -11400 -40126000 45822000 2848000 712000
20221212 HID 115500 428713000 599499000 26110000 
20221212 HID -11600 -40838000 40838000  1074000
20221212 HID 117700 436946000 612954000 10844000 2611000
20221212 HID -12000 -42262000 42262000  1424000
20221212 HID 122800 456036000 635004000 20570000 1480000
20221212 HID 124800 463496000 642464000 7460000 
20221212 HID 126900 471349000 650317000 7853000 
20221212 HID 127400 473220000 652934000 2244000 373000
20221212 HID 127800 474716000 654430000 1496000 
20221212 HID 137000 509148000 965574000  18700000
20221212 HID 140800 523336000 703050000 48620000 
20221212 HID 141300 525208000 706414000 2618000 746000
20221212 HID 142000 527848000 946874000  748000
20221212 HID 142200 528596000 946126000  11220000
20221212 HID 145200 539816000 934906000  2618000
20221212 HID 145900 542434000 932288000  18326000
20221212 HID 150800 560760000 913962000  1870000
20221212 HID 151300 562630000 912092000  2992000
20221212 HID 152100 565622000 909100000  748000
20221212 HID 152300 566370000 908352000  37400000
20221212 HID 162300 603770000 870952000  7854000
20221212 HID 164400 611624000 863098000  1870000
20221212 HID 164500 611978000 794676000  746000
20221212 HID 164700 612724000 793930000 87516000 
20221212 HID 164900 613494000 861228000  3740000
20221212 HID 165900 617234000 857488000  5610000
20221212 HID 167400 622844000 851878000  15708000
20221212 HID -1700 -4918000 92000000  3650000
20221212 HID 170800 635550000 825708000 27302000 3730000
20221212 HID 171600 638552000 836170000 6732000 3730000
20221212 HID -2100 -6374000 93456000  1456000
20221212 HID 24100 86902000 1387820000  227766000
20221212 HID -2700 -8558000 95640000  2184000
20221212 HID -2800 -9828000 9828000  9828000
20221212 HID -2900 -9286000 96368000  728000
20221212 HID 29500 108962000 216800000 119340000 
20221212 HID -3200 -10378000 97460000  1092000
20221212 HID 36800 135733000 274457000 4047000 15078000
20221212 HID 39800 146764000 255332000 38167000 365000
20221212 HID -4800 -16868000 16868000  7040000
20221212 HID 57300 211794000 350518000 76061000 
20221212 HID 57800 213639000 352363000 1845000 
20221212 HID 58100 214746000 354946000  738000
20221212 HID 58300 215484000 354208000 1845000 
20221212 HID -700 -1268000 88350000 3312000 1835000
20221212 HID -70300 -267142000 2020753000 18727000 
20221212 HID -70300 -267142000 2104429000  
20221212 HID -73500 -278858000 1995015000 5550000 2588000
20221212 HID -74300 -281820000 1986877000 35429000 4064000
20221212 HID -75400 -285869000 2002026000  7011000
20221212 HID -7900 -27780000 27780000  10912000
20221212 HID 800 -240000 1474962000  87142000
20221212 HID -81200 -306920000 1781642000  306680000
20221212 HID -82800 -313185000 1947384000 3700000 1845000
20221212 HID -83300 -315040000 1941470000 52677000 14822000
20221212 HID 85000 314668000 1160054000  46002000
20221212 HID -93100 -351426000 1864296000 19074000 63580000
20221212 HID -93500 -352895000 1873971000 4103000 5572000
20221212 HID 96600 358086000 498286000 143340000 
20221212 HID -9700 -34006000 51942000 6120000 
20221212 HID 97300 360670000 1114052000  148478000
20221212 HID "acum_busd" "acum_busd_val" "acum_val" "val_bu" "val_sd"
20221213 HID -100 1384000 554616000 14211000 
20221213 HID 100 2114000 524752000  714000
20221213 HID 10600 39748000 40458000 4103000 
20221213 HID 12000 44791000 399311000  2154000
20221213 HID 12600 46945000 397157000  9360000
20221213 HID 12600 47843000 646030000 38319000 
20221213 HID 13000 48381000 402901000 3590000 
20221213 HID 13300 49458000 403978000 1077000 
20221213 HID 13800 51253000 405773000 1795000 
20221213 HID 15200 56305000 387797000  18722000
20221213 HID 16000 58388000 152762000  8800000
20221213 HID 16900 62411000 356459000  8640000
20221213 HID 17000 62771000 356819000 360000 
20221213 HID 17600 63966000 209840000 31328000 25750000
20221213 HID 18000 66371000 342419000  2160000
20221213 HID 18500 67188000 143962000 65472000 38032000
20221213 HID 18600 68531000 340259000  18000000
20221213 HID 19100 69516000 215390000 5550000 
20221213 HID 19300 71051000 347819000  360000
20221213 HID 19400 71411000 347459000 5040000 
20221213 HID 19600 71421000 232725000  2936000
20221213 HID 20000 72889000 234927000  367000
20221213 HID 2000 8911000 517955000  71862000
20221213 HID 20100 73256000 234560000 1835000 
20221213 HID 20400 74357000 229789000  3675000
20221213 HID 20400 75027000 369075000 12256000 
20221213 HID 20600 75066000 220940000 5550000 
20221213 HID 20700 75436000 221310000 370000 
20221213 HID 2100 9524000 607711000 4368000 
20221213 HID 21400 78032000 226114000  1104000
20221213 HID 21700 79136000 225010000 3700000 
20221213 HID 22000 80773000 446093000  3600000
20221213 HID 22600 82731000 284527000  716000
20221213 HID 22800 83447000 283811000  6091000
20221213 HID 23000 84373000 442493000  720000
20221213 HID 23200 84855000 293923000  3276000
20221213 HID 23200 85093000 441773000 34920000 1080000
20221213 HID 23600 86531000 322259000  3600000
20221213 HID 23900 87336000 265242000  7200000
20221213 HID -2400 -6678000 591509000 7496000 
20221213 HID 24100 88131000 290647000  360000
20221213 HID 24200 88491000 290287000 5760000 
20221213 HID 24500 89538000 277720000  367000
20221213 HID 24600 89905000 277353000 7340000 4771000
20221213 HID 24600 90131000 318659000  4328000
20221213 HID -2500 -7147000 534725000 356000 
20221213 HID 25800 94459000 314331000 15006000 5402000
20221213 HID 25900 94536000 258042000 22381000 734000
20221213 HID -2600 -7503000 534369000  7832000
20221213 HID 26100 97366000 695553000 49523000 
20221213 HID 300 2828000 524038000  357000
20221213 HID 400 3185000 523681000  5726000
20221213 HID -400 329000 526537000  1785000
20221213 HID -4100 -12827000 540405000  5680000
20221213 HID -4500 -14174000 584013000 1765000 
20221213 HID 4600 17250000 17250000 17250000 
20221213 HID -4900 -15616000 573040000 712000 17712000
20221213 HID -5000 -15939000 582248000 3560000 3883000
20221213 HID 51900 194116000 792303000 96750000 
20221213 HID 900 5156000 603343000 11834000 
20221213 HID 9500 35645000 36355000 18750000 355000
20221213 HID "acum_busd" "acum_busd_val" "acum_val" "val_bu" "val_sd"
20221214 HID -100700 -377437000 789913000  5610000
20221214 HID -101200 -379331000 761823000 37400000 
20221214 HID -101800 -381547000 823203000 1500000 
20221214 HID -101800 -381831000 683551000  150401000
20221214 HID -102200 -383047000 821703000 13090000 18700000
20221214 HID 10400 41891000 79131000  380000
20221214 HID -104900 -393122000 849028000 7125000 18700000
20221214 HID 10500 42271000 78751000  11400000
20221214 HID -106000 -397236000 853142000  4114000
20221214 HID -106000 -397444000 699164000  15613000
20221214 HID 10600 41976000 41976000 41976000 
20221214 HID -106100 -397610000 853516000  374000
20221214 HID -106300 -398313000 947039000 23188000 14212000
20221214 HID -108200 -405419000 907769000 12750000 
20221214 HID -108700 -407289000 909639000  1870000
20221214 HID -109800 -411403000 960129000  13090000
20221214 HID -109900 -411777000 961999000 748000 1122000
20221214 HID -110700 -414863000 722555000 2244000 
20221214 HID -110800 -415252000 718456000 742000 18550000
20221214 HID -111100 -416359000 724051000  1496000
20221214 HID -111200 -416731000 724423000  372000
20221214 HID -111300 -417107000 720311000  1855000
20221214 HID -111600 -418169000 895019000 10472000 
20221214 HID -113300 -424493000 976211000 748000 13464000
20221214 HID -114400 -428596000 980314000  4103000
20221214 HID -114400 -428641000 884547000  31031000
20221214 HID -121100 -453466000 1006668000 742000 25612000
20221214 HID -121100 -453466000 1082518000  
20221214 HID 13500 53671000 67351000 760000 6840000
20221214 HID -14600 -53109000 174131000  95000000
20221214 HID 15100 59751000 59751000 17775000 
20221214 HID -22100 -81484000 221756000 9625000 
20221214 HID -24100 -89184000 229456000  7700000
20221214 HID -24600 -91109000 212131000  38000000
20221214 HID -27300 -101459000 267137000 12703000 
20221214 HID -29600 -110359000 250631000  21175000
20221214 HID -30600 -114162000 254434000  3803000
20221214 HID -41400 -155040000 320718000  53581000
20221214 HID -41700 -156174000 321852000  1134000
20221214 HID -49500 -185165000 461327000 15726000 376000
20221214 HID -49900 -186660000 463592000 385000 1880000
20221214 HID -51400 -192549000 398507000 3800000 
20221214 HID -51700 -193675000 411025000 1138000 1137000
20221214 HID -51700 -193676000 408750000 4558000 5685000
20221214 HID -52400 -196349000 394707000 16340000 
20221214 HID -53500 -200515000 445225000 1140000 
20221214 HID -53800 -201655000 444085000 12540000 
20221214 HID -54800 -205110000 482808000 383000 
20221214 HID -54800 -205110000 483560000 376000 376000
20221214 HID -54900 -205493000 482425000  18833000
20221214 HID -55700 -208494000 486944000  3384000
20221214 HID -56700 -212689000 378367000  56515000
20221214 HID -57100 -214195000 431545000  20520000
20221214 HID -57700 -216014000 494464000  7520000
20221214 HID -57800 -216390000 494840000  376000
20221214 HID -61800 -231430000 533150000 760000 
20221214 HID -62000 -232190000 532390000 1500000 
20221214 HID -62400 -233690000 530890000 9375000 
20221214 HID -64900 -243065000 521515000  26675000
20221214 HID -97900 -366958000 774196000 12373000 
20221214 HID -98800 -370337000 782063000 2244000 
20221214 HID -99200 -371827000 784303000 375000 
20221214 HID -99200 -371829000 783555000  1492000
20221214 HID -99200 -371833000 779071000  4875000
20221214 HID -99300 -372202000 783928000  373000
20221214 HID -99400 -372581000 779819000  748000
20221214 HID "acum_busd" "acum_busd_val" "acum_val" "val_bu" "val_sd"
20221215 HID 1000 3909000 172849000  1468000
20221215 HID -100 -370000 1114000 372000 
20221215 HID 10800 39985000 127893000 740000 3690000
20221215 HID 11000 40725000 128633000 740000 
20221215 HID 11600 42935000 123463000  18447000
20221215 HID -11800 -42175000 386229000 18350000 366000
20221215 HID 12000 44425000 132333000 3700000 
20221215 HID -1200 -4125000 180883000  8034000
20221215 HID 12300 45432000 71306000 38845000 
20221215 HID 12400 45802000 71676000 370000 
20221215 HID -13500 -48706000 254280000 7300000 
20221215 HID 1400 5377000 171381000  39048000
20221215 HID -14600 -52683000 330163000 32670000 10860000
20221215 HID -15200 -54886000 266300000 2190000 
20221215 HID -15500 -56006000 246980000 365000 
20221215 HID -15600 -56371000 246615000  36278000
20221215 HID -15800 -57076000 264110000 365000 
20221215 HID -15900 -57441000 263745000 365000 9100000
20221215 HID -16500 -59429000 366783000 9855000 
20221215 HID -16600 -59794000 367148000  365000
20221215 HID 16600 61382000 105016000  1480000
20221215 HID -16700 -60159000 367513000  365000
20221215 HID 17000 62862000 103536000  5920000
20221215 HID 18000 66542000 92416000 20740000 
20221215 HID 18000 66544000 93158000 372000 370000
20221215 HID 1800 6587000 32461000 3690000 
20221215 HID -1800 -6663000 8891000 370000 
20221215 HID 18300 67666000 96500000 2232000 1110000
20221215 HID 18600 68782000 97616000 1116000 
20221215 HID -1900 -7033000 8521000 372000 7035000
20221215 HID -19200 -69284000 356928000 5082000 
20221215 HID -200 -742000 742000  742000
20221215 HID -20200 -73041000 284455000  18155000
20221215 HID -20600 -74366000 351846000  21683000
20221215 HID -20600 -74493000 286633000 363000 
20221215 HID -20700 -74856000 286270000  1815000
20221215 HID -2200 -8143000 10371000  1480000
20221215 HID -2900 -10292000 189252000  7268000
20221215 HID -38800 -139741000 519871000  108612000
20221215 HID -42000 -150984000 569326000 15456000 
20221215 HID -43800 -157806000 537936000  18065000
20221215 HID -4500 -16100000 195060000  5808000
20221215 HID -46200 -166440000 553870000 1825000 
20221215 HID -46300 -166832000 546962000  9026000
20221215 HID -46700 -168265000 552045000 730000 
20221215 HID -46900 -168995000 551315000 1095000 
20221215 HID -47200 -170090000 550220000  3258000
20221215 HID -5100 -18278000 197238000  2178000
20221215 HID -5600 -20093000 199053000  1815000
20221215 HID -6900 -24137000 404267000 1110000 
20221215 HID -7200 -25247000 403157000 16928000 
20221215 HID 800 2897000 28771000 14720000 3680000
20221215 HID -8800 -31129000 411259000  6992000
20221215 HID -900 -3024000 181984000 1101000 
20221215 HID "acum_busd" "acum_busd_val" "acum_val" "val_bu" "val_sd"
20221216 HID -10100 -35779000 63879000 2527000 
20221216 HID 10700 43078000 665640000 37000000 
20221216 HID -10800 -38306000 61352000 3971000 15162000
20221216 HID -11200 -38598000 367314000  9620000
20221216 HID 11600 46408000 668970000 3330000 
20221216 HID 11700 46778000 669340000 370000 
20221216 HID -12300 -42640000 390584000 5180000 1110000
20221216 HID -12900 -45825000 120869000 7340000 
20221216 HID -13400 -46710000 384294000 740000 
20221216 HID -13500 -48029000 81969000 2920000 
20221216 HID -13600 -47450000 383554000 3694000 
20221216 HID -13600 -48394000 108024000 1101000 
20221216 HID -13900 -49495000 106923000 4404000 
20221216 HID -14100 -50219000 78319000  14440000
20221216 HID -14300 -50010000 428110000 6610000 
20221216 HID -14300 -50949000 79049000  730000
20221216 HID -14600 -51144000 379860000  12546000
20221216 HID -14900 -53165000 113529000 367000 
20221216 HID -15000 -53532000 113162000  5138000
20221216 HID -15000 -53534000 102154000 7340000 12845000
20221216 HID -15100 -53899000 102519000  365000
20221216 HID -15500 -54177000 506135000 36929000 14600000
20221216 HID -15600 -54542000 506500000  365000
20221216 HID -16000 -56002000 507960000  1460000
20221216 HID -16100 -56620000 421500000 367000 
20221216 HID -16200 -56987000 421133000 1835000 
20221216 HID -16600 -58454000 418930000 368000 
20221216 HID -16700 -58822000 418562000 4048000 1472000
20221216 HID -16700 -58822000 419298000  368000
20221216 HID 16700 65278000 687840000 18500000 
20221216 HID 16700 65278000 745190000  
20221216 HID -17400 -61398000 413042000 1850000 20608000
20221216 HID -19000 -66832000 537280000 1845000 
20221216 HID -19100 -67906000 277890000 26557000 
20221216 HID -19500 -68677000 535435000 1850000 
20221216 HID -20000 -70527000 533585000 3700000 
20221216 HID -20800 -73472000 549090000 740000 
20221216 HID -21000 -74212000 548350000 738000 
20221216 HID -21000 -74227000 529885000 1850000 
20221216 HID -21200 -74950000 547612000 738000 
20221216 HID -21400 -75688000 546874000 369000 9225000
20221216 HID -21500 -76077000 528035000  20075000
20221216 HID -21500 -76506000 454606000  26496000
20221216 HID -2500 -8775000 8775000  8775000
20221216 HID -2600 -9126000 9126000  351000
20221216 HID -26300 -94463000 251333000 3312000 
20221216 HID -27200 -97775000 248021000 35770000 
20221216 HID -34800 -125537000 204243000 730000 
20221216 HID -35000 -126267000 203513000 1101000 81543000
20221216 HID -37000 -133545000 212251000  8008000
20221216 HID -4400 -15444000 16148000  6318000
20221216 HID -500 1638000 624200000 740000 
20221216 HID -6100 -19696000 326100000 48210000 
20221216 HID 700 6078000 628640000 4440000 
20221216 HID -700 898000 623460000 74370000 
20221216 HID -7600 -25278000 353994000 1484000 370000
20221216 HID -7700 -27115000 42219000 7200000 18871000
20221216 HID -7900 -26392000 352140000 9672000 16368000
20221216 HID -8600 -28978000 357694000  3700000
20221216 HID "acum_busd" "acum_busd_val" "acum_val" "val_bu" "val_sd"
20221219 HID -10000 -36178000 82454000 2569000 
20221219 HID -100 -371000 371000  371000
20221219 HID -10300 -37376000 50698000  6154000
20221219 HID -10700 -38747000 79885000 13176000 
20221219 HID -1100 -4071000 17393000 2590000 3700000
20221219 HID -11200 -40556000 113962000 8784000 
20221219 HID 12900 48174000 222564000 19240000 
20221219 HID -1300 -4811000 5553000 371000 4811000
20221219 HID -13400 -48629000 61951000  11253000
20221219 HID -13600 -49340000 105178000 4781000 17943000
20221219 HID -14300 -51923000 66709000 732000 4026000
20221219 HID 18600 70124000 605462000  32016000
20221219 HID 18600 70274000 680013000 367000 18300000
20221219 HID 19600 73854000 645892000  9150000
20221219 HID 19800 73704000 277694000  3700000
20221219 HID 20500 76301000 280291000 2597000 
20221219 HID 20700 77054000 289184000  370000
20221219 HID 20800 77404000 273994000  7400000
20221219 HID 20800 77424000 288814000 4823000 3700000
20221219 HID 20800 77425000 289555000 371000 
20221219 HID 21100 78538000 290668000 1113000 
20221219 HID -21400 -74579000 1058488000 1092000 178726000
20221219 HID 21600 81164000 616502000 11040000 
20221219 HID 22100 83004000 636742000 11040000 9200000
20221219 HID 22400 83361000 295491000 4823000 
20221219 HID 22800 84804000 266594000  3700000
20221219 HID 23500 88207000 661346000  367000
20221219 HID 23600 88574000 660612000 14720000 
20221219 HID 23700 88134000 262524000 39960000 
20221219 HID 23800 88504000 262894000 370000 
20221219 HID -24000 -84013000 1070834000 1456000 10890000
20221219 HID 24300 91193000 700932000 20919000 
20221219 HID 27300 102140000 573446000  51888000
20221219 HID 27400 103055000 878670000  7644000
20221219 HID 27600 103764000 862631000  18200000
20221219 HID 29300 109550000 733955000  7333000
20221219 HID 29500 110699000 871026000  730000
20221219 HID 29700 111429000 870296000 7665000 
20221219 HID 29900 111758000 737635000 2944000 736000
20221219 HID 30800 115070000 740947000 3312000 
20221219 HID -3100 -11316000 24638000  7245000
20221219 HID 31300 116883000 726622000 25690000 
20221219 HID 31800 118750000 744627000 3680000 
20221219 HID 32600 121964000 844431000  10950000
20221219 HID 35600 132914000 833481000  1835000
20221219 HID 35900 134011000 824310000  29280000
20221219 HID 36100 134749000 831646000  367000
20221219 HID 36200 135116000 831279000  1468000
20221219 HID 36500 136217000 829444000 3670000 1464000
20221219 HID 36600 136584000 829811000 367000 
20221219 HID 39100 145518000 505648000  37000000
20221219 HID -4000 -11413000 1143434000 72600000 
20221219 HID 41400 154028000 521558000 12210000 3700000
20221219 HID -4200 -15287000 28609000  3971000
20221219 HID 43900 163291000 795030000  2196000
20221219 HID 44500 165487000 792834000  367000
20221219 HID 44600 165854000 792467000  368000
20221219 HID 44700 166222000 792099000 47472000 
20221219 HID 49100 182518000 468648000  37000000
20221219 HID 5000 18961000 173479000 59517000 
20221219 HID 52400 194661000 406791000 111300000 
20221219 HID 5500 20821000 179019000  1840000
20221219 HID 59100 219518000 431648000 24857000 
20221219 HID 6000 22661000 177179000 3700000 
20221219 HID 6100 23029000 197419000 10304000 8096000
20221219 HID 7100 26719000 201109000 3690000 
20221219 HID 7700 28934000 203324000 2215000 
20221219 HID -800 -2961000 11103000 3700000 1850000
20221219 HID -8600 -31222000 44544000  15935000
20221219 HID "acum_busd" "acum_busd_val" "acum_val" "val_bu" "val_sd"
20221220 HID -100 -353000 353000  353000
20221220 HID -100700 -345849000 696063000 3390000 
20221220 HID -101500 -348407000 761105000 16665000 
20221220 HID -101700 -349239000 692673000  12204000
20221220 HID -106400 -365067000 777765000  16660000
20221220 HID -106400 -365072000 744440000 10170000 
20221220 HID -107400 -368457000 781155000  3390000
20221220 HID -109400 -375242000 734270000 4407000 33800000
20221220 HID -119700 -410030000 823406000 339000 41912000
20221220 HID -120700 -413410000 826786000  3380000
20221220 HID -122500 -419502000 838322000 1705000 
20221220 HID -123000 -421207000 836617000 1017000 8814000
20221220 HID -127000 -434790000 869938000 2034000 338000
20221220 HID -127500 -436486000 867566000 2720000 2034000
20221220 HID -127700 -437172000 862812000 3410000 21080000
20221220 HID -147300 -503404000 938552000  68614000
20221220 HID -2100 -7473000 7473000  7120000
20221220 HID -2300 -8185000 8185000  712000
20221220 HID -36900 -129677000 149549000  98120000
20221220 HID -38200 -134229000 156901000 1400000 5952000
20221220 HID -38600 -135632000 159004000 350000 1753000
20221220 HID -39000 -136963000 185473000 5240000 3460000
20221220 HID -39500 -138743000 176773000 7329000 3460000
20221220 HID -39600 -139057000 187567000  2094000
20221220 HID -39600 -139198000 223384000 17150000 
20221220 HID -40600 -142612000 165984000  6980000
20221220 HID -42200 -148075000 297073000 11581000 1018000
20221220 HID -42200 -148076000 196586000  9019000
20221220 HID -4300 -15303000 16727000 356000 354000
20221220 HID -4300 -15305000 16017000 356000 
20221220 HID -4400 -15661000 15661000  7476000
20221220 HID -44200 -154976000 204176000 345000 7245000
20221220 HID -44600 -156348000 206234000 343000 
20221220 HID -44700 -156691000 205891000  1715000
20221220 HID -4500 -15981000 35853000 3894000 3530000
20221220 HID -4500 -15991000 24535000 3560000 4248000
20221220 HID -45300 -158638000 284474000 17050000 1700000
20221220 HID -4600 -16345000 28429000 1770000 2124000
20221220 HID -46700 -163418000 253778000 3087000 27307000
20221220 HID -46800 -163756000 255492000 688000 
20221220 HID -47000 -164444000 254804000  1026000
20221220 HID -49800 -173988000 265724000  10232000
20221220 HID -75800 -261667000 543285000 9180000 
20221220 HID -77100 -266057000 559235000 5100000 
20221220 HID -78500 -270847000 534105000 50370000 
20221220 HID -78600 -271157000 554135000 340000 
20221220 HID -78700 -271497000 553795000 340000 10170000
20221220 HID -79400 -273833000 579931000 5780000 
20221220 HID -80900 -278895000 600633000 7820000 12882000
20221220 HID -81100 -279613000 574151000 680000 14236000
20221220 HID -81700 -281601000 611475000 4068000 6774000
20221220 HID -87900 -302557000 632431000  20956000
20221220 HID -8900 -31557000 51429000  15576000
20221220 HID -91500 -314795000 463793000  166720000
20221220 HID -93400 -321217000 483735000 6760000 13182000
20221220 HID -95900 -329577000 673011000 4746000 
20221220 HID -96900 -332967000 676401000  3390000
20221220 HID -97100 -333645000 677079000  678000
20221220 HID -97300 -334323000 668265000 2034000 33800000
20221220 HID -98100 -337035000 680469000  3390000
20221220 HID "acum_busd" "acum_busd_val" "acum_val" "val_bu" "val_sd"
20221221 HID -10400 -33327000 305713000 650000 
20221221 HID 10400 34321000 209305000 12540000 
20221221 HID -10600 -33977000 305063000  3575000
20221221 HID 1100 3657000 52063000 11550000 
20221221 HID -11700 -37539000 309925000  4212000
20221221 HID 1300 4409000 17431000 1023000 5115000
20221221 HID 1300 4714000 252072000  2624000
20221221 HID -13300 -44673000 697611000 7875000 
20221221 HID 1500 5097000 23563000  2040000
20221221 HID -15800 -52548000 689736000 29295000 
20221221 HID -1600 -4711000 261497000  9425000
20221221 HID 1900 3176000 990012000 37182000 
20221221 HID -1900 -6273000 61993000  9930000
20221221 HID 2100 6875000 124791000 3960000 
20221221 HID 2100 7137000 21523000 3410000 682000
20221221 HID 2100 7338000 249448000 6580000 33563000
20221221 HID -2300 -6986000 270272000 3250000 5525000
20221221 HID -2400 -7893000 40513000 1980000 14970000
20221221 HID -24600 -80311000 822105000 2212000 62370000
20221221 HID -2500 -10673000 744251000  6320000
20221221 HID 2500 8501000 11293000 9548000 
20221221 HID -25100 -81843000 660441000 4410000 
20221221 HID -26500 -86253000 656031000 20475000 
20221221 HID -2700 -8921000 64641000  2648000
20221221 HID -2800 -8594000 279680000 3900000 5508000
20221221 HID 2900 6346000 993182000 3170000 
20221221 HID -300 -1047000 1745000 349000 1396000
20221221 HID -33000 -106728000 635556000 126631000 53633000
20221221 HID -35200 -113701000 873135000 2520000 
20221221 HID -36000 -116221000 870615000 315000 
20221221 HID -36100 -116536000 870300000 2205000 
20221221 HID -36800 -118741000 868095000 2520000 
20221221 HID -3700 -12149000 147751000 1968000 
20221221 HID -37600 -121261000 865575000  40950000
20221221 HID -3800 -11844000 282930000  3250000
20221221 HID 400 1321000 176305000 3300000 
20221221 HID -42100 -134832000 407218000  97293000
20221221 HID -4300 -14117000 145783000  20992000
20221221 HID -4700 -15541000 71261000  6620000
20221221 HID -4800 -15094000 286180000  3250000
20221221 HID -5000 -16413000 157263000 328000 
20221221 HID -500 -4353000 737931000 40320000 
20221221 HID -5100 -16741000 154967000 984000 
20221221 HID -5100 -16741000 156935000 983999.9999999999 983999.9999999999
20221221 HID -5200 -17067000 157917000  654000
20221221 HID -5400 -17725000 153983000 328000 5904000
20221221 HID -54300 -173834000 1173362000  180180000
20221221 HID -54900 -175592000 447978000  40760000
20221221 HID -5500 -20153000 757523000 1896000 11376000
20221221 HID 5600 18481000 193465000 17160000 
20221221 HID -56200 -179726000 452112000  4134000
20221221 HID -600 -1979000 173005000 15088000 
20221221 HID 6600 21781000 196765000 3300000 
20221221 HID -7100 -23485000 94431000 662000 
20221221 HID -7300 -24147000 93769000 1986000 
20221221 HID -7900 -26133000 91783000 3641000 
20221221 HID -9000 -29774000 88142000 1324000 
20221221 HID 900 2915000 120831000 26400000 
20221221 HID -9400 -31098000 86818000  15557000
20221221 HID -9500 -30402000 301488000  15308000
20221221 HID -9900 -34006000 952830000 79695000 
20221221 HID "acum_busd" "acum_busd_val" "acum_val" "val_bu" "val_sd"
20221222 HID -100 -125000 52745000  10527000
20221222 HID -100 -315000 315000  315000
20221222 HID -10800 -33294000 412564000 319000 
20221222 HID -10800 -33294000 428214000  
20221222 HID -10900 -33613000 412245000 19478000 
20221222 HID 11500 36995000 131591000  9982000
20221222 HID 12900 41503000 114203000  4811000
20221222 HID -1300 -3950000 58490000  1595000
20221222 HID 13200 42450000 105528000 46400000 
20221222 HID 13300 42791000 115491000 1288000 
20221222 HID 14100 45348000 108426000 2898000 
20221222 HID 14400 46314000 109392000 966000.0000000001 
20221222 HID 14600 46977000 121609000 5152000 966000.0000000001
20221222 HID 1500 4859000 8065000 4199000 
20221222 HID -17100 -53091000 392767000 319000 44054000
20221222 HID -17700 -55513000 239615000 620000 
20221222 HID -17800 -55189000 295631000 15024000 
20221222 HID -17900 -56133000 226635000  46946000
20221222 HID -17900 -56133000 238995000 5871000 
20221222 HID -18400 -57678000 243634000 309000 
20221222 HID -18500 -57987000 243325000 309000 
20221222 HID -18600 -58296000 243016000 309000 
20221222 HID -18700 -58605000 242707000  3092000
20221222 HID -19800 -62004000 233124000 309000 6180000
20221222 HID 200 660000 1290000 975000 
20221222 HID -2100 -5891000 344929000 15700000 
20221222 HID 2100 6894000 38710000  6625000
20221222 HID -21100 -65674000 260402000 2198000 
20221222 HID -21800 -67872000 258204000 1570000 
20221222 HID -22300 -69442000 256634000 618000 
20221222 HID -22300 -69456000 255412000  11778000
20221222 HID -22500 -70060000 256016000  604000
20221222 HID -22600 -70213000 280607000 4069000 
20221222 HID -23800 -74044000 270656000 942000 
20221222 HID -23900 -74282000 276538000 626000 
20221222 HID -24100 -74908000 275912000 626000 
20221222 HID -24100 -74986000 269714000  9312000
20221222 HID -24300 -75534000 275286000 1570000 
20221222 HID -24800 -77104000 273716000  3060000
20221222 HID -2900 -9187000 179689000 638000 
20221222 HID -3100 -9825000 179051000 320000 
20221222 HID -3200 -10145000 178731000  47140000
20221222 HID 3200 10402000 42218000 3508000 
20221222 HID -3200 -9356000 348394000  3465000
20221222 HID 3300 10635000 27929000  4800000
20221222 HID 4200 13515000 30809000 2880000 
20221222 HID 4200 13519000 32085000  636000
20221222 HID 4400 14155000 31449000 640000 
20221222 HID 4500 14459000 17665000 9600000 
20221222 HID 4800 15435000 23129000 3220000 2244000
20221222 HID -7100 -21591000 329229000 33598000 
20221222 HID -800 -2355000 56895000 320000 
20221222 HID -900 -2675000 56575000 640000 3190000
20221222 HID "acum_busd" "acum_busd_val" "acum_val" "val_bu" "val_sd"
20221223 HID 10000 31883000 95493000 323000 
20221223 HID 1800 5395000 69005000 21000000 
20221223 HID 3000 9000000 9000000 9000000 
20221223 HID -33200 -97195000 376262000 10494000 
20221223 HID -35000 -102949000 361028000 3160000 316000
20221223 HID -35100 -103283000 354410000 315000 314000
20221223 HID -35100 -103284000 353781000 1890000 
20221223 HID -35700 -105174000 351891000 1890000 
20221223 HID -35900 -105793000 357552000 316000 
20221223 HID -36000 -106109000 357236000  2826000
20221223 HID -36300 -107064000 350001000 6295000 
20221223 HID -36500 -107689000 365768000  4740000
20221223 HID -38200 -113049000 343396000 315000 
20221223 HID -38200 -113058000 342775000 945000 
20221223 HID -38300 -113359000 343706000  310000
20221223 HID -38300 -113364000 343081000  306000
20221223 HID -38500 -114003000 341830000 3140000 
20221223 HID -39500 -117143000 338690000 15750000 3140000
20221223 HID -43500 -129753000 319800000 3140000 
20221223 HID -44500 -132893000 316660000 6868000 
20221223 HID -44600 -133361000 302772000 3648000 
20221223 HID -44800 -133971000 303382000  610000
20221223 HID -45800 -137009000 299124000 15200000 
20221223 HID -46700 -139761000 309792000 310000 
20221223 HID -46800 -140071000 309482000  6100000
20221223 HID -48800 -146148000 277863000 319000 121204000
20221223 HID -49900 -149481000 281196000  3333000
20221223 HID -50500 -151300000 283015000  1819000
20221223 HID -50800 -152209000 283924000  908999.9999999999
20221223 HID -5200 -15605000 48005000 7200000 5100000
20221223 HID -5900 -17705000 35705000  26705000
20221223 HID -8900 -25263000 156340000 319000 
20221223 HID -9000 -25582000 156021000  57465000
20221223 HID 9800 31237000 94847000 25842000 
20221223 HID 9900 31560000 95170000 323000 
20221223 HID "acum_busd" "acum_busd_val" "acum_val" "val_bu" "val_sd"
20221226 HID 1000 3190000 13398000 6061000 5104000
20221226 HID 1000 3207000 17835000 1590000 
20221226 HID -10300 -31717000 131275000  1550000
20221226 HID 1400 4480000 19742000  317000
20221226 HID 1400 4653000 94589000  4424000
20221226 HID -14500 -44737000 150495000 3100000 16120000
20221226 HID 1500 4797000 19425000 1590000 
20221226 HID -15100 -46597000 152355000  1860000
20221226 HID -16300 -50285000 161067000 1884000 
20221226 HID -16900 -52169000 159183000 628000 
20221226 HID -17100 -52797000 158555000  6200000
20221226 HID -2100 -6587000 67549000 4448000 
20221226 HID -2500 -7886000 44778000 2853000 
20221226 HID 2800 9077000 90165000  3476000
20221226 HID 300 980000 15608000  2210000
20221226 HID -32000 -98940000 212852000 1565000 
20221226 HID -32100 -99250000 213162000  310000
20221226 HID -32300 -99870000 216262000 1240000 
20221226 HID -32300 -99885000 210667000  49600000
20221226 HID -32500 -100505000 211287000  620000
20221226 HID -32700 -101110000 215022000  1860000
20221226 HID -3400 -10739000 41925000 317000 
20221226 HID -34800 -107532000 240793000 2448000 
20221226 HID -3500 -11035000 63101000 2536000 
20221226 HID -3500 -11056000 41608000 1268000 
20221226 HID -35600 -109980000 228828000 918000 
20221226 HID -35900 -110898000 227910000 310000 11338000
20221226 HID -3900 -12324000 40340000 1265000 
20221226 HID 3900 12553000 86689000 19140000 
20221226 HID 400 1299000 15927000 319000 
20221226 HID 400 1493000 97749000  3160000
20221226 HID -4100 -12951000 53625000 316000 
20221226 HID -4200 -13267000 53309000 1575000 
20221226 HID -4200 -13274000 38760000 316000 
20221226 HID -42100 -129784000 271001000 3978000 26230000
20221226 HID -4300 -13571000 60565000 2528000 
20221226 HID -4300 -13589000 39075000  315000
20221226 HID -4300 -13590000 38444000 316000 
20221226 HID -4400 -13906000 38128000  18386000
20221226 HID -4500 -13737000 113295000  15230000
20221226 HID -4700 -14842000 51734000  6956000
20221226 HID 500 1617000 16245000 318000 
20221226 HID -5100 -16099000 58037000 632000 3780000
20221226 HID 700 2233000 2233000 2233000 
20221226 HID -83600 -254284000 395501000  124500000
20221226 HID -9400 -28927000 128485000  15190000
20221226 HID -9800 -30167000 129725000  1240000
20221226 HID "acum_busd" "acum_busd_val" "acum_val" "val_bu" "val_sd"
20221227 HID 0 1475000 151123000 1525000 6322000
20221227 HID -1000 -1536000 154134000  3011000
20221227 HID -1000 -2930000 2930000  2930000
20221227 HID 11000 35367000 209041000 45905000 
20221227 HID 11600 37209000 212111000 2456000 614000
20221227 HID 11600 37611000 265313000 13766000 
20221227 HID 11700 37525000 213027000  300000
20221227 HID 11800 37825000 212727000 616000 
20221227 HID 14600 46821000 274523000 9210000 
20221227 HID 1600 6272000 143276000  3965000
20221227 HID 200 1989000 126793000 1220000 
20221227 HID -200 769000 125573000 1830000 
20221227 HID 2300 8394000 133198000 6100000 
20221227 HID 24100 76017000 351305000 52989000 23793000
20221227 HID -2500 -6245000 73271000 918000 
20221227 HID -2500 -6246000 118558000 305000 
20221227 HID -2600 -6551000 118253000 3060000 
20221227 HID -2800 -7163000 72353000 3060000 
20221227 HID 2900 10234000 137478000 3060000 1220000
20221227 HID 2900 10237000 139311000 918000 915000
20221227 HID 29100 91487000 367393000 15470000 
20221227 HID 3000 11425000 239127000  1800000
20221227 HID 300 2294000 127098000 305000 
20221227 HID 3100 11725000 239427000 300000 
20221227 HID 3300 12325000 240027000 600000 
20221227 HID 34600 108537000 384443000 17050000 
20221227 HID 3600 13225000 237327000  17700000
20221227 HID -3600 -9611000 115193000  22644000
20221227 HID -3800 -10223000 69293000 18360000 5508000
20221227 HID 3800 13033000 92549000 19278000 
20221227 HID -4000 -10538000 163136000  9002000
20221227 HID 6700 22625000 250327000 10300000 
20221227 HID -7000 -20075000 42425000 307000 
20221227 HID -7100 -20382000 42118000 2456000 
20221227 HID 7100 23845000 251547000 1220000 
20221227 HID -7900 -22838000 39662000 308000 
20221227 HID -8000 -23075000 45425000  3000000
20221227 HID -8000 -23146000 39354000 309000 
20221227 HID -800 -1061000 123743000 5185000 
20221227 HID -8100 -23455000 39045000 7209000 1854000
20221227 HID -8100 -23524000 24696000 586000 21180000
20221227 HID 9500 30925000 219627000  6600000
20221227 HID -9900 -28810000 29982000  5286000
20221227 HID "acum_busd" "acum_busd_val" "acum_val" "val_bu" "val_sd"
20221228 HID 0 0 930000  
20221228 HID -10000 -30885000 41771000 1240000 
20221228 HID -10100 -31191000 42697000  616000
20221228 HID -10400 -32125000 40531000 310000 
20221228 HID -10500 -32435000 40221000  4030000
20221228 HID -12400 -38107000 62011000 1240000 
20221228 HID -12800 -39347000 60771000 4650000 
20221228 HID -13100 -40341000 51847000  9150000
20221228 HID -13300 -40951000 52457000  610000
20221228 HID -14300 -43997000 56121000 309000 
20221228 HID -14400 -44306000 55812000  3355000
20221228 HID -200 -622000 1552000  622000
20221228 HID -3100 -9214000 100836000 4363000 
20221228 HID -4100 -12334000 94606000 2808000 
20221228 HID -4500 -13577000 96473000 312000 
20221228 HID -4500 -13588000 87754000 311000 
20221228 HID -4600 -13889000 96161000  1555000
20221228 HID -4600 -13899000 87443000 1244000 
20221228 HID -4800 -14503000 123003000 4695000 
20221228 HID -5000 -15142000 91798000 933000 
20221228 HID -5000 -15143000 86199000 1244000 
20221228 HID -5300 -16075000 90865000 312000 2799000
20221228 HID -5400 -16387000 84955000 3110000 
20221228 HID 600 1858000 4032000 2480000 
20221228 HID -6300 -19198000 118308000 3744000 13728000
20221228 HID -6400 -19497000 81845000 310000 
20221228 HID -6500 -19807000 81535000 2790000 
20221228 HID -7400 -22597000 78745000 311000 
20221228 HID -7400 -22607000 77511000 15500000 
20221228 HID -7500 -22908000 78434000 311000 
20221228 HID -7600 -23219000 78123000  612000
20221228 HID -9200 -28405000 36191000 948000 31211000
20221228 HID -9900 -30575000 42081000 310000 
20221228 HID "acum_busd" "acum_busd_val" "acum_val" "val_bu" "val_sd"
20221229 HID -10000 -31200000 31200000  31200000
20221229 HID 100 439000 103529000  313000
20221229 HID 1200 3790000 232734000  3060000
20221229 HID -1300 -3958000 98506000 4396000 
20221229 HID -13200 -40041000 279641000 1232000 
20221229 HID -13600 -41273000 278409000 306000 45369000
20221229 HID -1600 -4891000 111339000 930000 
20221229 HID -1700 -5045000 211659000 610000 
20221229 HID -1900 -5655000 211049000 915000 
20221229 HID -1900 -5821000 109789000  3130000
20221229 HID -1900 -5821000 110409000 310000 
20221229 HID -1900 -5852000 90352000 628000 
20221229 HID -1900 -5854000 89098000 626000 
20221229 HID -2000 -6131000 110099000  310000
20221229 HID -2000 -6167000 56859000 3140000 313000
20221229 HID 200 752000 103216000 4710000 
20221229 HID -20800 -62993000 302593000  22952000
20221229 HID -2100 -6423000 120347000 930000 
20221229 HID -2100 -6480000 88472000 15650000 
20221229 HID -2100 -6480000 89724000  626000
20221229 HID -2200 -6570000 210134000 1220000 31159000
20221229 HID 2200 6850000 223554000 11895000 
20221229 HID 2200 6850000 229674000 3060000 3060000
20221229 HID -2400 -7353000 119417000  5270000
20221229 HID -2700 -8354000 94110000 628000 
20221229 HID -2800 -8593000 122517000  2170000
20221229 HID -2900 -8982000 93482000  3130000
20221229 HID -2900 -8994000 53406000 6262000 
20221229 HID -3400 -10429000 128651000 1842000 
20221229 HID -3500 -10742000 124666000  2149000
20221229 HID -4000 -12271000 126809000 307000 
20221229 HID -4100 -12578000 126502000  1836000
20221229 HID -4900 -15256000 47144000 1252000 
20221229 HID -5300 -16508000 45892000 8432000 
20221229 HID -5900 -18374000 69066000  12207000
20221229 HID 7000 21521000 175907000  6732000
20221229 HID -700 -2083000 114147000 2808000 
20221229 HID -7100 -22130000 72822000  3756000
20221229 HID 7600 23369000 177755000 1848000 
20221229 HID -8000 -24940000 37460000 6260000 
20221229 HID 8800 27025000 166719000  307000
20221229 HID 8900 27332000 166412000 37761000 
20221229 HID -900 -2691000 106659000  3130000
20221229 HID 9200 28253000 169175000 1842000 614000
20221229 HID "acum_busd" "acum_busd_val" "acum_val" "val_bu" "val_sd"
20221230 HID 0 0 4326000  
20221230 HID 0 64000.00000000012 12894000  908999.9999999999
20221230 HID 1000 3090000 7416000 1854000 
20221230 HID 100 368000.0000000001 13198000 304000 
20221230 HID -14700 -44207000 116640000 8816000 
20221230 HID -15400 -46340000 100525000 7700000 
20221230 HID -15500 -46643000 100828000  303000
20221230 HID -16300 -49075000 103260000  2432000
20221230 HID -16700 -50287000 105088000 308000 1520000
20221230 HID -17200 -51807000 106608000  1520000
20221230 HID -17500 -52719000 107520000  912000
20221230 HID -17600 -53023000 107824000  304000
20221230 HID -17900 -54040000 92825000 2416000 
20221230 HID -18000 -54342000 88295000  48627000
20221230 HID -18500 -55852000 89805000  1510000
20221230 HID -18700 -56456000 90409000  604000
20221230 HID -1900 -5715000 33911000 4242000 
20221230 HID 200 668000 11074000  912000
20221230 HID 200 672000.0000000001 13502000 304000 
20221230 HID -2400 -7230000 25730000  10065000
20221230 HID 300 962000 9544000  2128000
20221230 HID 300 973000 11985000  303000
20221230 HID 300 981000.0000000001 13811000 309000 
20221230 HID -3100 -9351000 27851000  2121000
20221230 HID -3300 -9957000 29669000 606000 
20221230 HID -3500 -10563000 29063000  1212000
20221230 HID 400 1236000 5562000 1236000 
20221230 HID 400 1276000 11682000 608000 
20221230 HID 500 1580000 10162000 618000 
20221230 HID 900 2835000 15665000 1854000 
20221230 HID "acum_busd" "acum_busd_val" "acum_val" "val_bu" "val_sd"
20230103 HID -10000 -31153000 154064000 3140000 312000
20230103 HID 100 315000 315000 315000 
20230103 HID -10900 -33981000 150612000 1256000 
20230103 HID -11300 -35237000 149356000 313000 
20230103 HID -11300 -35238000 148418000 3138000 
20230103 HID -11400 -35550000 149043000  312000
20230103 HID -12200 -38065000 144343000  12480000
20230103 HID -12300 -38376000 145280000 313000 
20230103 HID -12400 -38689000 144967000  624000
20230103 HID -1300 -3835000 181382000 20724000 
20230103 HID 1700 5585000 190802000 9420000 
20230103 HID -2300 -7019000 42137000  4695000
20230103 HID 2300 7469000 192686000 1884000 
20230103 HID 23600 75182000 361176000  6252000
20230103 HID 2500 8112000 207773000 4725000 7222000
20230103 HID 25600 81434000 354924000  1256000
20230103 HID 26000 82690000 353668000  32666000
20230103 HID 2600 8427000 208088000 315000 
20230103 HID -2800 -8624000 18622000 3120000 
20230103 HID -2800 -8634000 12392000  7453000
20230103 HID 30800 97604000 302935000 92012000 2835000
20230103 HID 3300 10609000 195826000 3140000 
20230103 HID 34400 109376000 395370000 34194000 
20230103 HID 36300 115039000 320370000 17435000 
20230103 HID 36400 115356000 320687000 317000 
20230103 HID 37800 120282000 446596000  20160000
20230103 HID -3800 -11744000 15502000  3110000
20230103 HID -400 -1181000 4939000 1250000 
20230103 HID 42100 133785000 419779000 24409000 
20230103 HID 43000 136638000 422632000 2853000 
20230103 HID 43300 137717000 464031000 17435000 
20230103 HID 44000 139808000 425802000 3170000 
20230103 HID 44200 140442000 426436000 634000 
20230103 HID -6500 -20264000 126542000 315000 
20230103 HID -6600 -20579000 126227000 1260000 
20230103 HID 6700 21311000 78657000  4095000
20230103 HID -7000 -21839000 124967000 632000 44730000
20230103 HID 7000 22259000 79605000 948000 
20230103 HID -7900 -24559000 160658000 6594000 
20230103 HID 8000 25406000 74562000 32425000 
20230103 HID -800 -2324000 37442000 12560000 6260000
20230103 HID -800 -2431000 3689000 314000 
20230103 HID -8200 -25585000 131863000  5321000
20230103 HID -900 -2745000 3375000  3060000
20230103 HID "acum_busd" "acum_busd_val" "acum_val" "val_bu" "val_sd"
20230104 HID 0 30000 3810000 1920000 
20230104 HID -1300 -2451000 119607000  2233000
20230104 HID 1300 5879000 143177000  951000
20230104 HID 1600 6830000 142226000  3170000
20230104 HID -1700 -3742000 111942000 1280000 
20230104 HID 1700 7081000 92167000  1595000
20230104 HID -2000 -4702000 110342000 3196000 
20230104 HID -2100 -5022000 110662000  320000
20230104 HID 2200 8676000 90572000  15631000
20230104 HID 2300 9049000 159027000  4438000
20230104 HID 2300 9049000 159661000  317000
20230104 HID 2400 9366000 159344000 317000 
20230104 HID 2600 10000000 139056000  3499000
20230104 HID -2600 -6626000 105874000  7018000
20230104 HID -28100 -86796000 277630000  68355000
20230104 HID 2900 9602000 16582000 11172000 640000
20230104 HID 3000 11266000 133324000 13717000 
20230104 HID -3000 -7898000 107146000  1272000
20230104 HID -300 -930000 4770000  960000
20230104 HID 3200 11904000 133962000 638000 
20230104 HID -3400 -8961000 196003000 634000 
20230104 HID -3600 -9595000 195369000 3792000 
20230104 HID 3700 13487000 154589000 9510000 1902000
20230104 HID 3700 13499000 135557000 1595000 
20230104 HID -400 392000 98856000  3499000
20230104 HID -4800 -13387000 191577000 4740000 27176000
20230104 HID 4900 16828000 42848000  1590000
20230104 HID 5000 17163000 43183000 335000 
20230104 HID -500 98000 115782000 3840000 
20230104 HID 5400 18418000 41258000  7930000
20230104 HID -5600 -15913000 202955000  6952000
20230104 HID -600 -1890000 1890000  1890000
20230104 HID -600 -218000 117374000 638000 
20230104 HID -6400 -18441000 209275000 1896000 4424000
20230104 HID 700 3891000 95357000  3190000
20230104 HID 7100 24307000 74941000  638000
20230104 HID 7300 24332000 31312000 14730000 
20230104 HID 7300 24945000 74303000 8736000 954000
20230104 HID 7900 26348000 33328000 2016000 
20230104 HID -800 -856000 116736000  954000
20230104 HID "acum_busd" "acum_busd_val" "acum_val" "val_bu" "val_sd"
20230105 HID 19200 61452000 69746000 64000000 4147000
20230105 HID 19200 61458000 71020000  317000
20230105 HID 19300 61775000 70703000  317000
20230105 HID 19400 62092000 70386000 640000 
20230105 HID 19800 63360000 72922000 1902000 
20230105 HID -2000 1551000 599882000  18840000
20230105 HID 20400 65274000 76112000  638000
20230105 HID 20600 65912000 75474000 2552000 
20230105 HID 20600 65913000 76751000 639000 
20230105 HID 4000 20391000 581042000 638000 3476000
20230105 HID 400 1280000 1280000 1280000 
20230105 HID 4500 21951000 575650000  2496000
20230105 HID 4600 22270000 575969000 319000 
20230105 HID 4900 23229000 576928000 959000 
20230105 HID 500 1599000 1599000 319000 
20230105 HID 52600 168312000 179150000 102399000 
20230105 HID 5300 24447000 573154000  180839000
20230105 HID 53100 169912000 180750000 1600000 
20230105 HID 53600 171512000 182350000 1600000 
20230105 HID 58900 189079000 268837000  1256000
20230105 HID 59300 190335000 267581000  7550000
20230105 HID 59800 191881000 252763000  1264000
20230105 HID 60000 192513000 253395000 632000 
20230105 HID 60200 193145000 251499000  1580000
20230105 HID 60300 193461000 255607000 948000 
20230105 HID 60700 194725000 249919000  10460000
20230105 HID 61300 196621000 258767000 3160000 
20230105 HID 61700 197885000 260031000 1264000 
20230105 HID 62100 199191000 278949000 10112000 
20230105 HID 63400 203046000 339754000  14715000
20230105 HID 63700 204135000 214973000 32623000 
20230105 HID 63900 204646000 341354000 1600000 
20230105 HID 64000 205185000 239459000  1595000
20230105 HID 64100 205286000 341994000 640000 
20230105 HID 64300 206073000 216911000 1938000 
20230105 HID 64500 206780000 237864000  3190000
20230105 HID 64600 207042000 217880000 969000 
20230105 HID 65100 208662000 219500000 1620000 
20230105 HID 65300 209330000 231792000  1288000
20230105 HID 65500 209970000 234674000  320000
20230105 HID 65600 210290000 234354000  640000
20230105 HID 65700 210618000 230504000  322000
20230105 HID 65800 210930000 233392000 1600000 
20230105 HID 65800 210940000 230182000  2264000
20230105 HID 66500 213204000 227918000 6480000 1938000
20230105 HID 68000 217761000 325039000  9600000
20230105 HID 69400 222259000 302017000 23068000 
20230105 HID 70000 224141000 312219000 3830000 4160000
20230105 HID 70100 224463000 312541000 322000 
20230105 HID 70100 224471000 304229000 2212000 
20230105 HID 71000 227361000 315439000 2898000 
20230105 HID "acum_busd" "acum_busd_val" "acum_val" "val_bu" "val_sd"
20230106 HID -1000 -3145000 3145000  942000
20230106 HID -10400 -31208000 221741000 3100000 
20230106 HID -11400 -34308000 218641000  9300000
20230106 HID -12100 -36345000 96226000 2835000 
20230106 HID -13000 -39180000 93391000 6300000 
20230106 HID -13500 -40708000 130293000 316000 
20230106 HID -13600 -41024000 129977000 632000 
20230106 HID -13800 -41656000 129345000 632000 
20230106 HID -14000 -42288000 128713000 2528000 
20230106 HID -14800 -44816000 126185000 1264000 
20230106 HID -15000 -45480000 87091000 1575000 
20230106 HID -15200 -46080000 124921000 8848000 
20230106 HID -15500 -47055000 85516000 9448000 
20230106 HID -15600 -47322000 170255000 314000 
20230106 HID -15700 -47636000 169941000 3140000 
20230106 HID -16500 -50158000 159273000 6300000 
20230106 HID -16700 -50743000 174298000 311000 
20230106 HID -16700 -50776000 160521000 315000 933000
20230106 HID -16800 -51054000 173987000  3732000
20230106 HID -17400 -52993000 149508000 3150000 
20230106 HID -17800 -54153000 177708000  3410000
20230106 HID -18000 -54928000 116073000 632000 19215000
20230106 HID -18400 -56143000 146358000 315000 
20230106 HID -18500 -56458000 146043000  15750000
20230106 HID -18500 -56458000 152973000  3465000
20230106 HID -18500 -56503000 76068000  40864000
20230106 HID -2400 -6408000 249641000 17050000 
20230106 HID -2700 -7332000 250875000  924000
20230106 HID -2800 -7642000 251185000  310000
20230106 HID -4400 -12602000 256145000  4960000
20230106 HID -5000 -15639000 15639000  12494000
20230106 HID -500 -1575000 1575000  1575000
20230106 HID -5800 -16912000 260455000  4310000
20230106 HID -5800 -16912000 275855000  
20230106 HID -700 -2203000 2203000  628000
20230106 HID -7900 -23458000 232591000 3100000 1550000
20230106 HID -8200 -24386000 207475000 2177000 
20230106 HID -8400 -25008000 209341000 622000 
20230106 HID -8400 -25008000 227941000 6200000 
20230106 HID -8600 -25630000 208719000  1244000
20230106 HID -8900 -26563000 205298000 27590000 
20230106 HID "acum_busd" "acum_busd_val" "acum_val" "val_bu" "val_sd"
20230109 HID 0 278000 57572000  3100000
20230109 HID -1000 -3026000 15194000 622000 
20230109 HID 1000 3378000 54472000  3100000
20230109 HID -1200 -3434000 61284000  1232000
20230109 HID -1200 -3648000 14572000  1555000
20230109 HID -1200 -3668000 11442000 632000 
20230109 HID -1200 -3680000 8640000 2480000 
20230109 HID -1400 -4007000 86138000 1232000 
20230109 HID -1400 -4300000 10810000  620000
20230109 HID -1500 -4372000 74183000 3080000 
20230109 HID -1800 -5239000 84906000 3080000 
20230109 HID -1900 -5547000 87678000  1540000
20230109 HID -2000 -6160000 6160000  6160000
20230109 HID 2000 6478000 51372000  5890000
20230109 HID -2200 -6471000 88602000  924000
20230109 HID -2400 -7087000 89218000  616000
20230109 HID -2500 -7452000 68968000 1833000 307000
20230109 HID -2500 -7452000 71103000  
20230109 HID -2600 -7703000 90450000 308000 
20230109 HID 2600 8230000 28310000 5966000 
20230109 HID -2700 -8011000 90142000  924000
20230109 HID 2700 8544000 28624000 314000 
20230109 HID -2800 -8319000 81826000 1232000 
20230109 HID -3000 -8978000 66828000  5544000
20230109 HID -3200 -9551000 80594000 308000 
20230109 HID -3300 -9859000 80286000 308000 5795000
20230109 HID 3900 12312000 32392000 3768000 
20230109 HID 3900 12368000 45482000  3100000
20230109 HID 4900 15468000 42382000  3105000
20230109 HID 5900 18573000 39277000  312000
20230109 HID 6000 18885000 38965000 6573000 
20230109 HID -700 -2093000 13017000 1575000 
20230109 HID 700 2264000 22344000 4665000 
20230109 HID -800 -2202000 60052000  2480000
20230109 HID -800 -2401000 17679000 1555000 930000
20230109 HID "acum_busd" "acum_busd_val" "acum_val" "val_bu" "val_sd"
20230110 HID 100 310000 310000 310000 
20230110 HID -100 -310000 930000  620000
20230110 HID -10200 -31027000 54215000 307000 
20230110 HID -10300 -31334000 53908000 308000 
20230110 HID -10400 -31642000 53600000 1535000 
20230110 HID -10600 -32264000 49928000  13725000
20230110 HID -10900 -33177000 52065000 612000 
20230110 HID -11100 -33789000 51453000  1525000
20230110 HID -11900 -35548000 142240000 3410000 
20230110 HID -12400 -37098000 143790000  1550000
20230110 HID -13000 -38958000 138830000 15500000 
20230110 HID -13000 -38958000 145650000  1860000
20230110 HID -14800 -44538000 151850000 310000 
20230110 HID -14900 -44848000 151540000  5890000
20230110 HID -16800 -50728000 164260000 3110000 
20230110 HID -16900 -51038000 164570000  310000
20230110 HID -1700 -5215000 7075000  3355000
20230110 HID -17800 -53838000 161150000  9300000
20230110 HID -18000 -54458000 123330000 3720000 
20230110 HID -1800 -5518000 7378000  303000
20230110 HID -19200 -58178000 119610000 3100000 
20230110 HID -20200 -61278000 110330000 11397000 
20230110 HID -20200 -61278000 116510000 3090000 
20230110 HID -20500 -62126000 175658000  11088000
20230110 HID -21000 -63646000 183378000 3100000 
20230110 HID -21200 -64368000 113420000  3090000
20230110 HID -21300 -64573000 184305000  927000
20230110 HID -22000 -66746000 180278000  4620000
20230110 HID -23400 -71140000 97398000 1535000 41648000
20230110 HID -23900 -72675000 98933000  1535000
20230110 HID -5600 -17012000 34062000 921000 
20230110 HID -5700 -17319000 34983000 307000 
20230110 HID -5800 -17626000 34676000  614000
20230110 HID -5900 -17933000 33141000 614000 
20230110 HID -600 -1860000 3720000 620000 
20230110 HID -6100 -18539000 36203000  1220000
20230110 HID -6100 -18547000 32527000 5454000 
20230110 HID -6800 -20671000 22531000  15153000
20230110 HID -7800 -23701000 25561000  3030000
20230110 HID -7900 -24001000 27073000 606000 906000
20230110 HID -800 -2480000 3100000  2170000
20230110 HID "acum_busd" "acum_busd_val" "acum_val" "val_bu" "val_sd"
20230111 HID 0 0 309000  
20230111 HID -100 100000 240337000  32860000
20230111 HID 100 310000 619000 310000 
20230111 HID 10500 32960000 207477000  1550000
20230111 HID 11000 34510000 205927000  1555000
20230111 HID 11400 35753000 204060000  7775000
20230111 HID 11500 36065000 204372000 312000 
20230111 HID 12300 38379000 53030000 29016000 
20230111 HID 13900 43528000 196285000 1560000 4056000
20230111 HID 14100 44044000 58695000 5665000 
20230111 HID 14700 46024000 190669000  4368000
20230111 HID 16100 50392000 186301000  3465000
20230111 HID 17200 53857000 182836000  18386000
20230111 HID 17300 54120000 119699000  10144000
20230111 HID 17600 55071000 147278000  3804000
20230111 HID 18800 58875000 137134000  6340000
20230111 HID 18800 58875000 143474000  3170000
20230111 HID 19800 62045000 140304000 3170000 
20230111 HID 20500 64264000 100679000  
20230111 HID 20500 64264000 109555000  
20230111 HID 20500 64264000 95939000  3150000
20230111 HID 20800 65215000 130794000 11095000 
20230111 HID 21500 67414000 92789000 948000 3150000
20230111 HID 22200 69616000 88691000  2212000
20230111 HID 22600 70971000 163178000 15900000 
20230111 HID 22900 71828000 86479000 27784000 
20230111 HID 23000 72243000 164450000 1272000 
20230111 HID 2800 8739000 23390000  5616000
20230111 HID 3000 9363000 24014000 624000 
20230111 HID -400 -1245000 2174000  1555000
20230111 HID 4500 14452000 254689000 14352000 
20230111 HID 4600 14355000 17774000 15600000 
20230111 HID 6800 21837000 273258000  1244000
20230111 HID 7200 23081000 272014000  4036000
20230111 HID 8500 27117000 267978000  312000
20230111 HID 8600 27429000 267666000 12977000 
20230111 HID 8700 27746000 282899000  311000
20230111 HID 8800 28057000 282588000  1555000
20230111 HID 9300 29612000 281033000 7775000 
20230111 HID "acum_busd" "acum_busd_val" "acum_val" "val_bu" "val_sd"
20230112 HID 100 318000 318000 318000 
20230112 HID -13700 -42194000 54624000 3377000 
20230112 HID -14800 -45571000 51247000  42765000
20230112 HID -16400 -50195000 218067000 936000 
20230112 HID -16700 -51131000 217131000 6820000 
20230112 HID -17400 -53295000 221167000  3100000
20230112 HID -17400 -53553000 121243000 12280000 
20230112 HID -17700 -54473000 136899000 1228000 306000
20230112 HID -18000 -55395000 135365000 6140000 7982000
20230112 HID -18500 -56937000 139363000  2464000
20230112 HID -18900 -57951000 210311000 4950000 308000
20230112 HID -20200 -61937000 192693000 2170000 
20230112 HID -20400 -62593000 205053000 5544000 
20230112 HID -20400 -62763000 105893000 15350000 
20230112 HID -20900 -64107000 190523000 3100000 
20230112 HID -21200 -65037000 195793000  3100000
20230112 HID -21400 -65833000 108963000  3070000
20230112 HID -21700 -66761000 149187000  9824000
20230112 HID -21900 -67207000 187423000 17360000 
20230112 HID -22200 -68137000 198893000  3100000
20230112 HID -22200 -68137000 199509000 308000 
20230112 HID -22300 -68445000 199201000  308000
20230112 HID -23500 -72287000 154713000  5526000
20230112 HID -23700 -72894000 85324000  30700000
20230112 HID -25400 -78113000 90543000  5219000
20230112 HID -27500 -84567000 166993000  12280000
20230112 HID -27500 -84567000 170063000  
20230112 HID -300 -944000 5372000 316000 
20230112 HID -300 -944000 6620000 624000 624000
20230112 HID -400 -1260000 5056000 1580000 
20230112 HID -600 -1876000 7552000  932000
20230112 HID -900 -2806000 8482000  930000
20230112 HID -900 -2840000 3476000  3158000
20230112 HID "acum_busd" "acum_busd_val" "acum_val" "val_bu" "val_sd"
20230113 HID -28600 -88610000 117230000 10850000 
20230113 HID -29000 -89850000 118470000  1240000
20230113 HID -30500 -94500000 97700000  82150000
20230113 HID -30600 -94810000 98010000  310000
20230113 HID -32100 -99460000 106380000 620000 
20230113 HID -32300 -100080000 105760000 930000 
20230113 HID -32600 -101010000 104830000 310000 
20230113 HID -32700 -101320000 104520000  6510000
20230113 HID -4000 -12350000 15550000  11160000
20230113 HID -400 -1190000 4390000 1280000 
20230113 HID -46100 -143624000 172244000  53774000
20230113 HID -48800 -152128000 181380000 316000 
20230113 HID -48900 -152443000 181695000  315000
20230113 HID -48900 -152444000 181064000  8820000
20230113 HID -49600 -154649000 221141000 12400000 3410000
20230113 HID -49600 -154649000 224241000  
20230113 HID -49800 -155269000 224861000  620000
20230113 HID -50000 -155889000 225481000  620000
20230113 HID -50100 -156199000 225791000  310000
20230113 HID -52500 -163639000 205331000 6220000 
20230113 HID -54500 -169839000 239431000  13640000
20230113 HID -54500 -169859000 199111000  17416000
20230113 HID -65000 -202179000 271771000  32340000
20230113 HID -800 -2470000 3110000 320000 
20230113 HID -900 -2790000 2790000  2790000
20230113 HID "acum_busd" "acum_busd_val" "acum_val" "val_bu" "val_sd"
20230116 HID 100 316000 316000 316000 
20230116 HID -11100 -33829000 38131000  6120000
20230116 HID -11600 -35359000 39661000  1530000
20230116 HID -13600 -41479000 45781000  6120000
20230116 HID -15600 -47599000 51901000  6120000
20230116 HID -18600 -56779000 61081000  9180000
20230116 HID -19200 -58627000 62929000  1848000
20230116 HID -19300 -58935000 63237000  308000
20230116 HID -19400 -59243000 63545000  308000
20230116 HID -19800 -60469000 64771000  1226000
20230116 HID 200 631000 631000 315000 
20230116 HID -20800 -63529000 67831000  3060000
20230116 HID -2400 -7273000 11575000 1520000 608000
20230116 HID -2500 -7577000 11879000  304000
20230116 HID -2600 -7881000 9143000  8512000
20230116 HID -2700 -8185000 9447000  304000
20230116 HID -2700 -8187000 12489000  610000
20230116 HID -3500 -10629000 14931000  2442000
20230116 HID -6100 -18559000 22861000  7930000
20230116 HID -7100 -21609000 25911000  3050000
20230116 HID -8100 -24659000 28961000  3050000
20230116 HID -9100 -27709000 32011000  3050000
20230116 HID "acum_busd" "acum_busd_val" "acum_val" "val_bu" "val_sd"
20230117 HID 0 1000 621000  310000
20230117 HID -1000 -3031000 45161000 1236000 8316000
20230117 HID 100 311000 311000 311000 
20230117 HID 100 341000 31901000  9270000
20230117 HID -10600 -32483000 96717000  3399000
20230117 HID -10600 -32490000 111508000 6160000 
20230117 HID -10700 -32792000 97026000  309000
20230117 HID -11700 -35878000 100112000  3086000
20230117 HID -12300 -37699000 122877000 1540000 
20230117 HID -12600 -38650000 105348000 1232000 
20230117 HID -12800 -39239000 121337000 1540000 
20230117 HID -13000 -39882000 104116000  4004000
20230117 HID 1300 4049000 35609000 3708000 
20230117 HID -13300 -40779000 119797000  8289000
20230117 HID -1400 -4339000 8681000 1860000 6200000
20230117 HID -1500 -4566000 56520000 4912000 6447000
20230117 HID 1500 4651000 17671000 2790000 
20230117 HID -22300 -68399000 153577000  30700000
20230117 HID -3000 -9171000 69107000 3991000 
20230117 HID 3100 9611000 22631000 4960000 
20230117 HID -31400 -96268000 196808000 620000 
20230117 HID -31600 -96888000 196188000 3070000 
20230117 HID -32100 -98423000 188513000 2456000 1535000
20230117 HID -32300 -99038000 184216000  30639000
20230117 HID -32400 -99344000 184522000  306000
20230117 HID -32600 -99958000 193118000 1535000 
20230117 HID -33100 -101493000 191583000  3070000
20230117 HID -33900 -103943000 204483000  7675000
20230117 HID -3400 -10399000 62353000  5833000
20230117 HID -41900 -128448000 228988000  24505000
20230117 HID -4300 -13162000 65116000  2763000
20230117 HID -44700 -137012000 238784000 616000 
20230117 HID -44700 -137012000 287606000  
20230117 HID -44900 -137628000 238168000  9180000
20230117 HID 600 1861000 14881000 6200000 
20230117 HID -8500 -25994000 90228000 614000 
20230117 HID -8700 -26608000 89614000 1535000 
20230117 HID -9200 -28143000 88079000  18972000
20230117 HID -9500 -29084000 93318000  3090000
20230117 HID "acum_busd" "acum_busd_val" "acum_val" "val_bu" "val_sd"
20230118 HID -100 -36000 129092000 3160000 
20230118 HID 100 596000 129724000 632000 
20230118 HID -1100 -3196000 125932000 632000 
20230118 HID -11100 -34745000 80543000  6930000
20230118 HID -1200 -3533000 121213000 1252000 
20230118 HID -1300 -3828000 125300000 1896000 
20230118 HID 1400 4708000 138246000 1577000 2205000
20230118 HID -1500 -4472000 119648000 7850000 
20230118 HID -1600 -4785000 119961000  313000
20230118 HID -1600 -4932000 23592000 632000 
20230118 HID -1600 -4962000 20462000  7130000
20230118 HID 1600 5336000 134464000 4740000 
20230118 HID -1800 -5564000 22960000 632000 
20230118 HID -1900 -5724000 123404000  2191000
20230118 HID -2000 -6196000 22328000 316000 
20230118 HID -2100 -6512000 22012000  1550000
20230118 HID 300 1265000 141689000  3443000
20230118 HID -300 -927000 927000  927000
20230118 HID -4000 -12322000 111798000 6280000 
20230118 HID -4100 -12721000 58519000 11060000 
20230118 HID -4200 -13036000 58834000  315000
20230118 HID -4500 -14083000 32743000  9151000
20230118 HID -4500 -14084000 35246000 1251000 
20230118 HID -4600 -14186000 101102000 6023000 
20230118 HID -4800 -15017000 37443000 316000 
20230118 HID -4900 -15333000 37127000 316000 
20230118 HID -4900 -15335000 33995000  1252000
20230118 HID -5000 -15649000 36811000  1565000
20230118 HID -5600 -17346000 104262000  3160000
20230118 HID -6000 -18602000 105518000  1256000
20230118 HID 6200 19732000 160156000 18467000 
20230118 HID -6400 -20025000 42451000  5008000
20230118 HID -6400 -20025000 43703000 626000 
20230118 HID -6500 -20209000 95079000 14536000 
20230118 HID -6600 -20651000 43077000  626000
20230118 HID 6700 21327000 164881000  1565000
20230118 HID 700 2168000 13332000 4650000 
20230118 HID 7200 22892000 163316000 3160000 
20230118 HID -7400 -23155000 46833000  3130000
20230118 HID -7600 -23781000 47459000  626000
20230118 HID -800 -2482000 8682000 3100000 4655000
20230118 HID -8700 -27187000 72985000  14151000
20230118 HID -8900 -27815000 73613000  628000
20230118 HID "acum_busd" "acum_busd_val" "acum_val" "val_bu" "val_sd"
20230119 HID 0 0 50464000  
20230119 HID -10700 -33640000 228282000 1610000 
20230119 HID -11200 -35250000 226672000 8320000 
20230119 HID -11500 -36217000 171319000  9600000
20230119 HID -12000 -37507000 286585000  21717000
20230119 HID -12500 -39107000 288185000  1600000
20230119 HID -12500 -39417000 174519000  3200000
20230119 HID -12900 -40690000 215472000 13440000 638000
20230119 HID -13300 -41970000 216752000  1280000
20230119 HID -13800 -43570000 218352000  1600000
20230119 HID 1500 4960000 55424000 4960000 
20230119 HID -15300 -48049000 297127000  8942000
20230119 HID -16200 -50916000 300640000 323000 3190000
20230119 HID -16900 -53149000 302873000  2233000
20230119 HID -16900 -53492000 201394000 6400000 1595000
20230119 HID -18400 -58297000 193399000  18880000
20230119 HID 200 1296000 128028000 3220000 
20230119 HID 2500 8326000 61948000  1579000
20230119 HID 2600 8651000 62273000 325000 
20230119 HID 3000 9905000 60369000 4945000 
20230119 HID 3500 11581000 65843000 3250000 320000
20230119 HID 3600 12200000 110684000  321000
20230119 HID 3700 12521000 110363000 3250000 19210000
20230119 HID -3900 -11865000 141189000  13161000
20230119 HID -4300 -12882000 261316000 3250000 1620000
20230119 HID -4800 -14512000 256446000 1625000 
20230119 HID -5200 -15790000 264868000 322000 
20230119 HID -5300 -16112000 264546000  3230000
20230119 HID -5300 -16137000 254821000 975000 
20230119 HID -5600 -17112000 253846000 2925000 
20230119 HID 600 2570000 120314000  9630000
20230119 HID -6500 -20037000 250921000 6499000 
20230119 HID -6500 -20177000 155279000 2889000 11201000
20230119 HID -6700 -20821000 155923000  644000
20230119 HID -800 -1924000 124808000  4494000
20230119 HID -8500 -26536000 244422000 3240000 
20230119 HID -8500 -26546000 237952000 3230000 
20230119 HID -8500 -26617000 161719000  5796000
20230119 HID 8600 28156000 84368000  975000
20230119 HID 8700 28481000 84693000 325000 
20230119 HID 8900 29131000 83393000 17550000 
20230119 HID -9100 -28488000 233434000 5152000 
20230119 HID -9500 -29776000 234722000  1288000
20230119 HID -9500 -29776000 241182000  3230000
20230119 HID "acum_busd" "acum_busd_val" "acum_val" "val_bu" "val_sd"
20230127 HID -10000 -32058000 111816000  642000
20230127 HID -10800 -34544000 140184000 1625000 
20230127 HID -1100 -3354000 17898000  7084000
20230127 HID 1100 3642000 3642000 1650000 
20230127 HID 1100 3730000 10814000  3220000
20230127 HID -11300 -36169000 138559000 1620000 
20230127 HID -11300 -36246000 97972000 3220000 13524000
20230127 HID -11800 -37789000 136939000 1300000 
20230127 HID -12200 -39089000 135639000 2600000 
20230127 HID -13000 -41689000 133039000  12538000
20230127 HID -13200 -42103000 188031000 6520000 
20230127 HID -13500 -43091000 174675000 3270000 
20230127 HID -13700 -43762000 214238000 6137000 
20230127 HID -14200 -45353000 191281000  3250000
20230127 HID -14500 -46361000 171405000 642000 
20230127 HID -14700 -47003000 170763000 3210000 21519000
20230127 HID -15000 -47981000 179565000  4890000
20230127 HID -15200 -48623000 181511000 652000 650000
20230127 HID -15200 -48625000 180209000  644000
20230127 HID -15300 -48928000 194856000  3575000
20230127 HID -15600 -49899000 208101000 5491000 3553000
20230127 HID -16200 -51837000 199057000 646000 3555000
20230127 HID 2100 6950000 7594000  322000
20230127 HID 2200 7272000 7272000 3630000 
20230127 HID -23700 -75976000 246452000  32214000
20230127 HID -24200 -77581000 248057000  1605000
20230127 HID -2900 -9120000 30164000 3250000 
20230127 HID -33900 -108602000 288804000 1288000 
20230127 HID -34200 -109601000 280077000  32020000
20230127 HID -34300 -109890000 287516000 3250000 1610000
20230127 HID -34800 -111530000 282656000 325000 
20230127 HID -34900 -111855000 282331000  2254000
20230127 HID -38900 -124620000 304822000  16018000
20230127 HID -3900 -12370000 26914000  9016000
20230127 HID -39400 -126220000 306422000  1600000
20230127 HID -39400 -126220000 312862000  
20230127 HID -4900 -15600000 36644000  6480000
20230127 HID -6000 -19183000 73819000 16796000 20379000
20230127 HID 600 1992000 1992000 1992000 
20230127 HID -6100 -19505000 74141000  322000
20230127 HID -6700 -21434000 76720000 325000 322000
20230127 HID -6700 -21437000 76073000  1932000
20230127 HID -8100 -25942000 81228000  4508000
20230127 HID -8500 -27230000 106988000 9016000 
20230127 HID -8700 -27867000 119217000 2254000 321000
20230127 HID -9000 -28694000 146034000 5850000 
20230127 HID -9000 -28830000 120180000  963000
20230127 HID -9100 -29151000 120501000  321000
20230127 HID -9300 -29800000 116642000 3542000 1284000
20230127 HID -9800 -31416000 111174000  4186000
20230127 HID "acum_busd" "acum_busd_val" "acum_val" "val_bu" "val_sd"
20230130 HID 100 325000 325000 325000 
20230130 HID 105000 343831000 1056544000  344000
20230130 HID 105100 344175000 1056200000  8600000
20230130 HID 107600 352775000 1047600000  6880000
20230130 HID 109600 359655000 1040720000  13760000
20230130 HID 110100 361825000 511456000 40200000 
20230130 HID 113600 373415000 1026960000  688000
20230130 HID 113800 374103000 1026272000  1720000
20230130 HID 114300 375823000 1024552000  344000
20230130 HID 114400 376167000 1024208000  27520000
20230130 HID 116100 382093000 531724000 20268000 
20230130 HID 122400 403687000 996688000  3096000
20230130 HID 123300 406783000 993592000  6880000
20230130 HID 125000 412639000 566356000 32247000 1701000
20230130 HID 125300 413663000 986712000  2752000
20230130 HID 126100 416415000 983960000  10320000
20230130 HID 129100 426735000 973640000  1720000
20230130 HID 129600 428455000 971920000  6880000
20230130 HID 131600 435335000 965040000  14104000
20230130 HID 135700 449439000 950936000  10320000
20230130 HID 138700 459759000 940616000  1376000
20230130 HID 13900 44883000 62361000 41990000 
20230130 HID 139100 461135000 939240000  3440000
20230130 HID 140100 464575000 935800000  6192000
20230130 HID 141900 470767000 929608000  688000
20230130 HID 142100 471455000 928920000  4472000
20230130 HID 143400 475927000 924448000  5160000
20230130 HID 144900 481087000 919288000  17200000
20230130 HID 14600 47229000 110548000 7346000 16000000
20230130 HID 149900 498287000 902088000  3440000
20230130 HID 150900 501727000 898648000  344000
20230130 HID 151000 502071000 898304000 3440000 50912000
20230130 HID 15300 49483000 115378000  1288000
20230130 HID 15700 50771000 114090000 3542000 
20230130 HID 16400 52958000 70436000 8075000 
20230130 HID 164800 549543000 843952000 3440000 17200000
20230130 HID 168800 563303000 823312000 201230000 50566000
20230130 HID 17000 54916000 85274000 8398000 6440000
20230130 HID 17300 55883000 86883000 1288000 321000
20230130 HID 17500 56589000 122484000 7106000 
20230130 HID -200 -650000 1300000  975000
20230130 HID -2200 -7120000 8420000  4845000
20230130 HID 35300 114088000 193549000  323000
20230130 HID 35400 114411000 193226000 324000 6460000
20230130 HID 36300 117328000 196789000 3240000 
20230130 HID 37300 120547000 186442000 63958000 
20230130 HID 45900 148563000 228024000 31235000 
20230130 HID 46800 151527000 252533000 11118000 8154000
20230130 HID 46800 151527000 255823000 1645000 1645000
20230130 HID 46900 151856000 256152000 329000 
20230130 HID 48900 158446000 262742000 6590000 
20230130 HID 67800 221074000 339230000 332000 3300000
20230130 HID 68700 224042000 335598000 2324000 3630000
20230130 HID 69100 225348000 329644000 66902000 
20230130 HID -700 -2275000 3575000 325000 1950000
20230130 HID 75100 245340000 389976000 37506000 13240000
20230130 HID 80600 263545000 408181000 18205000 
20230130 HID 900 2893000 20371000 10982000 969000
20230130 HID 91600 297735000 1102640000  3096000
20230130 HID 92500 300831000 1099544000  24080000
20230130 HID 98100 321625000 466261000 58080000 
20230130 HID 99500 324911000 1075464000  18920000
20230130 HID "acum_busd" "acum_busd_val" "acum_val" "val_bu" "val_sd"
20230131 HID -100200 -340724000 1034822000  2720000
20230131 HID -100900 -343107000 1047415000 3400000 
20230131 HID -101000 -343452000 1037550000  2728000
20230131 HID -101900 -346507000 1044015000 1705000 4760000
20230131 HID 10400 37524000 53464000 28790000 
20230131 HID -105600 -361062000 775592000 678000 
20230131 HID -105800 -361732000 776262000  670000
20230131 HID -105800 -361740000 774914000 20340000 
20230131 HID -107400 -367098000 781628000  5366000
20230131 HID -1100 -3778000 10062000 3142000 
20230131 HID -111700 -381794000 750898000  74264000
20230131 HID -111800 -382080000 754574000 1695000 
20230131 HID -111900 -380931000 989175000 45220000 
20230131 HID -112300 -383775000 752879000  1981000
20230131 HID -125200 -426151000 943955000 33660000 
20230131 HID -131400 -447498000 862028000  80400000
20230131 HID -133100 -453041000 893335000 3390000 
20230131 HID -133100 -453041000 896725000 1695000 1695000
20230131 HID -134100 -456431000 889945000 6780000 
20230131 HID -135100 -459811000 910295000 3400000 
20230131 HID -136100 -463211000 883165000 2373000 
20230131 HID -136100 -463211000 906895000  10170000
20230131 HID -136800 -465584000 880792000 339000 18425000
20230131 HID -19800 -67716000 200244000 18616000 
20230131 HID -2000 -6920000 6920000  6920000
20230131 HID -23900 -82066000 270594000 28000000 
20230131 HID 2400 8734000 24674000 13562000 1050000
20230131 HID -24800 -85180000 273708000  3114000
20230131 HID -25000 -86332000 181628000 2154000 126010000
20230131 HID -25800 -88500000 318548000 10380000 
20230131 HID -27800 -95716000 228244000  28000000
20230131 HID -28800 -98880000 308168000 10380000 
20230131 HID -31800 -109260000 297788000  24080000
20230131 HID -31900 -110066000 242594000  14350000
20230131 HID -42100 -144898000 374946000  56398000
20230131 HID -43600 -150080000 380128000  5182000
20230131 HID -43900 -151115000 381163000  1035000
20230131 HID -55000 -189410000 419458000  38295000
20230131 HID -56100 -193194000 423242000  3784000
20230131 HID -61200 -210713000 458011000 3105000 
20230131 HID -62100 -213818000 454906000 690000 
20230131 HID -62300 -214508000 454216000 1035000 
20230131 HID -62600 -215543000 453181000 3795000 
20230131 HID -63700 -219338000 449386000  26144000
20230131 HID -76400 -262953000 543371000 12420000 
20230131 HID -79100 -272241000 552659000  9288000
20230131 HID -80000 -275373000 530951000 4140000 68800000
20230131 HID -88900 -305938000 660082000 12240000 
20230131 HID -89100 -306641000 587059000  34400000
20230131 HID -89400 -307530000 676634000 7480000 9072000
20230131 HID -90500 -311457000 602883000 688000 
20230131 HID -90700 -312145000 602195000 4816000 10320000
20230131 HID -91900 -316138000 645802000 5488000 
20230131 HID -92500 -318178000 647842000  2040000
20230131 HID -93500 -321626000 640314000 1372000 
20230131 HID -93900 -322998000 638942000 7500000 
20230131 HID -94200 -324038000 620222000 2379000 
20230131 HID -94800 -326078000 627022000 2380000 4420000
20230131 HID -94900 -326417000 617843000  14960000
20230131 HID -95800 -325684000 1071298000 8923000 
20230131 HID -95800 -325684000 1083878000  
20230131 HID -96100 -330498000 631442000  4420000
20230131 HID -98400 -334607000 1062375000 1700000 
20230131 HID -98900 -336307000 1054215000 6800000 
20230131 HID -99400 -338004000 1032102000 42927000 
20230131 HID "acum_busd" "acum_busd_val" "acum_val" "val_bu" "val_sd"
20230201 HID -100400 -332049000 1107403000  8500000
20230201 HID -101300 -335055000 1110409000  3006000
20230201 HID -104900 -347199000 1075253000 118112000 22770000
20230201 HID -10500 -35817000 126623000 1017000 
20230201 HID -105800 -349951000 1125305000  14896000
20230201 HID -10800 -36787000 71247000  17000000
20230201 HID -10800 -36834000 125606000 7458000 
20230201 HID -114000 -377093000 1160391000 3972000 31114000
20230201 HID -114300 -378086000 1191836000 15226000 16219000
20230201 HID -115200 -383309000 571387000  57964000
20230201 HID -115600 -384657000 572735000  1348000
20230201 HID -115700 -384994000 573072000  337000
20230201 HID -115800 -385330000 573408000  336000
20230201 HID -116300 -387005000 575083000  1675000
20230201 HID -123800 -409436000 1256186000 16500000 47850000
20230201 HID -13000 -44292000 118148000 3380000 
20230201 HID -132900 -441895000 659737000 2648000 
20230201 HID -133100 -442016000 813870000 34068000 
20230201 HID -133200 -442349000 814203000  333000
20230201 HID -133400 -442541000 934371000 44088000 
20230201 HID -133700 -444543000 657089000 11241000 
20230201 HID -133700 -444549000 662391000  2654000
20230201 HID -135200 -449009000 831519000 5328000 11988000
20230201 HID -136000 -452162000 671990000 993000 8606000
20230201 HID -136800 -452208000 1321988000 11515000 54287000
20230201 HID -137100 -455784000 645848000 993000 69772000
20230201 HID -13900 -47330000 113070000 12580000 
20230201 HID -139500 -461118000 1330898000  8910000
20230201 HID -14000 -47672000 114768000 678000 1020000
20230201 HID -142800 -474419000 778137000 7326000 
20230201 HID -142800 -474588000 734590000 13177000 
20230201 HID -143100 -475549000 749411000 6930000 7891000
20230201 HID -143300 -476084000 779802000  1665000
20230201 HID -144800 -478518000 1358378000 5040000 22440000
20230201 HID -145000 -481745000 770811000 666000 
20230201 HID -145200 -482411000 770145000 666000 
20230201 HID -145400 -483077000 769479000 5940000 3300000
20230201 HID -146200 -485717000 760239000 330000 10498000
20230201 HID -146600 -486629000 887619000 3960000 
20230201 HID -146800 -487765000 721413000 3620000 39223000
20230201 HID -147800 -490589000 883659000 5280000 46860000
20230201 HID -149600 -494348000 1411168000 18480000 8910000
20230201 HID -150800 -498308000 1378168000  19790000
20230201 HID -151700 -501278000 1418098000  6930000
20230201 HID -152500 -503918000 1383778000  5610000
20230201 HID -153700 -507878000 1424698000  6600000
20230201 HID -163500 -540124000 1456944000  32246000
20230201 HID -16400 -55733000 177687000 8455000 35490000
20230201 HID -164100 -542088000 1461540000 1316000 3280000
20230201 HID -17600 -59910000 100490000 3060000 
20230201 HID -17900 -60771000 183401000 338000 5376000
20230201 HID -18500 -62970000 97430000  26183000
20230201 HID -186300 -614470000 1533922000  72382000
20230201 HID -188300 -620972000 1581374000 20150000 4552000
20230201 HID -188300 -620972000 1894570000  
20230201 HID -193100 -636570000 1556672000 325000 22425000
20230201 HID -35000 -117061000 283067000 21688000 77978000
20230201 HID -4400 -15136000 28208000 3784000 
20230201 HID -5000 -17067000 51527000 3460000 
20230201 HID -5400 -18538000 38490000 3440000 6842000
20230201 HID -5500 -18920000 24424000 2408000 
20230201 HID -5800 -19787000 54247000  2720000
20230201 HID -6000 -20527000 48067000 3450000 3403000
20230201 HID -6000 -20574000 41214000 344000 2380000
20230201 HID -6200 -21328000 22016000  21328000
20230201 HID -68500 -227613000 404291000 1695000 
20230201 HID -68800 -228659000 394665000  111598000
20230201 HID -69000 -229308000 402596000 3641000 
20230201 HID -70100 -232949000 398955000  4290000
20230201 HID -83000 -275384000 452722000 330000 48101000
20230201 HID -83400 -276739000 454737000 330000 1685000
20230201 HID -83400 -276739000 458107000 1685000 
20230201 HID -83900 -278424000 456422000  1685000
20230201 HID -8400 -28698000 133742000 7119000 
20230201 HID -97900 -323549000 1098903000 23650000 
20230201 HID -98000 -325345000 513423000 2019000 
20230201 HID -98600 -327364000 511404000 670000 
20230201 HID -98800 -328034000 510734000 666000 
20230201 HID -99000 -328700000 510068000  51961000
20230201 HID "acum_busd" "acum_busd_val" "acum_val" "val_bu" "val_sd"
20230202 HID 1000 3254000 29714000 16484000 
20230202 HID -131500 -405476000 521390000 3788000 1260000
20230202 HID -132300 -408004000 516342000 3150000 
20230202 HID -133300 -411154000 513192000 13510000 223350000
20230202 HID -135800 -418720000 534634000  13244000
20230202 HID -148000 -456174000 572088000  37454000
20230202 HID -165700 -510107000 765163000 945000 
20230202 HID -165700 -510113000 763279000 3140000 
20230202 HID -166000 -511052000 764218000  939000
20230202 HID -166400 -512287000 773643000 3150000 5330000
20230202 HID -166700 -513253000 760139000 2817000 
20230202 HID -166700 -513403000 745917000 19825000 
20230202 HID -166800 -513535000 774891000  1248000
20230202 HID -167600 -516070000 757322000 313000 
20230202 HID -167700 -516383000 757009000 4056000 936000
20230202 HID -168700 -519503000 752017000  6100000
20230202 HID -171600 -528381000 644295000  72207000
20230202 HID -173200 -533228000 726092000 25925000 
20230202 HID -181700 -559153000 700167000 1248000 
20230202 HID -182100 -560401000 698919000 2142000 
20230202 HID -182800 -562543000 696777000 9160000 43322000
20230202 HID -190600 -586711000 851751000 1842000 
20230202 HID -191200 -588553000 849909000  75018000
20230202 HID -202200 -622323000 897801000 5219000 40831000
20230202 HID -203000 -624782000 943854000 15350000 
20230202 HID -207900 -639825000 958897000  15043000
20230202 HID -208000 -640132000 928504000 6447000 24256000
20230202 HID -219000 -673897000 1024283000 5833000 
20230202 HID -220900 -679730000 1018450000 4605000 
20230202 HID -221800 -682493000 1001565000  42668000
20230202 HID -221800 -682493000 1032879000  8596000
20230202 HID -222400 -684335000 1013845000 5219000 7061000
20230202 HID -227700 -699868000 1274907000 6180000 
20230202 HID -229000 -703828000 1242716000 6842000 
20230202 HID -229200 -704488000 1284152000 1540000 6160000
20230202 HID -229700 -706048000 1268727000 4635000 
20230202 HID -230800 -709426000 1233386000 14617000 
20230202 HID -231100 -710376000 1259794000 4955000 
20230202 HID -231200 -710670000 1235874000 622000 1866000
20230202 HID -231200 -710683000 1262557000 1228000 
20230202 HID -231500 -711572000 1296780000 2772000 
20230202 HID -231600 -711911000 1261329000  1535000
20230202 HID -232400 -714344000 1294008000  9856000
20230202 HID -232700 -715331000 1254839000 310000 
20230202 HID -232800 -715641000 1254529000  11813000
20230202 HID -233300 -717808000 1068194000  35315000
20230202 HID -235500 -724043000 1218769000 24490000 
20230202 HID -240000 -737990000 1183736000 3120000 
20230202 HID -240300 -738923000 1184669000  933000
20230202 HID -241000 -741110000 1180616000 3120000 
20230202 HID -241300 -742023000 1187769000  3100000
20230202 HID -241300 -742198000 1156864000 27540000 
20230202 HID -241400 -742504000 1157170000  306000
20230202 HID -242000 -744230000 1177496000 9300000 
20230202 HID -242800 -746868000 1103394000 3070000 32130000
20230202 HID -243400 -748533000 1194279000  6510000
20230202 HID -245000 -753530000 1168196000  11026000
20230202 HID -250300 -769738000 1129324000 1224000 
20230202 HID -250700 -770962000 1128100000 306000 24400000
20230202 HID -4200 -13230000 13230000  13230000
20230202 HID -48300 -150749000 215651000 1595000 
20230202 HID -48600 -151703000 216605000  954000
20230202 HID -48800 -152344000 214056000 9914000 
20230202 HID -49000 -152973000 221671000 315000 312000
20230202 HID -49000 -152976000 221044000 632000 
20230202 HID -49200 -153608000 220412000 951000 
20230202 HID -49500 -154559000 219461000  2856000
20230202 HID -51900 -162258000 204142000 2536000 
20230202 HID -52700 -164794000 201606000 320000 167410000
20230202 HID -59000 -183838000 252536000  30865000
20230202 HID -64700 -201314000 276332000 3160000 20636000
20230202 HID 700 2296000 33876000 1602000 2560000
20230202 HID "acum_busd" "acum_busd_val" "acum_val" "val_bu" "val_sd"
20230203 HID -10000 -31262000 309634000  310000
20230203 HID -100 -282000 3436000  1550000
20230203 HID -10300 -32192000 308084000 310000 
20230203 HID -10400 -32502000 307774000  1842000
20230203 HID -10600 -32696000 36470000  17274000
20230203 HID -10900 -33602000 42956000 1550000 
20230203 HID -11400 -35152000 41406000 1240000 
20230203 HID -11400 -35559000 301033000 46206000 
20230203 HID -11800 -36392000 40166000  3696000
20230203 HID -12000 -37462000 315834000  6200000
20230203 HID -13000 -40117000 118351000 3150000 
20230203 HID -13100 -40426000 136950000 3100000 309000
20230203 HID -13400 -41356000 137880000  930000
20230203 HID -13600 -41976000 138500000  620000
20230203 HID -14000 -43217000 133541000  3100000
20230203 HID -14000 -43267000 115201000 7875000 20590000
20230203 HID -19000 -58662000 155186000  16686000
20230203 HID 200 638000 638000 638000 
20230203 HID 200 648000 1266000  309000
20230203 HID -20700 -63898000 160422000  5236000
20230203 HID -20800 -64206000 160730000  308000
20230203 HID -26500 -81765000 254827000 36720000 
20230203 HID 300 957000 957000 319000 
20230203 HID -31600 -97251000 195011000 618000 
20230203 HID -31800 -97869000 194393000  33663000
20230203 HID -32600 -100349000 199353000 622000 
20230203 HID -32600 -100351000 198111000  3100000
20230203 HID -32800 -100971000 198731000  620000
20230203 HID -34600 -106548000 206170000 309000 
20230203 HID -34700 -106857000 205861000  6508000
20230203 HID -37300 -114813000 214435000  8265000
20230203 HID -38500 -118485000 218107000  3672000
20230203 HID 400 1268000 1886000 620000 
20230203 HID -5000 -15422000 19196000 310000 15450000
20230203 HID -6700 -20537000 60981000 2835000 
20230203 HID -6800 -20787000 73831000 5985000 
20230203 HID -6800 -20892000 55666000 310000 
20230203 HID -6900 -21202000 55356000 12400000 
20230203 HID -7000 -21962000 331334000 15500000 
20230203 HID -7600 -23372000 58146000  2480000
20230203 HID -8300 -25537000 65981000  5000000
20230203 HID -8700 -26772000 67846000 315000 
20230203 HID -8800 -27087000 67531000  1550000
20230203 HID -9800 -30237000 83281000  9450000
20230203 HID -9800 -30660000 305932000 309000 
20230203 HID -9900 -30552000 83596000  315000
20230203 HID -9900 -30952000 309324000 1240000 
20230203 HID -9900 -30969000 305623000 4590000 
20230203 HID "acum_busd" "acum_busd_val" "acum_val" "val_bu" "val_sd"
20230206 HID 10100 32001000 189813000 3150000 
20230206 HID 10100 32012000 191060000  618000
20230206 HID 10200 32316000 190128000 315000 
20230206 HID 10300 32630000 190442000 314000 
20230206 HID -1500 -4618000 12972000  2781000
20230206 HID 18000 55815000 78357000 31000000 
20230206 HID 18200 56435000 78977000 620000 
20230206 HID 18300 56745000 79287000 310000 
20230206 HID 23300 72245000 94787000 15500000 
20230206 HID 23800 73777000 104419000 312000 4050000
20230206 HID 24200 75017000 105659000 1240000 
20230206 HID 24500 75947000 106589000 930000 
20230206 HID 24600 76259000 106901000 312000 
20230206 HID 25000 77515000 100057000 5270000 
20230206 HID 27500 85279000 116543000 9331000 311000
20230206 HID 2800 8695000 31237000 11124000 
20230206 HID 29000 89944000 124318000  622000
20230206 HID 29200 90566000 123696000  933000
20230206 HID 29500 91499000 122763000 6220000 
20230206 HID 3800 11795000 34337000 3100000 
20230206 HID 4000 12415000 34957000 620000 
20230206 HID -400 -1193000 18877000 1555000 
20230206 HID -400 -1226000 1838000 306000 1532000
20230206 HID 400 1263000 6781000 3100000 
20230206 HID 5000 15515000 38057000 3100000 
20230206 HID -500 -1528000 3372000 309000 
20230206 HID -500 -1532000 2144000  306000
20230206 HID -600 -1837000 3063000 307000 612000
20230206 HID -600 -1837000 3681000  309000
20230206 HID -600 -1837000 9881000  3100000
20230206 HID 6600 21189000 203745000  3090000
20230206 HID 6600 21189000 242553000  
20230206 HID 7600 24279000 200655000 622000 3399000
20230206 HID 8000 24815000 47357000 9300000 
20230206 HID -800 -2429000 20113000  1236000
20230206 HID 8500 27056000 196016000  1866000
20230206 HID 8900 28225000 186037000  306000
20230206 HID 9000 28531000 185731000  61413000
20230206 HID -900 -2748000 17322000 3110000 1240000
20230206 HID 9100 28851000 186663000 626000 
20230206 HID 9100 28922000 194150000  3090000
20230206 HID "acum_busd" "acum_busd_val" "acum_val" "val_bu" "val_sd"
20230207 HID 1000 3100000 3100000 3100000 
20230207 HID -11700 -35733000 134380000  6200000
20230207 HID -12000 -36846000 75353000 9240000 
20230207 HID -12300 -37593000 118260000 6200000 
20230207 HID -13800 -42387000 80894000  5541000
20230207 HID -14300 -43793000 112060000 4340000 
20230207 HID -15000 -46086000 66113000 6140000 22967000
20230207 HID -1500 -4602000 12349000  7392000
20230207 HID -15200 -46583000 106170000 1240000 
20230207 HID -15600 -47823000 104930000 8060000 
20230207 HID -15600 -47913000 86420000  5526000
20230207 HID -15700 -48133000 107720000  1550000
20230207 HID -16700 -51233000 149880000  15500000
20230207 HID -18200 -55883000 96870000 310000 
20230207 HID -18300 -56193000 96560000 930000 9210000
20230207 HID -22100 -67973000 168480000 930000 
20230207 HID -22200 -68282000 168789000  309000
20230207 HID -22400 -68903000 167550000  17670000
20230207 HID -2800 -8619000 16366000  4017000
20230207 HID -32400 -99696000 212523000 6160000 614000
20230207 HID -34200 -105242000 205749000  36960000
20230207 HID -35700 -109799000 230664000 620000 
20230207 HID -35900 -110340000 341255000 3991000 
20230207 HID -35900 -110419000 230044000 2472000 
20230207 HID -36700 -112891000 227572000 618000 
20230207 HID -36900 -113509000 226954000 309000 
20230207 HID -37000 -113717000 336650000 616000 
20230207 HID -37000 -113818000 226645000  14122000
20230207 HID -37200 -114331000 337264000  614000
20230207 HID -37200 -114333000 336034000 46107000 13464000
20230207 HID -39900 -122777000 243642000  12978000
20230207 HID -40100 -123393000 244258000  616000
20230207 HID -42800 -131452000 368487000 1530000 610000
20230207 HID -43100 -132372000 366347000 1530000 23562000
20230207 HID -43700 -134445000 255310000  11052000
20230207 HID -43700 -134445000 255924000  
20230207 HID -44800 -137796000 264819000 2772000 
20230207 HID -4500 -13872000 21619000  5253000
20230207 HID -45200 -139020000 268507000 1232000 2456000
20230207 HID -45700 -140568000 262047000  6123000
20230207 HID -47800 -146976000 276463000  7956000
20230207 HID -61800 -189399000 427050000 308000 
20230207 HID -61800 -189399000 535274000  
20230207 HID -61900 -189707000 426742000  58255000
20230207 HID -8200 -25268000 33015000  11396000
20230207 HID 900 2790000 4030000 310000 620000
20230207 HID -9500 -29259000 37006000  3991000
20230207 HID -9700 -29533000 128180000 8990000 930000
20230207 HID "acum_busd" "acum_busd_val" "acum_val" "val_bu" "val_sd"
20230208 HID 0 0 30400000  
20230208 HID -10000 -30304000 100678000 305000 
20230208 HID -10100 -30609000 97333000  10032000
20230208 HID -10300 -31216000 101590000  912000
20230208 HID -10600 -32128000 114343000  3344000
20230208 HID -10700 -32432000 107351000  1216000
20230208 HID -11300 -34225000 131032000 1824000 
20230208 HID -11400 -34479000 142978000 2458000 
20230208 HID -11600 -35158000 117373000  3030000
20230208 HID -11900 -36049000 129208000 5472000 6363000
20230208 HID -12200 -36937000 140520000 308000 
20230208 HID -12300 -37245000 140212000 3080000 
20230208 HID -13300 -40325000 137132000  6100000
20230208 HID -1500 -4550000 38050000  6100000
20230208 HID -1600 -4735000 57995000 3060000 
20230208 HID 200 620000 31020000 620000 
20230208 HID -2300 -6930000 47870000 1550000 
20230208 HID -2400 -7157000 73881000 612000 
20230208 HID -2600 -7769000 73269000 306000 
20230208 HID -2600 -7795000 54935000 3100000 
20230208 HID -2700 -8075000 72963000 2754000 306000
20230208 HID -2800 -8455000 49395000  1525000
20230208 HID -2800 -8480000 46320000 620000 
20230208 HID -3000 -9100000 45700000 1550000 
20230208 HID -3200 -9605000 68985000 1530000 610000
20230208 HID -3500 -10523000 69903000  918000
20230208 HID -3500 -10525000 66845000 1530000 7320000
20230208 HID -3500 -10650000 44150000  6100000
20230208 HID -3600 -10895000 51835000  2440000
20230208 HID 400 1240000 31640000 620000 
20230208 HID 500 1550000 31950000 310000 
20230208 HID -6800 -20577000 87301000  13420000
20230208 HID -9500 -28784000 110999000 3648000 
20230208 HID -9800 -29549000 147908000 310000 
20230208 HID -9900 -29859000 147598000 4620000 
20230208 HID "acum_busd" "acum_busd_val" "acum_val" "val_bu" "val_sd"
20230209 HID -1000 -2740000 57936000 12090000 
20230209 HID 100 310000 310000 310000 
20230209 HID -10200 -30856000 92212000  921000
20230209 HID -10400 -31470000 92826000  614000
20230209 HID -10800 -32697000 94669000 308000 1535000
20230209 HID -11000 -33311000 95283000  614000
20230209 HID -13800 -41903000 111247000 616000 
20230209 HID -14000 -42519000 110631000 1535000 
20230209 HID -14300 -43442000 108484000 1535000 
20230209 HID -14500 -44054000 109096000  612000
20230209 HID -14800 -44977000 106949000  11666000
20230209 HID -16500 -50219000 145435000 3080000 
20230209 HID -16600 -50298000 220374000 4620000 
20230209 HID -16600 -50527000 139583000 9856000 18480000
20230209 HID -17500 -53299000 142355000  2772000
20230209 HID -18100 -54918000 215754000 924000 
20230209 HID -18400 -55842000 214830000 6754000 
20230209 HID -18700 -56821000 184783000 15450000 
20230209 HID -18800 -57278000 153726000 616000 7675000
20230209 HID -1900 -5774000 6394000  6084000
20230209 HID -19200 -58353000 186315000  1532000
20230209 HID -19500 -59241000 196443000 4620000 3060000
20230209 HID -20000 -60801000 188763000  2448000
20230209 HID -20600 -62596000 208076000 2149000 
20230209 HID -20900 -63525000 204093000 1530000 
20230209 HID -21300 -64745000 205927000 307000 
20230209 HID -21400 -65052000 205620000  1527000
20230209 HID -21400 -65055000 202257000  5814000
20230209 HID -23700 -72271000 169333000 307000 
20230209 HID -23800 -72578000 169026000  15300000
20230209 HID -4000 -11901000 67097000  9161000
20230209 HID -400 -1229000 26695000 12423000 7878000
20230209 HID -4900 -14830000 45846000 309000 
20230209 HID -5000 -15139000 45537000 1860000 15164000
20230209 HID -500 -1532000 28210000 606000 908999.9999999999
20230209 HID -6000 -18001000 79357000 3080000 
20230209 HID -600 -1835000 28513000  303000
20230209 HID -7000 -21081000 76277000  9180000
20230209 HID -9000 -27181000 88537000  9180000
20230209 HID -9900 -29935000 91291000  2754000
20230209 HID "acum_busd" "acum_busd_val" "acum_val" "val_bu" "val_sd"
20230210 HID -10300 -31343000 83691000 918000 
20230210 HID -10400 -31649000 82161000  1527000
20230210 HID -10600 -32254000 102572000 5185000 4875000
20230210 HID -10600 -32261000 82773000  612000
20230210 HID -10700 -32564000 84912000  1221000
20230210 HID -13800 -41976000 65128000  15150000
20230210 HID -1500 -4608000 6452000  3070000
20230210 HID -15100 -45889000 116207000  13635000
20230210 HID -18100 -54980000 125298000  9091000
20230210 HID -19000 -57697000 137117000 1216000 
20230210 HID -19100 -58010000 128328000  3030000
20230210 HID -19400 -58913000 135901000 3030000 
20230210 HID -20000 -60731000 131659000 305000 
20230210 HID -20100 -61036000 131354000  3026000
20230210 HID -20400 -61943000 132871000  1212000
20230210 HID -2500 -7658000 18042000 1525000 
20230210 HID -3000 -9183000 16517000 2745000 2440000
20230210 HID -3100 -9488000 11332000  4880000
20230210 HID -33900 -102542000 182570000 304000 45149000
20230210 HID -36200 -109316000 219744000 10640000 
20230210 HID -36500 -110216000 227964000 3660000 
20230210 HID -36700 -110824000 228572000  608000
20230210 HID -3700 -11322000 33258000 5776000 9440000
20230210 HID -37600 -113680000 193708000  11138000
20230210 HID -37700 -113876000 224304000  4560000
20230210 HID -39700 -119956000 209104000 1216000 
20230210 HID -40100 -121172000 207888000 1824000 
20230210 HID -40600 -122710000 202738000  9030000
20230210 HID -40700 -122996000 206064000 1520000 
20230210 HID -41200 -124516000 204544000  1806000
20230210 HID -42600 -128637000 246385000  17813000
20230210 HID -500 -1538000 2154000 308000 1846000
20230210 HID -61100 -184251000 301999000  55614000
20230210 HID -71300 -214852000 332600000  30601000
20230210 HID -73800 -222378000 340126000  7526000
20230210 HID -74800 -225389000 343137000  3011000
20230210 HID -79800 -240389000 358137000  15000000
20230210 HID -8300 -25306000 48458000 608000 
20230210 HID -8500 -25914000 47850000  14592000
20230210 HID -8800 -26826000 49978000  1520000
20230210 HID -9300 -28296000 78808000 13680000 
20230210 HID -9700 -29512000 80024000  1216000
20230210 HID -9900 -30122000 80634000  610000
20230210 HID "acum_busd" "acum_busd_val" "acum_val" "val_bu" "val_sd"
