20221212 HLC 3800 30380000 66600000 42170000 11790000
20221213 HLC -9000 -68400000 69200000 0 68400000
20221214 HLC -2400 -18480000 18480000 0 18480000
20221215 HLC 100 810000 810000 810000 0
20221216 HLC 3300 28610000 73900000 39600000 10990000
20221219 HLC -1000 -7790000.000000004 126760000 49170000 56960000
20221220 HLC 1100 7700000 47210000 26120000 18420000
20221221 HLC 1000 8130000 20680000 9710000 1580000
20221222 HLC 1000 7900000 16530000 7900000 0
20221223 HLC 800 6350000 7150000 6350000 0
20221226 HLC -1900 -13920000 26580000 6330000 20250000
20221227 HLC 100 790000 790000 790000 0
20221228 HLC 400 3190000 7920000 3190000 0
20221229 HLC -2500 -19260000 30760000 4610000 23870000
20221230 HLC 0 20000 1580000 800000 780000
20230103 HLC 200 1639999.9999999998 15780000 1.64e+06 0
20230104 HLC -200 -1590000.000000001 29890000 9900000 11490000
20230105 HLC -9800 -80400000 83800000 1700000 82100000
20230109 HLC -1800 -15120000 15120000 0 15120000
20230111 HLC -400 -3240000 6600000 1680000 4920000
20230112 HLC -13100 -107419999.99999999 107419999.99999999 0 1.0742e+08
20230113 HLC -5400 -44300000 46000000 850000 45150000
20230116 HLC -3300 -26960000 50360000 11700000 38660000
20230117 HLC 100 1829999.9999999981 30330000 1.479e+07 12960000
20230118 HLC -1900 -16450000 23570000 3560000 20010000
20230119 HLC -39900 -378850000 416500000 8100000 386950000
20230127 HLC -19700 -204880000 204880000 0 204880000
20230130 HLC 28600 326090000 718030000 522060000 195970000
20230131 HLC -1600 -22800000.000000007 370430000 149040000 171840000
20230201 HLC -3900 -52440000 363240000 132040000 184480000
20230202 HLC 13400 156810000 171570000 163610000 6800000
20230203 HLC -6100 -69290000 91330000 8120000 77410000
20230206 HLC 0 2990000 80930000 34070000 31080000
20230207 HLC -1900 -18340000 62360000 21500000 39840000
20230208 HLC 10200 110500000 269360000 156300000 45800000
20230209 HLC -25100 -276020000 330960000 2280000 278300000
20230210 HLC -3700 -40060000 224340000 40560000 80620000
