20221212 HMC -8700 -84330000
20221213 HMC -6800 -64445000
20221214 HMC -3200 -30608000
20221215 HMC -20600 -201945000
20221216 HMC 12700 136566000
20221219 HMC -32000 -319345000
20221220 HMC -40100 -395761000
20221221 HMC -77400 -759483000
20221222 HMC -22600 -221057000
20221223 HMC -18300 -178248000
20221226 HMC -13300 -125945000
20221227 HMC 17000 169983000
20221228 HMC -6100 -54649000
20221229 HMC 14300 140760000
20221230 HMC 8800 87899000
20230103 HMC 13100 132773000
20230104 HMC -15400 -154610000
20230105 HMC -900 -8030000
20230106 HMC -34300 -346064000
20230109 HMC -38500 -385060000
20230110 HMC 25800 262990000
20230111 HMC 6200 66760000
20230112 HMC -3500 -35244999.99999999
20230113 HMC -24600 -248340000
20230116 HMC 35100 371490000
20230117 HMC 15400 170970000
20230118 HMC 1600 17945000
20230119 HMC -18500 -207745000
20230127 HMC 64400 676150000
20230130 HMC -24800 -262460000
20230131 HMC 3200 35160000
20230201 HMC -12100 -127605000
20230202 HMC -11300 -115100000
20230203 HMC 400 4920000.000000007
20230206 HMC -33500 -346970000
20230207 HMC -11300 -115440000
