20221212 HND -10000 -132570000 5290000 100 100
20221212 HND -14300 -189490000 99790000  2000
20221212 HND -15600 -207110000 72790000 7500 7600
20221212 HND -15700 -208450000 72790000 100 100
20221212 HND -15800 -209790000 72790000 100 100
20221212 HND -16000 -212470000 72790000 200 200
20221212 HND -16300 -216490000 72790000 300 300
20221212 HND 200 2640000 2640000  200
20221212 HND -24300 -323490000 99790000 10000 10000
20221212 HND 300 3960000 3960000  100
20221212 HND -4300 -56750000 5290000  100
20221212 HND -4400 -58080000 3960000 4700 4700
20221212 HND -5000 -65070000 72790000  5000
20221212 HND -5800 -75790000 72790000 800 800
20221212 HND -6300 -82490000 72790000 500 500
20221212 HND -7800 -102590000 72790000 1500 1500
20221212 HND -8100 -106610000 72790000 300 300
20221212 HND -9900 -131230000 5290000 5600 5600
20221212 HND "acum_busd" "acum_busd_val" "acum_val_bu" "sd" "sum_vol"
20221213 HND -1000 -13200000 0 100 100
20221213 HND -100 -1320000 0 100 100
20221213 HND -1200 -15630000 16050000 1400 1400
20221213 HND 200 2850000 16050000  1200
20221213 HND -400 -5280000 0 300 300
20221213 HND -900 -11640000 20040000  300
20221213 HND -900 -11880000 0 500 500
20221213 HND "acum_busd" "acum_busd_val" "acum_val_bu" "sd" "sum_vol"
20221214 HND -1500 -19930000 5340000 1900 1900
20221214 HND -1500 -19930000 5340000  200
20221214 HND 300 3990000 3990000  300
20221214 HND -3500 -46330000 5340000 2000 2000
20221214 HND 400 5340000 5340000  100
20221214 HND "acum_busd" "acum_busd_val" "acum_val_bu" "sd" "sum_vol"
20221215 HND -1000 -13100000 13500000 2000 2000
20221215 HND 1000 13500000 13500000  1000
20221215 HND -1100 -14270000 25530000  100
20221215 HND -1100 -14270000 25530000  500
20221215 HND -1600 -20920000 18880000  300
20221215 HND -1900 -24970000 14830000 1000 1000
20221215 HND -900 -11770000 14830000  100
20221215 HND "acum_busd" "acum_busd_val" "acum_val_bu" "sd" "sum_vol"
20221216 HND -1200 -15880000 0 300 300
20221216 HND -2200 -29080000 0 1000 1000
20221216 HND -2400 -31720000 0 200 200
20221216 HND -3000 -39640000 0 600 600
20221216 HND -300 -3990000 0 300 300
20221216 HND -3100 -40960000 0 100 100
20221216 HND -400 -5320000 0 100 100
20221216 HND -4800 -63190000 30570000  100
20221216 HND -4900 -64520000 29240000  1000
20221216 HND -5000 -65830000 30570000 200 200
20221216 HND -5100 -67360000 0 2000 2000
20221216 HND -5900 -77820000 15940000  1000
20221216 HND -5900 -77920000 0 800 800
20221216 HND -6900 -91120000 2640000  800
20221216 HND -7100 -93760000 0 1200 1200
20221216 HND -900 -11920000 0 500 500
20221216 HND "acum_busd" "acum_busd_val" "acum_val_bu" "sd" "sum_vol"
20221219 HND 100 1340000 1340000  100
20221219 HND 1100 14740000 14740000  1000
20221219 HND 4100 54940000 54940000  100
20221219 HND 4100 54940000 54940000  200
20221219 HND 4100 54940000 54940000  3000
20221219 HND 4100 54940000 54940000  500
20221219 HND 4200 56270000 56270000  100
20221219 HND 4900 65440000 65440000  300
20221219 HND 4900 65440000 65440000  700
20221219 HND 5000 66750000 66750000  200
20221219 HND 5000 66750000 66750000  4900
20221219 HND "acum_busd" "acum_busd_val" "acum_val_bu" "sd" "sum_vol"
20221220 HND -10400 -5370000 0 10000 10000
20221220 HND -10900 -5376500 0 500 500
20221220 HND -11300 -86409800 10556700  100
20221220 HND -11300 -86409800 10556700  200
20221220 HND -11400 -87719800 9246700  700
20221220 HND -12100 -96889800 76700 3000 3000
20221220 HND -200 -2620000 0 200 200
20221220 HND -400 -5240000 0 200 200
20221220 HND -9100 -58189800 76700 4100 10000
20221220 HND "acum_busd" "acum_busd_val" "acum_val_bu" "sd" "sum_vol"
20221221 HND -10100 -60490200 12916900 2200 3200
20221221 HND -11100 -73290200 12916900 1000 1000
20221221 HND -13100 -98890200 12916900 2000 2000
20221221 HND -13900 -109130200 12916900 800 800
20221221 HND -2000 -26000 0 2000 3000
20221221 HND -2100 -27300 14300  500
20221221 HND -2200 -28600 0 200 200
20221221 HND -2600 -33800 7800  600
20221221 HND -2800 -36400 0 600 600
20221221 HND -3200 -41600 0 400 400
20221221 HND -3600 -46800 14300 1500 1500
20221221 HND -5400 -70200 14300 1800 1800
20221221 HND -5600 -72800 14300 200 200
20221221 HND -7900 -32320200 12916900  200
20221221 HND -8100 -32322800 12914300  1000
20221221 HND -9100 -45222800 14300 3500 3500
20221221 HND "acum_busd" "acum_busd_val" "acum_val_bu" "sd" "sum_vol"
20221222 HND 100 1320000 3960000 200 300
20221222 HND 200 2640000 2640000  200
20221222 HND -300 -3800000 3960000 400 900
20221222 HND -400 -5080000 3960000 100 100
20221222 HND -400 -6368700 3961300  100
20221222 HND -500 -6370000 3960000 100 100
20221222 HND "acum_busd" "acum_busd_val" "acum_val_bu" "sd" "sum_vol"
20221223 HND -1500 -7143000 56450000  100
20221223 HND -1600 -8463000 55130000 1000 1000
20221223 HND -2000 -26530000 7920000 1300 1300
20221223 HND -300 -3960000 7920000 900 900
20221223 HND -3100 -41200000 14520000  1000
20221223 HND -3100 -41200000 14520000  500
20221223 HND -3300 -43820000 19760000  400
20221223 HND -3500 -46480000 7920000 1500 1500
20221223 HND -3600 -47800000 7920000 100 100
20221223 HND -3700 -49060000 14520000 600 600
20221223 HND 600 7920000 7920000  600
20221223 HND -600 -8450000 55130000  2700
20221223 HND -700 -9240000 7920000 400 400
20221223 HND "acum_busd" "acum_busd_val" "acum_val_bu" "sd" "sum_vol"
20221226 HND -100 -1320000 0 100 100
20221226 HND 1100 15738700 19700000 100 100
20221226 HND 1200 14451300 19711700 100 100
20221226 HND 1200 15740000 19700000  1000
20221226 HND 1300 14452600 19711700 100 100
20221226 HND 1400 14453900 19711700 100 100
20221226 HND 1500 15743900 19711700  900
20221226 HND 200 2640000 6600000  500
20221226 HND -300 -3960000 0 200 200
20221226 HND 400 4131300 19711700 800 800
20221226 HND -500 -7458700 21021700  100
20221226 HND 600 15732200 19700000 200 200
20221226 HND -600 -8768700 19711700 1000 1000
20221226 HND -700 -10038700 21021700 200 200
20221226 HND 800 15734800 19700000 300 300
20221226 HND "acum_busd" "acum_busd_val" "acum_val_bu" "sd" "sum_vol"
20221227 HND -100 -1300 0 100 100
20221227 HND 100 1300 2600  200
20221227 HND 1700 -1266600 29900  100
20221227 HND 1700 -1266600 29900 100 100
20221227 HND 1700 -1266600 29900  200
20221227 HND 1700 -1266600 29900  300
20221227 HND 1800 23400 29900  1500
20221227 HND 300 3900 10400 300 300
20221227 HND 600 7800 10400 100 100
20221227 HND 6200 56333400 57629900  4500
20221227 HND 6800 64013400 65309900  600
20221227 HND 700 9100 10400  600
20221227 HND 7700 75583400 83229900 500 600
20221227 HND 7800 76813400 78109900  1000
20221227 HND 8100 80653400 81949900  300
20221227 HND 9200 94783400 102429900  1500
20221227 HND "acum_busd" "acum_busd_val" "acum_val_bu" "sd" "sum_vol"
20221228 HND 200 2640000 2640000  200
20221228 HND 400 1363900 2643900 100 100
20221228 HND 400 2642600 2642600  200
20221228 HND 500 2643900 2643900  100
20221228 HND "acum_busd" "acum_busd_val" "acum_val_bu" "sd" "sum_vol"
20221229 HND 300 3900 3900  300
20221229 HND 600 -1280900 10400 100 100
20221229 HND 600 7800 7800  300
20221229 HND 600 7800 9100 100 100
20221229 HND 700 9100 10400  100
20221229 HND 700 9100 9100  100
20221229 HND "acum_busd" "acum_busd_val" "acum_val_bu" "sd" "sum_vol"
20221230 HND 200 -9018300 11700  1600
20221230 HND 200 -9018300 11700  900
20221230 HND 300 -9017000 13000  100
20221230 HND -500 -6450000 0 500 500
20221230 HND -700 -9030000 0 200 200
20221230 HND "acum_busd" "acum_busd_val" "acum_val_bu" "sd" "sum_vol"
20230103 HND -1000 -12900000 0 1000 1000
20230103 HND -100 -12888300 11700  100
20230103 HND 10700 52188400 109649700  1000
20230103 HND 11700 65488400 122949700  1000
20230103 HND 1500 -5015300 11814700  300
20230103 HND 1500 -5015300 11814700 300 300
20230103 HND 1500 -5015300 11814700  800
20230103 HND 1800 -1085300 11814700  900
20230103 HND 2000 -5008800 11821200  500
20230103 HND -200 -12889600 10400  200
20230103 HND 2200 -5006200 11823800  200
20230103 HND 2300 -5004900 11825100  100
20230103 HND -300 -12890900 9100  500
20230103 HND 3600 -41631600 13189700  1000
20230103 HND 3600 -41631600 13189700 1000 1000
20230103 HND 4600 -28531600 13189700 1900 1900
20230103 HND 5200 -4967200 11864100 100 100
20230103 HND 5300 -4965900 11864100  3000
20230103 HND 6100 -4955500 11875800  900
20230103 HND 6400 -4951600 11879700  100
20230103 HND 6400 -4951600 11879700  300
20230103 HND 6500 -3641600 13189700  100
20230103 HND -800 -12897400 2600  200
20230103 HND 900 -12875300 24700  1000
20230103 HND 9600 37568400 92389700  300
20230103 HND 9600 37568400 92389700  6000
20230103 HND 9700 38888400 93709700  100
20230103 HND 9700 38888400 96349700 100 100
20230103 HND 9800 40208400 95029700  100
20230103 HND 9800 40208400 96349700 100 100
20230103 HND 9900 41528400 96349700  100
20230103 HND 9900 41728400 122949700 1800 1800
20230103 HND "acum_busd" "acum_busd_val" "acum_val_bu" "sd" "sum_vol"
20230104 HND 1000 13200000 13200000  500
20230104 HND 1500 19800000 19800000  100
20230104 HND 1500 19800000 19800000  500
20230104 HND 1500 19800000 19800000  500
20230104 HND 1600 21130000 22440000 100 100
20230104 HND 1700 22440000 22440000  200
20230104 HND 500 6600000 6600000  1500
20230104 HND 500 6600000 6600000  500
20230104 HND "acum_busd" "acum_busd_val" "acum_val_bu" "sd" "sum_vol"
20230105 HND 0 0 0  300
20230105 HND -100 -1320000 5280000 500 900
20230105 HND -100 -1330000 119150000  500
20230105 HND -100 -850000 192860000 800 800
20230105 HND -1100 -14050000 206260000  1000
20230105 HND -1100 -14150000 192860000 1000 1000
20230105 HND -1200 -15770000 151320000  100
20230105 HND -1200 -15770000 151320000  1900
20230105 HND 1200 16090000 112450000 600 600
20230105 HND -1300 -17120000 149970000 100 2000
20230105 HND 1300 17320000 105700000 3000 3000
20230105 HND 1700 22620000 37200000 600 3000
20230105 HND 1800 24070000 112450000  500
20230105 HND -200 -2270000 180800000 1000 1000
20230105 HND -200 -2670000 124510000  400
20230105 HND -2100 -27450000 192860000 1000 1000
20230105 HND -3100 -41240000 124510000  1000
20230105 HND -3100 -41240000 124510000 2900 2900
20230105 HND 3500 46840000 88020000 2000 2000
20230105 HND 3600 48200000 89380000  100
20230105 HND 3900 52280000 93460000  300
20230105 HND 4300 57720000 98900000  400
20230105 HND 4300 57820000 105700000 500 500
20230105 HND 4800 64520000 105700000  500
20230105 HND -500 -6690000 119150000 400 400
20230105 HND 5500 73440000 88020000  3800
20230105 HND -600 -8030000 112450000 1800 2000
20230105 HND -600 -8030000 119150000 100 100
20230105 HND 600 8350000 175440000  1800
20230105 HND 700 9690000 176780000  100
20230105 HND 700 9690000 176780000  100
20230105 HND 700 9790000 192860000  900
20230105 HND 800 11030000 180800000 200 500
20230105 HND "acum_busd" "acum_busd_val" "acum_val_bu" "sd" "sum_vol"
20230106 HND 4400 58450000 78570000 1300 1300
20230106 HND 4500 59860000 89290000 700 700
20230106 HND 4500 59880000 91970000 200 400
20230106 HND 4600 61220000 130550000 300 300
20230106 HND 4600 61220000 93310000  100
20230106 HND 4900 65210000 130550000 1700 2600
20230106 HND 5200 69170000 89290000  800
20230106 HND 5300 70530000 110600000 600 1000
20230106 HND 5400 71820000 71820000  5400
20230106 HND 5500 73190000 105280000  900
20230106 HND 5600 74520000 143850000  1000
20230106 HND 5600 74520000 77220000 200 200
20230106 HND 5700 75850000 118580000 200 200
20230106 HND 5700 75870000 78570000  100
20230106 HND 5800 77220000 77220000  400
20230106 HND 5900 78510000 118580000  600
20230106 HND 7400 98460000 167790000  1800
20230106 HND 7500 99790000 169120000  100
20230106 HND "acum_busd" "acum_busd_val" "acum_val_bu" "sd" "sum_vol"
20230109 HND 1700 22780000 45230000  3100
20230109 HND 1700 22780000 45230000  800
20230109 HND 2300 30590000 30590000  2300
20230109 HND 2300 30590000 30590000  5000
20230109 HND 2300 30600000 31930000 100 100
20230109 HND 2400 31930000 31930000  100
20230109 HND 700 9480000 31930000 1600 1600
20230109 HND 700 9480000 31930000  3300
20230109 HND 900 12140000 34590000  200
20230109 HND "acum_busd" "acum_busd_val" "acum_val_bu" "sd" "sum_vol"
20230110 HND -1000 -13200000 0 1000 1000
20230110 HND -1800 -23760000 0 800 800
20230110 HND -1900 -25080000 0 100 100
20230110 HND -2200 -29040000 0 300 300
20230110 HND -2300 -30280000 5360000  400
20230110 HND -2700 -35560000 5360000 400 400
20230110 HND -2700 -35640000 0 500 500
20230110 HND "acum_busd" "acum_busd_val" "acum_val_bu" "sd" "sum_vol"
20230111 HND 100 1430000 13400000  1000
20230111 HND 1600 21600000 36230000  100
20230111 HND 1600 21600000 36230000 200 200
20230111 HND 1700 22920000 34890000  1100
20230111 HND 1800 24260000 36230000  100
20230111 HND 200 2780000 14750000  100
20230111 HND -400 -5320000 0 400 400
20230111 HND 400 5480000 17450000  200
20230111 HND 600 8180000 20150000  200
20230111 HND -900 -11970000 0 500 500
20230111 HND "acum_busd" "acum_busd_val" "acum_val_bu" "sd" "sum_vol"
20230112 HND 1000 13260000 22640000  1400
20230112 HND -1300 -17330000 23970000 500 500
20230112 HND -1500 -19630000 72210000  100
20230112 HND -1600 -20970000 70870000 3800 3800
20230112 HND 1700 22870000 64170000  1000
20230112 HND -200 -2680000 0  100
20230112 HND -200 -2680000 0 200 200
20230112 HND 2200 29570000 70870000  500
20230112 HND 400 5280000 22640000 600 600
20230112 HND -400 -5360000 4020000  300
20230112 HND -700 -9380000 0 500 500
20230112 HND 700 9470000 50770000  2000
20230112 HND -800 -10680000 23970000  100
20230112 HND -900 -12010000 22640000 1300 1300
20230112 HND "acum_busd" "acum_busd_val" "acum_val_bu" "sd" "sum_vol"
20230113 HND 1400 18940000 18940000  1000
20230113 HND 1600 21640000 21640000  200
20230113 HND 300 4080000 4080000  300
20230113 HND 400 5440000 5440000  100
20230113 HND "acum_busd" "acum_busd_val" "acum_val_bu" "sd" "sum_vol"
20230116 HND 0 50000 1370000  100
20230116 HND 0 90000 2730000 100 100
20230116 HND -100 -1320000 0 100 100
20230116 HND 100 1410000 2730000  100
20230116 HND -11700 -153430000 4080000 4500 4500
20230116 HND -12700 -166530000 17180000  1000
20230116 HND -13100 -171770000 21110000 700 1000
20230116 HND -13700 -179630000 4080000 2000 2000
20230116 HND -15100 -197970000 21110000 2000 2000
20230116 HND -15300 -200540000 22470000  100
20230116 HND -15400 -201900000 21110000 300 900
20230116 HND -200 -2570000 2730000 200 200
20230116 HND -4700 -61480000 4080000  100
20230116 HND -4800 -62830000 2730000 4600 4600
20230116 HND -7200 -94480000 4080000 2500 2500
20230116 HND "acum_busd" "acum_busd_val" "acum_val_bu" "sd" "sum_vol"
20230117 HND 100 1360000 1360000  100
20230117 HND 2300 31060000 31060000  2200
20230117 HND 2500 33750000 33750000  200
20230117 HND 2600 35080000 35080000  100
20230117 HND 2700 37030000 124380000 1500 2100
20230117 HND 3500 47050000 47050000  900
20230117 HND 3600 48390000 48390000  100
20230117 HND 3600 48790000 116340000 500 500
20230117 HND 3800 51250000 76440000 800 800
20230117 HND 3900 52430000 67060000 1000 1000
20230117 HND 4100 55040000 56370000 100 700
20230117 HND 4100 55440000 116340000 600 600
20230117 HND 4300 57700000 59030000  200
20230117 HND 4500 60760000 113680000 500 500
20230117 HND 4600 61810000 76440000  600
20230117 HND 4600 61810000 76440000  700
20230117 HND 4600 62090000 115010000  100
20230117 HND 4700 63420000 116340000  100
20230117 HND 4900 65730000 67060000  600
20230117 HND 5000 67360000 113680000 1500 1500
20230117 HND 5600 75190000 100380000  1800
20230117 HND 6400 85830000 112350000 100 100
20230117 HND 6500 87160000 112350000  900
20230117 HND 6500 87160000 113680000  100
20230117 HND "acum_busd" "acum_busd_val" "acum_val_bu" "sd" "sum_vol"
20230118 HND -12200 -164690000 101140000  3200
20230118 HND -12400 -167960000 25790000  2000
20230118 HND -12400 -167960000 25790000 3500 3500
20230118 HND -12500 -168800000 101140000  2000
20230118 HND -12500 -168800000 101140000 300 300
20230118 HND 1300 17680000 17680000  1300
20230118 HND -14900 -201440000 101140000 2400 2400
20230118 HND -15400 -208530000 57300000  300
20230118 HND -15400 -208760000 25790000 3000 3000
20230118 HND -15700 -212640000 53190000  2000
20230118 HND -15700 -212840000 25790000 300 300
20230118 HND -17600 -238100000 105280000  300
20230118 HND -17700 -239520000 101140000 2800 2800
20230118 HND -17700 -240040000 25790000 2000 2000
20230118 HND -17900 -242240000 101140000 200 200
20230118 HND -3000 -40830000 25790000  100
20230118 HND -3100 -42180000 24440000  400
20230118 HND -3300 -44880000 19040000  100
20230118 HND -3400 -46230000 19040000 100 100
20230118 HND -3400 -46240000 17680000 2500 2500
20230118 HND -3500 -47580000 19040000 100 100
20230118 HND -4900 -66480000 25790000 1900 1900
20230118 HND -5400 -73180000 25790000 500 500
20230118 HND -6100 -82560000 25790000 700 700
20230118 HND -700 -9520000 17680000 2000 2000
20230118 HND -8300 -112260000 25790000 2200 3000
20230118 HND -8500 -114960000 25790000 200 200
20230118 HND -8900 -120360000 25790000 400 400
20230118 HND -900 -12240000 17680000 200 200
20230118 HND "acum_busd" "acum_busd_val" "acum_val_bu" "sd" "sum_vol"
20230119 HND -2000 -27200000 0 2000 2000
20230119 HND -2100 -28560000 0 100 100
20230119 HND -5300 -72400000 0 3200 3200
20230119 HND -5400 -73770000 0  100
20230119 HND -5400 -73770000 0 100 100
20230119 HND -5600 -76510000 0 200 200
20230119 HND -6100 -83350000 1380000  100
20230119 HND -6200 -84730000 0 600 600
20230119 HND -7200 -98410000 16460000  100
20230119 HND -7300 -99790000 15080000  200
20230119 HND -7300 -99790000 16460000 100 100
20230119 HND -7500 -102530000 12340000 2200 3000
20230119 HND -7900 -108090000 17840000  100
20230119 HND -8000 -109470000 16460000 700 700
20230119 HND "acum_busd" "acum_busd_val" "acum_val_bu" "sd" "sum_vol"
20230127 HND -2000 -27400000 0 2000 4000
20230127 HND -2200 -30140000 10960000  800
20230127 HND -2800 -38360000 15070000  300
20230127 HND -3000 -41100000 0 1000 1000
20230127 HND -3100 -42470000 10960000 900 900
20230127 HND -3800 -51860000 15070000 1000 1000
20230127 HND -4800 -65360000 28570000  800
20230127 HND -5200 -70770000 69740000  400
20230127 HND -5500 -74880000 38230000  700
20230127 HND -5600 -76160000 17770000 2000 2200
20230127 HND -5600 -76250000 64260000  100
20230127 HND -5700 -77620000 62890000  100
20230127 HND -5800 -78990000 61520000  100
20230127 HND -5900 -80360000 60150000  1000
20230127 HND -5900 -80360000 60150000  1000
20230127 HND -6200 -84470000 46450000 1300 1900
20230127 HND -6200 -84540000 28570000 1400 1400
20230127 HND -6900 -94060000 46450000 700 700
20230127 HND "acum_busd" "acum_busd_val" "acum_val_bu" "sd" "sum_vol"
20230130 HND 1400 19380000 22140000 200 200
20230130 HND 1500 20750000 20750000  1000
20230130 HND 1600 22140000 22140000  100
20230130 HND 1600 22140000 22140000  100
20230130 HND 1600 22140000 22140000  2300
20230130 HND 3200 19405200 22165200  1800
20230130 HND 400 5640000 5640000  400
20230130 HND 500 7050000 7050000  100
20230130 HND 500 7050000 7050000  800
20230130 HND 5200 19433200 22193200  2000
20230130 HND 7200 19461200 22221200  2000
20230130 HND 8500 18090800 22240800 100 100
20230130 HND 8600 19480800 22240800  1400
20230130 HND "acum_busd" "acum_busd_val" "acum_val_bu" "sd" "sum_vol"
20230131 HND -100 -1370000 6950000  100
20230131 HND -200 -2760000 5560000  200
20230131 HND -200 -2780000 2780000  200
20230131 HND 2900 40330000 48650000  3000
20230131 HND -300 -4170000 0 300 300
20230131 HND -400 -5540000 2780000 200 200
20230131 HND -400 -5560000 0 100 100
20230131 HND "acum_busd" "acum_busd_val" "acum_val_bu" "sd" "sum_vol"
20230201 HND 1200 -12480600 130200 100 100
20230201 HND 1300 -11090600 130200 500 500
20230201 HND 1400 -4146200 117600 2000 2000
20230201 HND -1500 -21000 7000  500
20230201 HND 1800 -4140600 130200 500 600
20230201 HND -2000 -28000 0 2000 2000
20230201 HND 2000 -4137800 126000  600
20230201 HND 2200 -4135000 128800  200
20230201 HND 2400 -4132200 103600  6500
20230201 HND -2800 -68080600 130200 4000 4000
20230201 HND 3400 -4118200 117600  1000
20230201 HND -4000 -56000 7000 2500 2500
20230201 HND -4000 -56000 9800  200
20230201 HND -4100 -4223200 12600  100
20230201 HND -4200 -4224600 11200 300 400
20230201 HND -4200 -58800 7000 200 200
20230201 HND -4800 -95880600 130200 2000 2000
20230201 HND -5900 -111170600 130200 1100 1100
20230201 HND -6400 -118070600 130200 500 500
20230201 HND "acum_busd" "acum_busd_val" "acum_val_bu" "sd" "sum_vol"
20230202 HND -100 -1310000 6850000 500 500
20230202 HND 100 1370000 1370000  100
20230202 HND 1100 15130000 23290000  1200
20230202 HND 1700 23270000 54620000 1200 1200
20230202 HND 200 2740000 2740000  100
20230202 HND 2900 39610000 47770000  1800
20230202 HND 2900 39710000 54620000 500 1000
20230202 HND 400 5490000 6850000 100 100
20230202 HND 500 6850000 6850000  300
20230202 HND "acum_busd" "acum_busd_val" "acum_val_bu" "sd" "sum_vol"
20230203 HND 0 20000 2760000 200 200
20230203 HND -100 -1350000 2760000  100
20230203 HND -100 -1350000 2760000 100 100
20230203 HND 100 1370000 1370000  100
20230203 HND 200 2760000 2760000  100
20230203 HND "acum_busd" "acum_busd_val" "acum_val_bu" "sd" "sum_vol"
20230206 HND 0 10000 1380000 100 100
20230206 HND -100 -1350000 1380000  100
20230206 HND -100 -1350000 1380000 100 100
20230206 HND -100 -1350000 1380000  1500
20230206 HND -100 -1350000 1380000  1600
20230206 HND 100 1380000 1380000  100
20230206 HND -18800 -248120000 5410000  200
20230206 HND -18900 -249480000 4050000  200
20230206 HND -19100 -252150000 1380000 19000 19000
20230206 HND -22500 -297290000 6780000 3800 3900
20230206 HND -24900 -328910000 8160000  100
20230206 HND -25000 -330290000 6780000 2500 2500
20230206 HND -26100 -344750000 8160000 1200 1200
20230206 HND -30100 -398350000 14860000 4500 5000
20230206 HND -32700 -432930000 14860000 2600 2600
20230206 HND "acum_busd" "acum_busd_val" "acum_val_bu" "sd" "sum_vol"
20230207 HND 10900 52508000 68992200  6100
20230207 HND -1900 52328800 68992200 1000 1000
20230207 HND -1900 52328800 68992200  3400
20230207 HND 1900 52382000 68992200 4000 4000
20230207 HND -2000 50938800 68992200 100 100
20230207 HND -2000 50938800 71772200  100
20230207 HND -2000 50938800 71772200 200 400
20230207 HND 3800 52408600 68892800 200 200
20230207 HND 4000 55188600 68892800  100
20230207 HND 4000 55188600 68892800 900 900
20230207 HND -400 52349800 68992200 800 800
20230207 HND 400 52361000 68992200 200 200
20230207 HND 4800 52422600 68906800  1000
20230207 HND 4900 67518600 68892800 100 100
20230207 HND 4900 68887200 68891400 300 400
20230207 HND 5000 67500000 67500000  5000
20230207 HND 5000 68888600 68892800  100
20230207 HND 5100 68890000 68890000  100
20230207 HND 5100 68890000 68890000  200
20230207 HND 5900 52438000 68992200 5000 5000
20230207 HND 600 52363800 68992200 1300 1300
20230207 HND -900 52342800 68992200  100
20230207 HND -900 52342800 68992200 500 500
20230207 HND "acum_busd" "acum_busd_val" "acum_val_bu" "sd" "sum_vol"
20230208 HND 300 4230000 4230000  300
20230208 HND 400 4231400 4231400  100
20230208 HND 600 6991400 6991400  200
20230208 HND 700 6992800 6992800  100
20230208 HND 800 6994200 6994200  100
20230208 HND "acum_busd" "acum_busd_val" "acum_val_bu" "sd" "sum_vol"
20230209 HND 1000 13780000 13780000  200
20230209 HND 100 1380000 1380000  100
20230209 HND 10300 140440000 256190000  3300
20230209 HND 12100 164920000 314670000 800 800
20230209 HND 12400 169000000 359550000 3000 3000
20230209 HND 12900 175800000 314670000  4200
20230209 HND 1300 17890000 17890000  1000
20230209 HND 1300 17890000 17890000  300
20230209 HND 13400 182600000 373150000  1000
20230209 HND 13500 183960000 374510000  100
20230209 HND 13800 188040000 378590000  300
20230209 HND 15400 209800000 359550000  3300
20230209 HND 1700 23480000 139230000 3000 3000
20230209 HND 17600 239720000 430270000  3800
20230209 HND 1800 24690000 24690000  500
20230209 HND 2300 31490000 31490000  500
20230209 HND 2300 31490000 52040000 1500 1500
20230209 HND 2800 38340000 58890000  500
20230209 HND 2900 39800000 155550000  1200
20230209 HND 3000 41160000 156910000  100
20230209 HND 300 4140000 4140000  200
20230209 HND 3800 52040000 52040000  1500
20230209 HND 4700 64280000 139230000 1900 1900
20230209 HND 5200 71080000 106590000 1100 1600
20230209 HND 5400 73700000 94250000  2600
20230209 HND 5800 79140000 99690000  400
20230209 HND 6000 81960000 197710000  3000
20230209 HND 6100 83320000 118830000  900
20230209 HND 6600 90120000 139230000 1000 2500
20230209 HND 6900 94200000 209950000  900
20230209 HND 7000 95560000 211310000  100
20230209 HND 800 11040000 11040000  500
20230209 HND 8600 117320000 256190000 1700 1700
20230209 HND 8700 118680000 257550000  100
20230209 HND "acum_busd" "acum_busd_val" "acum_val_bu" "sd" "sum_vol"
20230210 HND -1000 -13600000 6800000 200 800
20230210 HND -100 -1290000 32670000 400 400
20230210 HND 100 1360000 6800000 200 200
20230210 HND 200 2750000 24510000  500
20230210 HND -300 -4050000 17710000  300
20230210 HND 300 4080000 6800000 200 200
20230210 HND 300 4110000 32670000  1500
20230210 HND 300 4110000 32670000 500 500
20230210 HND 400 5470000 27230000  200
20230210 HND -500 -6800000 13600000  500
20230210 HND 500 6800000 6800000  200
20230210 HND 500 6800000 6800000  700
20230210 HND -600 -8160000 13600000 100 100
20230210 HND -600 -8160000 6800000 700 700
20230210 HND -800 -10880000 6800000 200 200
20230210 HND 800 10910000 32670000  100
20230210 HND 800 10910000 32670000  400
20230210 HND "acum_busd" "acum_busd_val" "acum_val_bu" "sd" "sum_vol"
20230213 HND 0 50000 20300000  1000
20230213 HND -1000 -13180000 48470000  100
20230213 HND -1000 -13450000 6800000 1300 1300
20230213 HND -1100 -14520000 47130000 1400 1400
20230213 HND -1400 -18680000 24350000 1000 1000
20230213 HND -1700 -22560000 48470000 700 700
20230213 HND -1800 -23900000 48470000 100 100
20230213 HND 300 4100000 47130000  1700
20230213 HND 300 4100000 6800000 200 200
20230213 HND -3200 -42040000 72770000  400
20230213 HND -3500 -46130000 67330000  1000
20230213 HND -3500 -46510000 48470000 1700 1700
20230213 HND -3600 -47480000 67330000 100 100
20230213 HND -400 -5280000 24350000  200
20230213 HND -4500 -59630000 53830000  200
20230213 HND -4700 -62310000 51150000  200
20230213 HND -4900 -64990000 48470000 1400 1400
20230213 HND -500 -6650000 20300000 500 500
20230213 HND 500 6800000 6800000  500
20230213 HND -600 -7980000 21650000  100
20230213 HND -700 -9330000 20300000 200 200
20230213 HND "acum_busd" "acum_busd_val" "acum_val_bu" "sd" "sum_vol"
20230216 HND 1200 16100000 41560000  3000
20230216 HND 1700 22800000 48260000  500
20230216 HND -1800 -24100000 1360000 1400 1400
20230216 HND 1900 25480000 50940000  200
20230216 HND -300 -4020000 0 300 300
20230216 HND -400 -5340000 1360000  100
20230216 HND -400 -5340000 1360000  100
20230216 HND -500 -6700000 0 200 200
20230216 HND 5500 73760000 215960000  100
20230216 HND 5500 73760000 215960000  100
20230216 HND 5500 73760000 215960000 100 100
20230216 HND 5600 75110000 214590000 600 600
20230216 HND 5600 75120000 215960000 100 100
20230216 HND 5700 76480000 215960000  100
20230216 HND 5800 77830000 209150000 4000 4000
20230216 HND 6200 83270000 214590000  400
20230216 HND 9500 127320000 205040000 3900 15400
20230216 HND 9800 131430000 209150000  300
20230216 HND "acum_busd" "acum_busd_val" "acum_val_bu" "sd" "sum_vol"
20230217 HND 1800 25470000 29580000 300 300
20230217 HND 2000 28200000 28200000  2000
20230217 HND 2100 29580000 29580000  100
20230217 HND 2100 29580000 29580000  100
20230217 HND 2100 29580000 43280000 700 700
20230217 HND 2700 37800000 41910000  900
20230217 HND 2800 39170000 43280000  100
20230217 HND 2800 39250000 63830000  2000
20230217 HND 2800 39250000 63830000 700 700
20230217 HND 3500 48770000 63830000 100 100
20230217 HND 3600 50130000 63830000  1500
20230217 HND -400 -5230000 63830000 3200 7700
20230217 HND -700 -9400000 63830000 300 300
20230217 HND 7100 99890000 180020000 100 100
20230217 HND 7200 101270000 180020000 400 400
20230217 HND 7300 102600000 175830000  8000
20230217 HND 7500 105400000 178630000  200
20230217 HND 7600 106790000 180020000  100
20230217 HND "acum_busd" "acum_busd_val" "acum_val_bu" "sd" "sum_vol"
20230220 HND 100 1400000 1400000  100
20230220 HND -22100 -313040000 71820000 21400 21400
20230220 HND -22400 -317310000 131450000  100
20230220 HND -22500 -318720000 130040000 1000 5100
20230220 HND -25600 -362740000 71820000 3500 3500
20230220 HND -2700 -36800000 18000000  1000
20230220 HND -300 -3600000 71820000  5200
20230220 HND -300 -3600000 71820000 600 600
20230220 HND 300 4680000 71820000 100 100
20230220 HND -3200 -43650000 18000000 500 500
20230220 HND -3400 -46390000 18000000 200 200
20230220 HND -3500 -47760000 18000000 100 100
20230220 HND -3700 -50600000 4200000  200
20230220 HND -3900 -53400000 1400000 4000 4000
20230220 HND 400 6060000 71820000  3900
20230220 HND -700 -9160000 71820000 400 400
20230220 HND "acum_busd" "acum_busd_val" "acum_val_bu" "sd" "sum_vol"
