20221212 HTG 100 4330000 109380000  500
20221212 HTG 100 4330000 109380000 700 1300
20221212 HTG 10400 227187200 332254000  7600
20221212 HTG 10400 227237200 335084000 100 100
20221212 HTG 10500 230017200 335084000  100
20221212 HTG 1100 4358000 109424800 100 100
20221212 HTG 11800 239095200 399762000  2000
20221212 HTG 1200 4360800 109424800 500 500
20221212 HTG 1500 4369200 109419200  600
20221212 HTG 1600 45970000 78750000 100 200
20221212 HTG 1700 4374800 109424800  100
20221212 HTG 1700 4374800 109424800  200
20221212 HTG 1700 48640000 75940000 1000 1000
20221212 HTG 1700 48710000 78750000 100 100
20221212 HTG 1700 48780000 92670000 100 100
20221212 HTG 1800 51450000 78750000  100
20221212 HTG 1800 51560000 92670000 200 300
20221212 HTG 1900 54340000 87120000  300
20221212 HTG 1900 54340000 89890000 100 100
20221212 HTG 2000 57110000 89890000  100
20221212 HTG 200 5640000 5640000  200
20221212 HTG 200 7080000 92670000 1500 1500
20221212 HTG 2200 61840000 61840000  2000
20221212 HTG 2500 4397200 109464000  1400
20221212 HTG 2700 75940000 75940000  500
20221212 HTG 2800 12857200 117924000  300
20221212 HTG 300 4335600 109385600  200
20221212 HTG 8500 174417200 335084000  100
20221212 HTG 8500 174417200 335084000 1900 1900
20221212 HTG 8600 177237200 337904000  100
20221212 HTG 900 4352400 109402400  600
20221212 HTG 9600 177265200 337932000  1000
20221212 HTG 9700 180085200 340752000  100
20221212 HTG 9800 182895200 343562000  100
20221212 HTG "acum_busd" "acum_busd_val" "acum_val_bu" "sd" "sum_vol"
20221213 HTG 100 2830000 2830000  100
20221213 HTG -1300 -35750000 5650000 1500 1600
20221213 HTG -1800 -49500000 11220000  100
20221213 HTG -1900 -52310000 8410000  1600
20221213 HTG -1900 -52310000 8410000  3000
20221213 HTG -1900 90336900 151202700  100
20221213 HTG -2000 -55070000 5650000 700 700
20221213 HTG -2000 87606900 148472700  100
20221213 HTG -2100 84856900 145722700  5000
20221213 HTG -2300 -49513500 11220000 500 500
20221213 HTG -2900 62936900 151202700 1000 1000
20221213 HTG -4300 65636400 153942700 1500 1600
20221213 HTG -4900 71154800 159515100  200
20221213 HTG -5000 68374800 156735100  100
20221213 HTG -5000 68374800 156735100  300
20221213 HTG -5100 65614800 153975100  300
20221213 HTG -5300 65609400 153969700  1000
20221213 HTG -6300 -49621500 11220000 4000 4000
20221213 HTG -6300 65582400 153942700 2000 2000
20221213 HTG -7100 -49643100 11222700 900 1000
20221213 HTG "acum_busd" "acum_busd_val" "acum_val_bu" "sd" "sum_vol"
20221214 HTG 0 0 0  500
20221214 HTG 0 0 0  500
20221214 HTG -1100 -30360000 0 1100 1100
20221214 HTG -1100 -30360000 0  1500
20221214 HTG -1200 -33090000 5520000  200
20221214 HTG -1200 -33110000 0 100 100
20221214 HTG -13700 -319874000 19340000  100
20221214 HTG -13800 -322624000 16590000 4500 4500
20221214 HTG -1400 -38610000 0  1300
20221214 HTG -1400 -38610000 0 200 200
20221214 HTG -2500 -68970000 5520000 1300 1300
20221214 HTG -3000 -82770000 11040000  200
20221214 HTG -3200 -88290000 5520000 700 700
20221214 HTG -3400 -93810000 11040000 400 400
20221214 HTG -4000 -110370000 11040000 600 600
20221214 HTG -7500 -205720000 11040000 3500 3600
20221214 HTG -9300 -254570000 16590000  1800
20221214 HTG -9400 -257340000 13820000 2000 2100
20221214 HTG "acum_busd" "acum_busd_val" "acum_val_bu" "sd" "sum_vol"
20221215 HTG 0 0 0  100
20221215 HTG 10300 104115500 152360500  5500
20221215 HTG 1100 2997000 21722000 900 1100
20221215 HTG 11300 104142500 152387500  1000
20221215 HTG 11800 104156000 152414500 500 500
20221215 HTG 11900 106876000 155134500  100
20221215 HTG 1200 5707000 24432000  300
20221215 HTG 12300 104169500 152414500  1000
20221215 HTG 1800 -2398700 16302000  6600
20221215 HTG -4200 -2800700 0 4200 4500
20221215 HTG 4200 87307000 106032000  3000
20221215 HTG -4700 -16050700 0 500 500
20221215 HTG -4800 -18700700 0 100 100
20221215 HTG 5200 114507000 133232000  1000
20221215 HTG 5500 122727000 152212000 400 400
20221215 HTG 5700 128057000 146782000  500
20221215 HTG 5800 130777000 149502000  500
20221215 HTG 5800 130777000 149502000  600
20221215 HTG 5900 133487000 152212000  100
20221215 HTG 6800 104021000 152266000 700 700
20221215 HTG 7500 122781000 152266000  2000
20221215 HTG "acum_busd" "acum_busd_val" "acum_val_bu" "sd" "sum_vol"
20221216 HTG 1600 -24502500 81000 300 300
20221216 HTG 1600 43200 43200  1000
20221216 HTG 1700 -21782500 2801000  100
20221216 HTG 1700 -21782500 2801000  200
20221216 HTG 1900 -24494400 81000 200 200
20221216 HTG 2100 -19034400 81000 600 600
20221216 HTG 2700 -2654400 81000 100 100
20221216 HTG 2800 75600 81000  100
20221216 HTG 2800 75600 81000 200 200
20221216 HTG 3000 81000 81000  1400
20221216 HTG 3000 81000 81000  600
20221216 HTG 600 16200 16200  600
20221216 HTG "acum_busd" "acum_busd_val" "acum_val_bu" "sd" "sum_vol"
20221219 HTG -100 -2620000 5540000 300 300
20221219 HTG -1400 -38470000 125930000  100
20221219 HTG -1500 -41190000 123210000  900
20221219 HTG -2000 -54790000 98730000 1300 1300
20221219 HTG 200 5540000 5540000  1000
20221219 HTG 200 5540000 5540000  1000
20221219 HTG 200 5540000 5540000  200
20221219 HTG -2100 -57510000 98730000 100 100
20221219 HTG -2400 -65670000 98730000 300 300
20221219 HTG -3400 -93370000 5540000 3300 3300
20221219 HTG -4000 -108830000 153130000 3600 3600
20221219 HTG -400 -11270000 153130000  1000
20221219 HTG -4100 -112620000 5540000 700 700
20221219 HTG -700 -19430000 98730000  3400
20221219 HTG -9000 -241330000 153130000 5000 5000
20221219 HTG -9300 -249180000 155880000  100
20221219 HTG -9400 -251930000 153130000 400 400
20221219 HTG "acum_busd" "acum_busd_val" "acum_val_bu" "sd" "sum_vol"
20221220 HTG -10100 -267940000 79500000 1900 1900
20221220 HTG -1900 -50780000 0 1400 1400
20221220 HTG -3200 -85490000 0 1300 1300
20221220 HTG -3200 -85490000 0  300
20221220 HTG -500 -13400000 0 500 700
20221220 HTG -6300 -167640000 53000000  1000
20221220 HTG -7000 -185670000 193570000  500
20221220 HTG -7200 -191090000 164300000 300 1300
20221220 HTG -7300 -194140000 26500000  1000
20221220 HTG -7500 -199020000 180220000  200
20221220 HTG -7500 -199020000 180220000  800
20221220 HTG -7600 -201690000 174900000  200
20221220 HTG -7700 -204340000 174900000 100 100
20221220 HTG -7800 -206990000 169600000 800 1000
20221220 HTG -7900 -209640000 137800000  2200
20221220 HTG -8200 -217970000 79500000 100 1100
20221220 HTG -8200 -217990000 0 5000 5000
20221220 HTG -8300 -220640000 0 100 100
20221220 HTG -8300 -220640000 0  600
20221220 HTG -8700 -230720000 201520000  300
20221220 HTG -8700 -230720000 201520000  700
20221220 HTG -9000 -238670000 193570000 2000 2000
20221220 HTG -9100 -241840000 53000000 2800 2800
20221220 HTG "acum_busd" "acum_busd_val" "acum_val_bu" "sd" "sum_vol"
20221221 HTG 0 50000 2710000  100
20221221 HTG -10000 -237627000 142072700  100
20221221 HTG 1000 27150000 29810000  500
20221221 HTG -100 -2660000 0 100 100
20221221 HTG -10100 -237629700 142070000  100
20221221 HTG -10200 -240279700 139420000  2900
20221221 HTG 1100 29860000 32520000  100
20221221 HTG 1100 59880300 62570000 100 100
20221221 HTG 1200 59883000 62570000 1000 1000
20221221 HTG -13100 -317129700 62570000 5100 5100
20221221 HTG 1600 43410000 46070000  500
20221221 HTG 1600 43410000 46070000  500
20221221 HTG -1900 -20219700 62570000 3000 3900
20221221 HTG 1900 51660000 54320000  300
20221221 HTG -2000 -22879700 62570000 100 100
20221221 HTG 2100 57160000 59820000  200
20221221 HTG 2200 59910000 62570000  100
20221221 HTG 500 13600000 16260000  500
20221221 HTG -7000 -155379700 62570000 5000 5000
20221221 HTG -8000 -181979700 62570000 1000 1000
20221221 HTG "acum_busd" "acum_busd_val" "acum_val_bu" "sd" "sum_vol"
20221222 HTG 0 0 0  100
20221222 HTG -2000 -53200000 0 2000 2000
20221222 HTG -2000 -53200000 0  3000
20221222 HTG -2200 -58520000 0 200 200
20221222 HTG -2300 -61180000 0 100 100
20221222 HTG "acum_busd" "acum_busd_val" "acum_val_bu" "sd" "sum_vol"
20221223 HTG -100 -2700 0 100 100
20221223 HTG 100 3677300 117500000  4000
20221223 HTG -1600 -49714600 117508100  300
20221223 HTG -1700 -44382700 117500000 1000 1000
20221223 HTG -1900 -49722700 117500000 200 200
20221223 HTG -300 -5422700 0 200 200
20221223 HTG -3900 -103122700 10700000  1500
20221223 HTG -3900 -103122700 10700000  200
20221223 HTG -3900 -116459200 117513500  200
20221223 HTG -4100 -108462700 5360000  200
20221223 HTG -4100 -108462700 5360000  200
20221223 HTG -4100 -116464600 117508100 2500 2500
20221223 HTG -4300 -113822700 0  100
20221223 HTG -4300 -113822700 0  200
20221223 HTG -4300 -113822700 0 4000 4000
20221223 HTG -700 -17682700 117500000 800 800
20221223 HTG "acum_busd" "acum_busd_val" "acum_val_bu" "sd" "sum_vol"
20221226 HTG 1000 27000 27000  1000
20221226 HTG 1000 27000 27000  500
20221226 HTG 100 -23743000 85667000  1000
20221226 HTG 100 -23743000 85667000 1400 1400
20221226 HTG -10100 -294773000 98917000 300 300
20221226 HTG -11000 -317993000 155197000  2100
20221226 HTG -12000 -344793000 155197000  100
20221226 HTG -12000 -344793000 155197000 1000 1000
20221226 HTG -13100 -374273000 98917000 3000 3000
20221226 HTG -13100 -374273000 98917000  400
20221226 HTG -13500 -384563000 267897000  4100
20221226 HTG -13800 -392253000 157847000  100
20221226 HTG -13900 -394893000 157847000 100 100
20221226 HTG -13900 -394903000 155197000 1900 1900
20221226 HTG 1500 13497000 85667000  1200
20221226 HTG 1600 16097000 34867000 300 300
20221226 HTG -16100 -319195600 333397000  2200
20221226 HTG 1700 18747000 29507000  1100
20221226 HTG -17200 -376807000 275757000 4000 4300
20221226 HTG -17600 -491983000 160477000 3800 3900
20221226 HTG -18300 -376835600 275757000 1100 1100
20221226 HTG 1900 24107000 34867000  200
20221226 HTG 300 -18543000 53627000  700
20221226 HTG -400 -37303000 34867000 2000 2000
20221226 HTG 600 -10733000 27000 400 400
20221226 HTG -9400 -276153000 98917000  3500
20221226 HTG -9400 -276153000 98917000  500
20221226 HTG -9800 -286793000 98917000 400 400
20221226 HTG -9900 -289403000 85667000 10000 10000
20221226 HTG "acum_busd" "acum_busd_val" "acum_val_bu" "sd" "sum_vol"
20221227 HTG -1000 -28477400 7892600  100
20221227 HTG -100 -4887400 31482600  100
20221227 HTG -10300 23528800 134262600  500
20221227 HTG -10800 10278800 121012600 2000 2000
20221227 HTG -10800 10278800 121012600  8900
20221227 HTG -1100 -31107400 5262600 900 900
20221227 HTG -2000 -4936800 31482600 1900 1900
20221227 HTG -200 -5300000 0 200 200
20221227 HTG -200 -7507400 28862600  1000
20221227 HTG -200 -7507400 28862600  300
20221227 HTG -200 -7977400 5262600  100
20221227 HTG -2100 34541600 92072600  1100
20221227 HTG -300 -7980000 5260000  200
20221227 HTG -3100 8271600 44732600  200
20221227 HTG -3200 5611600 63142600  100
20221227 HTG -3300 2971600 39432600  200
20221227 HTG -3300 2981600 60512600  300
20221227 HTG -3400 351600 44732600 300 300
20221227 HTG -3500 -2328400 34132600  100
20221227 HTG -3600 -4908400 52622600  100
20221227 HTG -3600 -4978400 31482600 1600 2000
20221227 HTG -3700 -7538400 49992600  200
20221227 HTG -3900 -12798400 44732600 500 500
20221227 HTG -400 -10600000 0 200 200
20221227 HTG -500 -13240000 0 100 100
20221227 HTG -8800 63278800 121012600 7800 9100
20221227 HTG -900 -25847400 10522600  100
20221227 HTG -9300 50028800 160762600  1000
20221227 HTG "acum_busd" "acum_busd_val" "acum_val_bu" "sd" "sum_vol"
20221228 HTG -1100 -28930000 0 1100 1100
20221228 HTG -1200 -65874900 52875100  100
20221228 HTG -1300 -68564900 50185100  300
20221228 HTG -1600 -68573000 50177000  300
20221228 HTG -1900 -49970000 42080000  1500
20221228 HTG -1900 -76643000 42107000  100
20221228 HTG -1900 -76643000 42107000 1000 1000
20221228 HTG -3400 -89420000 2630000  100
20221228 HTG -3500 -92050000 0 2400 2400
20221228 HTG -900 -49943000 42107000  1000
20221228 HTG "acum_busd" "acum_busd_val" "acum_val_bu" "sd" "sum_vol"
20221229 HTG 100 2720000 2720000  100
20221229 HTG 100 2720000 2720000  1000
20221229 HTG 100 2720000 2720000  500
20221229 HTG 2000 54970000 54970000  1400
20221229 HTG 2200 60470000 60470000  200
20221229 HTG 2400 65970000 65970000  200
20221229 HTG 2400 65970000 65970000  500
20221229 HTG 2800 76970000 76970000  300
20221229 HTG 2800 76970000 76970000  400
20221229 HTG 3000 58534300 123637000  100
20221229 HTG 3000 58534300 123637000 600 600
20221229 HTG 3500 72084300 120927000  100
20221229 HTG 3500 72084300 120927000 400 400
20221229 HTG 3500 96280000 104470000 300 300
20221229 HTG 3600 74794300 123637000  100
20221229 HTG 3800 104470000 104470000  1000
20221229 HTG -3800 61098000 126387000  100
20221229 HTG -3900 58348000 123637000 6900 7900
20221229 HTG 3900 82924300 120927000 1000 1000
20221229 HTG 4000 110000000 120900000 100 100
20221229 HTG 400 10970000 10970000  300
20221229 HTG 4100 112710000 120900000  600
20221229 HTG 4900 110024300 120927000  1000
20221229 HTG 4900 110024300 120927000 100 100
20221229 HTG 5000 110027000 120927000  1000
20221229 HTG 600 16470000 16470000  200
20221229 HTG "acum_busd" "acum_busd_val" "acum_val_bu" "sd" "sum_vol"
20221230 HTG -100 -2730000 16380000  2500
20221230 HTG -100 -2730000 16380000  300
20221230 HTG 100 2730000 2730000  100
20221230 HTG 100 2730000 2730000  100
20221230 HTG -200 -5450000 16380000 100 100
20221230 HTG -200 -5460000 2730000 300 300
20221230 HTG -400 -10920000 8190000  200
20221230 HTG 4200 115170000 153380000 600 5600
20221230 HTG 5200 142570000 180780000  1000
20221230 HTG -600 -16380000 2730000 400 400
20221230 HTG 7300 200110000 265720000 1000 4100
20221230 HTG 8700 238610000 337220000 200 200
20221230 HTG 8700 238610000 337220000  500
20221230 HTG 8800 241360000 306970000  1500
20221230 HTG 8900 244110000 337220000 1000 1000
20221230 HTG 9200 252360000 350970000  500
20221230 HTG 9200 252400000 361970000 300 300
20221230 HTG 9400 257860000 356470000  200
20221230 HTG 9500 260620000 361970000 100 100
20221230 HTG 9600 263360000 361970000  200
20221230 HTG 9900 271610000 337220000  1100
20221230 HTG "acum_busd" "acum_busd_val" "acum_val_bu" "sd" "sum_vol"
20230103 HTG 10900 287833200 335675200  2000
20230103 HTG 10900 297301600 734428100  2500
20230103 HTG 10900 297301600 734428100  4500
20230103 HTG 1100 30300000 44000000 500 500
20230103 HTG 11900 316683200 550435200 500 500
20230103 HTG 1200 46806000 60520000 500 500
20230103 HTG 12400 331483200 547475200 5700 5700
20230103 HTG 12400 331483200 550435200 100 100
20230103 HTG 12500 334443200 550435200  100
20230103 HTG 13900 375733200 423575200  3700
20230103 HTG 1500 41300000 55000000  400
20230103 HTG 15200 414083200 461925200  1300
20230103 HTG 1600 44000000 44000000  1600
20230103 HTG 1600 44000000 44000000  500
20230103 HTG 16200 443583200 491425200  1000
20230103 HTG 1700 46820000 60520000  900
20230103 HTG 1700 46820000 60562000 1000 2500
20230103 HTG 17500 481933200 529775200  1300
20230103 HTG 18100 499633200 547475200  600
20230103 HTG 18400 518301600 955428100  7500
20230103 HTG 20300 574161600 1011288100  1900
20230103 HTG 3100 85940000 122382000 800 800
20230103 HTG 3400 94490000 130932000  300
20230103 HTG 3900 108640000 122382000  3200
20230103 HTG 4500 125840000 162282000  1100
20230103 HTG 5200 130861600 567988100 500 500
20230103 HTG 5300 148640000 196482000 400 1600
20230103 HTG 5300 148640000 196482000  500
20230103 HTG 5400 136701600 573828100  1200
20230103 HTG 5400 136701600 573828100  200
20230103 HTG 5700 130876100 567988100  200
20230103 HTG 5700 130876100 567988100 800 1300
20230103 HTG 6000 139556100 553388100 200 200
20230103 HTG 6100 145333200 553385200 200 200
20230103 HTG 6200 145336100 553388100  100
20230103 HTG 6300 151213200 553385200 3200 3300
20230103 HTG 6400 165901600 603028100  1000
20230103 HTG 6800 191840000 239682000  1600
20230103 HTG 7600 191863200 239705200  800
20230103 HTG 8100 206513200 254355200  1100
20230103 HTG 8400 215183200 263025200  300
20230103 HTG 8600 220963200 268805200  200
20230103 HTG 8900 229633200 277475200  1000
20230103 HTG 8900 229633200 277475200  10000
20230103 HTG 8900 229633200 277475200  300
20230103 HTG 8900 229633200 277475200  700
20230103 HTG 9400 242683200 550435200 2500 2500
20230103 HTG "acum_busd" "acum_busd_val" "acum_val_bu" "sd" "sum_vol"
20230104 HTG 1200 -11122000 15248000  600
20230104 HTG -17200 -653617400 275108600 20900 21100
20230104 HTG -17900 -674967400 275108600 700 700
20230104 HTG -18900 -705467400 275108600 1000 1400
20230104 HTG -19200 -714647400 275108600 300 300
20230104 HTG -20200 -745247400 275108600 1000 1000
20230104 HTG -20400 -751367400 275108600  1400
20230104 HTG -20400 -751367400 275108600 200 200
20230104 HTG -20500 -754427400 299588600  700
20230104 HTG -21000 -769677400 299588600 500 500
20230104 HTG -21100 -772727400 302638600  100
20230104 HTG -21200 -775777400 299588600 200 200
20230104 HTG -21200 -775847400 278168600  100
20230104 HTG -21300 -778907400 275108600 900 900
20230104 HTG -21700 -748369400 327068600  800
20230104 HTG 2200 23962000 237988000 200 200
20230104 HTG -22500 -772769400 302638600 1400 1400
20230104 HTG -22500 -772769400 302668600  500
20230104 HTG -23000 -772784400 302653600 1000 1500
20230104 HTG -23700 -809369400 327068600 2000 2000
20230104 HTG 2400 30142000 237988000 1200 1200
20230104 HTG 3000 49672000 76048000 200 200
20230104 HTG 3200 49678000 76048000  2000
20230104 HTG 3200 55732000 88168000 200 200
20230104 HTG -32500 -1077769400 327068600 8800 8800
20230104 HTG -32800 -1077778400 327068600 300 300
20230104 HTG 3400 61792000 88168000  400
20230104 HTG -34700 -1021172400 413748600  100
20230104 HTG -34800 -1024162400 410758600  100
20230104 HTG -34900 -1027152400 407768600  200
20230104 HTG 3500 -16037400 268968600 900 900
20230104 HTG -35100 -1033132400 401788600  1500
20230104 HTG -35400 -1077856400 327089600  700
20230104 HTG 3600 67122000 237988000 2000 2000
20230104 HTG -36100 -1077877400 327068600 3300 3300
20230104 HTG -36600 -1077892400 327089600 1200 1200
20230104 HTG -36600 -1077982400 356938600  100
20230104 HTG -36700 -1080972400 353948600  100
20230104 HTG -36700 -1080972400 353948600  900
20230104 HTG 3700 70942000 106408000 100 700
20230104 HTG -37600 -1077922400 327089600 1000 1000
20230104 HTG -37600 -1107792400 327128600 1300 2600
20230104 HTG 3800 24011600 238037600  1600
20230104 HTG 4300 24027100 238053100  500
20230104 HTG 4400 11682600 268968600 200 200
20230104 HTG 4600 17862600 268968600 1200 2200
20230104 HTG 4800 24042600 238068600  500
20230104 HTG 5600 128722000 237988000 1700 2100
20230104 HTG 5800 134992000 182658000 100 100
20230104 HTG 5900 138042000 182658000 100 100
20230104 HTG 6000 141092000 182658000 200 200
20230104 HTG 6000 141132000 188798000  200
20230104 HTG 6200 147192000 182658000  2500
20230104 HTG 6200 147292000 204198000 300 300
20230104 HTG 6400 153452000 210358000  500
20230104 HTG 6500 156532000 204198000  500
20230104 HTG 6900 168802000 225708000  500
20230104 HTG 700 -26322000 48000  1600
20230104 HTG -900 -26370000 0 900 900
20230104 HTG "acum_busd" "acum_busd_val" "acum_val_bu" "sd" "sum_vol"
20230105 HTG 0 0 15300000 500 500
20230105 HTG 100 3060000 18360000  100
20230105 HTG 1100 103821000 186388000  2600
20230105 HTG 1300 39780000 82620000 900 3000
20230105 HTG -1400 106723000 186310000  100
20230105 HTG -1500 103743000 183330000  100
20230105 HTG -1500 103743000 186310000  100
20230105 HTG -1500 103743000 186310000 100 100
20230105 HTG 1500 103833000 186400000  400
20230105 HTG -1600 100763000 180350000 4300 4300
20230105 HTG 2400 91862000 171320000 100 100
20230105 HTG 2500 91865000 171320000 500 500
20230105 HTG 2600 79560000 122400000  1300
20230105 HTG 2600 79680000 159120000 100 100
20230105 HTG 2600 97882000 177340000  200
20230105 HTG 2700 100892000 180350000  100
20230105 HTG 2700 82730000 159120000 1000 1000
20230105 HTG 2900 103875000 186442000  1400
20230105 HTG 3000 91880000 171320000  400
20230105 HTG 3300 100980000 143820000  700
20230105 HTG 3700 113230000 159120000 100 100
20230105 HTG 3800 116280000 159120000  500
20230105 HTG 3900 59100000 186526000 700 700
20230105 HTG 4100 59106000 186532000  200
20230105 HTG 4200 59109000 186535000  100
20230105 HTG 4400 103920000 186487000  1500
20230105 HTG 4600 80030000 186526000 600 600
20230105 HTG 5000 83029000 216435000 200 200
20230105 HTG 500 15300000 15300000  500
20230105 HTG 5200 89009000 216435000  1000
20230105 HTG 5200 97970000 186526000 300 300
20230105 HTG 5500 103953000 186526000 200 1500
20230105 HTG "acum_busd" "acum_busd_val" "acum_val_bu" "sd" "sum_vol"
20230106 HTG 100 3060000 3060000  100
20230106 HTG -10200 71325000 289493000 2500 2500
20230106 HTG -11200 71295000 289493000 1000 1000
20230106 HTG -11600 77307000 295523000  500
20230106 HTG -11700 74287000 292503000  100
20230106 HTG -11800 71277000 289493000 600 600
20230106 HTG 1200 98520000 286440000 2000 2000
20230106 HTG -1400 98442000 286455000  500
20230106 HTG -1900 98427000 286440000 3100 3100
20230106 HTG -2000 68554000 286467000  100
20230106 HTG -2100 68551000 286464000  300
20230106 HTG -2400 68542000 286455000 1000 1000
20230106 HTG 2700 83430000 256140000 3700 3700
20230106 HTG 3200 98580000 286440000 100 100
20230106 HTG 3300 101610000 286440000 100 100
20230106 HTG 3400 104640000 286440000 300 300
20230106 HTG 3700 113730000 286440000  1000
20230106 HTG 5300 162180000 162180000  5200
20230106 HTG 5400 165240000 165240000  100
20230106 HTG 6400 195540000 256140000 2000 2000
20230106 HTG 7400 225840000 225840000  2000
20230106 HTG -7700 71400000 289493000  100
20230106 HTG -7800 68380000 286473000 6000 6200
20230106 HTG 8400 256140000 256140000  1000
20230106 HTG -9500 140937000 359153000  200
20230106 HTG -9600 137907000 356123000  2000
20230106 HTG "acum_busd" "acum_busd_val" "acum_val_bu" "sd" "sum_vol"
20230109 HTG 0 -23815200 34221600 100 100
20230109 HTG 0 -36282800 21667200  1100
20230109 HTG 100 -23812100 34221600  1000
20230109 HTG 100 -23812100 34221600  400
20230109 HTG -1100 -17615500 40461600 1300 1300
20230109 HTG -1100 -17615500 40461600  1500
20230109 HTG -1100 -36316900 21633100  400
20230109 HTG -11100 -326255500 58941600 2000 2000
20230109 HTG -11200 -329345500 58941600 100 100
20230109 HTG -11700 -474445300 80701800  100
20230109 HTG -11800 -477535300 77611800  600
20230109 HTG -12400 -496075300 59071800  1000
20230109 HTG -13400 -496106300 59040800  3200
20230109 HTG -14200 -422045500 58941600 3000 3000
20230109 HTG -14200 -422045500 58941600  3300
20230109 HTG -14900 -443675500 58941600 700 700
20230109 HTG -1500 -45590000 12360000  300
20230109 HTG -15700 -468395500 58941600 800 800
20230109 HTG -16200 -483845500 58941600 500 500
20230109 HTG -16600 -496205500 58941600 400 400
20230109 HTG -1800 -54860000 3090000  100
20230109 HTG -1900 -57950000 0 1900 1900
20230109 HTG -1900 -57950000 0  500
20230109 HTG 200 -17575200 40461600  1100
20230109 HTG -2500 -60735500 40461600 1400 1400
20230109 HTG -300 -36292100 21667200 300 300
20230109 HTG -300 -36292100 21741600 2400 4800
20230109 HTG -3200 -82295500 40461600 700 700
20230109 HTG -3800 -100775500 40461600 600 600
20230109 HTG -4700 -128495500 58941600  600
20230109 HTG -5300 -146975500 40461600 1500 1500
20230109 HTG -6800 -193385500 58941600 2100 2100
20230109 HTG -7700 -350845300 204301800  4000
20230109 HTG -7800 -224285500 58941600 1000 1000
20230109 HTG -9100 -264455500 58941600 1300 1300
20230109 HTG "acum_busd" "acum_busd_val" "acum_val_bu" "sd" "sum_vol"
20230110 HTG 100 61741100 61821700  1000
20230110 HTG 1400 101921100 105081700 100 100
20230110 HTG 1400 101921100 120481700 500 1000
20230110 HTG 1500 105001100 105081700  1400
20230110 HTG -1900 -58900 21700  100
20230110 HTG -2000 -62000 18600 2600 2600
20230110 HTG 2200 126561100 145121700  800
20230110 HTG 2300 129641100 148201700  100
20230110 HTG 2800 145091100 163651700  500
20230110 HTG 600 18600 18600  600
20230110 HTG 7300 68058100 173138700 500 500
20230110 HTG 7500 74238100 163868700 1200 1200
20230110 HTG 7700 80418100 170048700  200
20230110 HTG 7800 83508100 173138700  100
20230110 HTG 7800 83508100 173138700  500
20230110 HTG 7800 83508100 188588700  500
20230110 HTG 8300 145261600 163822200  500
20230110 HTG 8300 145261600 163822200  5500
20230110 HTG 8700 111318100 163868700 200 200
20230110 HTG 8900 117498100 163868700 500 500
20230110 HTG -900 30841100 30921700  1000
20230110 HTG 9400 132948100 163868700 400 400
20230110 HTG 9800 145308100 163868700  1500
20230110 HTG "acum_busd" "acum_busd_val" "acum_val_bu" "sd" "sum_vol"
20230111 HTG 0 0 0  800
20230111 HTG -1100 -3821000 150380000  100
20230111 HTG -1200 -6141000 9340000  100
20230111 HTG 1200 68729000 106200000 200 200
20230111 HTG -1200 -6981000 147220000 400 400
20230111 HTG 1300 71859000 87340000  2500
20230111 HTG 1300 71859000 93600000 200 200
20230111 HTG 1300 71869000 103040000 200 200
20230111 HTG 1300 71869000 96740000  100
20230111 HTG 1300 71869000 96740000  1000
20230111 HTG 1300 71869000 96740000 100 200
20230111 HTG -1300 -9261000 6220000 1000 1200
20230111 HTG 1400 75029000 106200000  100
20230111 HTG 1500 78119000 93600000  200
20230111 HTG 1500 78169000 103040000  200
20230111 HTG 1600 81309000 144050000 100 100
20230111 HTG 1700 84469000 144050000 600 700
20230111 HTG 1900 90779000 131400000 100 900
20230111 HTG 2000 93939000 134560000  100
20230111 HTG 2200 100259000 140880000  200
20230111 HTG 2200 100259000 140880000  300
20230111 HTG -300 21279000 147220000 2000 2600
20230111 HTG -500 15149000 175670000  200
20230111 HTG -500 -15450000 0 500 500
20230111 HTG -600 11979000 166180000  100
20230111 HTG -600 11979000 166180000  100
20230111 HTG -700 8819000 163020000  200
20230111 HTG -700 8819000 166180000 100 100
20230111 HTG -700 8819000 169340000  100
20230111 HTG -800 5579000 147220000 500 500
20230111 HTG -800 5659000 166180000 100 300
20230111 HTG -900 2499000 156700000  200
20230111 HTG "acum_busd" "acum_busd_val" "acum_val_bu" "sd" "sum_vol"
20230112 HTG 10000 -16056200 644310100  200
20230112 HTG 10000 -16196200 585640100  2500
20230112 HTG 10000 52543800.000000015 434030100  1700
20230112 HTG 1000 -323936200 785220100 400 400
20230112 HTG -100 -25367600 48088800  100
20230112 HTG 10100 -12726200 609690100  300
20230112 HTG 10200 -9276200 613140100  100
20230112 HTG 10300 -5806200 616610100  100
20230112 HTG 10400 -2256200 633960100 400 400
20230112 HTG 10600 4603800 627020100  300
20230112 HTG 10600 52564800.000000015 434051100  300
20230112 HTG 10600 52564800.000000015 434051100  600
20230112 HTG 10700 8073800 630490100  100
20230112 HTG 10800 11543800 633960100  100
20230112 HTG 11000 52578800.000000015 434065100  400
20230112 HTG 1100 -320496200 774940100  100
20230112 HTG 1100 -320496200 774940100  500
20230112 HTG 1100 -320496200 774940100 8400 8400
20230112 HTG 11600 38943800.000000015 454930100 1000 1000
20230112 HTG 11900 49323800 719990100 200 200
20230112 HTG 12000 52613800.000000015 434100100  1000
20230112 HTG 1200 -317006200 792150100  500
20230112 HTG 1200 -317076200 778360100  100
20230112 HTG -1200 -60957600 103218800 400 400
20230112 HTG 12100 56183800 719990100 100 2300
20230112 HTG 12600 73443800.00000001 454930100  600
20230112 HTG 1400 -310216200 785220100  200
20230112 HTG 1700 -37955000 272591400 300 300
20230112 HTG 2000 -28144999.999999996 272591400 600 600
20230112 HTG 200 -15597600 103218800  900
20230112 HTG -200 -28557600 158298800 700 700
20230112 HTG -200 -28607600 44848800  400
20230112 HTG -200 -35141200 25468800  500
20230112 HTG 2600 -8524999.999999993 272591400  100
20230112 HTG 2600 -8524999.999999993 272591400  200
20230112 HTG 2600 -8524999.999999993 272591400  3000
20230112 HTG 3700 -37889000 272657400  2000
20230112 HTG -400 -34837599.99999999 246278800 1100 2900
20230112 HTG -400 -35147600 25468800 200 200
20230112 HTG 4400 -37865900 272680500  700
20230112 HTG 4500 -34555900 276000400 100 200
20230112 HTG 4500 -37862600 272690400 200 500
20230112 HTG -500 -38357600 31888800 300 500
20230112 HTG 500 -5877600 158298800  1700
20230112 HTG 5400 -4635900 322470400 500 1900
20230112 HTG 600 19080000 19080000  600
20230112 HTG 600 -2637600 74058800 100 900
20230112 HTG -600 -41407600 203768800 1800 3100
20230112 HTG -600 -41567600 31888800 100 100
20230112 HTG 6400 -140026200 461810100 1000 1000
20230112 HTG 700 22260000 22260000  200
20230112 HTG -700 -38334000 22276000 1900 2400
20230112 HTG -700 -44757600 74058800 1300 1300
20230112 HTG 7100 51714100.00000001 392190400  200
20230112 HTG 7100 51714100.00000001 392190400 300 400
20230112 HTG 7300 58444100.00000001 388870400 100 2100
20230112 HTG 7400 -105826199.99999999 461810100 300 500
20230112 HTG 7500 -102196200 499640100  1100
20230112 HTG 7700 -95566199.99999999 461810100 300 500
20230112 HTG 7800 -92156199.99999999 454930100 3800 3800
20230112 HTG -800 -47997600 103218800 1000 1000
20230112 HTG 8100 24395300.000000007 405811600 200 200
20230112 HTG 8300 31235300.000000007 405811600 1000 1100
20230112 HTG 8300 52484300.000000015 433970600 2000 2800
20230112 HTG 900 7192400 194048800  1100
20230112 HTG 9200 -43546200 726870100 500 500
20230112 HTG 9300 65335300.00000001 405811600  2200
20230112 HTG 9500 -33216200.000000004 774940100 1000 1900
20230112 HTG 9600 27914300.000000007 409330600  1700
20230112 HTG 9600 -29786200 719990100 300 300
20230112 HTG 9600 -29786200 744070100 100 100
20230112 HTG 9700 -26346200 726870100 100 300
20230112 HTG 9700 -26346200 744070100  500
20230112 HTG 9700 -26406200 633960100 700 700
20230112 HTG 9800 -22956200 637410100  100
20230112 HTG 9800 -23016200 599400100 600 1000
20230112 HTG 9900 -19466200 719990100 2000 2000
20230112 HTG "acum_busd" "acum_busd_val" "acum_val_bu" "sd" "sum_vol"
20230113 HTG 1000 -41093000 142075000  600
20230113 HTG 100 -72233000 110935000  2600
20230113 HTG 1100 -37623000 162845000 100 100
20230113 HTG 1200 -34153000 166315000  100
20230113 HTG 1200 -34163000 162845000 100 100
20230113 HTG 1200 -34173000 159375000  1000
20230113 HTG 1200 -34173000 159375000 100 100
20230113 HTG 1300 -30703000 162845000  100
20230113 HTG 1300 -30713000 159375000 200 200
20230113 HTG 1300 3512000.0000000005 3540000.0000000005 800 800
20230113 HTG -1400 -124273000 3575000.0000000005 500 500
20230113 HTG 1500 -23793000 159375000  500
20230113 HTG -200 -82753000 3575000.0000000005 500 500
20230113 HTG 2100 3540000.0000000005 3540000.0000000005  2100
20230113 HTG -2300 -155233000 20975000  500
20230113 HTG 2300 3547000.0000000005 3575000.0000000005  1000
20230113 HTG -2400 -158773000 3575000.0000000005  100
20230113 HTG -2400 -158773000 3575000.0000000005 1000 1000
20230113 HTG -2500 -162193000 20975000 200 200
20230113 HTG -2500 -162233000 3575000.0000000005 100 100
20230113 HTG -2600 -165693000 3575000.0000000005 100 100
20230113 HTG -2700 -169153000 3575000.0000000005 100 100
20230113 HTG -2800 -172633000 3575000.0000000005 100 100
20230113 HTG 300 -65453000 3575000.0000000005  1100
20230113 HTG 300 -65453000 3575000.0000000005 2000 2000
20230113 HTG -3800 -206653000 166315000 5000 5000
20230113 HTG 400 -61853000 121315000  300
20230113 HTG -4100 -217003000 166315000 300 300
20230113 HTG -4800 -241153000 166315000 700 700
20230113 HTG -5600 -268753000 200815000  100
20230113 HTG -5700 -272203000 197365000  900
20230113 HTG -6100 -285953000 200815000 500 500
20230113 HTG -6600 -303253000 166315000 1800 1800
20230113 HTG -900 -106973000 3575000.0000000005 700 700
20230113 HTG "acum_busd" "acum_busd_val" "acum_val_bu" "sd" "sum_vol"
20230116 HTG 0 0 0  1000
20230116 HTG 1000 34780000 41670000 100 100
20230116 HTG 10700 170320400 361500800  3700
20230116 HTG 11000 180250400 371430800  300
20230116 HTG -1100 -37670000 41670000 2000 2000
20230116 HTG -1100 -37670000 41670000  300
20230116 HTG 1100 38230000 41670000  400
20230116 HTG 3400 -30393800 114226600 500 500
20230116 HTG 3600 -30387000 114233400  300
20230116 HTG 3700 -30383600 114236800  100
20230116 HTG 3700 -30383600 114236800  200
20230116 HTG 3900 -30376800 114226600 100 5000
20230116 HTG 4000 180019400 371430800 2000 2000
20230116 HTG -400 -13440000 114060000 1400 3500
20230116 HTG 4700 -30349600 114270800  1000
20230116 HTG 5100 180055700 371473700 200 1500
20230116 HTG 5200 -13509600 144510800 400 400
20230116 HTG 5300 -10189600 134430800  600
20230116 HTG 5500 -3469600 141150800  200
20230116 HTG 5600 -109600 144510800  100
20230116 HTG 6000 180085400 371430800 5000 5000
20230116 HTG 700 24360000 24360000  700
20230116 HTG 700 24390000 27830000 100 100
20230116 HTG -800 -27120000 114060000 400 400
20230116 HTG 800 27830000 27830000  100
20230116 HTG 800 27830000 27830000  2200
20230116 HTG 800 27830000 27830000  600
20230116 HTG 8600 100810400 291990800 500 500
20230116 HTG -900 -30540000 114060000  100
20230116 HTG -900 -30540000 114060000 100 100
20230116 HTG 900 31330000 41670000 100 100
20230116 HTG 9100 117410400 291990800 500 1000
20230116 HTG 9600 133970400 291990800  100
20230116 HTG 9600 133970400 291990800  4400
20230116 HTG "acum_busd" "acum_busd_val" "acum_val_bu" "sd" "sum_vol"
20230117 HTG -100 -3279999.999999998 16600000.000000004 400 400
20230117 HTG 100 3320000.000000001 9960000.000000002  1000
20230117 HTG 100 3320000.000000001 9960000.000000002 200 200
20230117 HTG -10200 -3613299.999999998 16600000.000000004 700 700
20230117 HTG -10400 -9623300 141240000  100
20230117 HTG -10500 -12903300 137960000  100
20230117 HTG -10600 -16183300 134680000 2000 2200
20230117 HTG -10700 -20063300 16600000.000000004 500 500
20230117 HTG -11300 -38873300 141240000 900 1000
20230117 HTG -11700 -51873300 141240000 400 400
20230117 HTG -12200 -69263300 16600000.000000004 1500 1500
20230117 HTG -23100 -421153300 141240000 11400 11400
20230117 HTG -24100 -453453300 141240000 1000 1000
20230117 HTG -28500 -595673300 173440000 5400 6400
20230117 HTG -28700 -618184500 218812400  200
20230117 HTG -28800 -563513900 212113000  1000
20230117 HTG -28900 -624824500 212172400  1700
20230117 HTG -29000 -601610900 235412400 800 1300
20230117 HTG -29800 -563546900 212080000  800
20230117 HTG 300 9960000.000000002 16600000.000000004  200
20230117 HTG 300 9960000.000000002 9960000.000000002  300
20230117 HTG -30400 -582866900 186320000  400
20230117 HTG -30600 -589306900 186320000 200 200
20230117 HTG -30600 -624880600 212116300  100
20230117 HTG -30700 -624883900 212113000 1900 1900
20230117 HTG -30800 -595746900 173440000 2300 2300
20230117 HTG -32900 -731607600 235415700  100
20230117 HTG -33000 -731610900 235412400 4000 5000
20230117 HTG -36700 -854347600 235415700 3800 3800
20230117 HTG -36900 -860807600 235415700 200 200
20230117 HTG -37100 -864050900 235415700 200 200
20230117 HTG -8000 -3540699.999999998 16600000.000000004 7900 7900
20230117 HTG -8800 42256700 128120000  1000
20230117 HTG -9500 -3590199.999999998 16600000.000000004 1500 1500
20230117 HTG -9800 9456700 95320000  2400
20230117 HTG "acum_busd" "acum_busd_val" "acum_val_bu" "sd" "sum_vol"
20230118 HTG 0 0 0  1000
20230118 HTG 1000 34000 34000  1000
20230118 HTG 100 -31136000 41314000 2100 2100
20230118 HTG -100 -38026000 183114000 300 300
20230118 HTG -1100 -72986000 137744000 3700 3700
20230118 HTG 1800 27554000 27554000  800
20230118 HTG 1800 27674000 106964000 100 100
20230118 HTG 1900 31094000 106964000 100 100
20230118 HTG 2000 34514000 106964000  1900
20230118 HTG 200 -27616000 183114000  1300
20230118 HTG -2100 -107226000 183114000 1700 1700
20230118 HTG -2200 -110646000 183114000 100 100
20230118 HTG 2200 41314000 41314000  400
20230118 HTG -2300 -114066000 183114000 100 100
20230118 HTG 2600 55034000 137744000 100 100
20230118 HTG 2700 58454000 137744000  900
20230118 HTG -2800 -131166000 183114000 500 500
20230118 HTG -2900 -134596000 183114000 100 100
20230118 HTG -3500 -155176000 186544000  100
20230118 HTG -3600 -158606000 183114000 700 700
20230118 HTG -400 -48406000 183114000 300 300
20230118 HTG "acum_busd" "acum_busd_val" "acum_val_bu" "sd" "sum_vol"
20230119 HTG 10600 375420000.00000006 463199500.00000006 1000 1500
20230119 HTG 10800 382460000.00000006 470239500.00000006  200
20230119 HTG 10900 385980000.00000006 480799500.00000006 200 200
20230119 HTG 11000 491478500.00000006 586406500.0000001  3000
20230119 HTG 11100 357855000.00000006 445599500.00000006 100 100
20230119 HTG 11100 393020000.00000006 480799500.00000006  300
20230119 HTG 11200 357858500.00000006 445599500.00000006 500 600
20230119 HTG 11600 371938500.00000006 442079500.00000006 400 400
20230119 HTG 12000 386018500.00000006 442079500.00000006 100 7300
20230119 HTG 12400 649770000 769446500.0000001 700 700
20230119 HTG 12900 667370000 762406500.0000001 100 5100
20230119 HTG 13100 674410000 769446500.0000001  200
20230119 HTG 13200 678090000 872106500.0000001 2100 2100
20230119 HTG 15300 752430000 872106500.0000001  2900
20230119 HTG 2900 -27680499.999999996 3649500.0000000005  3800
20230119 HTG 4200 18079500.00000001 49409500.00000001  1300
20230119 HTG 4900 132582000.00000003 188639500.00000003 2400 2400
20230119 HTG 7300 129109500.00000003 185079500.00000003 700 700
20230119 HTG 7300 132666000.00000003 188639500.00000003 100 100
20230119 HTG 7400 132669500.00000003 188639500.00000003  100
20230119 HTG 7800 385871500.00000006 480799500.00000006 1100 1100
20230119 HTG 7900 150169500.00000003 181499500.00000003  3700
20230119 HTG 8000 153749500.00000003 185079500.00000003  100
20230119 HTG 8000 385878500.00000006 480806500.00000006  200
20230119 HTG 8000 491373500.00000006 586406500.0000001 1000 1000
20230119 HTG 8900 385910000.00000006 480799500.00000006 2000 2000
20230119 HTG 9000 491408500.00000006 586406500.0000001 2000 2000
20230119 HTG -900 -31329999.999999996 0 900 900
20230119 HTG "acum_busd" "acum_busd_val" "acum_val_bu" "sd" "sum_vol"
20230127 HTG 1000 17737500 24837500 200 200
20230127 HTG 1200 24837500 24837500  600
20230127 HTG 1500 28454700 78094700 1000 1200
20230127 HTG 1600 39097500 53237500 200 200
20230127 HTG 1800 46137500 53237500  800
20230127 HTG 2200 60397500 74537500  600
20230127 HTG 2300 63947500 78087500  100
20230127 HTG 2400 -13779700 78170300 100 100
20230127 HTG 2500 -10249700 78170300 1100 1100
20230127 HTG 3000 28508700 78148700  1500
20230127 HTG 3600 28530300 78170300  600
20230127 HTG 500 17500 17500  1000
20230127 HTG 600 3537500.0000000005 3537500.0000000005  100
20230127 HTG 600 3537500.0000000005 3537500.0000000005  500
20230127 HTG "acum_busd" "acum_busd_val" "acum_val_bu" "sd" "sum_vol"
20230130 HTG -10000 -108658400 143924400  100
20230130 HTG -10000 -108658400 143924400 100 100
20230130 HTG -10000 -108698400 195054400 100 100
20230130 HTG -10000 -108698400 195054400  500
20230130 HTG 100 -10695600 14400  300
20230130 HTG -100 -17835600 14400 200 200
20230130 HTG -100 -17835600 14400  300
20230130 HTG -100 -17835600 14400  400
20230130 HTG 100 3600 3600  100
20230130 HTG -10800 -137978400 100124400  800
20230130 HTG -1100 -53335600 14400 1000 1000
20230130 HTG -11600 -166938400 71164400  1500
20230130 HTG -11800 -174178400 63924400 7300 7300
20230130 HTG -11900 -108768700 195065500 2200 2500
20230130 HTG -1200 -56885600 14400 100 100
20230130 HTG -12100 -108776100 195065500 200 200
20230130 HTG -12500 -108790900 195076600  300
20230130 HTG -12800 -108802000 195065500 700 700
20230130 HTG -13100 -203506900 254258700  2100
20230130 HTG -13400 -105117900 198786600 1000 1100
20230130 HTG -13700 -105129000 198786600 300 300
20230130 HTG -13800 -108799000 198786600 100 100
20230130 HTG -14800 -145399000 198786600 1000 1000
20230130 HTG -15200 -203584600 254181000  2700
20230130 HTG -1700 -74595600 31784400  500
20230130 HTG -1700 -74635600 14400 500 500
20230130 HTG -17300 -236899000 198786600  100
20230130 HTG -17300 -236899000 198786600 2500 2500
20230130 HTG -17900 -258979000 198786600 600 600
20230130 HTG -1900 -81655600 31784400 200 200
20230130 HTG -200 -10706400 3600 300 700
20230130 HTG -2100 -88715600 17664400 400 900
20230130 HTG -2100 -88775600 46024400 600 1000
20230130 HTG -2200 -92285600 14400 500 500
20230130 HTG -2600 -106575600 46024400 500 500
20230130 HTG -2900 -117225600 46024400  1700
20230130 HTG -2900 -117225600 46024400 300 300
20230130 HTG -3200 -127875600 46024400 300 300
20230130 HTG -3300 -131405600 46024400 100 300
20230130 HTG -3400 -134955600 46024400 100 100
20230130 HTG -3900 -152555600 63924400  100
20230130 HTG -4000 -156135600 60344400  400
20230130 HTG -4400 -170455600 46024400 1000 1000
20230130 HTG -4500 -173915600 63924400 600 700
20230130 HTG -9200 -79488400 173094400  800
20230130 HTG -9600 -94178400 143924400  1200
20230130 HTG -9900 -105038400 143924400 300 300
20230130 HTG -9900 -105038400 195054400 1300 1900
20230130 HTG "acum_busd" "acum_busd_val" "acum_val_bu" "sd" "sum_vol"
20230131 HTG 0 -3845900 203900  100
20230131 HTG 0 -3845900 203900  800
20230131 HTG 0 -3846000 200000 4000 9000
20230131 HTG -1000 -40000 0 1000 1000
20230131 HTG -100 -3849800 200000 100 100
20230131 HTG -1200 -50075900 23293900 1800 1800
20230131 HTG -1400 -132339900 80751100 500 500
20230131 HTG -1900 -102159300 80701700  100
20230131 HTG -1900 -113427900 80713100  300
20230131 HTG -2000 -105949300 76911700  100
20230131 HTG -2100 -109739300 73121700  200
20230131 HTG -2100 -42097700 50443300  100
20230131 HTG -2100 -42107700 54223300  100
20230131 HTG -2200 -113439300 80701700  100
20230131 HTG -2200 -113439300 80701700 300 300
20230131 HTG -2200 -42101500 50439500  100
20230131 HTG -2200 -45887700 50443300 100 100
20230131 HTG -2200 -45887700 54223300 100 100
20230131 HTG -2300 -117319300 65541700  1800
20230131 HTG -2300 -170236100 80754900  100
20230131 HTG -2300 -42105300 50435700  100
20230131 HTG -2300 -49667700 54223300 100 100
20230131 HTG -2400 -170239900 80751100 1000 1000
20230131 HTG -2400 -42109100 50431900  1000
20230131 HTG -2500 -42112900 50393900 2000 2000
20230131 HTG 300 7704100 11753900  300
20230131 HTG -3100 -79847700 54223300 800 800
20230131 HTG -3200 -83637700 54223300 100 100
20230131 HTG -3400 -42147100 50393900 900 900
20230131 HTG -3600 -98637700 65473300  200
20230131 HTG -3800 -106137700 57973300 700 800
20230131 HTG -4100 -117387700 65473300 500 500
20230131 HTG 500 15404100 19453900  200
20230131 HTG -500 -22975900 50393900  400
20230131 HTG 600 19244100 23293900  100
20230131 HTG -700 -30675900 42693900  100
20230131 HTG -700 -30675900 42693900  500
20230131 HTG -900 -113389900 80751100  1100
20230131 HTG "acum_busd" "acum_busd_val" "acum_val_bu" "sd" "sum_vol"
20230201 HTG -1700 15594500 79404700 4700 4700
20230201 HTG -2100 15579700 79404700 400 400
20230201 HTG -2100 15579700 79404700  500
20230201 HTG 2400 7743299.999999999 7743299.999999999  1900
20230201 HTG 2700 7754699.999999999 7754699.999999999  300
20230201 HTG 3000 19504700 79404700 1000 1000
20230201 HTG 300 11100 11100  300
20230201 HTG 3200 26904700 49404700 400 500
20230201 HTG -3400 135699500 434895700  200
20230201 HTG 3400 34404700 56904700  200
20230201 HTG 3500 38154700 45654700 200 1200
20230201 HTG -3600 128379500 427575700 400 4900
20230201 HTG 3600 41904700 64404700  200
20230201 HTG 3700 45654700 68154700  100
20230201 HTG -4000 34540900 244425700  2400
20230201 HTG 4000 56904700 79404700  300
20230201 HTG -4200 27040900 244425700 200 200
20230201 HTG -4500 15790900 244425700 300 300
20230201 HTG -4700 -29082100 120765700  200
20230201 HTG -4700 -29082100 120765700  900
20230201 HTG -4700 8290900 244425700 200 200
20230201 HTG -4700 88619500 434895700 1300 1400
20230201 HTG -4700 88619500 434895700  700
20230201 HTG -4900 30521300 101904700  300
20230201 HTG 500 7671099.999999999 7671099.999999999  200
20230201 HTG -5100 15468700 79404700 3000 3000
20230201 HTG -5100 -25380600 124485700 500 600
20230201 HTG -5200 -10359100 244425700 500 500
20230201 HTG -5200 19271300 90654700  1300
20230201 HTG -5200 19351300 120654700 800 1300
20230201 HTG -5300 15461300 79404700 200 200
20230201 HTG -5400 11751300 79404700 100 100
20230201 HTG -5400 -17959100 131925700  100
20230201 HTG -5400 -17959100 131925700  200
20230201 HTG -5500 8021300 79404700 100 100
20230201 HTG -5600 -25399100 124485700 500 500
20230201 HTG -5600 -29115400 120732400 1200 3400
20230201 HTG -5700 -21526500 244425700 500 500
20230201 HTG -5700 651300 120654700 500 500
20230201 HTG -5900 -6828700 120654700 200 200
20230201 HTG -6400 -55459100 154425700  100
20230201 HTG -6500 -29148700 120654700 600 600
20230201 HTG -6500 -59209100 150675700  100
20230201 HTG -6600 -62959100 146925700  400
20230201 HTG -7000 -77959100 131925700 1600 1600
20230201 HTG -7700 -21600500 244425700 2000 2000
20230201 HTG -7700 -21600500 262875700  600
20230201 HTG -8200 -40050500 244425700 500 500
20230201 HTG "acum_busd" "acum_busd_val" "acum_val_bu" "sd" "sum_vol"
20230202 HTG -11000 -243761200 253890000  200
20230202 HTG -11000 -243761200 253890000 2800 3100
20230202 HTG -1100 -40210000 25670000  500
20230202 HTG -11500 -261511200 253890000 500 1500
20230202 HTG -11800 -272021200 303730000  1100
20230202 HTG -11900 -275581200 303730000 100 100
20230202 HTG -12000 -279141200 303730000 100 100
20230202 HTG -12900 -311181200 264570000 200 500
20230202 HTG -13000 -314761200 253890000 1500 1500
20230202 HTG -1600 -58560000 7320000 1000 1000
20230202 HTG -2000 -73140000 29340000  100
20230202 HTG -2000 -73140000 29340000 1000 1100
20230202 HTG -2100 -76760000 29340000 100 100
20230202 HTG -5900 -98575200 54610000 4500 5200
20230202 HTG -600 -21960000 7320000  200
20230202 HTG -6800 -94971200 115200000  1000
20230202 HTG -6800 -95031200 61770000  300
20230202 HTG -7000 -102191200 54610000 1100 2100
20230202 HTG -7000 -102191200 54610000  300
20230202 HTG -7000 -102191200 54610000  500
20230202 HTG -7200 -109191200 90330000  1000
20230202 HTG -7200 -109191200 90330000  200
20230202 HTG -7400 -116041200 253890000 100 1300
20230202 HTG -7400 -116291200 93880000  600
20230202 HTG -7400 -116331200 83190000  500
20230202 HTG -7500 -119601200 207720000  200
20230202 HTG -7500 -119841200 90330000 300 300
20230202 HTG -7500 -119841200 90330000  500
20230202 HTG -7600 -123151200 204170000  1400
20230202 HTG -7600 -123151200 207720000 100 300
20230202 HTG -7700 -126701200 207720000 100 100
20230202 HTG -7800 -130251200 207720000  100
20230202 HTG -7800 -130251200 207720000  100
20230202 HTG -7800 -130251200 207720000 100 100
20230202 HTG -7900 -134181200 65340000  100
20230202 HTG -7900 -134181200 65340000  200
20230202 HTG -7900 -134191200 61770000 1100 1100
20230202 HTG -8000 -137331200 211290000 300 400
20230202 HTG -8000 -137751200 61770000 100 100
20230202 HTG -800 -29280000 0 800 800
20230202 HTG -8200 -144441200 253890000 800 800
20230202 HTG -8500 -155081200 211290000 500 500
20230202 HTG -8800 -165751200 161570000  200
20230202 HTG -8800 -165911200 125910000  300
20230202 HTG -8800 -165971200 115200000 2000 2000
20230202 HTG -9000 -172851200 154470000  400
20230202 HTG -9000 -172851200 154470000  500
20230202 HTG -9100 -176621200 115200000 300 300
20230202 HTG -9300 -183561200 143760000  200
20230202 HTG -9500 -190701200 136620000 1000 1300
20230202 HTG "acum_busd" "acum_busd_val" "acum_val_bu" "sd" "sum_vol"
20230203 HTG 0 0 0  100
20230203 HTG -1000 -43909200 326200800 700 3000
20230203 HTG 1100 40479999.99999999 47839999.99999999 200 1500
20230203 HTG 12200 91522800 508060800 100 100
20230203 HTG 12300 91526400 508060800  5000
20230203 HTG -2300 -90319200 326200800 1300 1300
20230203 HTG -2600 -101029200 244090800 2000 2000
20230203 HTG -2600 -101029200 244090800  3000
20230203 HTG 2700 -90139200 326380800  5000
20230203 HTG 2800 92290799.99999999 244090800 400 500
20230203 HTG 2900 106360000 113720000  1800
20230203 HTG 3000 109980000 117340000  100
20230203 HTG 3200 106610799.99999999 244090800 500 800
20230203 HTG 3200 117220000 124580000  200
20230203 HTG 3400 124499999.99999999 244080000 100 100
20230203 HTG 3500 128119999.99999999 244080000 3000 3000
20230203 HTG 4200 153420000 160780000  1000
20230203 HTG -600 -29429200 244090800 3400 3400
20230203 HTG 6300 229440000 236800000  2100
20230203 HTG 6300 -90009600 326524800  1100
20230203 HTG 6300 -90009600 326524800 400 400
20230203 HTG 6500 236720000 244080000  200
20230203 HTG 6700 -89995200 326524800  4000
20230203 HTG 7300 -89973600 326560800  1000
20230203 HTG "acum_busd" "acum_busd_val" "acum_val_bu" "sd" "sum_vol"
20230206 HTG -10000 -355000000 0 10000 10000
20230206 HTG -10100 -358550000 0 100 100
20230206 HTG -10200 -362100000 0 100 100
20230206 HTG -10200 -362100000 17950000 500 500
20230206 HTG -10200 -447233600 60896400 2200 2200
20230206 HTG -13900 -578583600 64446400 3800 3900
20230206 HTG -15400 -631083600 135446400  100
20230206 HTG -15400 -631083600 167396400 700 1500
20230206 HTG -15400 -631683600 64446400 1500 1500
20230206 HTG -15500 -634633600 131896400  100
20230206 HTG -15500 -634633600 138996400  100
20230206 HTG -15600 -638143600 167396400 200 200
20230206 HTG -15600 -638183600 128346400  1000
20230206 HTG -15600 -638183600 135446400  1000
20230206 HTG -15600 -638183600 135446400 200 200
20230206 HTG -16200 -659783600 71546400  200
20230206 HTG -16400 -666883600 64446400 1000 1000
20230206 HTG -16600 -673683600 92846400  100
20230206 HTG -16700 -677233600 89296400 1000 1900
20230206 HTG -7800 -362013600 18036400  100
20230206 HTG -7800 -362013600 18036400  100
20230206 HTG -7900 -362017200 18032800  2000
20230206 HTG -8000 -369133600 60896400  200
20230206 HTG -8200 -376293600 53736400 400 1400
20230206 HTG -8800 -397713600 18036400 1000 1000
20230206 HTG -9700 -344150000 17950000  500
20230206 HTG -9900 -362089200 17960800  300
20230206 HTG "acum_busd" "acum_busd_val" "acum_val_bu" "sd" "sum_vol"
20230207 HTG 100 3699999.999999999 21300000 200 200
20230207 HTG 100 3699999.999999999 21300000  400
20230207 HTG 2000 3766499.999999999 21366500  1900
20230207 HTG 200 7100000 7100000  200
20230207 HTG 2800 3794499.999999999 21433000  1900
20230207 HTG 2900 3797999.999999999 21436500  100
20230207 HTG 300 10740000 21300000 200 200
20230207 HTG 400 14200000 14200000  200
20230207 HTG 400 14200000 14200000  600
20230207 HTG 500 17750000 17750000  100
20230207 HTG 500 17780000 21300000 100 100
20230207 HTG 600 21300000 21300000  100
20230207 HTG 6400 125058000 221536500  100
20230207 HTG 6400 125058000 221536500 200 200
20230207 HTG 6400 125058000 221536500  900
20230207 HTG 6600 131938000 221536500 100 100
20230207 HTG 6700 135378000 221536500 600 600
20230207 HTG 7300 156018000 221536500 400 400
20230207 HTG 7700 169398000 187036500  4800
20230207 HTG 7700 169698000 221536500 1000 1000
20230207 HTG 7700 169698000 221536500  1200
20230207 HTG 8700 203898000 221536500  1200
20230207 HTG 900 3727999.999999999 21366500 1100 1100
20230207 HTG "acum_busd" "acum_busd_val" "acum_val_bu" "sd" "sum_vol"
20230208 HTG -1000 -34220000 10370000  100
20230208 HTG -1000 -34220000 10370000 200 200
20230208 HTG 100 3470000.0000000005 3470000.0000000005  100
20230208 HTG -1100 -37640000 10370000 100 100
20230208 HTG -1200 -41060000 10370000 100 100
20230208 HTG -1200 -41060000 10370000  600
20230208 HTG -1300 -44490000 10370000 100 100
20230208 HTG 1300 88612400 295274000  1000
20230208 HTG -1800 -61640000 10370000 500 500
20230208 HTG -1900 -65070000 10370000 100 100
20230208 HTG -200 -6780000 10370000  200
20230208 HTG -300 68358400 275020000  4600
20230208 HTG 300 88578400 295240000  600
20230208 HTG -400 -13680000 3470000.0000000005 500 500
20230208 HTG -4700 -78791600 10370000 2800 2800
20230208 HTG 4800 206562400 413224000  200
20230208 HTG 4800 206562400 413224000  3500
20230208 HTG -4900 -85741600 120920000  3300
20230208 HTG 5300 223512400 430174000  500
20230208 HTG -5700 -112291600 10370000 1000 1000
20230208 HTG 5800 223529400 430191000  500
20230208 HTG 6100 223539600 430201200  300
20230208 HTG -700 -23930000 10370000  200
20230208 HTG -700 -23930000 10370000 500 500
20230208 HTG -800 -27360000 10370000 100 100
20230208 HTG -8100 -192931600 10370000 2400 2400
20230208 HTG -8200 -196291600 10370000 100 100
20230208 HTG "acum_busd" "acum_busd_val" "acum_val_bu" "sd" "sum_vol"
20230209 HTG -100 -3400 0 100 100
20230209 HTG 1800 8224400 114157800 1500 1500
20230209 HTG 2500 31284400 34757800  100
20230209 HTG 2500 31284400 34757800 100 100
20230209 HTG 2600 34754400 34757800  2700
20230209 HTG 3300 58884400 62357800  800
20230209 HTG 3300 59194400 93487800 300 300
20230209 HTG 3300 59194400 93487800  800
20230209 HTG 3300 59374400 114157800 300 400
20230209 HTG 3500 66184400 110737800 300 300
20230209 HTG 3600 69484400 93487800 500 500
20230209 HTG 3700 72724400 76197800  400
20230209 HTG 3800 76444400 110737800  500
20230209 HTG 3900 79664400 83137800  200
20230209 HTG 3900 79664400 83137800  200
20230209 HTG 3900 79664400 83137800  400
20230209 HTG 4100 86564400 90037800  200
20230209 HTG 4100 86584400 93487800 100 100
20230209 HTG 4200 90014400 93487800  100
20230209 HTG "acum_busd" "acum_busd_val" "acum_val_bu" "sd" "sum_vol"
20230210 HTG 1000 44879800 55220000 300 300
20230210 HTG -100 -3429999.9999999995 0 100 100
20230210 HTG 1200 41420000 51750000 200 400
20230210 HTG -12500 -409800200 109340000 4900 4900
20230210 HTG -13000 -426600200 109340000 500 500
20230210 HTG 1300 44890000 55220000  100
20230210 HTG 1400 48320000 51750000  1500
20230210 HTG -17000 -560600200 126090000  400
20230210 HTG -17400 -574000200 112690000 4500 4600
20230210 HTG -17500 -577400200 126090000 500 500
20230210 HTG -6300 -201860200 78880000  700
20230210 HTG -7000 -225520200 55220000 8000 8000
20230210 HTG -7400 -238400200 109340000  100
20230210 HTG -7500 -241820200 105920000  200
20230210 HTG -7600 -245160200 109340000 200 200
20230210 HTG -7700 -248580200 99160000  500
20230210 HTG -8200 -265480200 82260000  100
20230210 HTG -8300 -268860200 78880000 2000 2000
20230210 HTG "acum_busd" "acum_busd_val" "acum_val_bu" "sd" "sum_vol"
20230213 HTG -100 -3320000 0 100 100
20230213 HTG 100 3720000 122840000 200 200
20230213 HTG 1200 40140000 122840000 600 600
20230213 HTG 1500 49980000 182240000 300 300
20230213 HTG 1800 59820000 182240000 100 100
20230213 HTG 1800 60120000 122840000  3700
20230213 HTG -1900 -62720000 0  1000
20230213 HTG -1900 -62720000 0 1800 1800
20230213 HTG 1900 63120000 182240000  1000
20230213 HTG 300 10320000 122840000  1000
20230213 HTG 300 10320000 122840000 500 2200
20230213 HTG 700 23520000 142640000  600
20230213 HTG 800 26820000 122840000 100 100
20230213 HTG 800 26820000 145940000  100
20230213 HTG 900 30120000 149240000  100
20230213 HTG 900 30150000 122840000 300 400
20230213 HTG "acum_busd" "acum_busd_val" "acum_val_bu" "sd" "sum_vol"
20230214 HTG 0 60000 9990000  200
20230214 HTG -100 -3250000 3370000 200 200
20230214 HTG 100 3370000 3370000  100
20230214 HTG -1200 -37640000 156290000  300
20230214 HTG -1500 -47390000 146540000  200
20230214 HTG -1500 -49440000 13290000  100
20230214 HTG -1600 -52740000 9990000 1600 1600
20230214 HTG -1600 -52740000 9990000  200
20230214 HTG -1700 -53890000 140040000  500
20230214 HTG 1800 57810000 120540000  3500
20230214 HTG -200 -6560000 3370000 100 100
20230214 HTG -2200 -70140000 123790000  100
20230214 HTG -2300 -73390000 120540000  1700
20230214 HTG -2300 -73390000 120540000 4100 4100
20230214 HTG "acum_busd" "acum_busd_val" "acum_val_bu" "sd" "sum_vol"
20230216 HTG -100 -3370000 0  100
20230216 HTG -100 -3370000 0  100
20230216 HTG -100 -3370000 0 100 100
20230216 HTG -100 -3370000 0  1400
20230216 HTG -100 -3370000 0  200
20230216 HTG -10100 -336870000 0 10000 10000
20230216 HTG -6400 -211280000 125590000  500
20230216 HTG -6900 -228280000 108590000  500
20230216 HTG -7400 -245280000 91590000  1600
20230216 HTG -9000 -299800000 37070000  300
20230216 HTG -9000 -299800000 37070000  500
20230216 HTG -9300 -309910000 26960000  800
20230216 HTG -9400 -311780000 125590000 3000 3000
20230216 HTG "acum_busd" "acum_busd_val" "acum_val_bu" "sd" "sum_vol"
20230217 HTG 0 0 0  100
20230217 HTG 0 60000 3420000  100
20230217 HTG -100 -3310000 3420000 100 100
20230217 HTG -100 -3360000 0 100 100
20230217 HTG -1300 -43870000 3420000 1000 1000
20230217 HTG -1500 -50630000 3420000 200 200
20230217 HTG -1500 -50630000 3420000  800
20230217 HTG -1700 -57390000 3420000 200 200
20230217 HTG -300 -10070000 3420000 200 200
20230217 HTG "acum_busd" "acum_busd_val" "acum_val_bu" "sd" "sum_vol"
20230220 HTG 100 3390000 3390000  100
20230220 HTG -1500 -51400000 30660000 1000 1000
20230220 HTG 200 6780000 6780000  100
20230220 HTG -2500 -85500000 30660000 1000 1000
20230220 HTG -3400 -116170000 34090000  100
20230220 HTG -3500 -119600000 30660000 1000 1000
20230220 HTG -3600 -122970000 44460000  100
20230220 HTG -3600 -122990000 40990000  100
20230220 HTG -3700 -126440000 37540000  700
20230220 HTG -3700 -126440000 40990000 100 100
20230220 HTG -3800 -129870000 44460000 200 200
20230220 HTG -3800 -129890000 34090000 400 400
20230220 HTG 400 13560000 13560000  200
20230220 HTG -500 -17200000 30660000 1300 1300
20230220 HTG 800 27260000 30660000 100 100
20230220 HTG 800 27260000 30660000  200
20230220 HTG 900 30660000 30660000  500
20230220 HTG "acum_busd" "acum_busd_val" "acum_val_bu" "sd" "sum_vol"
