20221212 HU4 0 19999.999999999884 21860000 6100000 6080000
20221213 HU4 -1100 -9600000 28880000 4350000 13950000
20221214 HU4 -200 -1560000.000000001 57530000 14890000 16450000
20221215 HU4 -100 -400000 27130000 10380000 10780000
20221216 HU4 1000 9980000 213560000 69430000 59450000
20221219 HU4 -1700 -14970000.000000004 44870000 11430000 2.64e+07
20221220 HU4 -1300 -10599999.999999998 28160000 1700000 1.23e+07
20221221 HU4 19100 154000000 251470000 166090000 12090000
20221222 HU4 -6400 -51490000 186930000 23850000 75340000
20221223 HU4 -300 -2459999.9999999995 5749999.999999999 820000 3.28e+06
20221226 HU4 -1100 -8660000 26130000 820000 9480000
20221227 HU4 -11000 -87420000 105980000 5680000 93100000
20221228 HU4 10300 93560000 96100000 93560000 0
20221229 HU4 400 3380000 3380000 3380000 0
20221230 HU4 100 850000 17650000 850000 0
20230103 HU4 4100 33520000 101830000 58350000 24830000
20230104 HU4 700 5990000 11970000 5990000 0
20230105 HU4 500 4250000 4250000 4250000 0
20230106 HU4 -3200 -25510000 62590000 8.29e+06 33800000
20230109 HU4 1500 12600000 12600000 12600000 0
20230110 HU4 -400 -3200000 3200000 0 3200000
20230111 HU4 2200 17820000 66120000 37570000 19750000
20230112 HU4 0 90000.00000000012 1670000 880000 790000
20230113 HU4 -2900 -23220000 66290000 880000 24100000
20230116 HU4 5800 47310000 88570000 63510000 16200000
20230117 HU4 9300 73990000 569750000 235730000 161740000
20230118 HU4 14000 117140000 282980000 148470000 31330000
20230119 HU4 -3000 -23940000 32040000 1.64e+06 25580000
20230127 HU4 -800 -5409999.999999996 91620000 34120000 39530000
20230130 HU4 -7400 -58860000 226740000 56010000 114870000
20230131 HU4 -5100 -40520000 197300000 69980000 110500000
20230201 HU4 8900 77810000 439870000 248490000 170680000
20230202 HU4 14400 119130000 251410000 168530000 49400000
20230203 HU4 -3300 -25800000 84420000 25310000 51110000
20230206 HU4 -11400 -89420000 140700000 10240000 99660000
20230207 HU4 -4700 -36670000 55290000 9310000 45980000
20230208 HU4 -12900 -100000000 187360000 43680000 143680000
20230209 HU4 -2000 -15540000 28140000 6300000 21840000
20230210 HU4 1100 8490000 15430000 10010000 1520000
