20221212 HUT -668200 -12494793300
20221213 HUT 1527300 26773051900
20221214 HUT -2297800 -40196336900
20221215 HUT -79000 -3197777000
20221216 HUT 948200 13985184200
20221219 HUT -955600 -15721879400
20221220 HUT -485000 -2420484400
20221221 HUT -178600 -364689100
20221222 HUT -218100 -2156637600
20221223 HUT -408400 -4577726500
20221226 HUT -201700 -2143618900
20221227 HUT 406200 3770546000
20221228 HUT 151100 2200710000
20221229 HUT -152600 -2155230000
20221230 HUT 46300 3222552000
20230103 HUT 758700 9757616600
20230104 HUT -495800 -7611280000
20230105 HUT 37800 2098143000
20230106 HUT -257200 -3219669500
20230109 HUT -201600 -2907295500
20230110 HUT -56600 -28141500
20230111 HUT 106400 -256723500
20230112 HUT -81600 -1177800000
20230113 HUT -14500 -133378500
20230116 HUT -13400 -165790000
20230117 HUT 64900 1166083500
20230118 HUT 227100 3145115600
20230119 HUT 13000 -2505170000
20230127 HUT -787800 358798000
20230130 HUT 158100 1512645500
20230131 HUT 580000 7865887000
20230201 HUT -717000 -6299570300
20230202 HUT -633700 -5669622500
20230203 HUT 119400 2374286500
20230206 HUT 253100 4299879500
20230207 HUT -472700 -5380337000
20230208 HUT -5500 -549312000
20230209 HUT -161800 -2292700000
20230210 HUT -228600 -1662310000
20230213 HUT -379400 -5020220000
