20221212 ICF 8900 -1290800
20221213 ICF 600 -308400
20221214 ICF -9300 -20896600
20221215 ICF 3400 8090000
20221216 ICF -5600 -9970000
20221219 ICF -6300 -11130000
20221220 ICF -11700 -18890000
20221221 ICF 1400 2400000
20221222 ICF -3000 -4710000
20221223 ICF -1600 -2540000
20221226 ICF -2700 -4020000
20221227 ICF 7600 12390000
20221228 ICF -800 -1260000
20221229 ICF 300 620000
20221230 ICF -100 -40000
20230103 ICF 500 1040000
20230104 ICF 14200 24760000
20230105 ICF 0 70000
20230106 ICF -9500 -18355400
20230109 ICF -3200 -6260000
20230110 ICF -800 -4827000
20230111 ICF -1700 -1951200
20230112 ICF 1900 3360400
20230113 ICF -1500 -5786400
20230116 ICF 200 500000
20230117 ICF -3100 -5430000
20230118 ICF 500 940000
20230119 ICF -3800 -7210000
20230127 ICF -2000 -5707600
20230130 ICF -600 -1080000
20230131 ICF 1700 3510000
20230201 ICF -5200 -9380000
20230202 ICF 500 780200
20230203 ICF 2200 3990200
20230206 ICF 100 190000
20230207 ICF -24400 -41500000
20230208 ICF -3100 -5250000
20230209 ICF 0 20000
20230210 ICF 3300 5710000
20230213 ICF -13800 -20700000
