20221212 IDC -512100 -18765350000
20221213 IDC 478600 18159350000
20221214 IDC 18600 1039980000.0000001
20221215 IDC 48600 2040069999.9999995
20221216 IDC 53400 2209790000
20221219 IDC -604200 -21383700000
20221220 IDC -518200 -17811550000
20221221 IDC -973000 -33173570000
20221222 IDC 34600 1254270000
20221223 IDC -67100 -2184579999.9999995
20221226 IDC -553700 -18682930000
20221227 IDC -59900 -1864770000
20221228 IDC 167700 5599490000
20221229 IDC -178500 -5734360000
20221230 IDC 75900 2440130000
20230103 IDC 550400 18511550000
20230104 IDC 305800 10980960000
20230105 IDC 353600 12795450000
20230106 IDC -539000 -18851410000
20230109 IDC -139200 -4782450000
20230110 IDC -17100 -456670000
20230111 IDC 412700 15011560000
20230112 IDC 513600 19291240000
20230113 IDC 66300 2418630000
20230116 IDC -17600 -527310000
20230117 IDC 1203900 46853040000
20230118 IDC -30000 -1099660000
20230119 IDC -11000 -373300000
20230127 IDC 329600 13597010000
20230130 IDC 312900 12427500000.000002
20230131 IDC 574300 22794680000
20230201 IDC -869200 -34513740000
20230202 IDC 76400 3285110000
20230203 IDC -158400 -6286050000
20230206 IDC 122500 4979530000
20230207 IDC 502000 18719490000
