20230223 IDI -100700 -1221435000 449075000 200 9300
20230223 IDI -101200 -1227545000 320760000 56500 68000
20230223 IDI -101300 -1227025000 1039330000 2000 18500
20230223 IDI -108900 -1319690000 823145000 3500 28800
20230223 IDI -109600 -1329130000 338965000 9900 11400
20230223 IDI -11000 -119945000 4917195000 44200 45800
20230223 IDI -111700 -1353365000 1095220000 15000 20100
20230223 IDI -113600 -1375745000 2092075000 2600 8200
20230223 IDI -115100 -1394675000 1160830000 8800 14200
20230223 IDI -115800 -1403175000 838880000 8200 9500
20230223 IDI -116600 -1412325000 2024035000 900 10400
20230223 IDI -125200 -1516860000 1908610000 500 44700
20230223 IDI -130700 -1582905000 517785000 35700 41400
20230223 IDI 16100 207335000 4656195000 5100 19000
20230223 IDI -168900 -2045655000 1373790000  15700
20230223 IDI -184600 -2235625000 1183820000 71400 73300
20230223 IDI 18800 240275000 4698895000 800 4300
20230223 IDI 21400 271995000 4730615000  2600
20230223 IDI -28200 -336930000 3132105000 100 58200
20230223 IDI -30500 -370575000 0 30500 30500
20230223 IDI 31600 396610000 4897755000 3500 3600
20230223 IDI -33600 -393155000 5001895000 29600 36600
20230223 IDI 35000 437915000 4896535000  13600
20230223 IDI -37900 -445185000 5001895000 4300 4300
20230223 IDI -38000 -446395000 5001895000 100 100
20230223 IDI -43300 -525910000 149445000 25100 37400
20230223 IDI 43500 541315000 4410925000 32700 35300
20230223 IDI -445700 -5335730000 6146555000 1200 20800
20230223 IDI -449900 -5386500000 6159915000 5300 6400
20230223 IDI -451800 -5411235000 5717800000 5900 12000
20230223 IDI -452000 -5413635000 5644600000 1600 9100
20230223 IDI -452300 -5415535000 6174435000 3600 4800
20230223 IDI -457900 -5484320000 5554845000 11500 23900
20230223 IDI -458800 -5495075000 5406665000 440700 470000
20230223 IDI -46100 -544400000 5070865000 13800 19500
20230223 IDI -461100 -5521075000 6327970000 21500 34200
20230223 IDI -462700 -5541500000 5909395000 5200 17100
20230223 IDI -463400 -5549935000 5909395000 700 700
20230223 IDI -464100 -5558370000 5909395000 700 700
20230223 IDI -464300 -5559615000 6327970000 3200 3200
20230223 IDI -464800 -5567085000 5753950000 16000 19000
20230223 IDI -469400 -5622235000 5766000000 5600 6600
20230223 IDI -509300 -6099545000 6341225000 46100 47200
20230223 IDI -509800 -6105520000 6341225000 500 500
20230223 IDI -536600 -6418850000 8195675000  7800
20230223 IDI -537900 -6434195000 8241275000  3100
20230223 IDI -541000 -6471395000 8204075000 5100 5800
20230223 IDI -541800 -6481250000 8018075000 2200 30600
20230223 IDI -544400 -6512450000 8102075000  6800
20230223 IDI -546100 -6532180000 8242475000 8300 8400
20230223 IDI -551200 -6594050000 8020475000 9600 9800
20230223 IDI -556500 -6656455000 8243675000 10500 10600
20230223 IDI -561300 -6720945000 6342420000 51600 51700
20230223 IDI -56200 -682645000 181035000 15500 18100
20230223 IDI -568000 -6795650000 7677275000 200 18300
20230223 IDI -573700 -6867160000 6677045000 1700 6400
20230223 IDI -574900 -6878510000 7320875000 200 2800
20230223 IDI -576700 -6903040000 6620855000 4000 26200
20230223 IDI -577300 -6907440000 7289545000 4200 14200
20230223 IDI -583100 -6977540000 7169045000 8000 49000
20230223 IDI -585600 -7006900000 7454075000 21800 32900
20230223 IDI -585900 -7010460000 7460075000 800 1300
20230223 IDI -594900 -7120730000 6355565000 34700 35800
20230223 IDI -616100 -7373840000 6677045000 42400 42400
20230223 IDI -688500 -8233105000 8244870000 132100 132200
20230223 IDI 7300 99975000 4486615000 42400 48600
20230223 IDI 73600 909965000 4379000000  101800
20230223 IDI -86200 -1042835000 2424985000  27400
20230223 IDI "acum_busd" "acum_busd_val" "acum_val_bu" "sd" "sum_vol"
