20221212 IMP 0 690000 36690000 18690000 18000000
20221213 IMP 100 6280000 6280000 6280000 0
20221214 IMP 1700 106960000 143040000 125000000 18040000
20221215 IMP 5100 319280000 344080000 331680000 12400000
20221216 IMP 0 250000 18490000 6250000 6000000
20221219 IMP 200 12340000 12340000 12340000 0
20221220 IMP 4700 293060000 394360000 334710000 41650000
20221221 IMP -300 -18710000 31210000 6250000 24960000
20221222 IMP -1200 -72000000 84000000 6000000 78000000
20221223 IMP 300 21130000 327170000 174150000 153020000
20221227 IMP 100 5990000 5990000 5990000 0
20221229 IMP 800 48250000 125470000 54000000 5750000
20221230 IMP 700 46100000 250920000 148510000 102410000
20230104 IMP -4400 -251790000 899480000 303760000 555550000
20230105 IMP 1400 81850000 589470000 315710000 233860000
20230106 IMP 10700 610150000 655750000 632950000 22800000
20230109 IMP 2400 137390000 267290000 199490000 62100000
20230110 IMP 200 11280000 22560000 16920000 5640000
20230111 IMP -400 -22470000 22470000 0 22470000
20230112 IMP 1900 106080000 183040000 139000000 32920000
20230113 IMP 0 -110000 29000000 11570000 11680000
20230116 IMP 8800 506000000 759000000 632500000 126500000
20230117 IMP 2000 114990000 160990000 132240000 17250000
20230118 IMP 9800 563500000 575000000 569250000 5750000
20230119 IMP -1000 -57500000 69000000 5750000 63250000
20230127 IMP 400 22930000 120290000 68750000 45820000
20230130 IMP 2600 150460000 190610000 167640000 17180000
20230131 IMP -2800 -162130000 173950000 5910000 168040000
20230201 IMP -5500 -316190000 339190000 11500000 327690000
20230206 IMP -1200 -66920000 78300000 5690000 72610000
20230207 IMP 600 33770000 344770000 183720000 149950000
20230208 IMP 100 5690000 5690000 5690000 0
20230209 IMP -10700 -599050000 1024950000 212950000 812000000
20230210 IMP 3500 199100000 199100000 199100000 0
