20230223 ITA 10400 43536000 432061000  13600
20230223 ITA 10600 44884000 612286000 3800 3800
20230223 ITA 14400 60768000 612286000 8500 8500
20230223 ITA 14900 62655000 533746000  23300
20230223 ITA 15100 63495000 534586000  200
20230223 ITA -17400 -71865000 627720000 7700 7700
20230223 ITA -2000 -7813000 624379000  2900
20230223 ITA 2100 9354000 612286000 3300 3300
20230223 ITA 22700 95521000 611026000 1300 1300
20230223 ITA -22900 -94459000 772492000 13400 13500
20230223 ITA 22900 96362000 612286000 100 400
20230223 ITA 24000 100968000 611026000 8300 16500
20230223 ITA 24100 101305000 576586000 1000 11000
20230223 ITA 25400 106755000 118404000 2600 3200
20230223 ITA -25600 -105478000 889618000  300
20230223 ITA -25800 -106310000 889618000 200 200
20230223 ITA -25800 -106314000 888782000  200
20230223 ITA -26000 -107148000 887948000 1800 8800
20230223 ITA -26700 -110054000 889618000 900 900
20230223 ITA 26700 112140000 112140000  26700
20230223 ITA 27400 115073000 115905000 200 1100
20230223 ITA -27900 -115309000 772492000 5000 5000
20230223 ITA -28500 -117702000 853324000 300 17800
20230223 ITA -29600 -122471000 688602000  100
20230223 ITA -29700 -122888000 688185000 200 1300
20230223 ITA -30100 -124483000 772492000 2200 2200
20230223 ITA -30100 -124697000 627720000 12700 12700
20230223 ITA 30100 126361000 211140000 4000 7100
20230223 ITA -30600 -126643000 683598000  8600
20230223 ITA 31000 130096000 198275000 6700 8000
20230223 ITA -31200 -128868000 858758000  1000
20230223 ITA -31800 -131177000 907090000 2000 6200
20230223 ITA -3200 -13312000 375213000 100 1100
20230223 ITA -32200 -133048000 854578000  100
20230223 ITA -32300 -133466000 854160000 4000 4200
20230223 ITA 32400 135492000 368523000 27800 29100
20230223 ITA -33000 -136199000 889618000 6300 6300
20230223 ITA 33000 138372000 150437000 100 7800
20230223 ITA -33500 -138274000 889618000 500 500
20230223 ITA -34000 -140349000 889618000 500 500
20230223 ITA 37400 156678000 197030000 6300 6400
20230223 ITA -38500 -159606000 642315000 11900 15400
20230223 ITA -39200 -162505000 647736000  800
20230223 ITA -40000 -165841000 644400000 2000 2500
20230223 ITA -4100 -17076000 371033000  500
20230223 ITA -42100 -173921000 909166000 10800 11300
20230223 ITA 43600 182469000 196613000 500 11600
20230223 ITA -45700 -189385000 780396000 17500 19400
20230223 ITA -4600 -19166000 368943000 37100 37200
20230223 ITA -46800 -193370000 910831000 5100 5500
20230223 ITA -4800 -19488000 612286000 6900 6900
20230223 ITA -4900 -19906000 612286000 100 100
20230223 ITA -5000 -20672000 436241000 15300 16300
20230223 ITA -51400 -212368000 912082000 100 400
20230223 ITA -51500 -212782000 912082000 100 100
20230223 ITA -51600 -213204000 910831000 4800 4800
20230223 ITA 53600 224142000 317221000 2000 27500
20230223 ITA 5400 23148000 612286000 5200 5200
20230223 ITA 58900 246246000 363094000 5700 16700
20230223 ITA -68000 -280945000 912082000 16500 16500
20230223 ITA -8000 -32762000 627303000 100 400
20230223 ITA -8200 -33598000 626050000 6600 7000
20230223 ITA -8400 -34850000 436241000 3400 3400
20230223 ITA 9300 38949000 432061000 1100 1100
20230223 ITA -9600 -38999000 772074000  20000
20230223 ITA -9700 -39833000 627720000 1800 1900
20230223 ITA "acum_busd" "acum_busd_val" "acum_val_bu" "sd" "sum_vol"
