20230223 ITC -100 -775000 4075000 600 600
20230223 ITC -13200 -104262000 130383000  100
20230223 ITC -13300 -105062000 129583000  2000
20230223 ITC -13700 -108212000 130383000 500 500
20230223 ITC -15200 -120062000 130383000 1500 1500
20230223 ITC -15300 -120862000 113783000 15000 23100
20230223 ITC -35200 -277993000 130383000 20000 25000
20230223 ITC -3900 -30646000 60774000 10800 10800
20230223 ITC -42200 -331667000 263543000  1500
20230223 ITC -43700 -343667000 251543000  2000
20230223 ITC -45700 -359667000 235543000  3100
20230223 ITC -47600 -374769000 264341000 5500 5600
20230223 ITC -48600 -382694000 264341000 1000 1000
20230223 ITC -48800 -384467000 210743000  4800
20230223 ITC -48900 -385070000 264341000 300 300
20230223 ITC 500 4075000 4075000  500
20230223 ITC -53400 -421281000 164353000  4900
20230223 ITC -53600 -422867000 172343000 1200 2200
20230223 ITC -55900 -441031000 144603000 1000 2800
20230223 ITC -56200 -443436000 130383000 21000 21000
20230223 ITC -56700 -447371000 130383000 500 500
20230223 ITC -61700 -486100000 343341000  10000
20230223 ITC -68900 -543004000 343341000 7200 7200
20230223 ITC -6900 -54572000 61583000 3100 3200
20230223 ITC 6900 55924000 60774000  7000
20230223 ITC -69200 -545072000 405737000  2500
20230223 ITC -70600 -556018000 418371000  200
20230223 ITC -70800 -557594000 416795000  100
20230223 ITC -70900 -558382000 416007000  300
20230223 ITC -71200 -560752000 413637000  1000
20230223 ITC -71500 -563249000 385190000  100
20230223 ITC -71600 -564046000 384393000  200
20230223 ITC -71700 -564822000 385987000 300 400
20230223 ITC -71700 -565100000 264341000 22800 22800
20230223 ITC -71800 -565640000 382799000  2900
20230223 ITC -72100 -567866000 405737000 2900 4400
20230223 ITC -72200 -568652000 405737000 100 100
20230223 ITC -72600 -571660000 453041000 6400 10800
20230223 ITC -74700 -588550000 359889000 7900 10000
20230223 ITC -76300 -600741000 457758000  400
20230223 ITC -76700 -603885000 454614000 4300 4500
20230223 ITC "acum_busd" "acum_busd_val" "acum_val_bu" "sd" "sum_vol"
