20221212 KBC -976400 -22255730000
20221213 KBC 82800 2034645000
20221214 KBC -155700 -3444860000
20221215 KBC -278300 -6296805000
20221216 KBC 284600 6621540000
20221219 KBC -1386200 -31340155000
20221220 KBC -1278700 -27346535000
20221221 KBC -794500 -16512930000
20221222 KBC -543300 -11401715000
20221223 KBC -216900 -4574050000
20221226 KBC -96700 -2708845000
20221227 KBC 859500 17950920000
20221228 KBC 3205500 72062635000
20221229 KBC 1082500 26160260000
20221230 KBC -971000 -23395705000
20230103 KBC 643900 15877595000
20230104 KBC 1821600 46610240000
20230105 KBC -970400 -25174755000
20230106 KBC -1942100 -48570980000
20230109 KBC -467100 -11667290000
20230110 KBC -378000 -9195875000
20230111 KBC 92300 2498125000
20230112 KBC 1292700 32898380000
20230113 KBC -618200 -15317695000
20230116 KBC 951400 23622970000
20230117 KBC 851900 21385235000
20230118 KBC 206300 5333610000
20230119 KBC -971100 -24269205000
20230127 KBC 3080600 81655915000
20230130 KBC -1418500 -37821055000
20230131 KBC -1929800 -49378625000
20230201 KBC -4261600 -107621640000
20230202 KBC -2285000 -53024625000
20230203 KBC 15500 418550000
20230206 KBC 572400 13857695000
20230207 KBC -1761600 -41555240000
