20230223 KDH 10900 302465000 3719330000 7200 8700
20230223 KDH -11100 -292000000 2757980000 6200 7600
20230223 KDH -15000 -401960000 298850000 26100 37200
20230223 KDH -15400 -412045000 539670000 3300 7900
20230223 KDH -15700 -419950000 747590000 8000 15700
20230223 KDH 16600 456290000 3678755000 100 25300
20230223 KDH -16700 -447330000 415275000 6000 10500
20230223 KDH -17200 -453635000 4097065000 22500 31500
20230223 KDH -23500 -627690000 1652215000 36900 46500
20230223 KDH -28100 -746090000 4258500000 16900 22900
20230223 KDH -28400 -759130000 1996965000 4800 13600
20230223 KDH -30200 -800315000 5331985000 400 7900
20230223 KDH -32400 -867115000 1759925000 12900 16900
20230223 KDH -3700 -90905000 3854420000 13600 14300
20230223 KDH -37300 -991305000 5130235000  200
20230223 KDH -37500 -996685000 5124855000 200 6400
20230223 KDH -37600 -1000150000 4484160000 17900 26300
20230223 KDH 3800 106375000 1392580000 4400 28300
20230223 KDH -38500 -1024090000 4864430000  300
20230223 KDH -38800 -1032145000 4856375000 9000 22300
20230223 KDH -39200 -1041450000 5409850000 11900 14800
20230223 KDH -39700 -1056250000 4864430000 1200 1200
20230223 KDH -40500 -1077615000 4904705000 2300 3800
20230223 KDH -42400 -1128720000 4518965000 6100 7400
20230223 KDH -43200 -1149755000 4958385000  400
20230223 KDH -43500 -1157795000 4958385000 300 300
20230223 KDH -43600 -1160495000 4947645000 4700 6300
20230223 KDH -44600 -1185930000 5442080000 6600 7800
20230223 KDH -45000 -1196195000 5886695000  1200
20230223 KDH -45000 -1196385000 5800925000 200 600
20230223 KDH -45200 -1201765000 5790185000 1400 12700
20230223 KDH -45400 -1207100000 5806290000 600 800
20230223 KDH -45800 -1217795000 5808970000 500 600
20230223 KDH -4600 -116420000 2976680000  2600
20230223 KDH -46100 -1225500000 6478440000  600
20230223 KDH -46200 -1228365000 5854525000 2100 3800
20230223 KDH -46700 -1241585000 6462355000  5000
20230223 KDH -47000 -1249610000 6483810000 1100 1300
20230223 KDH -4700 -119115000 2976680000 100 100
20230223 KDH -48100 -1279090000 6483810000 1100 1100
20230223 KDH -4900 -124960000 2690425000 2200 28200
20230223 KDH -51700 -1375585000 6328355000 900 12700
20230223 KDH -52900 -1407910000 5953700000 10400 12900
20230223 KDH -55100 -1466780000 5487720000 12200 13900
20230223 KDH -55600 -1480035000 6513345000 8600 9700
20230223 KDH -59300 -1578965000 6537465000 4600 5500
20230223 KDH -59700 -1589805000 5999180000 8500 10200
20230223 KDH -62600 -1667285000 6012580000 3400 3900
20230223 KDH -6300 -162705000 2720180000 2500 3600
20230223 KDH -6600 -170300000 2987480000 2300 2700
20230223 KDH -7200 -186620000 2906480000  1300
20230223 KDH 7400 208110000 3773415000 1700 2000
20230223 KDH -7700 -200200000 2849780000  3400
20230223 KDH -8500 -221485000 2998280000 2300 2700
20230223 KDH -8500 -221720000 2871380000 1600 2400
20230223 KDH 8500 237810000 3816615000 500 2200
20230223 KDH 8800 245835000 3765300000 500 600
20230223 KDH 9200 256630000 3762595000 800 1400
20230223 KDH 9200 256715000 3835520000  700
20230223 KDH 9400 262015000 3746380000 2500 3500
20230223 KDH "acum_busd" "acum_busd_val" "acum_val_bu" "sd" "sum_vol"
