20221212 KLB 100 -1606800.0000000002 9600 100 100
20221212 KLB -100 -4846800 9600 200 200
20221212 KLB 1900 -4812800 43600  1000
20221212 KLB 200 3200 9600 400 400
20221212 KLB 2100 -4809400 47000  200
20221212 KLB 600 9600 9600  600
20221212 KLB 900 -4829800 26600  1000
20221212 KLB "acum_busd" "acum_busd_val" "acum_val_bu" "sd" "sum_vol"
20221213 KLB 0 0 16500000 1000 1000
20221213 KLB 1000 16500000 16500000  1000
20221213 KLB 1400 23240000 39740000  1100
20221213 KLB 2400 39840000 56340000  1000
20221213 KLB 300 4980000 21480000  300
20221213 KLB "acum_busd" "acum_busd_val" "acum_val_bu" "sd" "sum_vol"
20221214 KLB 0 0 0  1000
20221214 KLB -100 -1310000 6990000 500 500
20221214 KLB -200 -2980000 6990000 100 100
20221214 KLB 200 3500000 3500000  600
20221214 KLB 300 5250000 5250000  100
20221214 KLB -400 -6320000 6990000 200 200
20221214 KLB -400 -6320000 6990000  500
20221214 KLB 400 6990000 6990000  100
20221214 KLB "acum_busd" "acum_busd_val" "acum_val_bu" "sd" "sum_vol"
20221215 KLB 100 1750000 1750000  100
20221215 KLB -4900 -81750000 1750000 5000 5000
20221215 KLB -5900 -98450000 1750000 1000 1000
20221215 KLB -6800 -113400000 3500000  100
20221215 KLB -6900 -115150000 1750000 1000 1000
20221215 KLB "acum_busd" "acum_busd_val" "acum_val_bu" "sd" "sum_vol"
20221216 KLB 100 1650000 1650000  100
20221216 KLB -1800 -13463500 1650000 1000 1000
20221216 KLB -2700 -13477900 1650000 900 900
20221216 KLB -2800 -13479500 1650000 100 100
20221216 KLB -5800 -13524500 1650000 3000 3000
20221216 KLB -5900 -15044500 1650000 100 100
20221216 KLB -800 1636500 1650000 900 900
20221216 KLB "acum_busd" "acum_busd_val" "acum_val_bu" "sd" "sum_vol"
20221219 KLB 1000 16850000 16850000  500
20221219 KLB 11800 18721900 18725300  10000
20221219 KLB 1700 16861900 16865300  100
20221219 KLB 1700 16861900 16865300 200 200
20221219 KLB 1800 18581900 18585300  100
20221219 KLB 1800 18581900 18585300  300
20221219 KLB 1800 18581900 18725300 10000 10000
20221219 KLB 1900 16865300 16865300  100
20221219 KLB 1900 16865300 16865300  900
20221219 KLB 2400 18591500 18734900  600
20221219 KLB 3100 26844700 26988100  700
20221219 KLB 3500 33444700 33588100  100
20221219 KLB 3500 33444700 33588100  400
20221219 KLB 500 8400000 8400000  500
20221219 KLB -6400 34944700 35228100  100
20221219 KLB -6500 33304700 33588100 10000 10000
20221219 KLB "acum_busd" "acum_busd_val" "acum_val_bu" "sd" "sum_vol"
20221220 KLB 102300 1263768700 1263768700  13200
20221220 KLB 103000 1272518700 1272518700  700
20221220 KLB 104100 1286268700 1286268700  1100
20221220 KLB 105100 1298768700 1298768700  1000
20221220 KLB 105900 1308768700 1308768700  800
20221220 KLB 116000 1435018700 1435018700  10100
20221220 KLB 116100 1436268700 1436268700  100
20221220 KLB 12000 135018700 135018700  3100
20221220 KLB 1200 18700 18700  100
20221220 KLB 1200 18700 18700  100
20221220 KLB 1200 18700 18700  700
20221220 KLB 121100 1498768700 1498768700  5000
20221220 KLB 126400 1565018700 1565018700  5300
20221220 KLB 126500 1566268700 1566268700  100
20221220 KLB 132000 1635018700 1635018700  5500
20221220 KLB 133200 1650018700 1650018700  1200
20221220 KLB 148600 1842518700 1842518700  15400
20221220 KLB 15100 173768700 173768700  3100
20221220 KLB 151400 1877518700 1877518700  2800
20221220 KLB 151600 1880018700 1880018700  200
20221220 KLB 152600 1892518700 1892518700  1000
20221220 KLB 152800 1895018700 1895018700  200
20221220 KLB 152900 1896268700 1896268700  100
20221220 KLB 154800 1920018700 1920018700  1900
20221220 KLB 155400 1927518700 1927518700  600
20221220 KLB 156400 1940018700 1940018700  1000
20221220 KLB 156500 1941268700 1941268700  100
20221220 KLB 156600 1942518700 1942518700  100
20221220 KLB 156800 1945018700 1945018700  200
20221220 KLB 156900 1946268700 1946268700  100
20221220 KLB 157000 1947518700 1947518700  100
20221220 KLB 159200 1975018700 1975018700  2200
20221220 KLB 159700 1981268700 1981268700  500
20221220 KLB 161900 2008768700 2008768700  2200
20221220 KLB 163200 2025018700 2025018700  1300
20221220 KLB 171700 2131268700 2131268700  8500
20221220 KLB 173900 2158768700 2158768700  2200
20221220 KLB 177300 2201268700 2201268700  3400
20221220 KLB 178600 2217518700 2217518700  1300
20221220 KLB 185600 2305018700 2305018700  7000
20221220 KLB 186600 2317518700 2317518700  1000
20221220 KLB 19600 230018700 230018700  4500
20221220 KLB 225600 2805018700 2805018700  39000
20221220 KLB 225700 2806268700 2806268700  100
20221220 KLB 226400 2815018700 2815018700  700
20221220 KLB 229400 2852518700 2852518700  3000
20221220 KLB 229500 2853768700 2853768700  100
20221220 KLB 24000 285018700 285018700  4400
20221220 KLB 27000 322518700 322518700  3000
20221220 KLB 32400 390018700 390018700  5400
20221220 KLB 43500 528768700 528768700  11100
20221220 KLB 44700 543768700 543768700  1200
20221220 KLB 46700 568768700 568768700  2000
20221220 KLB 500 7500 7500  200
20221220 KLB 500 7500 7500  500
20221220 KLB 53300 651268700 651268700  6600
20221220 KLB 54300 663768700 663768700  1000
20221220 KLB 55600 680018700 680018700  1300
20221220 KLB 59900 733768700 733768700  4300
20221220 KLB 62900 771268700 771268700  3000
20221220 KLB 81100 998768700 998768700  18200
20221220 KLB 83600 1030018700 1030018700  2500
20221220 KLB 84600 1042518700 1042518700  1000
20221220 KLB 86600 1067518700 1067518700  2000
20221220 KLB 87600 1080018700 1080018700  1000
20221220 KLB 88100 1086268700 1086268700  500
20221220 KLB 88400 1090018700 1090018700  300
20221220 KLB 89000 1097518700 1097518700  600
20221220 KLB 8900 96268700 96268700  7700
20221220 KLB 89100 1098768700 1098768700  100
20221220 KLB "acum_busd" "acum_busd_val" "acum_val_bu" "sd" "sum_vol"
20221221 KLB 104200 1095892000 2693062000  8200
20221221 KLB 104900 1103382000 2700552000  700
20221221 KLB 107500 1131202000 2728372000  2600
20221221 KLB 109300 1150462000 2747632000  1800
20221221 KLB 112600 1185772000 2782942000  3300
20221221 KLB 114900 1210382000 2807552000  2300
20221221 KLB 118100 1244622000 2841792000  3200
20221221 KLB 119700 1261742000 2858912000  1600
20221221 KLB 122800 1294912000 2892082000  3100
20221221 KLB 123800 1305612000 2902782000  1000
20221221 KLB 125000 1318332000 2072342000  57300
20221221 KLB 127600 1346272000 2943442000  3800
20221221 KLB 128900 1360182000 2957352000  1300
20221221 KLB 131200 1384792000 2981962000  2300
20221221 KLB 131400 1386932000 2984102000  200
20221221 KLB 132000 1393352000 2990522000  600
20221221 KLB 137100 1447922000 3045092000  5100
20221221 KLB 138100 1458622000 3055792000  1000
20221221 KLB 139200 1470392000 3067562000  1100
20221221 KLB 139500 1473602000 3070772000  300
20221221 KLB 140000 1478952000 3076122000  500
20221221 KLB 155100 1640522000 3237692000  15100
20221221 KLB 162500 1719702000 3316872000  7400
20221221 KLB 163600 1731472000 3328642000  1100
20221221 KLB 164100 1736822000 3333992000  500
20221221 KLB 164200 1737892000 3335062000  100
20221221 KLB 165100 1747402000 2501412000  40100
20221221 KLB 165200 1748592000 2502602000  100
20221221 KLB 184200 1951892000 3549062000  20000
20221221 KLB 189200 2005392000 3602562000  5000
20221221 KLB 190300 2017162000 3614332000  1100
20221221 KLB 194700 2064242000 3661412000  4400
20221221 KLB 196700 2085642000 3682812000  2000
20221221 KLB 196900 2087782000 3684952000  200
20221221 KLB 198900 2109182000 3706352000  2000
20221221 KLB 199900 2119882000 3717052000  1000
20221221 KLB 200900 2130582000 3727752000  1000
20221221 KLB 205500 2179802000 3776972000  4600
20221221 KLB 209500 2222602000 3819772000  4000
20221221 KLB 216500 2297502000 3894672000  7000
20221221 KLB 216800 2300712000 3897882000  300
20221221 KLB 221800 2354212000 3951382000  5000
20221221 KLB 222000 2356352000 3953522000  200
20221221 KLB 222400 2360632000 3957802000  400
20221221 KLB 222900 2365982000 3963152000  500
20221221 KLB 223000 2367052000 3964222000  100
20221221 KLB 227200 2411992000 4009162000  4200
20221221 KLB 227300 2413062000 4010232000  100
20221221 KLB 227400 2414132000 4011302000  100
20221221 KLB 229400 2435532000 4032702000  2000
20221221 KLB 230300 2445162000 4042332000  900
20221221 KLB 230800 2450512000 4047682000  500
20221221 KLB 230900 2451582000 4048752000  100
20221221 KLB 231000 2452652000 4049822000  100
20221221 KLB 241000 2559652000 4156822000  10000
20221221 KLB 243000 2581052000 4178222000  2000
20221221 KLB 254000 2698752000 4295922000  11000
20221221 KLB 254200 2700892000 4298062000  200
20221221 KLB 256200 2722292000 4319462000  2000
20221221 KLB 257200 2732992000 4330162000  1000
20221221 KLB 262200 2786492000 4383662000  5000
20221221 KLB 262500 2789702000 4386872000  300
20221221 KLB 33700 341422000 1095432000  68600
20221221 KLB -34600 -389208000 361412000  2500
20221221 KLB -34900 -392598000 361412000 300 300
20221221 KLB -36800 -413698000 333162000  1900
20221221 KLB -36900 -414948000 333162000 100 100
20221221 KLB -37100 -417458000 333162000 200 200
20221221 KLB -38700 -413718900 333141100  30100
20221221 KLB 39500 403482000 1157492000  5800
20221221 KLB 54600 565052000 1319062000  15100
20221221 KLB 61300 636742000 1390752000  6700
20221221 KLB 67700 705222000 1459232000  6400
20221221 KLB -68800 -734720000 12140000 69800 70800
20221221 KLB 86600 907572000 2504742000 78800 79000
20221221 KLB 96000 1008152000 2605322000  9400
20221221 KLB "acum_busd" "acum_busd_val" "acum_val_bu" "sd" "sum_vol"
20221222 KLB -1000 -25654900 600218400  400
20221222 KLB -10100 -123024900 502848400  3100
20221222 KLB 11900 112415100 742528400  3500
20221222 KLB -1300 -28824900 601288400 400 500
20221222 KLB -13200 -156194900 469678400  1200
20221222 KLB -1400 -29934900 595938400  3800
20221222 KLB -14400 -169034900 456838400  100
20221222 KLB -14500 -170104900 455768400  2400
20221222 KLB 15700 153075100 783188400  3800
20221222 KLB -16900 -195784900 430088400  100
20221222 KLB -17000 -196854900 429018400  400
20221222 KLB 1700 17740000 27370000  1000
20221222 KLB -17400 -201134900 424738400  22300
20221222 KLB 19400 192665100 822778400  3700
20221222 KLB 2100 7555100 637668400  1400
20221222 KLB 21600 216205100 846318400  2200
20221222 KLB 23600 237605100 867718400  2000
20221222 KLB 2400 10765100 640878400  300
20221222 KLB 24700 249375100 879488400  1100
20221222 KLB 24800 250445100 880558400  100
20221222 KLB -2500 -41384900 72708400 3100 3100
20221222 KLB -2600 -42614900 72708400 100 100
20221222 KLB -2700 -43844900 72708400 100 100
20221222 KLB 2900 33786700 43420000 300 300
20221222 KLB 31300 319995100 950108400  6500
20221222 KLB 3200 33790000 43420000  100
20221222 KLB 3200 33790000 43420000  1500
20221222 KLB 32800 336045100 966158400  1500
20221222 KLB 32900 337115100 967228400  100
20221222 KLB 33400 342465100 972578400  500
20221222 KLB 34400 353165100 983278400  1000
20221222 KLB 349000 3719415100 4352708400 300 311300
20221222 KLB 35200 361725100 991838400  800
20221222 KLB 35400 363865100 993978400  200
20221222 KLB 35600 366005100 996118400  200
20221222 KLB 36300 373495100 1003608400  700
20221222 KLB 366400 3905605100 4539958400 100 17600
20221222 KLB 372800 3974085100 4608438400  6400
20221222 KLB 38300 394895100 1025008400  2000
20221222 KLB 383800 4091785100 4726138400  11000
20221222 KLB 392300 4182735100 4817088400  8500
20221222 KLB -39700 -439744900 186128400  10000
20221222 KLB 400 3830000 13460000  800
20221222 KLB -400 -4730000 4900000  200
20221222 KLB 476600 5084745100 5719098400  84300
20221222 KLB -49700 -546744900 79128400 47600 48200
20221222 KLB 5100 52175100 62948400 100 2400
20221222 KLB 519400 5542705100 6177058400  42800
20221222 KLB -5200 -70594900 555278400  1900
20221222 KLB 537600 5737445100 6371798400  18200
20221222 KLB 5400 42865100 672978400  3000
20221222 KLB 5500 43935100 674048400  100
20221222 KLB 566200 6043665100 6688718400 1000 30600
20221222 KLB 568200 6043687100 6688740400  2000
20221222 KLB 568900 6042516700 6688756000 600 2100
20221222 KLB 5700 46075100 676188400  200
20221222 KLB 575500 6123696700 6772396000 200 7000
20221222 KLB 577200 6147054300 6795756000 200 200
20221222 KLB 577300 6145836700 6794536000  100
20221222 KLB 577300 6145836700 6794536000  1800
20221222 KLB 577300 6148274300 6796976000  100
20221222 KLB 577400 6147056700 6795756000  100
20221222 KLB 579300 6172674300 6821376000  2000
20221222 KLB 579500 6175094300 6823796000  200
20221222 KLB 582600 6212604300 6861306000  3100
20221222 KLB 583600 6224804300 6873506000  1000
20221222 KLB 584600 6237004300 6885706000  1000
20221222 KLB 586700 6262624300 6911326000  2100
20221222 KLB 589500 6296784300 6945486000  2800
20221222 KLB 590900 6313864300 6962566000  1400
20221222 KLB 600 -3254900 72708400 100 100
20221222 KLB -600 -6870000 2759999.9999999995 900 1200
20221222 KLB 600900 6435864300 7084566000  10000
20221222 KLB 611300 6562744300 7211446000  10400
20221222 KLB 616300 6623744300 7272446000  5000
20221222 KLB 616900 6710286300 7359066000 2400 2500
20221222 KLB 619300 6710315100 7359066000 4000 4000
20221222 KLB 620400 6673764300 7322466000  4100
20221222 KLB 623300 6710363100 7359066000 100 100
20221222 KLB 623400 6710364300 7359066000  3000
20221222 KLB 633300 6912006300 7560786000  16400
20221222 KLB 634800 6930456300 7579236000  1500
20221222 KLB 635600 6940296300 7589076000  800
20221222 KLB 700 -2024900 72708400 5200 6000
20221222 KLB 700 7040000 16670000  300
20221222 KLB 700 -7424900 622688400  2000
20221222 KLB -7100 -90924900 534948400  2000
20221222 KLB 8400 74965100 705078400  2700
20221222 KLB -9100 -112324900 513548400  1000
20221222 KLB "acum_busd" "acum_busd_val" "acum_val_bu" "sd" "sum_vol"
20221223 KLB -101000 -1262400000 320000000 3200 3200
20221223 KLB -103700 -1296150000 320000000 2700 2700
20221223 KLB -106300 -1328650000 320000000 2600 2600
20221223 KLB -108000 -1349900000 320000000 1700 1700
20221223 KLB -108200 -1352400000 320000000 200 200
20221223 KLB -109400 -1367400000 320000000 1200 1200
20221223 KLB -110200 -1377400000 320000000 800 800
20221223 KLB -111100 -1388650000 320000000 900 900
20221223 KLB -111200 -1389900000 320000000 100 100
20221223 KLB -114200 -1427400000 320000000 3000 3000
20221223 KLB -114600 -1432400000 320000000 400 400
20221223 KLB 11600 145100000 281250000 500 500
20221223 KLB -116600 -1457400000 320000000 2000 2000
20221223 KLB -116800 -1459900000 320000000 200 200
20221223 KLB -117000 -1462400000 320000000 200 200
20221223 KLB -117200 -1464900000 320000000 200 200
20221223 KLB -117700 -1471150000 320000000 500 500
20221223 KLB -118000 -1474900000 320000000 300 300
20221223 KLB 12100 151250000 281250000  10000
20221223 KLB 12800 160100000 296250000  1200
20221223 KLB 14000 175100000 320000000 400 400
20221223 KLB 14100 176350000 312500000  1300
20221223 KLB 14400 180100000 320000000 200 200
20221223 KLB 14600 182600000 320000000 100 700
20221223 KLB 1600 20000000 137500000  4500
20221223 KLB 2100 26250000 156250000 1000 1000
20221223 KLB -2900 -36250000 81250000 1600 4500
20221223 KLB -3100 -38750000 0 3100 3100
20221223 KLB 3100 38750000 156250000  1500
20221223 KLB 3200 40100000 320000000 1000 1000
20221223 KLB -4200 -52500000 45000000  2700
20221223 KLB 4200 52600000 320000000 2000 2000
20221223 KLB 6200 77600000 320000000 100 100
20221223 KLB 6300 78850000 320000000 500 500
20221223 KLB -64800 -809900000 320000000 68000 68000
20221223 KLB 6800 85100000 320000000 200 200
20221223 KLB -6900 -86250000 11250000  100
20221223 KLB -7000 -87500000 10000000  600
20221223 KLB 7000 87600000 320000000 7000 7000
20221223 KLB -72700 -908650000 320000000 7900 7900
20221223 KLB -74900 -936150000 320000000 2200 2200
20221223 KLB -75700 -946150000 320000000 800 800
20221223 KLB -7600 -95000000 2500000 4700 4900
20221223 KLB -76800 -959900000 320000000 1100 1100
20221223 KLB -83700 -1046150000 320000000 6900 6900
20221223 KLB -88900 -1111150000 320000000 5200 5200
20221223 KLB -89900 -1123650000 320000000 1000 1000
20221223 KLB -97500 -1218650000 320000000 7600 7600
20221223 KLB -97800 -1222400000 320000000 300 300
20221223 KLB "acum_busd" "acum_busd_val" "acum_val_bu" "sd" "sum_vol"
20221226 KLB -11000 -50138600 221303400  100
20221226 KLB -11100 -50139900 221302100  1500
20221226 KLB -12600 -50159400 221282600 9700 9800
20221226 KLB 1300 125639300 171469600 5000 5000
20221226 KLB 1400 125640600 171482600 900 1900
20221226 KLB -14400 -47535400 225263400  1200
20221226 KLB -14400 -47535400 225263400  300
20221226 KLB -14600 -50065400 230663400  400
20221226 KLB -14600 -50185400 221303400 3600 3600
20221226 KLB -14700 -51495400 221303400 100 100
20221226 KLB -15000 -55465400 225263400 600 600
20221226 KLB -16900 -80675400 332043400 2700 10100
20221226 KLB 1800 36898800 36926800 2000 2700
20221226 KLB -19900 -121775400 332043400 3000 3800
20221226 KLB 2000 36901600 36929600  200
20221226 KLB -21600 -145065400 230663400 7000 7000
20221226 KLB 2200 39681600 39709600  200
20221226 KLB -23100 -334164600 332214200 2100 12400
20221226 KLB -24900 -334189800 332214200 1800 1800
20221226 KLB -25100 -337009800 332214200 200 200
20221226 KLB -29000 -293397800 392844200  4300
20221226 KLB 3000 28464000 28464000  2500
20221226 KLB -3000 69680600 220032600  200
20221226 KLB 3100 28465400 28465400  100
20221226 KLB -3100 68420600 217532600  100
20221226 KLB -31200 -352589800 332214200 6100 6400
20221226 KLB -31300 -305118800 332070000  1900
20221226 KLB -3200 67180600 216292600  1800
20221226 KLB -3200 67180600 217532600 100 100
20221226 KLB -32900 -300975400 332043400 13000 13000
20221226 KLB -33200 -305145400 332043400 300 300
20221226 KLB -33200 -352617800 332214200 2000 2000
20221226 KLB -33300 -354027800 332214200 100 200
20221226 KLB -40800 -274652900 1115745700 200 1200
20221226 KLB -40800 -458673400 527184000  6600
20221226 KLB -41300 -279992900 1164125700 400 4200
20221226 KLB -41600 -284892900 1102945700  6900
20221226 KLB -42200 -304489900 1204128700 5000 9100
20221226 KLB -42200 -304489900 1217028700  100
20221226 KLB -42300 -305779900 1215738700 1000 1900
20221226 KLB -42700 -310939900 1217028700 500 500
20221226 KLB -42800 -312229900 1217028700 100 100
20221226 KLB -44600 -323712900 985385700  3800
20221226 KLB -44700 -323312900 1115745700 3900 3900
20221226 KLB -45300 -344219900 1218318700 2600 2700
20221226 KLB -45600 -336412900 985385700 1000 1000
20221226 KLB -4600 49820600 193972600  2900
20221226 KLB -46300 -539037800 392844200 17300 17300
20221226 KLB -46300 -539037800 446804200  2000
20221226 KLB -46500 -539040600 446804200 200 200
20221226 KLB -47400 -539053200 446804200 900 900
20221226 KLB -47500 -362932900 776085700  2600
20221226 KLB -48300 -567437800 418404200  200
20221226 KLB -48400 -371972900 937125700  10000
20221226 KLB -48500 -373212900 1014625700  200
20221226 KLB -48500 -570277800 415564200  1600
20221226 KLB -48600 -377352900 708875700 500 2500
20221226 KLB -48700 -375772900 1012065700  100
20221226 KLB -48800 -377052900 1010785700  2000
20221226 KLB -48800 -379382900 735545700  600
20221226 KLB -48900 -381492900 676375700  3500
20221226 KLB -49100 -383552900 708875700 500 500
20221226 KLB -49100 -578797800 392844200 2800 2800
20221226 KLB -49400 -387002900 727925700  3500
20221226 KLB -49600 -389592900 749425700 200 1200
20221226 KLB -49800 -381604600 663664000 4400 13400
20221226 KLB -49800 -392082900 735545700 1000 1000
20221226 KLB -49900 -393772900 678875700 1200 1400
20221226 KLB -49900 -394192900 663675700 1000 2400
20221226 KLB -5000 44860600 193972600 400 400
20221226 KLB 500 7150000 7150000  500
20221226 KLB -50100 -396152900 683875700  1300
20221226 KLB -50100 -396152900 683875700  6300
20221226 KLB -50100 -592997800 392844200 1000 1000
20221226 KLB -50400 -399692900 736825700  2000
20221226 KLB -50400 -399692900 736825700 700 800
20221226 KLB -50500 -401152900 678875700 600 600
20221226 KLB -50600 -399912900 985385700 5000 5000
20221226 KLB -50800 -402452900 985385700 200 200
20221226 KLB -50900 -406052900 708875700 1800 1800
20221226 KLB -51600 -424719900 1242638700  1000
20221226 KLB -51900 -428699900 1218318700 6600 6600
20221226 KLB -52200 -432439900 1229838700 1200 2100
20221226 KLB -52200 -432439900 1229838700  200
20221226 KLB -52600 -437519900 1229838700  1500
20221226 KLB -52600 -437519900 1229838700 400 400
20221226 KLB -54400 -440813400 550284000 15400 18200
20221226 KLB -5500 38580600 182732600 7200 8100
20221226 KLB 5600 87731600 125519600 200 200
20221226 KLB -56600 -488219900 1242638700 5000 5000
20221226 KLB 5700 89201600 130949600 300 700
20221226 KLB 5800 90371600 125519600 1000 1100
20221226 KLB -58400 -498972900 810125700 600 3100
20221226 KLB -59900 -530089900 1247758700  400
20221226 KLB -60300 -522912900 778625700 13000 13200
20221226 KLB -60300 -535209900 1242638700 3700 3700
20221226 KLB -60700 -540249900 1247758700 800 800
20221226 KLB 6300 125704300 171469600 200 200
20221226 KLB 6500 125706900 171469600 1900 2000
20221226 KLB 6700 102251600 124199600 900 1100
20221226 KLB 7100 107731600 107759600  4900
20221226 KLB 7400 111841600 121459600 700 1700
20221226 KLB 7500 113681600 155429600  1800
20221226 KLB 7700 116491600 162229600 300 800
20221226 KLB 800 118020600 171482600 600 600
20221226 KLB 8300 124411600 170149600  600
20221226 KLB "acum_busd" "acum_busd_val" "acum_val_bu" "sd" "sum_vol"
20221227 KLB -10300 -58631800 195542600 100 7600
20221227 KLB -10800 -64931800 201942600 1000 1000
20221227 KLB -11300 -38719100 415141100 5000 5000
20221227 KLB -11400 -72551800 201942600 600 600
20221227 KLB -11700 -29703400 426752400 200 1100
20221227 KLB -11800 -38725600 415141100 500 500
20221227 KLB -11900 -78901800 201942600 500 500
20221227 KLB -12400 -38733400 415142400  100
20221227 KLB -12500 -38734700 415141100 700 700
20221227 KLB -12800 -109013600 79602600 5000 10100
20221227 KLB -12900 -110293600 14322600 3300 3300
20221227 KLB -13100 -94511800 94382600 300 19800
20221227 KLB -16300 -161801900 291972500  5200
20221227 KLB -17400 -161816200 291972500 1100 1100
20221227 KLB -17700 -153351800 99542600  100
20221227 KLB -17800 -154641800 98252600  100
20221227 KLB -17900 -155931800 96962600  200
20221227 KLB -18100 -158511800 94382600 5000 5000
20221227 KLB -20800 -109117600 79602600 8000 8100
20221227 KLB -21500 -229921900 223852500  3500
20221227 KLB -2300 -27600 0 2300 2300
20221227 KLB -23200 -222411800 201942600 11300 11300
20221227 KLB -23400 -224951800 201942600 200 200
20221227 KLB -2400 -28900 0 100 100
20221227 KLB -25000 -245431800 208342600 2100 2600
20221227 KLB -25800 -109182600 79609100  500
20221227 KLB -26300 -109189100 79602600  1500
20221227 KLB -26300 -109189100 79602600 5500 5500
20221227 KLB -28900 -94717200 94129100  100
20221227 KLB -29000 -96037200 92809100  100
20221227 KLB -29100 -97357200 91489100  900
20221227 KLB -29500 -109230700 79609100 3700 3700
20221227 KLB -30000 -109237200 79609100 500 500
20221227 KLB -31000 -94744500 94129100 2100 2100
20221227 KLB -3100 -38000 0  300
20221227 KLB -3100 -38000 0  300
20221227 KLB -3100 -38000 0 700 700
20221227 KLB -31500 -94751000 94129100 500 500
20221227 KLB -32100 -94758800 94129100 600 600
20221227 KLB -32300 -94761400 94129100 200 200
20221227 KLB -3600 -6638000 0 500 500
20221227 KLB -3900 1270300 7920000 500 1100
20221227 KLB -4000 -6643200 0 400 400
20221227 KLB -4300 1265100 7921300  100
20221227 KLB -4400 1263800 7920000 500 500
20221227 KLB -6200 -24533600 7922600  100
20221227 KLB -6300 -24534900 7921300 2000 3000
20221227 KLB -6300 -38654100 415141100  1000
20221227 KLB -7300 -38667100 415128100  1100
20221227 KLB -8400 -38681400 415113800  100
20221227 KLB -8500 -38682700 415112500  1000
20221227 KLB -8600 -55253600 14322600  500
20221227 KLB -9100 -61653600 7922600 2900 2900
20221227 KLB -9500 -51782700 402012500  100
20221227 KLB -9600 -53092700 400702500  100
20221227 KLB -9600 -68053600 14322600 1000 1000
20221227 KLB -9700 -54402700 399392500 500 8700
20221227 KLB -9800 -52231800 201942600  500
20221227 KLB "acum_busd" "acum_busd_val" "acum_val_bu" "sd" "sum_vol"
20221228 KLB -1000 -10991300 8062600  300
20221228 KLB 1000 14348700 34672600  1000
20221228 KLB -100 2896100 2900000 300 300
20221228 KLB 100 2898700 2902600  200
20221228 KLB 100 3008700 23332600  1000
20221228 KLB -10400 -126871300 132022600  100
20221228 KLB -10400 -126871300 132022600 2000 2100
20221228 KLB 1100 15618700 35942600  100
20221228 KLB -12700 -154111300 197982600 100 5100
20221228 KLB -1300 -14861300 4192600  1000
20221228 KLB -1400 -16151300 2902600 1500 1500
20221228 KLB -14600 -177101300 227022600 4300 6800
20221228 KLB -17600 -213901300 136982600 100 400
20221228 KLB -17800 -216371300 133272600  100
20221228 KLB -17900 -217621300 132022600 7500 7500
20221228 KLB 200 2900000 2900000  200
20221228 KLB 2200 29748700 56422600 500 2100
20221228 KLB -2500 -29261300 65452600 5400 5400
20221228 KLB 2800 37488700 64162600  600
20221228 KLB 2900 38778700 65452600  100
20221228 KLB 29900 318064700 722229400  30900
20221228 KLB 35200 386434700 790599400  5400
20221228 KLB 35300 387714700 791879400  100
20221228 KLB 35400 388984700 793149400  100
20221228 KLB 400 -65711700 338413400  7500
20221228 KLB -4300 -51941300 65452600 1800 1800
20221228 KLB -4400 -53201300 65452600 100 100
20221228 KLB -500 -57260900 346903800 3300 5700
20221228 KLB -5100 -61721300 114382600 100 1000
20221228 KLB -5300 -64021300 132022600  400
20221228 KLB -5300 -64541300 66712600  100
20221228 KLB -5400 -65791300 66712600 100 100
20221228 KLB -5400 -65801300 65452600 1000 1100
20221228 KLB -5600 -68021300 89382600 1000 2200
20221228 KLB -5700 -69061300 126982600 1600 2600
20221228 KLB -5700 -69261300 89382600 100 100
20221228 KLB -5800 -70621300 74382600  100
20221228 KLB -5900 -71731300 103132600  2400
20221228 KLB -5900 -71891300 73112600 1000 1500
20221228 KLB -6000 -72981300 89382600 300 300
20221228 KLB -7000 -85481300 89382600 1000 1000
20221228 KLB -7100 -85142500 318982600  100
20221228 KLB -7200 -86352500 317772600 100 7600
20221228 KLB -7500 -91201300 132022600 2200 2200
20221228 KLB -7600 -92431300 132022600 100 100
20221228 KLB -7900 -96121300 132022600 300 300
20221228 KLB -800 -8421300 10632600  100
20221228 KLB -8400 -102271300 132022600 500 500
20221228 KLB -900 -9691300 10632600 100 100
20221228 KLB -900 -9701300 9352600  100
20221228 KLB "acum_busd" "acum_busd_val" "acum_val_bu" "sd" "sum_vol"
20221229 KLB -1000 -12000 0 1000 1000
20221229 KLB -1000 -12000 0  500
20221229 KLB -10600 -94833600 37860000  300
20221229 KLB -10600 -94833600 39070000  100
20221229 KLB -10700 -96043600 37860000 100 100
20221229 KLB -10900 -98463600 34230000 1700 1700
20221229 KLB -10900 -98463600 34230000  7400
20221229 KLB -2000 -12112000 0 1000 1000
20221229 KLB -3500 -30362000 6050000  400
20221229 KLB -3900 -35202000 1210000  100
20221229 KLB -4000 -36412000 0  1900
20221229 KLB -4000 -36412000 0 2000 2000
20221229 KLB -5100 -27573600 127000000 200 1400
20221229 KLB -5100 -27963600 8470000  1000
20221229 KLB -5100 -27963600 8470000 1800 2000
20221229 KLB -5400 -31303600 112360000  1500
20221229 KLB -5800 -36093600 142860000  600
20221229 KLB -5900 -37353600 112360000 500 500
20221229 KLB -6100 -39793600 112360000 200 200
20221229 KLB -6200 -40993600 135540000  700
20221229 KLB -6200 -41273600 8470000 1100 1100
20221229 KLB -6200 -41273600 8470000  900
20221229 KLB -6400 -43413600 135540000 200 200
20221229 KLB -6900 -49533600 127000000 1800 1800
20221229 KLB -6900 -49603600 94060000  700
20221229 KLB -7000 -50653600 28130000  1000
20221229 KLB -7000 -50953600 15730000 1400 2000
20221229 KLB -7200 -53313600 85470000  400
20221229 KLB -7400 -55753600 80590000  400
20221229 KLB -7400 -55753600 85470000 200 200
20221229 KLB -7600 -58193600 80590000 200 200
20221229 KLB -7600 -58193600 85470000 200 200
20221229 KLB -7800 -60493600 142860000 2000 2000
20221229 KLB -7800 -60673600 75670000 200 3200
20221229 KLB -8000 -63053600 15730000 1000 1000
20221229 KLB -8000 -63053600 28130000 1000 1000
20221229 KLB -9000 -75453600 28130000 1000 3200
20221229 KLB -9200 -77893600 34230000  200
20221229 KLB -9400 -80333600 31790000 700 1000
20221229 KLB -9700 -83483600 142860000 1900 1900
20221229 KLB "acum_busd" "acum_busd_val" "acum_val_bu" "sd" "sum_vol"
20221230 KLB -1000 46972400 90590000  100
20221230 KLB -1000 49390000 93010000 200 200
20221230 KLB 100 51820800 89380000 4100 4100
20221230 KLB -1100 45762400 89380000 300 300
20221230 KLB -11100 22675200 101480000 2900 2900
20221230 KLB -11800 16622800 113580000  600
20221230 KLB 1200 14760000 14760000  1000
20221230 KLB -12300 10572800 119630000 1000 1500
20221230 KLB -12300 10572800 119630000  1200
20221230 KLB -12400 9362800 106320000 1700 2100
20221230 KLB -13100 4519200 161980000  2000
20221230 KLB 1400 17220000 17220000  200
20221230 KLB -14100 4507200 161980000 1000 1200
20221230 KLB -15000 -22097200 135360000  1300
20221230 KLB 1500 19030000 56540000 200 200
20221230 KLB -15100 -19680800 137780000 100 300
20221230 KLB -15200 -22099600 135360000 200 200
20221230 KLB -16300 -37827200 119630000 4000 4000
20221230 KLB 1700 21450000 56540000 100 100
20221230 KLB 1800 22660000 56540000 600 600
20221230 KLB -2000 49378000 93010000 1000 1000
20221230 KLB 200 2460000 2460000  200
20221230 KLB 2200 27500000 54120000 1100 1100
20221230 KLB 2300 28710000 55330000  100
20221230 KLB 2400 29920000 56540000  100
20221230 KLB 3100 38550000 76060000  1600
20221230 KLB 3200 39770000 77280000  100
20221230 KLB 3300 40810000 54120000 100 100
20221230 KLB 3400 42020000 54120000 1000 1000
20221230 KLB 4200 51870000 89380000  1000
20221230 KLB 4400 54120000 54120000  3000
20221230 KLB -600 51812400 89380000 700 700
20221230 KLB -7900 49307200 93010000 5900 5900
20221230 KLB -800 49392400 89380000 200 500
20221230 KLB -800 49392400 93010000  200
20221230 KLB -8200 57765200 101480000  700
20221230 KLB -8900 49295200 93010000 1000 1000
20221230 KLB "acum_busd" "acum_busd_val" "acum_val_bu" "sd" "sum_vol"
20230103 KLB -1400 -14620000 173710000  200
20230103 KLB -1600 -17120000 171210000  400
20230103 KLB -1800 -19680000 166210000  100
20230103 KLB -1900 -20930000 164960000  1100
20230103 KLB -1900 -20930000 164960000  400
20230103 KLB -2000 -22120000 166210000 200 200
20230103 KLB -200 -2180000 10320000 1000 1000
20230103 KLB 200 2820000 20320000  800
20230103 KLB -2200 -24650000 148840000  5900
20230103 KLB -3000 -34570000 151320000  1000
20230103 KLB -3000 -34570000 151320000  200
20230103 KLB -300 -3210000 27820000  100
20230103 KLB -3200 -37050000 148840000 1000 1000
20230103 KLB -400 -4460000 26570000  300
20230103 KLB -4300 -51880000 75090000  1000
20230103 KLB -4600 -55600000 75090000 300 300
20230103 KLB -500 -5640000 31540000 500 1100
20230103 KLB -5300 -64280000 62690000  1000
20230103 KLB -5600 -67900000 75090000 1000 1000
20230103 KLB -600 -7180000 10320000 400 500
20230103 KLB -6300 -76680000 50290000  1500
20230103 KLB -700 -8210000 22820000  200
20230103 KLB -7600 -92300000 75090000 2000 2000
20230103 KLB -7800 -95430000 31540000 7300 7300
20230103 KLB 800 10320000 10320000  800
20230103 KLB -800 -9480000 20320000 1000 1000
20230103 KLB -8100 -98400000 75090000 500 500
20230103 KLB -900 -10710000 20320000 100 100
20230103 KLB "acum_busd" "acum_busd_val" "acum_val_bu" "sd" "sum_vol"
20230104 KLB 1000 12400000 12400000  1000
20230104 KLB -12100 -70038000 38780000 6500 7900
20230104 KLB 1600 19900000 22400000  800
20230104 KLB -19300 -41352000 79700000  1500
20230104 KLB -20500 -56232000 79700000 1200 1200
20230104 KLB -20700 -58712000 79700000 200 200
20230104 KLB -20700 -58752000 59860000  800
20230104 KLB -20800 -59952000 61100000 200 300
20230104 KLB -20800 -59952000 79700000 100 100
20230104 KLB -20900 -61192000 79700000 100 100
20230104 KLB -21200 -64912000 79700000 300 300
20230104 KLB -21300 -66152000 79700000 100 100
20230104 KLB -21500 -68672000 49940000  300
20230104 KLB -21800 -72392000 46220000  100
20230104 KLB -21900 -73632000 44980000  500
20230104 KLB -22400 -79832000 38780000  1000
20230104 KLB -22400 -79832000 38780000 10300 10300
20230104 KLB -22400 -79832000 38780000  3600
20230104 KLB -23900 -97872000 82140000  200
20230104 KLB -2400 -30070000 26180000 100 400
20230104 KLB -24100 -100312000 79700000 2800 2800
20230104 KLB -24800 -108832000 83380000  100
20230104 KLB -24900 -110072000 82140000 1000 1000
20230104 KLB -2600 -32600000 22400000 4200 4200
20230104 KLB -5400 -67470000 38780000  1000
20230104 KLB -5400 -67470000 38780000 4000 5000
20230104 KLB -5500 -68720000 38780000  100
20230104 KLB -5500 -68720000 38780000 100 100
20230104 KLB -5600 -69960000 38780000 100 100
20230104 KLB -5600 -69960000 38780000  200
20230104 KLB -5600 -69960000 38780000  700
20230104 KLB 800 9900000 12400000 200 200
20230104 KLB "acum_busd" "acum_busd_val" "acum_val_bu" "sd" "sum_vol"
20230105 KLB -1000 22336400 130280000 500 500
20230105 KLB -12700 -6795200 131510000 9300 9300
20230105 KLB 1700 33258000 36900000 500 500
20230105 KLB -17700 -6855200 131510000 5000 5000
20230105 KLB 1800 34478000 38120000  100
20230105 KLB 1900 35698000 39340000  100
20230105 KLB -200 32016400 130280000 3700 3800
20230105 KLB 2200 33264000 36900000 500 800
20230105 KLB -23700 -6927200 131510000 6000 6000
20230105 KLB 2400 41798000 45440000  500
20230105 KLB 2600 32040000 35670000  2900
20230105 KLB 2700 33270000 36900000  100
20230105 KLB 3000 70686400 124180000 1900 1900
20230105 KLB 300 16368000 45440000 200 200
20230105 KLB -300 -3630000 0 300 300
20230105 KLB -300 -3630000 0  500
20230105 KLB 3200 73126400 126620000  200
20230105 KLB -34000 -4603200 133960000  100
20230105 KLB -3400 -6683600 131510000  100
20230105 KLB 3400 75566400 129060000  200
20230105 KLB -34100 -5833200 132730000 10500 10600
20230105 KLB -3500 -7913600 130280000 2500 2500
20230105 KLB -400 29596400 130280000 200 200
20230105 KLB 4100 84166400 114480000 1000 1000
20230105 KLB 4700 91426400 121740000  1400
20230105 KLB 4700 91426400 121740000  300
20230105 KLB 4700 91426400 121740000  600
20230105 KLB 4900 93866400 124180000  200
20230105 KLB 4900 93866400 124180000  5000
20230105 KLB 500 18808000 45440000 100 100
20230105 KLB -500 28386400 130280000 100 100
20230105 KLB 5100 84178400 114480000 800 5800
20230105 KLB 600 20018000 45440000 1800 1800
20230105 KLB 900 23688000 53980000 100 800
20230105 KLB "acum_busd" "acum_busd_val" "acum_val_bu" "sd" "sum_vol"
20230106 KLB 100 1240000 1240000  100
20230106 KLB 10100 125250000 126480000  6700
20230106 KLB 10400 129110000 199660000 100 100
20230106 KLB 10500 130350000 199660000 900 900
20230106 KLB 11400 141490000 163680000 1200 1200
20230106 KLB 11400 141510000 199660000 400 400
20230106 KLB 11800 146470000 199660000 1600 1600
20230106 KLB 12600 156250000 163680000  3000
20230106 KLB 12900 160360000 230910000  2500
20230106 KLB 13400 166310000 199660000 900 900
20230106 KLB 14300 177470000 199660000  2900
20230106 KLB 15500 192860000 303410000 3200 9000
20230106 KLB 17300 219780000 511210000 100 100
20230106 KLB 17400 221020000 511210000 1400 1400
20230106 KLB 18400 229570000 347680000 600 4100
20230106 KLB 18800 238380000 511210000 800 800
20230106 KLB 18900 239820000 536210000 300 300
20230106 KLB 19100 242300000 538690000  200
20230106 KLB 19200 243260000 506170000 100 100
20230106 KLB 19200 243540000 536210000 100 100
20230106 KLB 19300 244510000 506170000 100 100
20230106 KLB 19300 244780000 536210000  2000
20230106 KLB 19400 245760000 506170000 2200 2200
20230106 KLB 19600 244930000 363040000  1200
20230106 KLB 19600 248300000 511210000  400
20230106 KLB 19700 246200000 364310000  100
20230106 KLB 21300 266520000 388440000 300 2200
20230106 KLB 21600 273260000 506170000 100 100
20230106 KLB 21700 274510000 506170000 1000 1000
20230106 KLB 22700 286910000 506170000 2200 2200
20230106 KLB 2300 28530000 29760000 100 2400
20230106 KLB 24600 310410000 502390000 400 400
20230106 KLB 24900 314190000 506170000  600
20230106 KLB 25000 315450000 502390000 100 100
20230106 KLB 25100 316720000 502390000 5100 5100
20230106 KLB 29900 376600000 498520000  8700
20230106 KLB 30200 380470000 502390000  300
20230106 KLB 3300 40930000 42160000  1000
20230106 KLB 3400 42170000 43400000  100
20230106 KLB 9600 119050000 126480000 500 500
20230106 KLB "acum_busd" "acum_busd_val" "acum_val_bu" "sd" "sum_vol"
20230109 KLB 0 880000 137250000 1200 1200
20230109 KLB -100 -1250000 0 100 100
20230109 KLB -1100 -12750000 138500000 1200 1300
20230109 KLB 1200 15880000 119750000 200 200
20230109 KLB 1200 15880000 137250000 400 400
20230109 KLB -1300 -15960000 45410000  1200
20230109 KLB 1400 18380000 119750000 100 100
20230109 KLB -1500 -18460000 45410000 200 200
20230109 KLB 1500 19630000 119750000 1500 1500
20230109 KLB 1600 20880000 137250000 1000 1000
20230109 KLB 1800 23380000 127250000  600
20230109 KLB 2100 27130000 131000000  300
20230109 KLB -2500 -31080000 30290000  100
20230109 KLB -2600 -32340000 29030000  1800
20230109 KLB -2600 -32500000 0 2500 2500
20230109 KLB 2600 33380000 137250000  500
20230109 KLB -2700 -33750000 0 100 100
20230109 KLB 3000 38380000 119750000 1300 1300
20230109 KLB 3200 40770000 105890000 100 4900
20230109 KLB -3400 -42420000 6350000 200 700
20230109 KLB 3400 43290000 108410000  200
20230109 KLB -3700 -46250000 0 1000 1000
20230109 KLB -3700 -46250000 0  2000
20230109 KLB 4000 50850000 115970000  600
20230109 KLB -4100 -49950000 138500000 3000 3000
20230109 KLB 4200 53370000 118490000  200
20230109 KLB 4300 54630000 119750000  100
20230109 KLB -4400 -55020000 6350000 1000 1000
20230109 KLB "acum_busd" "acum_busd_val" "acum_val_bu" "sd" "sum_vol"
20230110 KLB 0 130000 5010000 100 100
20230110 KLB -1000 -10910000 76930000  1600
20230110 KLB 100 1250000 1250000  100
20230110 KLB 100 1290000 2500000 100 200
20230110 KLB 100 1360000 5010000 200 200
20230110 KLB 200 2550000 3760000  100
20230110 KLB 2300 29350000 117190000  3600
20230110 KLB -2600 -30750000 57090000  1900
20230110 KLB 300 3800000 5010000  100
20230110 KLB -3600 -43790000 5010000 3600 4600
20230110 KLB -4500 -54310000 33530000  300
20230110 KLB 4500 55970000 143810000  2200
20230110 KLB -4800 -58030000 29810000  2000
20230110 KLB -5600 -68190000 5010000 2000 2000
20230110 KLB -6100 -74290000 5010000 500 500
20230110 KLB -6600 -80390000 5010000 500 500
20230110 KLB -6700 -81610000 5010000 100 100
20230110 KLB -6800 -82830000 5010000 100 100
20230110 KLB 7400 91050000 180110000 100 100
20230110 KLB 7500 92270000 180110000  3000
20230110 KLB "acum_busd" "acum_busd_val" "acum_val_bu" "sd" "sum_vol"
20230111 KLB 0 2387600 22220000  100
20230111 KLB -100 1157600 20990000  100
20230111 KLB -10300 -111234400 49500000 3200 5200
20230111 KLB -10400 -112474400 49500000 100 100
20230111 KLB -10900 -118664400 50750000  100
20230111 KLB -11000 -119914400 49500000 600 600
20230111 KLB -11900 -131064400 50750000 1000 1000
20230111 KLB -12500 -138504400 50750000 600 600
20230111 KLB -12600 -139744400 50750000 100 100
20230111 KLB -13600 -152144400 50750000 1000 1000
20230111 KLB -1900 -20772400 23460000  100
20230111 KLB -2000 -21992400 23460000 100 100
20230111 KLB -2000 -22012400 22220000 2000 2000
20230111 KLB -200 -2400 0 200 200
20230111 KLB 200 4917600 12350000 500 500
20230111 KLB 200 4917600 6150000 100 100
20230111 KLB -200 -72400 19760000  200
20230111 KLB 300 6147600 6150000  500
20230111 KLB -3300 -37852400 23460000 1300 1300
20230111 KLB -3700 -42732400 23460000 400 400
20230111 KLB -400 -2532400 17300000  100
20230111 KLB -4700 -54932400 23460000 1000 1000
20230111 KLB -500 -3762400 16070000  300
20230111 KLB -5700 -67132400 23460000 1000 1000
20230111 KLB 700 11117600 12350000  500
20230111 KLB -800 -7482400 12350000 1000 1000
20230111 KLB -800 -7482400 12350000  200
20230111 KLB -9100 -96354400 24700000  100
20230111 KLB -9200 -97594400 23460000 3500 3500
20230111 KLB "acum_busd" "acum_busd_val" "acum_val_bu" "sd" "sum_vol"
20230112 KLB 1000 26664400 152780000 900 900
20230112 KLB 1300 30294400 156410000  300
20230112 KLB -1400 -17270000 0 900 900
20230112 KLB -1800 -22230000 0 400 400
20230112 KLB 1900 37554400 152780000 1500 1500
20230112 KLB -2000 -24690000 0 200 200
20230112 KLB -2200 -27150000 0 200 200
20230112 KLB 2300 42394400 168510000  1000
20230112 KLB 3400 55704400 152780000 1300 1600
20230112 KLB 4700 55720000 152780000  12600
20230112 KLB -500 -6150000 0 500 500
20230112 KLB -5900 -72660000 0 3700 3700
20230112 KLB -7100 -87300000 0 1200 1200
20230112 KLB -7900 -97060000 0 800 800
20230112 KLB "acum_busd" "acum_busd_val" "acum_val_bu" "sd" "sum_vol"
20230113 KLB -1000 -12160000 39230000  1000
20230113 KLB -1000 -12190000 22150000 1000 2000
20230113 KLB -1000 -12190000 9950000 900 900
20230113 KLB -100 -1210000 2510000 300 300
20230113 KLB -100 -1210000 9950000  100
20230113 KLB 100 1280000 1280000  100
20230113 KLB 100 1280000 1280000  100
20230113 KLB 100 1280000 1280000  100
20230113 KLB -1300 -15850000 22150000 300 300
20230113 KLB -1400 -17040000 40450000 500 500
20230113 KLB -1400 -17060000 22150000 100 100
20230113 KLB -1600 -19480000 22150000 200 200
20230113 KLB -1900 -23140000 40450000 500 500
20230113 KLB -2000 -24360000 27030000 800 1200
20230113 KLB -200 -2450000 8710000  500
20230113 KLB 200 2510000 2510000  100
20230113 KLB 200 2510000 2510000  100
20230113 KLB -600 -7410000 2510000 500 500
20230113 KLB -700 -8650000 2510000 100 100
20230113 KLB -900 -10940000 40450000  100
20230113 KLB "acum_busd" "acum_busd_val" "acum_val_bu" "sd" "sum_vol"
20230116 KLB 0 -186220400 83744800  100
20230116 KLB 0 -186220400 83744800  100
20230116 KLB -1000 -73120000 8526400  3300
20230116 KLB 100 1300000 4960000  400
20230116 KLB 100 -185010400 84954800  100
20230116 KLB -100 -187440400 82524800  200
20230116 KLB -10800 -198288000 10987200  200
20230116 KLB -11000 -198290400 10984800  300
20230116 KLB -11300 -198294000 10981200  1000
20230116 KLB -12300 -198306000 10969200  100
20230116 KLB -12300 -226837200 43128000  800
20230116 KLB -12400 -198307200 10968000  200
20230116 KLB -12600 -198309600 10965600  100
20230116 KLB -12700 -198310800 10964400 11000 11000
20230116 KLB -12800 -222088000 10987200 2000 2000
20230116 KLB -13100 -236357200 33608000  100
20230116 KLB -13100 -236357200 33608000  400
20230116 KLB -13200 -237547200 10998000  200
20230116 KLB -13400 -237549600 10995600  600
20230116 KLB -13500 -241117200 28848000  1500
20230116 KLB -14000 -237556800 10988400 1300 1400
20230116 KLB -14100 -248257200 10998000 900 900
20230116 KLB -15000 -258967200 10998000 900 900
20230116 KLB -1500 -193491200 84954800 600 600
20230116 KLB -1500 -70708400 10952400 1200 1200
20230116 KLB -1500 -70708400 10964400  800
20230116 KLB -1700 -70710800 10964400 200 200
20230116 KLB -18500 -394091200 84954800 17000 17000
20230116 KLB -200 -188650400 81314800  9000
20230116 KLB -2300 -70718000 10954800  200
20230116 KLB -2500 -70720400 10952400 1000 1000
20230116 KLB -27400 -511256800 84969200  100
20230116 KLB -27500 -511258000 84968000  1100
20230116 KLB -28500 -510091200 84954800 10000 10000
20230116 KLB -28600 -511271200 84954800 100 100
20230116 KLB -300 -3660000 0  100
20230116 KLB -300 -3660000 0 300 1500
20230116 KLB -300 -70694000 10952400  200
20230116 KLB -4300 -73159600 8486800  3900
20230116 KLB -500 -73114000 8532400  2800
20230116 KLB -500 -73114000 8532400  500
20230116 KLB -600 -193480400 84954800 700 700
20230116 KLB -6100 -74340000 4960000 6200 6200
20230116 KLB -7900 -73202800 8440000  100
20230116 KLB -7900 -73202800 8440000 2100 2400
20230116 KLB -8200 -73206400 8440000 300 300
20230116 KLB -900 -193484000 84954800 300 300
20230116 KLB -9200 -189947200 80018000  4200
20230116 KLB "acum_busd" "acum_busd_val" "acum_val_bu" "sd" "sum_vol"
20230117 KLB -100 -1180000 0 100 100
20230117 KLB 100 39782800 257010000 1600 1600
20230117 KLB 1100 51682800 268910000  1000
20230117 KLB -11500 -98257200 35670000 3000 3000
20230117 KLB 14900 215912800 458120000 600 600
20230117 KLB 15000 215914000 458121200  100
20230117 KLB 15400 221862800 440270000  6300
20230117 KLB -15500 -145857200 35670000 4000 4000
20230117 KLB 15500 223052800 458120000 200 200
20230117 KLB 15700 225432800 458120000 300 300
20230117 KLB 15700 225432800 458120000  600
20230117 KLB 16000 229002800 458120000 900 2400
20230117 KLB -16800 -161327200 36860000 1400 1500
20230117 KLB 17000 215938000 458145200  2000
20230117 KLB 1700 22188800 23370000  1900
20230117 KLB 1700 58822800 257010000  18500
20230117 KLB 18800 215959600 458166800  1800
20230117 KLB 19100 215963200 458170400  300
20230117 KLB -200 -1181200 0 100 100
20230117 KLB 20800 211228400 458195600 400 400
20230117 KLB 21100 215987200 458194400  2000
20230117 KLB 21200 215988400 458195600  100
20230117 KLB 21400 218368400 465335600  600
20230117 KLB 2500 32118800 35670000 100 100
20230117 KLB 2500 68352800 286760000 100 100
20230117 KLB 2600 33308800 35670000 100 100
20230117 KLB 2600 69532800 286760000  1500
20230117 KLB 2700 34488800 35670000  1000
20230117 KLB 31400 337368400 584335600  10000
20230117 KLB 36400 396868400 643835600  5000
20230117 KLB 39400 432568400 679535600  3000
20230117 KLB 44400 492068400 739035600  5000
20230117 KLB 44500 493258400 740225600  100
20230117 KLB -4500 -50621200 35670000 7000 7000
20230117 KLB 4500 92152800 310560000  2000
20230117 KLB 45600 506348400 753315600  1100
20230117 KLB 46800 520628400 767595600  1200
20230117 KLB 7600 129042800 347450000  3100
20230117 KLB -8500 -98221200 35670000 4000 4000
20230117 KLB 8700 142132800 360540000  1100
20230117 KLB 9000 145702800 364110000  300
20230117 KLB 9100 146892800 365300000  100
20230117 KLB "acum_busd" "acum_busd_val" "acum_val_bu" "sd" "sum_vol"
20230118 KLB -10000 -101926800 25496800  100
20230118 KLB -10000 -101926800 25496800 5000 5000
20230118 KLB -1000 -11900000 0 1000 1000
20230118 KLB -11100 -42500000 25423600  100
20230118 KLB -11200 -42501200 25422400  200
20230118 KLB -11400 -42503600 25420000 3000 3000
20230118 KLB -1500 -3434400 8480000  100
20230118 KLB -1600 -3435600 8480000 100 100
20230118 KLB -1600 -3435600 8480000  2400
20230118 KLB -1600 -4654400 7260000  600
20230118 KLB -2200 -11914400 0 1200 1200
20230118 KLB -2200 1392400 13320000  400
20230118 KLB -2600 -3447600 8480000 1000 1000
20230118 KLB -3500 1376800 13320000 1300 1300
20230118 KLB -5000 -42426800 25496800  600
20230118 KLB -5600 -42434000 25489600  100
20230118 KLB -5700 -42435200 25488400  100
20230118 KLB -5800 -42436400 25487200  1000
20230118 KLB -6700 13426400 25420000  1000
20230118 KLB -6700 13426400 25420000  4000
20230118 KLB -6800 -42448400 25475200  4300
20230118 KLB -7200 1332400 13320000 3700 3700
20230118 KLB -7700 1326400 13320000 500 500
20230118 KLB -8400 -6803600 25420000 1700 1700
20230118 KLB -9400 -101919600 25504000  200
20230118 KLB -9500 -103109600 25504000 100 100
20230118 KLB -9600 -101922000 25501600  400
20230118 KLB "acum_busd" "acum_busd_val" "acum_val_bu" "sd" "sum_vol"
20230119 KLB -100 -1190000 0 100 100
20230119 KLB 100 52339600 73826800 100 100
20230119 KLB -10200 7490400 157316800 1900 2000
20230119 KLB -10400 5080400 158536800  100
20230119 KLB -10500 3860400 157316800 300 300
20230119 KLB 1200 65649600 105286800 400 400
20230119 KLB -12800 -23499600 290996800  500
20230119 KLB -12900 -24679600 295916800  400
20230119 KLB -13100 -27159600 284896800 100 6900
20230119 KLB -13300 -29599600 284896800 200 200
20230119 KLB -13300 -29599600 290996800 500 500
20230119 KLB 1500 49938800 71406800  3300
20230119 KLB 1600 70489600 105286800 1100 1100
20230119 KLB -1800 10008800 31476800  2600
20230119 KLB -1800 -21420000 0  100
20230119 KLB -1800 -21420000 0  100
20230119 KLB -1800 -21420000 0 1500 1500
20230119 KLB -19800 -109579600 201256800  200
20230119 KLB -20000 -112039600 196356800 100 3200
20230119 KLB -20000 -112039600 198796800 200 400
20230119 KLB 200 52340800 73826800 500 500
20230119 KLB 2100 76539600 98026800  2000
20230119 KLB 2200 77749600 99236800  100
20230119 KLB -23000 -148639600 158536800 12600 12600
20230119 KLB 2700 83799600 105286800  500
20230119 KLB -2900 61974000 105286800 3800 3800
20230119 KLB -300 -3570000 0 200 200
20230119 KLB -3400 -21439200 16800  400
20230119 KLB -3800 -21444000 12000 3000 3000
20230119 KLB -4400 -21451200 16800 1000 1000
20230119 KLB -4400 43824000 131906800 600 2000
20230119 KLB -4700 40194000 131906800 300 300
20230119 KLB -4800 38984000 105286800 1900 1900
20230119 KLB -5000 36564000 105286800 200 200
20230119 KLB -5200 34144000 114966800 1000 1800
20230119 KLB -5500 64360400 156106800  1000
20230119 KLB -6500 52260400 144006800  400
20230119 KLB -6900 47420400 139166800  600
20230119 KLB 700 52346800 73826800 1000 1200
20230119 KLB -7500 40160400 131906800 2800 2800
20230119 KLB -800 -21408000 12000  100
20230119 KLB -800 -21408000 12000  1000
20230119 KLB -8400 29270400 156106800 2900 2900
20230119 KLB 900 62019600 105286800 300 300
20230119 KLB "acum_busd" "acum_busd_val" "acum_val_bu" "sd" "sum_vol"
20230127 KLB 0 -1.862645149230957e-9 15990000  100
20230127 KLB -100 -1230000.0000000019 14760000 1300 1300
20230127 KLB 10400 128967600 209159600  600
20230127 KLB 10800 134217600 259179600 1000 1000
20230127 KLB 11200 138917600 242099600 600 600
20230127 KLB 11700 145097600 257959600 800 800
20230127 KLB 11800 146177600 242099600 300 300
20230127 KLB 11800 146317600 259179600  100
20230127 KLB 11900 147457600 250639600  700
20230127 KLB 1200 14760000 14760000  700
20230127 KLB 12100 149807600 242099600 1000 1000
20230127 KLB 12400 153557600 256739600  500
20230127 KLB 12500 154777600 257959600  100
20230127 KLB 12900 159467600 239659600  2500
20230127 KLB 13100 161907600 242099600  200
20230127 KLB 1700 20910000 40590000  2000
20230127 KLB 2500 30750000 50430000  800
20230127 KLB -300 -3690000.000000002 15990000 300 300
20230127 KLB 3500 43050000 62730000  1000
20230127 KLB 4100 52737600 132929600 100 100
20230127 KLB 4200 53947600 132929600 600 700
20230127 KLB 4600 58577600 259179600 3000 3000
20230127 KLB 4600 58687600 272709600 800 800
20230127 KLB 4700 59987600 131709600 4300 4300
20230127 KLB 4700 59987600 131709600  900
20230127 KLB 500 6150000 6150000  500
20230127 KLB 5400 68447600 272709600 300 300
20230127 KLB 5600 70877600 271479600  1000
20230127 KLB 5700 72107600 272709600  100
20230127 KLB 6600 80560000 100240000  3100
20230127 KLB 6700 84197600 164389600  2600
20230127 KLB 6800 85407600 165599600  100
20230127 KLB 7400 92657600 112349600 1000 1000
20230127 KLB 7500 93867600 113559600  100
20230127 KLB 7600 92660000 112340000  1000
20230127 KLB 7600 95177600 259179600 1000 1000
20230127 KLB 8300 92668400 112348400  700
20230127 KLB 8400 92669600 112349600  300
20230127 KLB 8600 107377600 259179600 1100 1100
20230127 KLB 9000 112017600 131709600  1500
20230127 KLB 9700 120797600 259179600 1100 1100
20230127 KLB 9800 121707600 201899600  3000
20230127 KLB "acum_busd" "acum_busd_val" "acum_val_bu" "sd" "sum_vol"
20230130 KLB 0 20000 2460000 200 200
20230130 KLB 100 1230000 1230000  200
20230130 KLB -10900 -132530000 35670000  100
20230130 KLB -10900 -132530000 35670000 10000 10000
20230130 KLB 1100 15170000 195570000 1000 6500
20230130 KLB -1200 -11500000 326270000  8300
20230130 KLB 1400 18860000 199260000  300
20230130 KLB 1500 20090000 200490000  100
20230130 KLB 1700 21030000 35670000 100 100
20230130 KLB 1800 22250000 35670000 100 100
20230130 KLB 1900 23470000 35670000 800 800
20230130 KLB 2000 26310000 215250000  300
20230130 KLB 2000 26310000 215250000 700 700
20230130 KLB -200 -2060000 35670000 500 500
20230130 KLB 200 2460000 2460000  100
20230130 KLB 2100 27370000 195570000  10000
20230130 KLB 2100 27530000 216470000  100
20230130 KLB 2300 31200000 368970000  200
20230130 KLB 2300 31200000 368970000  2000
20230130 KLB 2500 32440000 225010000 300 300
20230130 KLB 2700 33230000 35670000  2700
20230130 KLB 2700 34850000 215250000  1200
20230130 KLB 2800 36070000 225010000  700
20230130 KLB 300 3990000 35670000 400 400
20230130 KLB 300 6800000 344570000  1500
20230130 KLB 4100 53380000 393570000 100 100
20230130 KLB 4200 54590000 393570000 100 100
20230130 KLB 4200 54600000 394790000  100
20230130 KLB 4300 55800000 393570000  2000
20230130 KLB 4300 55820000 396010000  100
20230130 KLB 700 8830000 35670000 1000 1000
20230130 KLB -7900 -95630000 72570000  3000
20230130 KLB -900 -10530000 35670000 700 700
20230130 KLB -9500 -112760000 225010000 12000 12000
20230130 KLB -9600 56872000 397230000 14000 14100
20230130 KLB "acum_busd" "acum_busd_val" "acum_val_bu" "sd" "sum_vol"
20230131 KLB -100 10978000 61000000  5000
20230131 KLB -10200 48969600 145755200  2100
20230131 KLB -12300 48944400 145730000  5000
20230131 KLB -13900 2350800 61030000  2500
20230131 KLB -15400 2332800 61000000  200
20230131 KLB -15400 2332800 61000000 9000 9000
20230131 KLB -16100 -23629200 73130000  1000
20230131 KLB -16300 -23631600 73130000 200 200
20230131 KLB -16400 2320800 61000000 1000 1000
20230131 KLB -17000 -34539200 61030000 3100 3100
20230131 KLB -17100 -35729200 61030000 100 1700
20230131 KLB -17300 -11555600 85230000  100
20230131 KLB -17400 -12765600 84020000 2000 2900
20230131 KLB -2300 139764400 236550000  100
20230131 KLB -2400 138544400 235330000  300
20230131 KLB -2700 134884400 231670000  100
20230131 KLB -2800 133674400 230460000  700
20230131 KLB -3300 -40260000 0 3300 3300
20230131 KLB -3500 125204400 221990000  2200
20230131 KLB -3600 -43920000 0 300 300
20230131 KLB -3900 -47580000 0 300 300
20230131 KLB -4000 -48800000 0 100 100
20230131 KLB -5100 2456400 61000000 5000 5000
20230131 KLB -5100 -50022000 0 1100 1100
20230131 KLB -5700 98584400 195370000  1500
20230131 KLB -6300 2442000 61000000 1200 1200
20230131 KLB -6400 2440800 61000000 100 100
20230131 KLB -7200 80434400 177220000  2100
20230131 KLB -9300 55024400 151810000  500
20230131 KLB -9800 48974400 145760000  400
20230131 KLB "acum_busd" "acum_busd_val" "acum_val_bu" "sd" "sum_vol"
20230201 KLB 0 430000 69970000  3600
20230201 KLB 0 430000 69970000  500
20230201 KLB 1000 12430000 52890000 2000 2000
20230201 KLB -100 -790000 69970000 100 100
20230201 KLB -1200 -13780000 121210000 300 300
20230201 KLB 1200 14790000 18450000  1400
20230201 KLB -1400 -16200000 121210000 200 200
20230201 KLB -1400 -16650000 52890000 2000 2000
20230201 KLB -17400 -209800000 121210000 16000 16000
20230201 KLB -18200 -219480000 121210000 800 800
20230201 KLB -18300 -220690000 121210000 100 100
20230201 KLB -18900 -227950000 121210000 600 600
20230201 KLB -200 -2430000 1230000  100
20230201 KLB -21400 -258200000 121210000 2500 2500
20230201 KLB -24300 -293290000 130890000  800
20230201 KLB -24400 -294500000 121210000 3000 3000
20230201 KLB -24900 -300550000 121210000 500 500
20230201 KLB -2500 -29670000 101690000  1000
20230201 KLB -2500 -29670000 89490000  1500
20230201 KLB -25100 -302970000 121210000 200 200
20230201 KLB 2700 33340000 49200000 1000 3500
20230201 KLB 3000 37030000 52890000  300
20230201 KLB -300 -3660000 0 300 300
20230201 KLB -30800 -293368000 130890000 6500 6500
20230201 KLB -3500 -41870000 89490000 1000 1000
20230201 KLB -3500 -41870000 89490000  300
20230201 KLB -35800 -293428000 130890000 5000 5000
20230201 KLB -3600 -43090000 76070000  600
20230201 KLB -4100 -49190000 69970000 4000 4000
20230201 KLB -49100 -448675600 130893600 100 400
20230201 KLB -49300 -448678000 130890000 13500 13500
20230201 KLB -49600 -454415600 132113600  100
20230201 KLB -49700 -455635600 130893600 600 600
20230201 KLB -500 -5670000 63870000  200
20230201 KLB 600 7550000 52890000 200 200
20230201 KLB -700 -8110000 61430000  700
20230201 KLB 800 9990000 52890000 200 200
20230201 KLB -900 -10150000 121210000  1600
20230201 KLB "acum_busd" "acum_busd_val" "acum_val_bu" "sd" "sum_vol"
20230202 KLB 0 3636400 3640000 200 200
20230202 KLB 100 2418800 2420000 100 700
20230202 KLB -100 6072800 6081200  200
20230202 KLB 1800 29062800 29071200  1900
20230202 KLB 2000 33900400 33923200 1200 2200
20230202 KLB 2000 33900400 38643200 400 800
20230202 KLB 200 2420000 2420000  200
20230202 KLB -200 3634000 3641200  100
20230202 KLB 200 3638800 3640000  100
20230202 KLB 2100 32692800 32701200  300
20230202 KLB 2200 33902800 33911200  100
20230202 KLB -2700 -25096000 38646800  200
20230202 KLB -2700 -25096000 38646800  300
20230202 KLB -2700 -25096000 38646800  3000
20230202 KLB -2800 -26286000 38646800 100 100
20230202 KLB -2900 -25098400 38644400 5000 5100
20230202 KLB -300 3632800 3640000 300 300
20230202 KLB -300 3632800 3641200 100 100
20230202 KLB -3900 -65199600 38673200  700
20230202 KLB -4100 -67579600 38673200 200 200
20230202 KLB -4100 -69957200 38675600  200
20230202 KLB -4300 -69959600 38673200  100
20230202 KLB -4300 -69959600 38673200  200
20230202 KLB -4300 -69959600 38673200 200 200
20230202 KLB -4600 -65208000 38664800  100
20230202 KLB -4700 -48706000 38646800 1900 1900
20230202 KLB -4700 -65209200 38663600  200
20230202 KLB -4900 -65211600 38661200  1200
20230202 KLB -5200 -54606000 38646800 500 500
20230202 KLB -6100 -65226000 38646800 900 5900
20230202 KLB "acum_busd" "acum_busd_val" "acum_val_bu" "sd" "sum_vol"
20230203 KLB 1100 14538800 20590000 200 200
20230203 KLB -11600 16804000 29069600  800
20230203 KLB -12400 16794400 29060000 7100 7100
20230203 KLB -12500 6094000 29069600 900 900
20230203 KLB 1300 16958800 20590000 300 300
20230203 KLB -13100 -1046000 29069600 600 600
20230203 KLB -13300 -24824400 29091200  300
20230203 KLB -13600 -24828000 29087600 500 2000
20230203 KLB -13600 -41471200 29104400  100
20230203 KLB -13600 -41471200 29104400  1000
20230203 KLB -13600 -6996000 29069600 500 500
20230203 KLB -13700 -41472400 29103200  1000
20230203 KLB -14600 -18896000 29069600 1000 1000
20230203 KLB -14700 -41484400 29091200 1400 1400
20230203 KLB 1500 19368800 19370000  900
20230203 KLB 1600 20588800 20590000  100
20230203 KLB -1800 8460000 20590000 2400 2400
20230203 KLB -2100 8456400 20590000 300 300
20230203 KLB -2400 8452800 20590000 300 300
20230203 KLB -2700 16910800 29060000  700
20230203 KLB -3400 8440800 20590000 1000 1000
20230203 KLB 400 6048800 6050000 100 100
20230203 KLB -4800 16885600 29060000 2100 2100
20230203 KLB 500 6050000 6050000  5000
20230203 KLB 500 6050000 6050000  5700
20230203 KLB 500 7258800 7260000  100
20230203 KLB -5300 16879600 29060000 500 500
20230203 KLB 600 8468800 8470000  100
20230203 KLB 600 8488800 20590000 500 500
20230203 KLB "acum_busd" "acum_busd_val" "acum_val_bu" "sd" "sum_vol"
20230206 KLB 2400 -30880000 2440000 2800 3000
20230206 KLB 2400 -33257600 2442400 100 100
20230206 KLB 2500 -30878800 2441200  100
20230206 KLB 2500 -32067600 2442400 100 100
20230206 KLB 2500 -32067600 3632400  100
20230206 KLB 2600 -30877600 2442400  100
20230206 KLB 2800 -28497600 7202400  300
20230206 KLB -3000 -125048800 46501200 10000 10000
20230206 KLB 3900 -15407600 20292400  1100
20230206 KLB 4000 -14217600 21482400  100
20230206 KLB 4000 48000 48000  4000
20230206 KLB 4100 -13027600 22672400  100
20230206 KLB -4700 -145108800 46501200 1700 1700
20230206 KLB 4700 -7076400 46473600 100 100
20230206 KLB 4800 -5886400 46473600 1100 1100
20230206 KLB 4900 -7074000 46476000  200
20230206 KLB 5000 60000 60000  1000
20230206 KLB 5900 -7062000 46488000  1000
20230206 KLB 5900 7203600 46473600 100 100
20230206 KLB 5900 8392400 46472400 200 200
20230206 KLB 6000 8393600 46473600  100
20230206 KLB 6100 10772400 46472400  2000
20230206 KLB 6900 -7050000 46500000  1000
20230206 KLB 7000 -7048800 46501200  100
20230206 KLB "acum_busd" "acum_busd_val" "acum_val_bu" "sd" "sum_vol"
20230207 KLB -100 -67512800 67200  100
20230207 KLB 100 -94852800 97200 200 200
20230207 KLB -10600 -221662800 11997200 1200 1200
20230207 KLB 1100 -82952800 97200  300
20230207 KLB -1900 -22420000 0 1900 1900
20230207 KLB -200 -67514000 66000  5400
20230207 KLB -200 -82968400 81600  400
20230207 KLB -2500 -29500000 0 600 900
20230207 KLB -2600 -30690000 0 100 100
20230207 KLB -2700 -31880000 0 100 100
20230207 KLB 300 -72263200 76800 200 200
20230207 KLB 300 -92472800 97200 800 800
20230207 KLB -3900 -142452800 97200 4000 4000
20230207 KLB -4300 -147212800 97200 400 400
20230207 KLB 500 -69883200 76800 200 200
20230207 KLB -5400 -160302800 11997200  100
20230207 KLB -5500 -161492800 10807200  100
20230207 KLB -5600 -162682800 9617200 600 1400
20230207 KLB -5600 -67578800 1200  100
20230207 KLB -5700 -67580000 0 3000 3000
20230207 KLB -5800 -165062800 97200 1500 1500
20230207 KLB -600 -82973200 76800 900 900
20230207 KLB 700 -67503200 76800  800
20230207 KLB 800 -82956400 93600  1000
20230207 KLB -9000 -202782800 11997200 3600 3600
20230207 KLB -9400 -207502800 11997200 400 400
20230207 KLB "acum_busd" "acum_busd_val" "acum_val_bu" "sd" "sum_vol"
20230208 KLB 0 40000 4760000 400 400
20230208 KLB 100 1190000 1190000  100
20230208 KLB 100 1330000 17850000 1000 1000
20230208 KLB 10400 122900000 182970000 500 500
20230208 KLB 10900 128850000 182970000 300 300
20230208 KLB 1100 13130000 17850000  1100
20230208 KLB 11200 132420000 182970000 200 200
20230208 KLB 11300 133600000 180590000  5000
20230208 KLB 11300 133610000 181780000 100 100
20230208 KLB 11400 134790000 181780000  100
20230208 KLB 11400 134800000 182970000  100
20230208 KLB -1200 -13820000 22590000  100
20230208 KLB -1300 -14980000 23770000  100
20230208 KLB -1300 -15010000 21400000  100
20230208 KLB -1400 -16160000 22590000 200 200
20230208 KLB -1400 -16160000 23770000  100
20230208 KLB -1400 -16160000 23770000 100 100
20230208 KLB -1400 -16200000 20210000 1600 1600
20230208 KLB 200 2520000 20210000  100
20230208 KLB 200 2520000 20210000 100 300
20230208 KLB 2800 33010000 74100000 100 100
20230208 KLB 2900 34170000 74100000  4300
20230208 KLB 3000 35330000 82320000 200 200
20230208 KLB 300 3570000 3570000  200
20230208 KLB 3100 36520000 77610000  300
20230208 KLB 3100 36520000 83510000  100
20230208 KLB 3200 37690000 82320000 300 300
20230208 KLB 3300 38860000 79950000  200
20230208 KLB 3300 38860000 79950000  600
20230208 KLB 3400 40040000 81130000  100
20230208 KLB 3400 40040000 81130000  400
20230208 KLB 3500 41230000 82320000  100
20230208 KLB 400 4760000 4760000  100
20230208 KLB 4300 50800000 97790000  1200
20230208 KLB 6300 74600000 121590000  2000
20230208 KLB "acum_busd" "acum_busd_val" "acum_val_bu" "sd" "sum_vol"
20230209 KLB 0 0 0  200
20230209 KLB 0 0 0  600
20230209 KLB -1600 -18780000 16580000  100
20230209 KLB -1700 -19960000 15400000  200
20230209 KLB -1800 -21180000 9500000  200
20230209 KLB -1800 -21180000 9500000  200
20230209 KLB -1900 -22320000 13040000  300
20230209 KLB -2000 -23540000 7140000  600
20230209 KLB -2200 -25860000 9500000 400 400
20230209 KLB -2400 -28320000 0 1500 1500
20230209 KLB -2600 -30680000 0 200 200
20230209 KLB -900 -10590000 24770000  100
20230209 KLB -900 -10590000 24770000  700
20230209 KLB -900 -10620000 0 900 900
20230209 KLB "acum_busd" "acum_busd_val" "acum_val_bu" "sd" "sum_vol"
20230210 KLB -1600 -18720000 3510000 1500 1700
20230210 KLB -2300 -26810000 7020000  2000
20230210 KLB -2300 -26810000 7020000  300
20230210 KLB -2600 -30320000 3510000 1000 1000
20230210 KLB -300 -3510000 1170000  100
20230210 KLB -400 -4680000 0  100
20230210 KLB -400 -4680000 0  200
20230210 KLB -400 -4680000 0 400 400
20230210 KLB -4300 -50010000 7020000 2000 2000
20230210 KLB -5200 -60450000 8180000  100
20230210 KLB -5300 -61610000 7020000 1000 1000
20230210 KLB -6300 -73100000 19680000  100
20230210 KLB -6400 -74250000 18530000  900
20230210 KLB -7100 -81920000 66190000  1000
20230210 KLB -7300 -84600000 8180000 2100 2100
20230210 KLB -7700 -89090000 32440000  1000
20230210 KLB -8100 -93520000 54590000  100
20230210 KLB -8200 -94680000 53430000 1000 2100
20230210 KLB -8300 -96050000 40560000  200
20230210 KLB -8300 -96050000 40560000  700
20230210 KLB -8700 -100690000 20840000  100
20230210 KLB -8800 -101850000 19680000 2500 2500
20230210 KLB -8800 -101850000 19680000  3000
20230210 KLB -9000 -104170000 32440000 1300 1300
20230210 KLB "acum_busd" "acum_busd_val" "acum_val_bu" "sd" "sum_vol"
20230213 KLB 0 -490000 41810000  3700
20230213 KLB 10100 111160000 261970000  2000
20230213 KLB 10400 114240000 339460000  800
20230213 KLB 11000 120780000 288230000 100 100
20230213 KLB 11100 121880000 288230000 900 1200
20230213 KLB 11200 123000000 365660000 1500 1500
20230213 KLB 11200 123000000 365660000  300
20230213 KLB 11500 126340000 277150000  1500
20230213 KLB 11600 127430000 278240000  100
20230213 KLB 11600 127430000 283790000  200
20230213 KLB 11600 127430000 283790000  500
20230213 KLB 11600 127430000 283790000 500 500
20230213 KLB 11700 128540000 284900000  100
20230213 KLB 12100 132980000 283790000  1400
20230213 KLB 12400 136040000 361260000  2000
20230213 KLB 12700 139350000 365660000 100 100
20230213 KLB 12800 140440000 365660000  400
20230213 KLB -200 -2300000 0 200 200
20230213 KLB -2200 -25300000 0 2000 2000
20230213 KLB -2500 -25510000 119900000 5300 5300
20230213 KLB -2700 -31000000 0  400
20230213 KLB -2700 -31000000 0 500 500
20230213 KLB 2800 32790000 119900000  6000
20230213 KLB -3200 -36210000 50900000 4000 4000
20230213 KLB 3200 37260000 188070000 500 800
20230213 KLB 3400 39390000 184800000  5900
20230213 KLB 3600 41580000 192390000  400
20230213 KLB -3700 -42300000 0 1000 1000
20230213 KLB 4200 48060000 198870000  600
20230213 KLB 6500 71730000 296950000 1200 1700
20230213 KLB 6600 72820000 298040000  100
20230213 KLB 6900 76090000 288230000 100 800
20230213 KLB 7000 77180000 288230000  1000
20230213 KLB 7000 77180000 288230000 4000 4000
20230213 KLB 7000 77180000 288230000  800
20230213 KLB 7100 78270000 290410000  200
20230213 KLB 7200 79360000 291500000  100
20230213 KLB 7600 83720000 308940000  1000
20230213 KLB 800 8600000 50900000  2800
20230213 KLB 8900 98320000 249130000  4700
20230213 KLB 9400 103340000 328560000  1800
20230213 KLB 9600 105520000 330740000  200
20230213 KLB "acum_busd" "acum_busd_val" "acum_val_bu" "sd" "sum_vol"
20230214 KLB 1000 11720000 127450000  1500
20230214 KLB -1000 -9730000 23650000  500
20230214 KLB -1400 -14040000 18250000  100
20230214 KLB -1400 -14040000 18250000  900
20230214 KLB -1500 -15130000 17160000  500
20230214 KLB -1500 -15130000 18250000 100 100
20230214 KLB -1500 -15130000 18250000  900
20230214 KLB -2000 -20630000 11660000  800
20230214 KLB 2100 22820000 56200000  1400
20230214 KLB -2200 -23100000 0 2200 2200
20230214 KLB -2500 -25930000 6360000  600
20230214 KLB -3000 -31260000 0 800 800
20230214 KLB -3100 -32290000 0 100 100
20230214 KLB 3500 37520000 90850000  3100
20230214 KLB 400 4970000 58300000 1900 2100
20230214 KLB 4200 45000000 163850000 300 300
20230214 KLB 4500 48020000 101350000  1000
20230214 KLB 4500 48120000 163850000  3500
20230214 KLB 4600 49160000 168010000  400
20230214 KLB 4700 50210000 169060000  100
20230214 KLB 4800 51170000 104500000  300
20230214 KLB 4900 52220000 105550000  100
20230214 KLB 5000 53270000 106600000  100
20230214 KLB -500 -3880000 111850000 6000 6000
20230214 KLB 5200 55460000 174310000  500
20230214 KLB 5500 58520000 111850000  500
20230214 KLB 5600 59660000 178510000  400
20230214 KLB 6100 64910000 183760000  500
20230214 KLB 6300 67010000 185860000  200
20230214 KLB 6900 73310000 192160000  600
20230214 KLB 7000 74360000 193210000  100
20230214 KLB 700 8120000 41500000  1700
20230214 KLB 7200 76460000 195310000  200
20230214 KLB 8200 86960000 205810000  1000
20230214 KLB "acum_busd" "acum_busd_val" "acum_val_bu" "sd" "sum_vol"
20230216 KLB 0 0 0  1700
20230216 KLB 100 1100000 1100000  100
20230216 KLB 1100 12100000 12100000  1000
20230216 KLB 1200 13200000 13200000  100
20230216 KLB 1300 14300000 14300000  100
20230216 KLB 1500 16500000 16500000  200
20230216 KLB 500 5600000 16500000 1000 1000
20230216 KLB 600 6700000 17600000  100
20230216 KLB 600 6700000 17600000  800
20230216 KLB 700 7800000 18700000  100
20230216 KLB 700 7800000 18700000  100
20230216 KLB "acum_busd" "acum_busd_val" "acum_val_bu" "sd" "sum_vol"
20230217 KLB 100 1100000 1100000  100
20230217 KLB -100 -1100000 3300000  100
20230217 KLB -12200 -129920000 52700000 13000 13100
20230217 KLB -1300 -14300000 3300000 1200 1200
20230217 KLB -14300 -152600000 52700000 2100 2100
20230217 KLB -15400 -164480000 52700000 1100 1100
20230217 KLB -17800 -190400000 52700000 2400 2400
20230217 KLB -200 -2200000 2200000  100
20230217 KLB -23700 -254120000 52700000 5900 5900
20230217 KLB 2600 28600000 46200000  3900
20230217 KLB 2700 29690000 47290000  100
20230217 KLB 2800 30780000 48380000  100
20230217 KLB -300 -3300000 1100000 400 400
20230217 KLB 400 4860000 48380000 200 200
20230217 KLB -51700 -556520000 52700000 28000 28000
20230217 KLB -51800 -557600000 52700000 100 100
20230217 KLB -53800 -579200000 54860000  100
20230217 KLB -53900 -580280000 53780000  100
20230217 KLB -53900 -580280000 54860000 100 100
20230217 KLB -54000 -581360000 52700000  14600
20230217 KLB -54000 -581360000 52700000 2200 2200
20230217 KLB -56200 -605120000 54860000 2300 2300
20230217 KLB -59000 -635080000 54860000 2800 2800
20230217 KLB -59000 -635080000 54860000  500
20230217 KLB 600 7020000 48380000 2200 2200
20230217 KLB -62800 -674620000 63620000  200
20230217 KLB -63000 -676820000 61420000  200
20230217 KLB -63200 -679020000 59220000  500
20230217 KLB -63600 -683380000 54860000 4600 7400
20230217 KLB 700 8100000 51620000  300
20230217 KLB 800 9180000 52700000  100
20230217 KLB "acum_busd" "acum_busd_val" "acum_val_bu" "sd" "sum_vol"
20230220 KLB -10100 -106060000 47280000  100
20230220 KLB -10200 -107160000 57180000  200
20230220 KLB -10200 -107170000 46170000  1000
20230220 KLB -10200 -107170000 46170000 1000 1000
20230220 KLB -10200 -107280000 35060000  1000
20230220 KLB -10300 -108260000 47280000 200 200
20230220 KLB -10400 -109360000 54980000  700
20230220 KLB -10800 -113290000 81590000 1000 2200
20230220 KLB -11000 -115510000 68270000  900
20230220 KLB -11000 -115960000 47280000 700 700
20230220 KLB -11100 -117060000 47280000 100 100
20230220 KLB -11100 -117280000 23960000 2100 2100
20230220 KLB -11200 -118380000 23960000 100 100
20230220 KLB -11900 -125500000 58280000  100
20230220 KLB -11900 -125500000 58280000  100
20230220 KLB -12000 -126600000 57180000 1800 1800
20230220 KLB -3100 -27820000 167060000  1000
20230220 KLB -4100 -38920000 155960000  3000
20230220 KLB 500 5450000 5450000  500
20230220 KLB 600 6540000 6540000  100
20230220 KLB -6400 -65580000 23960000  1400
20230220 KLB -7000 -72500000 6540000 7600 7600
20230220 KLB -7100 -72220000 122660000  3700
20230220 KLB -7800 -80840000 8700000  200
20230220 KLB -8000 -83000000 6540000 1000 1000
20230220 KLB -8900 -93080000 23960000 2500 2500
20230220 KLB -9000 -94180000 23960000 100 100
20230220 KLB -9200 -96170000 46170000  100
20230220 KLB -9300 -97290000 45050000  900
20230220 KLB "acum_busd" "acum_busd_val" "acum_val_bu" "sd" "sum_vol"
