20221212 KPF 84700 891220500 1045275500 20000 124700
20221213 KPF 3300 35973000 41885000 600 5300
20221214 KPF -800 -8130000 3195000 1100 1400
20221215 KPF 10100 13625800 1814337700 216000 447600
20221216 KPF 136600 1678018100 3403545000 151800 449300
20221219 KPF 115500 1468468800 2325200000 68500 252500
20221220 KPF 101900 1321665300 3261535300 145000 523900
20221221 KPF 260300 3727113000 7749413000 285400 836100
20221222 KPF 43800 654728200 2036504000 112700 271100
20221223 KPF 47400 519755300 1486296300 80800 229600
20221226 KPF 22100 663394800 1058600000 61600 145600
20221227 KPF 67900 794000000 1205940000 35900 139700
20221228 KPF -24100 -201384000 700905900 87300 160200
20221229 KPF 96600 1220926600 1969376600 61900 220400
20221230 KPF -117600 -1646941900 3436487800 692600 1287500
20230103 KPF 349800 3997974600 4826041800 70700 491400
20230104 KPF 187700 2365615200 2623165000 21400 230900
20230105 KPF 82800 873775800 1635765800 66000 216900
20230106 KPF 78600 463862400 2128662400 141900 365900
20230109 KPF 89400 1040220000 1176830000 11800 147500
20230110 KPF 7700 -50132999.99999994 1068292000 97600 204500
20230111 KPF -41300 78451000 297265000 65400 90700
20230112 KPF 61900 590307200 600946400 5000 71900
20230113 KPF 11400 124504400 217415400 8300 34800
20230116 KPF -23100 -453392600 253681800 60600 100000
20230117 KPF 165900 1973720000 2452260000 41100 248100
20230118 KPF 71300 792047000 1337727000 46900 165800
20230119 KPF -59500 -667650200 772213400 124800 197300
20230127 KPF 11300 99053200 728619600 55500 128300
20230130 KPF -130800 -1523660200 191119800 147200 187700
20230131 KPF 25400 310375000 1207425000 76500 178400
20230201 KPF -37800 -426385000 1342700000 151200 285200
20230202 KPF 3100 42750000.000000015 422365000 33000 69100
20230203 KPF 1400 17055000 92815000 6700 24000
20230206 KPF -16100 -134521900 283825000 40900 65700
20230207 KPF 11100 128010000 133710000 500 12100
20230208 KPF -19700 -208381100 123600000 30400 49400
20230209 KPF 83400 271850100 505002800 21800 127000
20230210 KPF -500 -3315600 196214400 19100 37700
20230213 KPF -69100 -676800000 1095645000 174700 284100
20230214 KPF 15900 207457000 1290900000 108600 233100
20230216 KPF 62000 748863000 2306065000 156600 383800
20230217 KPF -57600 -556824000 361981000 94000 130600
20230220 KPF 104500 1067504000 2640955000 158200 420900
