20221212 KSQ -40100 -16061000 27525800 61300 82500
20221213 KSQ 85000 176154600 264690600 54600 228300
20221214 KSQ 14700 33237800 110310000 37800 100100
20221215 KSQ 12400 27719800 69720000 20100 52900
20221216 KSQ -16600 -34830000 9690000 21200 32900
20221219 KSQ 24700 59393400 113790000 29200 86900
20221220 KSQ -41000 -110106000 680000 66300 93300
20221221 KSQ -37300 -77382800 29457200 56400 76600
20221222 KSQ 8500 16050200 42940200 14200 40100
20221223 KSQ 57200 74826000 81546000 3700 65000
20221226 KSQ -21400 -38860000 11400000 27600 39200
20221227 KSQ -33300 -59010000 15310000 41600 49900
20221228 KSQ 27900 53610000 74670000 11400 50800
20221229 KSQ -20700 -36460000 15200000 28700 70700
20221230 KSQ 21900 39780000 71350000 17700 57300
20230103 KSQ 7400 13930000 18250000 2400 12200
20230104 KSQ 39800 74860800 102410800 14500 70100
20230105 KSQ 8000 16210000 34390000 10100 92200
20230106 KSQ 42100 76120000 86420000 5900 167600
20230109 KSQ -4100 -5150000 32760000 22300 87200
20230110 KSQ 75700 128720000 261490000 78100 234500
20230111 KSQ -9300 -15020000 13680000 16900 24600
20230112 KSQ 71800 130590000 327240000 110000 291800
20230113 KSQ 12100 23630000 97850000 39400 90900
20230116 KSQ -14900 -26640000 3420000 16700 18500
20230117 KSQ 45600 85090000 138100000 30400 106400
20230118 KSQ -34300 -61590000 2850000 35800 37900
20230119 KSQ 35300 53465000 78865000 13700 83600
20230127 KSQ 78800 79462400 135532400 26700 132700
20230130 KSQ 40900 93630000 196460000 48400 141600
20230131 KSQ -24300 -50470400 28910000 37900 52300
20230201 KSQ -34200 -69010000 107830000 84200 134200
20230202 KSQ 5500 18473400 18489800 8200 78100
20230203 KSQ 10300 20600 29000 4200 18700
20230206 KSQ -198600 -359119800 64050200 233300 270500
20230207 KSQ -7900 -13320000 20880000 19000 30100
20230208 KSQ -21700 -37280000 98030000 75500 129300
20230209 KSQ 6100 11010000 35650000 13700 35800
20230210 KSQ 15500 28260000 35100000 4000 35300
20230213 KSQ -26200 -47150000 33130000 44600 65400
20230214 KSQ -38500 -64140000 23580000 51600 64700
20230216 KSQ -40700 -69050000 2520000 42100 51600
20230217 KSQ -43800 -78480000 78830000 87400 131000
20230220 KSQ -35000 -66400000 23840000 47500 60800
