20221212 LCM -187600 -503840000 1094460000 294780000 798620000
20221213 LCM -86100 -217970000 1283770000 532900000 750870000
20221214 LCM -16000 -40180000 614740000 286160000 326340000
20221215 LCM -9100 -17510000 741590000 334770000 352280000
20221216 LCM -86100 -213060000 865120000 325250000 538310000
20221219 LCM -98300 -253970000 453230000 99630000 353600000
20221220 LCM -137600 -333760000 679730000 172360000 506120000
20221221 LCM -153300 -356160000 754530000 178050000 534210000
20221222 LCM 45000 116630000 400160000 252770000 136140000
20221223 LCM -33300 -79390000 299810000 110210000 189600000
20221226 LCM 29100 72550000 333510000 201880000 129330000
20221227 LCM -66700 -148560000 418140000 118330000 266890000
20221228 LCM 31700 77910000 197130000 137520000 59610000
20221229 LCM -29700 -70130000 169250000 17880000 88010000
20221230 LCM 17800 47720000 429220000 234030000 186310000
20230103 LCM 205900 527150000 720800000 615850000 88700000
20230104 LCM -80600 -200770000 396090000 97660000 298430000
20230105 LCM -19800 -39490000 412990000 186750000 226240000
20230106 LCM 71000 170560000 383680000 272560000 102000000
20230109 LCM -46200 -108180000 355300000 115400000 223580000
20230110 LCM -90300 -200840000 1042420000 420790000 621630000
20230111 LCM -111400 -255580000 788360000 242630000 498210000
20230112 LCM -47900 -109170000 289650000 90240000 199410000
20230113 LCM -214600 -488670000 724350000 117840000 606510000
20230116 LCM 21700 52100000 432510000 235060000 182960000
20230117 LCM -97700 -221550000 385370000 81910000 303460000
20230118 LCM -126300 -276400000 777850000 249460000 525860000
20230119 LCM -119600 -274850000 298250000 11700000 286550000
20230127 LCM 26100 64580000 751940000 408260000 343680000
20230130 LCM -224700 -534800000 1129260000 292910000 827710000
20230131 LCM -64600 -147510000 605610000 229050000 376560000
20230201 LCM -399700 -1078490000 3453590000 1187550000 2266040000
20230202 LCM -38600 -87620000 1439280000 675700000 763320000
20230203 LCM -213000 -511310000 1578870000 533780000 1045090000
20230206 LCM -178700 -425750000 675130000 122650000 548400000
20230207 LCM 16700 50130000 953870000 496180000 446050000
20230208 LCM -85900 -205260000 439380000 117060000 322320000
20230209 LCM 93100 233100000 744920000 489010000 255910000
20230210 LCM -76600 -190250000 367040000 88270000 278520000
