20230223 LDG -113200 -531773000 1004418000 600 2400
20230223 LDG -114400 -537515000 995814000  900
20230223 LDG -114400 -541348000 106126000 25100 34900
20230223 LDG -114800 -543317000 193748000 7400 21900
20230223 LDG -115300 -541817000 991512000 4500 35000
20230223 LDG -121900 -577328000 124370000 11300 15100
20230223 LDG -127900 -604735000 250184000 24900 36700
20230223 LDG -130900 -616179000 1015412000 20000 22300
20230223 LDG -134300 -634919000 265292000 9600 12800
20230223 LDG -134400 -633239000 834741000  13800
20230223 LDG -136400 -642769000 845722000 200 1300
20230223 LDG -137300 -647072000 840465000 4100 5300
20230223 LDG -141300 -666142000 845722000 4900 4900
20230223 LDG -141400 -666195000 1058342000 19500 28500
20230223 LDG -148200 -699065000 768915000 1000 23000
20230223 LDG -154600 -730538000 311664000 30100 39900
20230223 LDG -158500 -748313000 663975000 700 10500
20230223 LDG -167600 -791599000 617363000 300 13100
20230223 LDG -168400 -796044000 344914000 20800 27800
20230223 LDG -169200 -799245000 663975000 10700 10700
20230223 LDG -170200 -802984000 1066893000 30600 32400
20230223 LDG -180100 -850977000 556563000 300 14900
20230223 LDG -181000 -855884000 347299000 13100 13600
20230223 LDG -188100 -889377000 370525000 12000 16900
20230223 LDG -194400 -918759000 487359000 900 6200
20230223 LDG -198700 -937748000 1103331000 36200 43900
20230223 LDG -198800 -939624000 462237000 1600 10100
20230223 LDG -205700 -972261000 422032000 300 4100
20230223 LDG -207100 -978982000 373833000 19700 20400
20230223 LDG -208600 -986003000 406874000 2700 6300
20230223 LDG -209500 -990252000 389881000 5800 9200
20230223 LDG -302000 -1423691000 1103331000 103300 103300
20230223 LDG -311100 -1466308000 1113626000 11300 13500
20230223 LDG -321500 -1514516000 1167283000 1900 6500
20230223 LDG -324200 -1527279000 1145571000 700 1600
20230223 LDG -324400 -1528226000 1141328000 19200 25100
20230223 LDG -329000 -1549754000 1195893000 13600 19700
20230223 LDG -333700 -1571419000 1385662000 10100 33100
20230223 LDG -336800 -1585975000 1385662000 3100 3100
20230223 LDG -340600 -1603835000 1385662000 3800 3800
20230223 LDG -340800 -1604769000 1388952000 900 1600
20230223 LDG -342300 -1611796000 1388952000 1500 1500
20230223 LDG -343700 -1618376000 1388952000 1400 1400
20230223 LDG -346000 -1629186000 1390362000 2600 2900
20230223 LDG -346600 -1631763000 1278139000 35200 52800
20230223 LDG -348600 -1641354000 1390362000 2600 2600
20230223 LDG -355000 -1671306000 1390362000 6400 6400
20230223 LDG -371600 -1748852000 1395042000 17600 18600
20230223 LDG -374900 -1764204000 1422654000 9200 15100
20230223 LDG -397100 -1867749000 1485834000 1000 3300
20230223 LDG -398400 -1873843000 1475070000 2600 7000
20230223 LDG -400200 -1882287000 1454478000 32100 38900
20230223 LDG -406500 -1911708000 1514387000 2800 8300
20230223 LDG -406700 -1912672000 1488179000 10100 10600
20230223 LDG -409200 -1924372000 1488647000 2600 2700
20230223 LDG -419400 -1971804000 1541063000 100 500
20230223 LDG -419700 -1973209000 1539191000  3300
20230223 LDG -423000 -1988653000 1523747000 18500 20500
20230223 LDG -428500 -2014281000 1550423000 11100 13100
20230223 LDG -429000 -2016611000 1552763000 1000 1500
20230223 LDG -430500 -2023612000 1554635000 1900 2300
20230223 LDG -431500 -2028282000 1554635000 1000 1000
20230223 LDG -445300 -2092678000 1562107000 15400 17000
20230223 LDG -452500 -2126230000 1576553000 10300 13400
20230223 LDG -493600 -2317341000 1578417000 41500 41900
20230223 LDG -519600 -2438241000 1593297000 29200 32400
20230223 LDG -98200 -463520000 0 98200 98200
20230223 LDG -99100 -467723000 58874000 13100 25300
20230223 LDG "acum_busd" "acum_busd_val" "acum_val_bu" "sd" "sum_vol"
