20221212 LGL -30000 -100483000 462041000 180779000 281262000
20221213 LGL -44200 -139917000 307999000 84041000 223958000
20221214 LGL 30100 99572000 464646000 282109000 182537000
20221215 LGL 17700 59446000 249412000 154429000 94983000
20221216 LGL 50700 173693000 382361000 277518000 103825000
20221219 LGL 11500 39879000 147002000 93270000 53391000
20221220 LGL -38000 -122769000 366994000 120560000 243329000
20221221 LGL -111000 -344367000 416443000 35394000 379761000
20221222 LGL -11100 -34099000 119425000 36640000 70739000
20221223 LGL 6000 18856000 77668000 39902000 21046000
20221226 LGL -74000 -219008000 512170000 130887000 349895000
20221227 LGL 6300 21229000 234968000 127953000 106724000
20221228 LGL 5800 17856000 26718000 22287000 4431000
20221229 LGL 5400 17090000 88942000 52861000 35771000
20221230 LGL 8700 26931000 71543000 49237000 22306000
20230103 LGL 21100 56235000 768720000 411661000 355426000
20230104 LGL -47700 -161049000 421681000 123775000 284824000
20230105 LGL -56300 -180210000 437320000 128555000 308765000
20230106 LGL 137200 472881000 1053827000 761679000 288798000
20230109 LGL -135300 -514687000 2303239000 883827000 1398514000
20230110 LGL -191200 -775619000 3661771000 1410196000 2185815000
20230111 LGL -88500 -321758000 1978702000 823369000 1145127000
20230112 LGL -177700 -656243000 1178950000 245336000 901579000
20230113 LGL -125700 -448287000 791030000 162851000 611138000
20230116 LGL 57400 201234000 500631000 350055000 148821000
20230117 LGL 49800 190370000 1053033000 617023000 426653000
20230118 LGL -700 -2337000 257638000 126713000 129050000
20230119 LGL -122100 -445093000 612905000 83906000 528999000
20230127 LGL -23700 -86850000 607094000 260122000 346972000
20230130 LGL 2900 13510000 984077000 494605000 481095000
20230131 LGL -45000 -164182000 1112867000 455501000 619683000
20230201 LGL -164800 -632257000 1883649000 623130000 1255387000
20230202 LGL -70100 -254317000 866717000 299859000 554176000
20230203 LGL -25200 -91800000 254298000 58344000 150144000
20230206 LGL -32500 -118073000 396895000 139411000 257484000
20230207 LGL -37300 -132369000 336026000 101648000 234017000
20230208 LGL -103600 -355321000 819361000 226815000 582136000
20230209 LGL -25400 -88258000 272522000 92132000 180390000
20230210 LGL -14500 -50152000 253108000 87869000 138021000
