20221212 LHC 10000 524220000 724220000 592880000 
20221212 LHC 100 5240000 5240000 5240000 
20221212 LHC -1400 -68660000 131340000  100000000
20221212 LHC 17800 936720000 1608840000 487320000 
20221212 LHC 600 31340000 31340000 26100000 
20221212 LHC 8400 444160000 1116280000  75040000
20221212 LHC 8500 449400000 1121520000 5240000 
20221212 LHC 9900 519200000 1041240000  5020000
20221212 LHC "acum_busd" "acum_busd_val" "acum_val" "val_bu" "val_sd"
20221213 LHC -1300 -63810000 191890000 5240000 
20221213 LHC -1400 -69050000 186650000  25000000
20221213 LHC -1600 -80000000 115700000  80000000
20221213 LHC -1700 -85000000 120700000  5000000
20221213 LHC -2000 -98810000 226890000  35000000
20221213 LHC -2000 -98810000 231890000  
20221213 LHC -2600 -128810000 261890000  30000000
20221213 LHC 7400 391190000 781890000 520000000 
20221213 LHC 8500 448390000 839090000 57200000 
20221213 LHC 8500 448390000 844290000  
20221213 LHC -900 -44050000 161650000 40950000 
20221213 LHC "acum_busd" "acum_busd_val" "acum_val" "val_bu" "val_sd"
20221214 LHC 10000 527380000 1810550000 495900000 
20221214 LHC -10100 -519720000 763450000  35000000
20221214 LHC 200 10400000 10400000 10400000 
20221214 LHC 22300 1171670000 3120010000  45110000
20221214 LHC 23200 1216780000 2579950000 729400000 
20221214 LHC 23200 1216780000 3074900000  
20221214 LHC 25900 1360470000 3419330000  30000000
20221214 LHC 25900 1360470000 3445230000  
20221214 LHC 26300 1379670000 3328010000 208000000 
20221214 LHC 26500 1390470000 3389330000  10000000
20221214 LHC 26700 1400470000 3348810000 20800000 
20221214 LHC 26700 1400470000 3359210000  
20221214 LHC 500 31480000 1314650000 551200000 
20221214 LHC -7600 -394700000 573300000 52500000 
20221214 LHC -8600 -447200000 468000000  457600000
20221214 LHC -9100 -469720000 713450000  75020000
20221214 LHC 9200 487380000 1850550000  20000000
20221214 LHC -9400 -484720000 728450000  15000000
20221214 LHC 9600 507380000 1830550000  20000000
20221214 LHC "acum_busd" "acum_busd_val" "acum_val" "val_bu" "val_sd"
20221215 LHC -1100 -55000000 65020000  55000000
20221215 LHC -1200 -60010000 85030000  5010000
20221215 LHC -1300 -65010000 100030000 5000000 
20221215 LHC -1400 -70010000 95030000  10000000
20221215 LHC -1500 -74850000 198430000  9840000
20221215 LHC -1500 -74850000 282070000  
20221215 LHC -1500 -74850000 302590000  
20221215 LHC -1500 -74850000 405190000  
20221215 LHC "acum_busd" "acum_busd_val" "acum_val" "val_bu" "val_sd"
20221216 LHC 0 0 30660000  
20221216 LHC "acum_busd" "acum_busd_val" "acum_val" "val_bu" "val_sd"
20221219 LHC -10400 -522620000 1690130000 5100000 
20221219 LHC -10500 -527720000 1456280000  73500000
20221219 LHC -10500 -527720000 1685030000  
20221219 LHC -13700 -698520000 780480000  729300000
20221219 LHC -5400 -275220000 1203780000 423300000 
20221219 LHC 600 30780000 30780000 30780000 
20221219 LHC -7400 -375220000 1303780000  100000000
20221219 LHC -8000 -405220000 1333780000  30000000
20221219 LHC -9000 -454220000 1382780000  49000000
20221219 LHC "acum_busd" "acum_busd_val" "acum_val" "val_bu" "val_sd"
20221220 LHC 0 130000 15010000  
20221220 LHC 0 130000 9970000 5050000 
20221220 LHC -100 -4920000 4920000  4920000
20221220 LHC "acum_busd" "acum_busd_val" "acum_val" "val_bu" "val_sd"
20221221 LHC 199400 10368800000 10920000000  187200000
20221221 LHC 200800 10441600000 10992800000 72800000 
20221221 LHC 200900 10446780000 10997980000 5180000 
20221221 LHC 203000 10556000000 10732800000  36400000
20221221 LHC 203700 10592400000 10696400000 10644400000 52000000
20221221 LHC 205400 10680330000 11231530000 233550000 
20221221 LHC 207200 10773930000 11325130000 93600000 
20221221 LHC 414200 21744930000 22296130000 10971000000 
20221221 LHC 415100 21792630000 22343830000 47700000 
20221221 LHC 415100 21792630000 22407310000  
20221221 LHC 419100 22003430000 22688390000  35140000
20221221 LHC 419800 22038570000 22653250000 245940000 
20221221 LHC 455100 23893430000 24578390000 1890000000 
20221221 LHC 458100 24050930000 24735890000 157500000 
20221221 LHC 458300 24061430000 24746390000 10500000 
20221221 LHC "acum_busd" "acum_busd_val" "acum_val" "val_bu" "val_sd"
20221222 LHC 116700 6184700000 6184700000 6110900000 
20221222 LHC 117300 6216380000 6216380000 31680000 
20221222 LHC 1400 73800000 73800000 53000000 
20221222 LHC 249200 13207080000 13207080000 6990700000 
20221222 LHC 390600 20701280000 20701280000 7494200000 
20221222 LHC 391600 20754080000 20754080000 52800000 
20221222 LHC 393600 20859680000 20859680000 105600000 
20221222 LHC 394500 20907020000 20907020000 47340000 
20221222 LHC 400 20800000 20800000 20800000 
20221222 LHC 790200 41879120000 41879120000 20972100000 
20221222 LHC 790300 41884400000 41884400000 5280000 
20221222 LHC 790300 41884400000 42625350000  
20221222 LHC 792300 41990000000 42730950000 105600000 
20221222 LHC 795600 42164240000 42905190000 174240000 
20221222 LHC 797100 42243440000 43332870000 253440000 174240000
20221222 LHC "acum_busd" "acum_busd_val" "acum_val" "val_bu" "val_sd"
20221223 LHC 0 0 5280000  
20221223 LHC 1600 81600000 86880000 81600000 
20221223 LHC -21600 -1127830000 7426460000 525000000 
20221223 LHC -31600 -1652830000 6507710000 714000000 525000000
20221223 LHC -31600 -1652830000 6665210000  
20221223 LHC -32300 -1712660000 1926660000 10040000 1754300000
20221223 LHC -32500 -1723260000 1937260000  10600000
20221223 LHC -32600 -1728560000 1942560000  5300000
20221223 LHC 3400 194670000 8748960000 1322500000 
20221223 LHC -35200 -1841830000 5111210000 530250000 
20221223 LHC -36200 -1893830000 4028790000 102430000 
20221223 LHC -36400 -1904830000 4039790000  11000000
20221223 LHC -38000 -1996260000 3926360000 495000000 52500000
20221223 LHC 3900 221920000 8933710000 27250000 
20221223 LHC -45300 -2372080000 4575480000 26300000 
20221223 LHC -45300 -2372080000 4580960000  
20221223 LHC -45800 -2398380000 4549180000  493550000
20221223 LHC -46000 -2438760000 2822360000 84800000 795000000
20221223 LHC -46000 -2438760000 3373560000  
20221223 LHC -46000 -2438760000 3378860000  
20221223 LHC 600 31600000 156920000  50000000
20221223 LHC 62900 3319420000 12188710000 3097500000 
20221223 LHC 63100 3330320000 12199610000 10900000 
20221223 LHC 74100 3929820000 12799110000 599500000 
20221223 LHC 74100 3929820000 13115210000  
20221223 LHC 80800 4294970000 13480360000 365150000 
20221223 LHC "acum_busd" "acum_busd_val" "acum_val" "val_bu" "val_sd"
20221226 LHC 10600 581350000 838440000 120600000 
20221226 LHC 1700 92650000 92650000 92650000 
20221226 LHC 6300 343350000 386950000  21800000
20221226 LHC 6700 365150000 365150000 272500000 
20221226 LHC 7400 406050000 449650000 62700000 
20221226 LHC 7800 429250000 472850000 23200000 
20221226 LHC 7800 429250000 686340000  
20221226 LHC 8400 460750000 717840000 31500000 
20221226 LHC "acum_busd" "acum_busd_val" "acum_val" "val_bu" "val_sd"
20221227 LHC 16100 877780000 898980000 505080000 
20221227 LHC 200 11180000 11180000 11180000 
20221227 LHC 200 11180000 21780000  
20221227 LHC 6900 372700000 393900000 366820000 5300000
20221227 LHC "acum_busd" "acum_busd_val" "acum_val" "val_bu" "val_sd"
20221228 LHC -100 -5200000 5200000  5200000
20221228 LHC -1200 -61850000 87400000  56650000
20221228 LHC -1300 -66940000 92490000  5090000
20221228 LHC -2100 -107140000 153490000 10400000 50600000
20221228 LHC -2600 -132580000 194080000  25440000
20221228 LHC -4300 -218260000 279760000  85680000
20221228 LHC -4800 -243360000 304860000  25100000
20221228 LHC -5500 -278000000 658960000 147030000 
20221228 LHC -5500 -278430000 339930000  35070000
20221228 LHC -6300 -319280000 380780000  40850000
20221228 LHC -7800 -394970000 456470000  75690000
20221228 LHC -8400 -425030000 486530000  30060000
20221228 LHC -8400 -425030000 511930000  
20221228 LHC "acum_busd" "acum_busd_val" "acum_val" "val_bu" "val_sd"
20221229 LHC 100 5400000 5400000 5400000 
20221229 LHC -200 -8100000 71900000 26500000 
20221229 LHC 3000 164300000 328300000  42000000
20221229 LHC 3800 206300000 286300000 214400000 
20221229 LHC 4100 225470000 582130000  96330000
20221229 LHC 6000 321800000 485800000 157500000 
20221229 LHC 6100 330270000 902180000 104800000 
20221229 LHC -700 -34600000 45400000  40000000
20221229 LHC "acum_busd" "acum_busd_val" "acum_val" "val_bu" "val_sd"
20221230 LHC 0 0 53000000  
20221230 LHC -3000 -150190000 218250000  110030000
20221230 LHC -3000 -150190000 268750000  
20221230 LHC -3700 -185190000 303750000  35000000
20221230 LHC -5300 -265190000 383750000  80000000
20221230 LHC -5500 -273810000 470130000 31380000 
20221230 LHC -6000 -300190000 418750000  35000000
20221230 LHC -6000 -300190000 433750000  
20221230 LHC -6100 -305190000 438750000  5000000
20221230 LHC -800 -40160000 93160000  40160000
20221230 LHC "acum_busd" "acum_busd_val" "acum_val" "val_bu" "val_sd"
20230103 LHC 100 17190000 484930000  55000000
20230103 LHC -10600 -518600000 1121120000  85100000
20230103 LHC 1200 72190000 429930000  10060000
20230103 LHC -12100 -593600000 1196120000  75000000
20230103 LHC 1400 82250000 414840000  50300000
20230103 LHC -1600 -66200000 2109680000 15600000 
20230103 LHC -1900 -81800000 1993570000 60240000 
20230103 LHC -1900 -81800000 2094080000  
20230103 LHC -1900 -83110000 585230000  100300000
20230103 LHC 2400 132550000 339340000  70700000
20230103 LHC 2400 132550000 364540000  
20230103 LHC -3100 -142040000 1933330000 5290000 
20230103 LHC -3200 -147330000 1928040000 25100000 
20230103 LHC -3700 -172430000 1902940000 5020000 
20230103 LHC 3700 197950000 197950000 197950000 
20230103 LHC 3700 197950000 263340000  
20230103 LHC -3800 -177450000 1897920000 105420000 20080000
20230103 LHC 3800 203250000 268640000 5300000 
20230103 LHC -3900 -183110000 695270000 5020000 105020000
20230103 LHC -4500 -213110000 750370000  30000000
20230103 LHC -4600 -218110000 755370000  5000000
20230103 LHC -5500 -262790000 1772420000 75300000 
20230103 LHC -7000 -338090000 1697120000 255510000 
20230103 LHC -7300 -353250000 915610000  135140000
20230103 LHC -8400 -408470000 990910000 10040000 65260000
20230103 LHC -8900 -433500000 1036020000 10040000 35070000
20230103 LHC "acum_busd" "acum_busd_val" "acum_val" "val_bu" "val_sd"
20230104 LHC 1600 80410000 330410000  50000000
20230104 LHC 1600 80410000 335490000  
20230104 LHC 1700 85500000 340580000 5090000 
20230104 LHC 1700 85500000 345670000  
20230104 LHC 1700 85500000 355870000  
20230104 LHC 1700 85500000 366230000  
20230104 LHC 2600 130410000 280410000  75000000
20230104 LHC 4100 205410000 205410000 205410000 
20230104 LHC "acum_busd" "acum_busd_val" "acum_val" "val_bu" "val_sd"
20230105 LHC -1000 -51000000 51000000  51000000
20230105 LHC -2400 -121250000 121250000  70250000
20230105 LHC -2900 -146250000 146250000  25000000
20230105 LHC -3400 -171250000 171250000  25000000
20230105 LHC -4100 -206950000 206950000  35700000
20230105 LHC "acum_busd" "acum_busd_val" "acum_val" "val_bu" "val_sd"
20230106 LHC -400 -19800000 60200000 15150000 
20230106 LHC -500 -24150000 156350000 20400000 
20230106 LHC -500 -25000000 25000000  25000000
20230106 LHC -700 -34950000 45050000 5050000 
20230106 LHC -800 -40000000 40000000  15000000
20230106 LHC -900 -44550000 135950000  
20230106 LHC -900 -44550000 84950000  24750000
20230106 LHC "acum_busd" "acum_busd_val" "acum_val" "val_bu" "val_sd"
20230110 LHC -2000 -98600000 98600000  98600000
20230110 LHC -2100 -103530000 103530000  4930000
20230110 LHC -3100 -152830000 152830000  49300000
20230110 LHC 4100 207170000 512830000 360000000 
20230110 LHC 4200 212170000 517830000 5000000 
20230110 LHC 4300 217170000 522830000 5000000 
20230110 LHC "acum_busd" "acum_busd_val" "acum_val" "val_bu" "val_sd"
20230111 LHC 0 0 73500000  
20230111 LHC 122700 6255590000 6368290000 6069000000 
20230111 LHC 128900 6572740000 6734540000 341700000 24550000
20230111 LHC 132900 6776740000 6938540000 204000000 
20230111 LHC 139700 7123540000 7285340000 346800000 
20230111 LHC 140700 7175340000 9968740000 51800000 
20230111 LHC 143100 7302340000 10095740000 127000000 
20230111 LHC 145800 7456760000 10630320000  50000000
20230111 LHC 145800 7456760000 10656320000  
20230111 LHC 146800 7506760000 10580320000 344500000 140080000
20230111 LHC -300 -14610000 98090000 4990000 
20230111 LHC -300 -14700000 88200000  14700000
20230111 LHC 3700 186590000 299290000 201200000 
20230111 LHC -400 -19600000 93100000  4900000
20230111 LHC "acum_busd" "acum_busd_val" "acum_val" "val_bu" "val_sd"
20230112 LHC -200 -10000000 10000000  10000000
20230112 LHC 500 25630000 45630000 35630000 
20230112 LHC "acum_busd" "acum_busd_val" "acum_val" "val_bu" "val_sd"
20230116 LHC 0 0 166600000  
20230116 LHC 500 25250000 191850000 25250000 
20230116 LHC "acum_busd" "acum_busd_val" "acum_val" "val_bu" "val_sd"
20230117 LHC -100 -5000000 5000000  5000000
20230117 LHC -1300 -65040000 605040000 55000000 100000000
20230117 LHC -1600 -80000000 380000000 35000000 
20230117 LHC -1700 -85000000 315000000 20000000 
20230117 LHC -1700 -85040000 385040000  5040000
20230117 LHC -2100 -105000000 295000000 25000000 
20230117 LHC -2300 -115000000 345000000  30000000
20230117 LHC -2600 -130000000 270000000 25000000 
20230117 LHC 2900 148320000 818400000 187960000 
20230117 LHC -3100 -155000000 245000000 45000000 
20230117 LHC -4000 -200000000 200000000  195000000
20230117 LHC -400 -20040000 450040000 65000000 
20230117 LHC -800 -39640000 630440000 25400000 
20230117 LHC "acum_busd" "acum_busd_val" "acum_val" "val_bu" "val_sd"
20230118 LHC -100 -4950000 4950000  4950000
20230118 LHC -10700 -519160000 1042160000 50800000 
20230118 LHC -10700 -519160000 1073240000  
20230118 LHC -11700 -569960000 991360000 176400000 
20230118 LHC -1200 -59070000 59070000  54120000
20230118 LHC -13400 -658110000 658110000  491000000
20230118 LHC -13900 -682660000 682660000  24550000
20230118 LHC -1400 -68910000 68910000  9840000
20230118 LHC -15200 -746360000 814960000 4900000 
20230118 LHC -15300 -751260000 810060000 29400000 
20230118 LHC -15900 -780660000 780660000  98000000
20230118 LHC -3400 -167110000 167110000  98200000
20230118 LHC "acum_busd" "acum_busd_val" "acum_val" "val_bu" "val_sd"
20230119 LHC -1000 -50000000 470000000  55000000
20230119 LHC 100 5000000 415000000 150000000 
20230119 LHC 1400 70000000 590000000 25000000 
20230119 LHC -2900 -145000000 155000000 5000000 
20230119 LHC -2900 -145000000 265000000  
20230119 LHC -3000 -150000000 150000000  150000000
20230119 LHC 6200 314800000 834800000 244800000 
20230119 LHC 6800 345280000 865280000 30480000 
20230119 LHC 7800 396980000 916980000 51700000 
20230119 LHC 900 45000000 565000000 95000000 
20230119 LHC "acum_busd" "acum_busd_val" "acum_val" "val_bu" "val_sd"
20230130 LHC 100 5160000 5160000 5160000 
20230130 LHC 200 10260000 10260000 5100000 
20230130 LHC 300 15360000 15360000 5100000 
20230130 LHC 9300 483360000 483360000 468000000 
20230130 LHC "acum_busd" "acum_busd_val" "acum_val" "val_bu" "val_sd"
20230131 LHC -1000 -50000000 90080000  50000000
20230131 LHC -3900 -193680000 551810000 5120000 
20230131 LHC -4000 -198800000 546690000 51200000 
20230131 LHC -5000 -250000000 395290000  200000000
20230131 LHC -5000 -250000000 495490000  
20230131 LHC -7900 -394080000 752210000  200400000
20230131 LHC "acum_busd" "acum_busd_val" "acum_val" "val_bu" "val_sd"
20230201 LHC 0 0 5160000  
20230201 LHC 100 5180000 10340000 5180000 
20230201 LHC -1900 -95820000 111340000  101000000
20230201 LHC -7300 -365790000 411910000 15300000 
20230201 LHC -7600 -381090000 396610000  285270000
20230201 LHC "acum_busd" "acum_busd_val" "acum_val" "val_bu" "val_sd"
20230203 LHC 0 0 15000000  
20230203 LHC "acum_busd" "acum_busd_val" "acum_val" "val_bu" "val_sd"
20230206 LHC 100 5010000 130260000 15030000 20040000
20230206 LHC -200 -10020000 10020000  10020000
20230206 LHC 200 10020000 95190000  25050000
20230206 LHC 3600 180110000 305360000 145000000 
20230206 LHC 600 30110000 155360000 25100000 
20230206 LHC 700 35070000 70140000 45090000 
20230206 LHC 700 35110000 160360000 5000000 
20230206 LHC "acum_busd" "acum_busd_val" "acum_val" "val_bu" "val_sd"
20230207 LHC -1100 -53940000 53940000  9840000
20230207 LHC -1900 -93220000 93220000  39280000
20230207 LHC 4400 215480000 793920000 504700000 196000000
20230207 LHC 4400 215480000 844120000  
20230207 LHC -900 -44100000 44100000  44100000
20230207 LHC "acum_busd" "acum_busd_val" "acum_val" "val_bu" "val_sd"
20230208 LHC 1600 77550000 320240000 161700000 
20230208 LHC -1700 -84150000 133790000  59400000
20230208 LHC -1700 -84150000 158540000  
20230208 LHC 2600 128550000 371240000 51000000 
20230208 LHC 3100 153750000 514340000  44100000
20230208 LHC 3100 153750000 538840000  
20230208 LHC 3100 153750000 553540000  
20230208 LHC 4000 197850000 470240000  14850000
20230208 LHC 4300 212700000 455390000 84150000 
20230208 LHC -500 -24750000 24750000  24750000
20230208 LHC -500 -24750000 29750000  
20230208 LHC "acum_busd" "acum_busd_val" "acum_val" "val_bu" "val_sd"
20230209 LHC 0 0 19600000  
20230209 LHC 0 0 29400000  4900000
20230209 LHC 0 0 78400000  
20230209 LHC 0 0 88200000  
20230209 LHC 0 0 93110000  
20230209 LHC 0 0 9800000  
20230209 LHC 100 4900000 24500000 4900000 
20230209 LHC -1400 -67300000 290410000 65000000 
20230209 LHC -1500 -72200000 295310000  4900000
20230209 LHC -1600 -76800000 339710000 15000000 
20230209 LHC -1600 -77100000 300210000  4900000
20230209 LHC -1800 -86900000 310010000  9800000
20230209 LHC -1900 -91800000 324710000 4900000 
20230209 LHC -2000 -96700000 319810000  9800000
20230209 LHC -2000 -98000000 191110000  98000000
20230209 LHC -2200 -107800000 200910000  9800000
20230209 LHC -2300 -112700000 205810000  4900000
20230209 LHC -2500 -122500000 215610000  9800000
20230209 LHC -2600 -127400000 220510000  4900000
20230209 LHC -2700 -132300000 225410000  4900000
20230209 LHC "acum_busd" "acum_busd_val" "acum_val" "val_bu" "val_sd"
20230210 LHC -1500 -72900000 72900000  72900000
20230210 LHC "acum_busd" "acum_busd_val" "acum_val" "val_bu" "val_sd"
