20221212 LIC -15900 -209238500
20221213 LIC -23100 -388706300
20221214 LIC -400 -6327999.999999992
20221215 LIC -15000 -188181200
20221216 LIC 5200 59018900.000000015
20221219 LIC -1400 -18303400
20221220 LIC -3100 -60936700
20221221 LIC 2300 52070200
20221222 LIC 4000 38011000
20221223 LIC -600 -5713000
20221226 LIC -9800 -141093000
20221227 LIC 1000 -11551000
20221228 LIC 1800 28501600
20221229 LIC -800 -10891600
20221230 LIC 1200 31597900
20230103 LIC -4200 -43475500
20230104 LIC -6900 -66384400
20230105 LIC -2800 -6308400
20230106 LIC -7600 -10133500
20230109 LIC -3600 -17976000
20230110 LIC 3400 12119000
20230111 LIC -2800 -38302900
20230112 LIC 1300 19370000
20230113 LIC -200 -2720000
20230116 LIC 900 13410000
20230117 LIC 0 110000
20230118 LIC -6200 8272899.999999997
20230119 LIC -2900 -79759600
20230127 LIC 100 1770000
20230130 LIC -6900 -111560000
20230131 LIC -6100 -59366800
20230201 LIC -1400 -21840000
20230202 LIC 200 -10556500
20230203 LIC -200 -3060000
20230206 LIC 500 8240000
20230207 LIC -800 -11400000
20230208 LIC -1200 -22726800
20230210 LIC -500 2141000
20230213 LIC -4100 -58540000
