20221212 LM8 0 0 0 0 100
20221213 LM8 100 974000 974000 0 100
20221215 LM8 100 1095000.0000000005 2915000.0000000005 200 500
20221216 LM8 900 8720000 8720000 0 900
20221219 LM8 800 7752000 7752000 0 1000
20221220 LM8 1200 11628000 11628000 0 1200
20221221 LM8 100 1102000 2907000 200 500
20221223 LM8 10500 101650000 101650000 0 10500
20221226 LM8 -100 -901000 0 100 100
20221227 LM8 2400 22783000 23621000 100 2600
20221228 LM8 0 0 0 0 200
20221229 LM8 -100 -869999.9999999999 0 100 100
20221230 LM8 0 0 0 0 400
20230103 LM8 4000 35111999.99999999 35111999.99999999 0 4000
20230104 LM8 18700 174441000 176233000 200 19100
20230105 LM8 6900 63660000 64540000 100 7100
20230109 LM8 500 4600000 4600000 0 500
20230110 LM8 -100 -881000 0 100 100
20230112 LM8 -500 -4406000 0 500 500
20230116 LM8 100 928999.9999999999 928999.9999999999 0 200
20230117 LM8 100 928999.9999999999 928999.9999999999 0 200
20230119 LM8 400 3785000 4666000 100 600
20230127 LM8 400 3773000 3773000 0 400
20230130 LM8 900 8533000 12365000 400 1800
20230131 LM8 100 1019000.0000000001 1939000 100 400
20230201 LM8 100 990000 990000 0 100
20230206 LM8 6600 68715000 89436000 2000 10600
20230207 LM8 200 2170000 3190000 100 400
20230208 LM8 11900 129520000 130500000 100 12200
20230209 LM8 5200 56149000 58220000 200 5600
20230210 LM8 3500 38500 38500 0 3600
20230213 LM8 0 0 0 0 100
20230214 LM8 900 9500000 10550000 100 1300
20230216 LM8 10600 113420000 125190000 1100 13200
20230217 LM8 -100 -1010000 0 100 100
20230220 LM8 17800 191430000 191430000 0 17900
