20221212 LSS 60700 389016000 1066750000 721593000 332577000
20221213 LSS -3200 -18877000.00000003 723755000 352439000 371316000
20221214 LSS 10200 64901000 279093000 171997000 107096000
20221215 LSS 160100 1008727000 1999782000 1419163000 410436000
20221216 LSS 31600 205654000 875068000 539115000 333461000
20221219 LSS 70400 473787000 2041535000 1207276000 733489000
20221220 LSS -13500 -84572000 564482000 239305000 323877000
20221221 LSS 27500 188352000 2421662000 1293533000 1105181000
20221222 LSS -51800 -330274000 1352121000 475402000 805676000
20221223 LSS 36700 244637000 742827000 460914000 216277000
20221226 LSS -169700 -1085665000 1459855000 184870000 1270535000
20221227 LSS 25100 162294000 419784000 283476000 121182000
20221228 LSS -9700 -57621000 993019000 440204000 497825000
20221229 LSS -23400 -146988000 435102000 144057000 291045000
20221230 LSS -42100 -265443000 378482000 54926000 320369000
20230103 LSS 5400 33639000 1067881000 507936000 474297000
20230104 LSS 1300 9095000 633318000 296281000 287186000
20230105 LSS -23200 -149195000 324515000 62499000 211694000
20230106 LSS -80000 -508993000 817275000 150956000 659949000
20230109 LSS -28900 -181913000 866419000 329929000 511842000
20230110 LSS 72400 459147000 573228000 515871000 56724000
20230111 LSS -9200 -58897000 200178000 68080000 126977000
20230112 LSS -16300 -102459000 259138000 67051000 169510000
20230113 LSS -5600 -34809000 359067000 150800000 185609000
20230116 LSS -51000 -314108000 594898000 124727000 438835000
20230117 LSS -26200 -161830000 458686000 110366000 272196000
20230118 LSS 15200 96488000 462466000 278183000 181695000
20230119 LSS -1600 -8558000 286138000 124943000 133501000
20230127 LSS 38900 253395000 1193661000 721267000 467872000
20230130 LSS 11400 65750000 3166339000 1615710000 1549960000
20230131 LSS -249200 -1736209000 3155356000 662368000 2398577000
20230201 LSS -525500 -3944656000 11439481000 3738459000 7683115000
20230202 LSS -137400 -1007749000 2769573000 829605000 1837354000
20230203 LSS -777300 -5921088000 8830138000 1446932000 7368020000
20230206 LSS -47000 -361573000 3249304000 1423856000 1785429000
20230207 LSS -83900 -602169000 3960193000 1670028000 2272197000
20230208 LSS 8500 66302000 1963083000 1006001000 939699000
20230209 LSS 61800 473657000 2569940000 1393399000 919742000
20230210 LSS -22000 -161560000 2335325000 1069344000 1230904000
