20230223 LTG 0 0 0  200
20230223 LTG -1000 -26660000 81330000 400 700
20230223 LTG -100 -2700000 0 100 100
20230223 LTG 100 2740000 5440000  200
20230223 LTG 10200 278370000 1173900000 100 100
20230223 LTG 10300 281050000 1173900000  500
20230223 LTG 10400 283730000 1152460000  4900
20230223 LTG 10500 283560000 445550000  2800
20230223 LTG 10500 283660000 472450000 1000 1500
20230223 LTG 10500 287930000 1405220000  8400
20230223 LTG 11000 297010000 459000000  500
20230223 LTG 15200 414420000 1547790000 600 5900
20230223 LTG -1700 -42210000 614920000 2300 5300
20230223 LTG 1700 46260000 48960000  1500
20230223 LTG 200 5460000 8160000  100
20230223 LTG -2100 -52930000 614920000 400 400
20230223 LTG 2100 61970000 1179260000 500 500
20230223 LTG -2300 -58290000 614920000 200 200
20230223 LTG -2400 -61270000 534220000 2000 2000
20230223 LTG 2600 75370000 1179260000 500 700
20230223 LTG 2900 83410000 1173900000 1800 1800
20230223 LTG -3300 -85090000 614920000 1000 1000
20230223 LTG 3500 96240000 528860000 9100 11200
20230223 LTG 3700 101600000 534220000  200
20230223 LTG -400 -7870000 534220000 4100 4100
20230223 LTG 4700 131470000 1173900000 5000 5000
20230223 LTG 500 13620000 48960000 1200 1200
20230223 LTG -5300 -138490000 614920000 2000 2000
20230223 LTG 5500 152410000 1021140000 200 200
20230223 LTG 5700 157770000 1021140000 200 200
20230223 LTG 5700 157770000 1021140000  500
20230223 LTG 5900 163130000 1021140000 900 900
20230223 LTG -600 -15900000 81330000  200
20230223 LTG -600 -15900000 81330000 2300 6300
20230223 LTG -600 -15900000 81330000  300
20230223 LTG 6800 187250000 1021140000 500 800
20230223 LTG 700 19060000 54400000  200
20230223 LTG 7300 200700000 1021140000 1000 1000
20230223 LTG 7600 205540000 367530000 2000 2400
20230223 LTG 7700 208240000 370230000  400
20230223 LTG 8000 219500000 1013040000 400 400
20230223 LTG 800 21780000 57120000  100
20230223 LTG 8300 227570000 1010350000 1100 15800
20230223 LTG 8300 227600000 1021140000  300
20230223 LTG 8400 230260000 1013040000  100
20230223 LTG 9200 248740000 356730000  10200
20230223 LTG 9700 264970000 1173900000 500 500
20230223 LTG 9800 267650000 1160500000 900 1200
20230223 LTG "acum_busd" "acum_busd_val" "acum_val_bu" "sd" "sum_vol"
