20221212 MDC 0 0 0  1000
20221212 MDC -100 -450000 7900000  600
20221212 MDC -1100 -7050000 1300000 300 300
20221212 MDC -700 -4410000 3940000  400
20221212 MDC -800 -5100000 1300000  100
20221212 MDC -900 -5750000 650000  100
20221212 MDC -900 -5750000 650000 1000 1100
20221212 MDC "acum_busd" "acum_busd_val" "acum_val_bu" "sd" "sum_vol"
20221213 MDC 100 660000 660000  100
20221213 MDC 200 1320000 3300000  100
20221213 MDC 200 1320000 3300000 300 300
20221213 MDC 300 1970000 3950000  100
20221213 MDC 500 3300000 3300000  400
20221213 MDC 500 3300000 3300000  400
20221213 MDC 600 3920000 5900000  300
20221213 MDC "acum_busd" "acum_busd_val" "acum_val_bu" "sd" "sum_vol"
20221214 MDC -1000 -6500000 0 1000 1000
20221214 MDC -1400 -9120000 680000  500
20221214 MDC -1400 -9120000 680000 500 500
20221214 MDC -800 -5160000 4640000  600
20221214 MDC -900 -5820000 680000  100
20221214 MDC -900 -5820000 680000  500
20221214 MDC "acum_busd" "acum_busd_val" "acum_val_bu" "sd" "sum_vol"
20221215 MDC -400 -2640000 0 400 400
20221215 MDC 500 3310000 6600000 100 200
20221215 MDC 600 3960000 6600000  1000
20221215 MDC -700 -4460000 7280000  100
20221215 MDC -800 -5140000 6600000 1300 1300
20221215 MDC "acum_busd" "acum_busd_val" "acum_val_bu" "sd" "sum_vol"
20221216 MDC -100 -690000 0 100 100
20221216 MDC 1400 10869300 11560000  1600
20221216 MDC -200 -470700 12290000  400
20221216 MDC -200 -690700 0 100 1000
20221216 MDC -300 -1200700 11560000 1700 1700
20221216 MDC "acum_busd" "acum_busd_val" "acum_val_bu" "sd" "sum_vol"
20221219 MDC -1000 -6800000 0 1000 1000
20221219 MDC -1200 -8160000 13600000  100
20221219 MDC -1200 -8160000 13600000 2200 4200
20221219 MDC "acum_busd" "acum_busd_val" "acum_val_bu" "sd" "sum_vol"
20221220 MDC 0 0 0  300
20221220 MDC 0 0 0  300
20221220 MDC -1000 -6900000 0 500 500
20221220 MDC -1200 -8280000 0  100
20221220 MDC -1200 -8280000 0 200 200
20221220 MDC -1200 -8280000 0  300
20221220 MDC -1300 -8970000 0  100
20221220 MDC -1300 -8970000 0 100 300
20221220 MDC -500 -3450000 0  100
20221220 MDC -500 -3450000 0 500 500
20221220 MDC "acum_busd" "acum_busd_val" "acum_val_bu" "sd" "sum_vol"
20221221 MDC 0 -40000 1300000  200
20221221 MDC -100 -690000 0 100 100
20221221 MDC -200 -1340000 0 100 100
20221221 MDC -400 -2500000 1990000  100
20221221 MDC -500 -3190000 1300000 500 500
20221221 MDC "acum_busd" "acum_busd_val" "acum_val_bu" "sd" "sum_vol"
20221222 MDC -3400 -23460000 5520000 2800 2800
20221222 MDC -3400 -24119300 5520700  100
20221222 MDC -3500 -24120000 5520000 100 100
20221222 MDC -600 -4140000 5520000 1400 1400
20221222 MDC 800 5520000 5520000  800
20221222 MDC "acum_busd" "acum_busd_val" "acum_val_bu" "sd" "sum_vol"
20221223 MDC -13600 -85220000 4930000  100
20221223 MDC -13700 -85930000 4220000  100
20221223 MDC -13700 -85950000 3510000  200
20221223 MDC -13800 -86640000 3510000 100 100
20221223 MDC -13800 -86640000 3510000  300
20221223 MDC -13900 -87330000 2130000 14200 14200
20221223 MDC 300 2130000 2130000  300
20221223 MDC "acum_busd" "acum_busd_val" "acum_val_bu" "sd" "sum_vol"
20221226 MDC -3000 -19200000 0 3000 3000
20221226 MDC -3700 -23750000 1950000  300
20221226 MDC -4000 -25700000 0 1000 1000
20221226 MDC -4900 -33327900 3252100  300
20221226 MDC -5200 -33330000 3250000  200
20221226 MDC -5400 -34630000 1950000 1700 1700
20221226 MDC "acum_busd" "acum_busd_val" "acum_val_bu" "sd" "sum_vol"
20221227 MDC -1600 -10240000 7040000  1100
20221227 MDC -2000 -12800000 0 2000 4000
20221227 MDC -2600 -16640000 0 600 600
20221227 MDC -2700 -17280000 0 100 100
20221227 MDC -3200 -20370000 22510000  100
20221227 MDC -3300 -21060000 21820000  100
20221227 MDC -3400 -21730000 21150000  100
20221227 MDC -3500 -22400000 20480000  400
20221227 MDC -3900 -24960000 17920000  100
20221227 MDC -4000 -25600000 17280000  800
20221227 MDC -4800 -30720000 12160000 4000 4000
20221227 MDC -800 -5120000 12160000  800
20221227 MDC "acum_busd" "acum_busd_val" "acum_val_bu" "sd" "sum_vol"
20221228 MDC 500 3350000 3350000  500
20221228 MDC 500 3350000 3350000  600
20221228 MDC 600 4030000 4030000  100
20221228 MDC 700 4720000 4720000  100
20221228 MDC "acum_busd" "acum_busd_val" "acum_val_bu" "sd" "sum_vol"
20221229 MDC 1500 10350000 10350000  1500
20221229 MDC 2500 17250000 17250000  1000
20221229 MDC 3800 26220000 26220000  1300
20221229 MDC 3800 26220000 26220000  900
20221229 MDC 4100 28290000 28290000  300
20221229 MDC "acum_busd" "acum_busd_val" "acum_val_bu" "sd" "sum_vol"
20221230 MDC 100 700 700  100
20221230 MDC "acum_busd" "acum_busd_val" "acum_val_bu" "sd" "sum_vol"
20230103 MDC 0 50000 710000 100 100
20230103 MDC 100 710000 710000  100
20230103 MDC 100 740000 1400000  100
20230103 MDC 5100 36240000 36900000  5000
20230103 MDC "acum_busd" "acum_busd_val" "acum_val_bu" "sd" "sum_vol"
20230104 MDC 0 0 0  3000
20230104 MDC 100 700 700  100
20230104 MDC "acum_busd" "acum_busd_val" "acum_val_bu" "sd" "sum_vol"
20230105 MDC 1000 7040000 15200000  200
20230105 MDC 100 710000 710000  100
20230105 MDC -1100 -7450000 710000 1200 1200
20230105 MDC 300 2210000 10370000  700
20230105 MDC -400 -2620000 5540000  700
20230105 MDC 800 5660000 13820000  500
20230105 MDC "acum_busd" "acum_busd_val" "acum_val_bu" "sd" "sum_vol"
20230106 MDC 0 20000 710000 100 100
20230106 MDC 0 20000 710000  400
20230106 MDC 0 20000 710000  400
20230106 MDC 100 710000 710000  100
20230106 MDC 500 3470000 4160000  1200
20230106 MDC 500 3470000 4160000  500
20230106 MDC "acum_busd" "acum_busd_val" "acum_val_bu" "sd" "sum_vol"
20230109 MDC 0 -3406500 3500 100 100
20230109 MDC 0 -3406500 3500  1600
20230109 MDC 100 -2716500 3500  300
20230109 MDC -100 -3407200 3500 100 100
20230109 MDC -100 -3407200 3500  200
20230109 MDC -100 -680000 0 100 100
20230109 MDC -200 -2039300 700  100
20230109 MDC -200 -2718600 1400  100
20230109 MDC -300 -2040000 0 200 200
20230109 MDC -300 -2719300 700 100 100
20230109 MDC "acum_busd" "acum_busd_val" "acum_val_bu" "sd" "sum_vol"
20230110 MDC -100 -680000 0 100 100
20230110 MDC 200 -1367200 10500 100 100
20230110 MDC 300 -657200 720500  100
20230110 MDC 300 -677200 10500  900
20230110 MDC -300 -681400 4200  600
20230110 MDC -400 -682100 0 300 800
20230110 MDC -400 -682100 0  500
20230110 MDC -600 -683500 4200 300 300
20230110 MDC -900 -685600 0 500 500
20230110 MDC "acum_busd" "acum_busd_val" "acum_val_bu" "sd" "sum_vol"
20230111 MDC 3800 34503000 34510000  1300
20230111 MDC 3800 34503000 34510000  4300
20230111 MDC 3800 34503000 34510000  500
20230111 MDC 4300 38103000 38110000  500
20230111 MDC 4900 42423000 43150000 100 100
20230111 MDC 5000 43143000 43150000  1900
20230111 MDC 5000 43143000 43150000  300
20230111 MDC 5000 43143000 43150000  700
20230111 MDC -500 3543000 3550000 1000 1000
20230111 MDC 500 3550000 3550000  1400
20230111 MDC 500 3550000 3550000  500
20230111 MDC "acum_busd" "acum_busd_val" "acum_val_bu" "sd" "sum_vol"
20230112 MDC -100 -700 0  100
20230112 MDC -100 -700 0 100 100
20230112 MDC -100 -700 0  5600
20230112 MDC -100 728600 730000  100
20230112 MDC -100 728600 730000  1000
20230112 MDC -1100 -6371400 730000 1000 1000
20230112 MDC 1300 11288600 23360000  3100
20230112 MDC 1600 13478600 25550000  300
20230112 MDC -1800 -11341400 730000 700 700
20230112 MDC -200 -1400 0 100 100
20230112 MDC 3200 25158600 37230000  1600
20230112 MDC 3300 25898600 37970000  100
20230112 MDC "acum_busd" "acum_busd_val" "acum_val_bu" "sd" "sum_vol"
20230113 MDC 100 730000 12410000 300 300
20230113 MDC -1300 -9490000 0 1000 1000
20230113 MDC -15900 -114570000 12410000 15000 15000
20230113 MDC -23800 -170630000 13150000  100
20230113 MDC -23900 -171370000 12410000  100
20230113 MDC -23900 -171370000 12410000 8000 8000
20230113 MDC -300 -2190000 0 300 300
20230113 MDC 400 2920000 12410000  1700
20230113 MDC -900 -6570000 12410000 1000 1000
20230113 MDC "acum_busd" "acum_busd_val" "acum_val_bu" "sd" "sum_vol"
20230116 MDC -1000 -7180000 740000  100
20230116 MDC -1000 -7180000 740000  100
20230116 MDC -1100 -7920000 0 300 300
20230116 MDC -800 -5760000 0 800 800
20230116 MDC "acum_busd" "acum_busd_val" "acum_val_bu" "sd" "sum_vol"
20230117 MDC -100 -720000 0 100 100
20230117 MDC -100 -720000 0  500
20230117 MDC -11100 -82120000 0 4000 4000
20230117 MDC -2400 -18610000 63510000  8700
20230117 MDC -2600 -19220000 0 2500 2500
20230117 MDC -3200 -24220000 67980000  300
20230117 MDC -3500 -26500000 65700000  100
20230117 MDC -3500 -26500000 65700000  200
20230117 MDC -3500 -26500000 65700000  300
20230117 MDC -3500 -26500000 65700000  500
20230117 MDC -3800 -28690000 63510000 1400 1400
20230117 MDC -7100 -52520000 0 4500 4500
20230117 MDC "acum_busd" "acum_busd_val" "acum_val_bu" "sd" "sum_vol"
20230118 MDC -100 -760000 0 100 100
20230118 MDC 1400 11000000 14040000  1800
20230118 MDC 1600 12580000 15620000  200
20230118 MDC 1700 13360000 16400000  100
20230118 MDC -200 -1520000 0 100 100
20230118 MDC 3500 27720000 41680000  1000
20230118 MDC 3500 27720000 41680000 1400 1400
20230118 MDC 3500 27720000 41680000  2200
20230118 MDC 3600 27720800 41680800  100
20230118 MDC 3600 27720800 41680800  2000
20230118 MDC -400 -3040000 0  200
20230118 MDC -400 -3040000 0 200 200
20230118 MDC 4300 33250800 47210800  1400
20230118 MDC 4300 33250800 47210800  700
20230118 MDC 4900 38640000 41680000  3200
20230118 MDC 5400 41940800 55900800  1100
20230118 MDC 6700 52210800 66170800  1300
20230118 MDC 7500 58600800 75650800 300 300
20230118 MDC 7800 60910800 75650800 100 100
20230118 MDC 7900 61690800 75650800  1200
20230118 MDC "acum_busd" "acum_busd_val" "acum_val_bu" "sd" "sum_vol"
20230119 MDC 100 819999.9999999999 819999.9999999999  100
20230119 MDC -13500 -113440000 9840000 5200 5200
20230119 MDC -13800 -115960000 9840000 300 300
20230119 MDC 200 1640000 9840000  500
20230119 MDC -2400 -20200000 9840000 2600 2600
20230119 MDC -300 -2460000 5740000 1000 1400
20230119 MDC -5400 -45400000 9840000 3000 3000
20230119 MDC 700 5740000 5740000  600
20230119 MDC -8300 -69760000 9840000 2900 2900
20230119 MDC "acum_busd" "acum_busd_val" "acum_val_bu" "sd" "sum_vol"
20230127 MDC -1200 -11040000 0 500 500
20230127 MDC -3800 -34960000 0 2600 2600
20230127 MDC -4500 -41400000 0 700 700
20230127 MDC -4700 -43240000 0 200 200
20230127 MDC -4900 -45080000 0 200 200
20230127 MDC -500 -4600000 0 500 500
20230127 MDC -700 -6440000 0 200 200
20230127 MDC "acum_busd" "acum_busd_val" "acum_val_bu" "sd" "sum_vol"
20230130 MDC -1100 -11110000 0 1100 1100
20230130 MDC -1200 -12120000 0 100 100
20230130 MDC -8100 -81810000 0 6900 6900
20230130 MDC -8600 -86860000 0 500 500
20230130 MDC "acum_busd" "acum_busd_val" "acum_val_bu" "sd" "sum_vol"
20230131 MDC -11500 -127650000 0 3800 3800
20230131 MDC -11800 -130980000 0 300 300
20230131 MDC -11900 -132090000 0 100 100
20230131 MDC -12200 -135420000 0 300 300
20230131 MDC -16800 -186480000 0 4600 4600
20230131 MDC -16900 -187590000 0 100 100
20230131 MDC -17200 -190920000 0 300 300
20230131 MDC -17300 -192030000 0 100 100
20230131 MDC -17400 -193140000 0 100 100
20230131 MDC -17500 -194250000 0 100 100
20230131 MDC -17500 -194250000 0  200
20230131 MDC -6200 -68820000 0 6200 6200
20230131 MDC -6700 -74370000 0 500 500
20230131 MDC -7700 -85470000 0 1000 1000
20230131 MDC "acum_busd" "acum_busd_val" "acum_val_bu" "sd" "sum_vol"
20230201 MDC -11300 -137860000 0 3500 3500
20230201 MDC -11400 -139080000 0 100 100
20230201 MDC -11500 -140300000 0 100 100
20230201 MDC -13500 -164700000 0 2000 2000
20230201 MDC -14400 -175680000 0 900 900
20230201 MDC -15400 -187880000 0 1000 1000
20230201 MDC -15500 -189100000 0 100 100
20230201 MDC -15600 -190320000 0 100 100
20230201 MDC -16600 -202520000 0 1000 1000
20230201 MDC -19600 -239120000 0 3000 3000
20230201 MDC -19700 -240340000 0 100 100
20230201 MDC -20200 -246440000 0 500 500
20230201 MDC -4200 -51240000 0 4200 4200
20230201 MDC 54700 667529999.9999999 1769000000  27500
20230201 MDC 54700 667529999.9999999 1769000000 300 300
20230201 MDC 55000 671189999.9999999 1769000000 13200 74900
20230201 MDC -6200 -75640000 0 2000 2000
20230201 MDC -6400 -78080000 0 200 200
20230201 MDC 6500 79299999.99999988 1016259999.9999999 56600 139900
20230201 MDC -7400 -90280000 0 1000 1000
20230201 MDC -7500 -91500000 0 100 100
20230201 MDC -7600 -92720000 0 100 100
20230201 MDC -7800 -95160000 0 200 200
20230201 MDC "acum_busd" "acum_busd_val" "acum_val_bu" "sd" "sum_vol"
20230202 MDC 1000 4380600 198443000  100
20230202 MDC 1000 4380600 198443000 100 100
20230202 MDC 10300 107972600 455985000 9400 25800
20230202 MDC 1100 4381800 198443000 100 100
20230202 MDC 1200 4383000 198443000  800
20230202 MDC -1300 -26117000 167943000  1100
20230202 MDC 13300 146612600 509745000 1200 5400
20230202 MDC 16600 135115900 647438300 4600 4600
20230202 MDC 17300 198212600 561345000  4000
20230202 MDC 18400 212092600 577725000 200 1500
20230202 MDC 1900 12343000 86793000 2000 2000
20230202 MDC 2000 16580600 210643000  1000
20230202 MDC 2100 14393000 26893000 1000 4100
20230202 MDC 21200 195375900 647438300 3900 4000
20230202 MDC 24000 281755200 647387600  5600
20230202 MDC -2400 -39647000 154413000 8000 8000
20230202 MDC 25000 245684600 647437000 200 200
20230202 MDC 25200 248264600 647437000 1300 1300
20230202 MDC 25800 281778600 647411000  1800
20230202 MDC 26500 265034600 647437000 1300 1300
20230202 MDC 27800 281804600 647437000  2000
20230202 MDC -300 -13917000 180143000  1000
20230202 MDC 300 -15897400 211875000  1000
20230202 MDC 300 -15897400 211875000  1000
20230202 MDC 3300 20802600 248575000  7000
20230202 MDC 3900 36743000 111193000  2000
20230202 MDC 3900 36743000 86793000 1000 1000
20230202 MDC 4900 48043000 86793000 600 5500
20230202 MDC 5000 50633000 142213000 1300 1400
20230202 MDC 5000 50633000 142213000  7900
20230202 MDC 5600 57953000 154413000 400 400
20230202 MDC 6000 62833000 154413000  1000
20230202 MDC 600 -4357000 26893000 1500 1500
20230202 MDC 6200 65263000 140953000 100 3500
20230202 MDC -700 -15909400 211863000 1500 1500
20230202 MDC 700 -1717000 192343000  1000
20230202 MDC 800 1940600 211863000 1300 1400
20230202 MDC 800 1940600 211863000  200
20230202 MDC 800 1940600 211863000  2000
20230202 MDC 900 723000 194783000  200
20230202 MDC "acum_busd" "acum_busd_val" "acum_val_bu" "sd" "sum_vol"
20230203 MDC 100 1410000 1410000  100
20230203 MDC 1400 15150000 95430000  6200
20230203 MDC -29100 -357200000 95430000 30000 30000
20230203 MDC -39100 -479200000 95430000 10000 10000
20230203 MDC -43100 -528000000 95430000 4000 4000
20230203 MDC -45300 -596075800 101804200  3400
20230203 MDC -4800 -64020000 16260000  100
20230203 MDC -4800 -64240000 1410000 4100 4100
20230203 MDC -48300 -596114800 101804200  1000
20230203 MDC -48300 -596114800 101804200 3000 3100
20230203 MDC -48700 -596120000 101760000  200
20230203 MDC -48900 -598620000 98010000  1000
20230203 MDC -48900 -598620000 98010000  200
20230203 MDC -48900 -598620000 99260000  100
20230203 MDC -49000 -599870000 98010000 100 100
20230203 MDC -4900 -65370000 14910000  600
20230203 MDC -49100 -601200000 95430000 6000 6000
20230203 MDC -49300 -608814800 101804200 1000 1000
20230203 MDC -50100 -618814800 101804200 800 800
20230203 MDC -5500 -73470000 6810000  100
20230203 MDC -5600 -74820000 5460000  300
20230203 MDC -5600 -74880000 1410000 800 800
20230203 MDC -5900 -78870000 1410000 300 300
20230203 MDC -700 -9710000 1410000  200
20230203 MDC -700 -9710000 1410000 800 800
20230203 MDC 900 8800000 95430000 500 500
20230203 MDC "acum_busd" "acum_busd_val" "acum_val_bu" "sd" "sum_vol"
20230206 MDC 0 0 0  100
20230206 MDC 100 1260000 1260000  100
20230206 MDC 100 1260000 1260000  600
20230206 MDC 10100 126710000 183210000  2600
20230206 MDC 1300 16430000 16430000  600
20230206 MDC 1400 17690000 17690000  100
20230206 MDC 1400 17690000 17690000  200
20230206 MDC 1400 17690000 23990000 500 500
20230206 MDC 1400 17690000 30290000 500 1000
20230206 MDC 1400 17960000 224460000 4300 5300
20230206 MDC 1900 23990000 23990000  500
20230206 MDC 2700 34070000 46670000  1300
20230206 MDC 2800 35510000 248210000 500 500
20230206 MDC 3100 39280000 274250000 500 500
20230206 MDC 3200 40460000 246960000  1800
20230206 MDC 3200 40470000 255650000 200 800
20230206 MDC 3300 41710000 248210000  100
20230206 MDC 3400 42890000 55490000  300
20230206 MDC 3400 42890000 55490000  700
20230206 MDC 3500 44210000 89460000 1000 1500
20230206 MDC 3600 45430000 274250000 1100 1100
20230206 MDC 3700 46670000 78170000 1000 1000
20230206 MDC 3700 72464800 314864000 4700 7000
20230206 MDC 4000 50460000 83210000 100 100
20230206 MDC 4100 51710000 83210000  400
20230206 MDC 4700 58960000 293930000  1600
20230206 MDC 4700 59070000 274250000  1500
20230206 MDC 4700 59210000 211960000 3300 5000
20230206 MDC 4700 59270000 78170000 500 800
20230206 MDC 4800 60460000 105710000  1300
20230206 MDC 4900 61790000 74390000  1500
20230206 MDC 5400 67960000 115710000 200 1000
20230206 MDC 5700 71710000 128210000  2000
20230206 MDC 5700 71710000 128210000 700 700
20230206 MDC 6000 71273600 314912000 100 300
20230206 MDC 600 7610000 7610000  500
20230206 MDC 6100 72493600 314912000 1600 1600
20230206 MDC 6100 76180000 311150000  1400
20230206 MDC 6300 74933600 318572000  300
20230206 MDC 6300 79210000 190710000 4400 5000
20230206 MDC 6400 80460000 128210000  1000
20230206 MDC 700 8870000 8870000  100
20230206 MDC 7500 89573600 333212000  1200
20230206 MDC 7500 94210000 150710000  1800
20230206 MDC 7700 72512800 314912000  4000
20230206 MDC "acum_busd" "acum_busd_val" "acum_val_bu" "sd" "sum_vol"
20230207 MDC 0 0 0  10000
20230207 MDC -1100 -70502400 227940000 200 1900
20230207 MDC -1100 -70502400 227940000  9000
20230207 MDC -1400 -15870000 60990000  1700
20230207 MDC -1800 -20880000 166930000  1000
20230207 MDC -2000 -23370000 82240000 2300 4000
20230207 MDC -2600 -70520400 227919600  800
20230207 MDC -2800 -33180000 154630000 3000 4100
20230207 MDC -2900 -34300000 221830000  2900
20230207 MDC -3100 -37220000 39640000  3000
20230207 MDC -3200 -37930000 221830000 300 300
20230207 MDC -3300 -39620000 82240000 1300 1300
20230207 MDC -3400 -40350000 221830000 200 200
20230207 MDC -3400 -40400000 166930000 1600 1600
20230207 MDC -3400 -70530000 227910000  700
20230207 MDC -3700 -44060000 166930000 300 300
20230207 MDC -3900 -68158400 227901600  1800
20230207 MDC -4100 -70538400 227901600 200 200
20230207 MDC -4800 -58560000 2440000  200
20230207 MDC -5000 -61000000 0 5000 5000
20230207 MDC -5100 -62220000 2440000 300 300
20230207 MDC -5700 -68180000 227880000  500
20230207 MDC -5800 -69680000 186450000  500
20230207 MDC -600 -5870000 115990000  2700
20230207 MDC -6100 -74420000 2440000 1000 1000
20230207 MDC -6200 -74230000 221830000  200
20230207 MDC -6200 -74230000 221830000 2800 2800
20230207 MDC -6300 -75780000 180350000  1000
20230207 MDC -7300 -87980000 168150000  100
20230207 MDC -7400 -89200000 166930000  1000
20230207 MDC -7400 -89200000 166930000 3700 7200
20230207 MDC -7400 -89200000 166930000  500
20230207 MDC -900 -9620000 140990000 2300 4300
20230207 MDC "acum_busd" "acum_busd_val" "acum_val_bu" "sd" "sum_vol"
20230208 MDC 0 0 0  2000
20230208 MDC 100 1240000 1240000  100
20230208 MDC -10200 -126130000 23940000 1100 1100
20230208 MDC -10900 -135020000 32830000  100
20230208 MDC -11000 -136290000 31560000 1400 2000
20230208 MDC 11800 140536000 760669000 1900 2400
20230208 MDC 12100 144556000 764689000  400
20230208 MDC 13600 164646000 759319000 12500 14600
20230208 MDC -1500 -18260000 2480000  1000
20230208 MDC -1500 -18260000 2480000 1700 1700
20230208 MDC -1500 -37854000 130009000 1000 7000
20230208 MDC 200 2480000 2480000  100
20230208 MDC 23700 302316000 922449000  11600
20230208 MDC 23800 303676000 923809000  100
20230208 MDC 24000 305866000 730769000 18900 52400
20230208 MDC 27700 356736000 978209000 100 4100
20230208 MDC 32100 416576000 1040769000 200 4800
20230208 MDC 34000 442416000 1100609000 2500 6900
20230208 MDC 35400 463686000 1298599000 200 1200
20230208 MDC 35600 466366000 1298599000 1000 1000
20230208 MDC 35900 469806000 1245859000 3800 3900
20230208 MDC 36600 479766000 1298599000 3200 3200
20230208 MDC 38300 501636000 1205139000 1000 1000
20230208 MDC 39100 511776000 1169969000  5100
20230208 MDC 39100 512036000 1232649000 800 800
20230208 MDC 39300 514836000 1205139000 1000 1900
20230208 MDC 39600 518636000 1244529000 400 1300
20230208 MDC 39600 518756000 1194419000 200 200
20230208 MDC 39800 521436000 1194419000 600 600
20230208 MDC 39800 521436000 1198439000 100 400
20230208 MDC 39800 522546000 1298599000  4900
20230208 MDC 39900 522596000 1232649000 500 500
20230208 MDC 40100 525426000 1190369000 500 500
20230208 MDC 40300 528136000 1205139000  500
20230208 MDC 40400 529146000 1232649000  2100
20230208 MDC 40400 529476000 1194419000  300
20230208 MDC 40600 532176000 1190369000  1500
20230208 MDC 46900 620086000 1454999000  11500
20230208 MDC 47600 629606000 1478119000 1000 1000
20230208 MDC 48100 636406000 1471319000  1000
20230208 MDC 48100 636406000 1471319000  1200
20230208 MDC 48100 636406000 1471319000  600
20230208 MDC 48600 643206000 1478119000  500
20230208 MDC 49000 648646000 1502599000 400 2200
20230208 MDC 52100 690896000 1624999000 500 500
20230208 MDC 52300 693546000 1618199000 3300 3300
20230208 MDC 52600 697646000 1624999000 200 200
20230208 MDC 52800 700346000 1624999000  500
20230208 MDC 54100 718096000 1652199000  2000
20230208 MDC 54600 724826000 1581479000 200 200
20230208 MDC 54800 727526000 1581479000  5800
20230208 MDC 55600 738426000 1618199000 700 700
20230208 MDC 55900 742506000 1612759000 300 400
20230208 MDC 56100 745226000 1611399000 700 700
20230208 MDC 56300 747946000 1618199000  1000
20230208 MDC 56800 754746000 1611399000  2200
20230208 MDC -6500 -103854000 63996000  4400
20230208 MDC -8500 -104890000 15050000  1000
20230208 MDC -9100 -112380000 23940000 1300 2000
20230208 MDC -9200 -113740000 2480000 7700 7700
20230208 MDC 9400 108046000 275909000  10900
20230208 MDC -9500 -117460000 2480000 300 300
20230208 MDC "acum_busd" "acum_busd_val" "acum_val_bu" "sd" "sum_vol"
20230209 MDC 0 0 0  200
20230209 MDC -10500 -148590000 69430000 3000 3000
20230209 MDC -1300 -18330000 0 1300 1500
20230209 MDC -1500 -21150000 0 200 200
20230209 MDC 23000 349280000 615420000 700 31200
20230209 MDC 23100 350760000 636140000 1300 2700
20230209 MDC 24200 367170000 674450000 900 900
20230209 MDC 24500 371550000 662770000 400 400
20230209 MDC 24900 377390000 662770000  1800
20230209 MDC 25000 389290000 1108720000 8000 8100
20230209 MDC 25100 380310000 674450000 200 1000
20230209 MDC 27000 417690000 1137120000  2000
20230209 MDC 28700 441830000 1161260000  1700
20230209 MDC 29100 447550000 1166980000  400
20230209 MDC 31600 483800000 1203230000  2500
20230209 MDC 32900 501270000 1107300000 3000 3000
20230209 MDC 33300 505400000 956800000 200 200
20230209 MDC 33500 508300000 956800000 600 600
20230209 MDC 34100 517000000 956800000 2900 2900
20230209 MDC 34700 525840000 977240000  1400
20230209 MDC 35500 534440000 841720000  11300
20230209 MDC 35600 535920000 843200000  100
20230209 MDC 35700 540620000 997820000 400 1800
20230209 MDC 35900 544170000 1107300000 2000 2000
20230209 MDC 35900 544170000 1107300000  900
20230209 MDC 37000 558760000 956800000 1100 1100
20230209 MDC 37900 572770000 1107300000 800 1000
20230209 MDC 38100 574380000 956800000 200 200
20230209 MDC 38300 577220000 956800000 2000 2000
20230209 MDC 38500 581410000 1104420000 2000 2000
20230209 MDC -400 -5540000 29710000 1000 3100
20230209 MDC 40200 605880000 1087220000 1700 8200
20230209 MDC 40300 605820000 956800000 3000 4500
20230209 MDC 40300 607310000 1101520000  1000
20230209 MDC 40300 607310000 1101520000 900 900
20230209 MDC 40500 610210000 1104420000  200
20230209 MDC 40900 614360000 921640000  6300
20230209 MDC 41200 618800000 926080000  300
20230209 MDC 41200 620180000 1101520000  1000
20230209 MDC 41800 627620000 934900000  600
20230209 MDC -4600 -62820000 158120000 200 2500
20230209 MDC -5700 -78750000 161040000 1300 1500
20230209 MDC -6700 -93480000 124540000  100
20230209 MDC -6800 -94810000 161040000 1100 1100
20230209 MDC -6800 -94940000 123080000  3700
20230209 MDC -7000 -98600000 48040000  100
20230209 MDC -7100 -100010000 46630000 7900 9100
20230209 MDC -7500 -105490000 69430000 200 700
20230209 MDC -7800 -109780000 62280000 400 800
20230209 MDC -7800 -109820000 56560000  600
20230209 MDC -8400 -118340000 48040000 1400 1400
20230209 MDC "acum_busd" "acum_busd_val" "acum_val_bu" "sd" "sum_vol"
20230210 MDC 0 0 0  2000
20230210 MDC 0 -130000 179940000  300
20230210 MDC 0 30000 190740000  400
20230210 MDC -1000 -13670000 190740000 100 100
20230210 MDC 10800 144620000 175950000 500 11000
20230210 MDC -1100 -15290000 0 600 600
20230210 MDC -1100 -15290000 0  700
20230210 MDC 12000 156280000 522530000  2400
20230210 MDC 12000 156280000 522530000  36600
20230210 MDC 12000 156280000 522530000 9400 34100
20230210 MDC -1300 -17720000 190740000 300 300
20230210 MDC 1400 18610000 33900000  1000
20230210 MDC 1400 18610000 35250000 100 500
20230210 MDC 3000 40100000 175950000 7800 7800
20230210 MDC -300 -4120000 175950000 1000 2000
20230210 MDC -300 -4120000 185260000 700 1100
20230210 MDC -3300 -44100000 198960000 2500 2500
20230210 MDC 400 5110000 20400000  1500
20230210 MDC -400 -5450000 185260000 100 100
20230210 MDC -500 -6950000 0 500 500
20230210 MDC 700 9280000 175950000 2300 2300
20230210 MDC -700 -9500000 198960000  200
20230210 MDC 800 10570000 35250000 600 600
20230210 MDC -800 -10850000 198960000 100 100
20230210 MDC -900 -12240000 196220000  900
20230210 MDC -900 -12300000 190740000 900 900
20230210 MDC "acum_busd" "acum_busd_val" "acum_val_bu" "sd" "sum_vol"
20230213 MDC 100 1290000 1290000  100
20230213 MDC -1600 -20750000 41590000  200
20230213 MDC -1600 -20810000 36390000 4400 7100
20230213 MDC -1800 -23350000 38990000  200
20230213 MDC -1900 -24680000 36390000  100
20230213 MDC -1900 -24680000 36390000 300 300
20230213 MDC 19600 256830000 336420000 500 500
20230213 MDC -2000 -25950000 36390000  100
20230213 MDC -2000 -25950000 36390000 100 300
20230213 MDC 20100 263480000 336420000 600 600
20230213 MDC 20300 267050000 375890000 1000 1000
20230213 MDC 20400 267470000 332430000  100
20230213 MDC 20400 267470000 332430000 200 21400
20230213 MDC 20500 268800000 333760000  100
20230213 MDC 20700 271460000 336420000  200
20230213 MDC 20700 271460000 336420000  300
20230213 MDC 20700 271460000 336420000  500
20230213 MDC 21200 278170000 361690000 100 100
20230213 MDC 21200 278170000 361690000  500
20230213 MDC 21300 279480000 361690000 100 100
20230213 MDC 21300 279650000 375890000  100
20230213 MDC 21300 279650000 375890000 900 1100
20230213 MDC 21400 280790000 361690000 100 2000
20230213 MDC 21400 280790000 364310000  200
20230213 MDC 21500 282080000 366890000 100 400
20230213 MDC 21800 285950000 370760000  300
20230213 MDC 22000 288530000 373340000  200
20230213 MDC 22100 290270000 399110000  1800
20230213 MDC 24100 316470000 425310000  2000
20230213 MDC 29300 386090000 494930000  5200
20230213 MDC 32800 433690000 542530000  3500
20230213 MDC -600 -7650000 54690000  1000
20230213 MDC "acum_busd" "acum_busd_val" "acum_val_bu" "sd" "sum_vol"
20230214 MDC 0 3310000 106530000  700
20230214 MDC 1000 16950000 124210000 200 300
20230214 MDC -100 -1390000 4290000 400 700
20230214 MDC -1100 -11310000 124210000  1000
20230214 MDC -1100 -11310000 124210000  1500
20230214 MDC -1100 -11310000 124210000 1500 1500
20230214 MDC -1100 -11310000 124210000  200
20230214 MDC 1100 18290000 122850000 100 1100
20230214 MDC -1600 -17910000 124210000 500 500
20230214 MDC 1700 25560000 84580000 200 200
20230214 MDC 1700 25710000 97010000 700 700
20230214 MDC 1800 26910000 83190000 2600 2600
20230214 MDC 1900 28300000 84580000  100
20230214 MDC 2000 29710000 88730000  300
20230214 MDC 200 6030000 109250000  200
20230214 MDC 2400 35230000 97010000 200 200
20230214 MDC 2600 37990000 97010000  600
20230214 MDC 3900 56210000 61890000  4000
20230214 MDC 400 8790000 124210000 600 600
20230214 MDC 4400 63310000 68990000  600
20230214 MDC 4400 63310000 83190000 600 600
20230214 MDC 5000 71830000 83190000 400 400
20230214 MDC 5400 77510000 83190000  1100
20230214 MDC -600 -4210000 137910000  1000
20230214 MDC -700 -6210000 97010000 2400 2400
20230214 MDC "acum_busd" "acum_busd_val" "acum_val_bu" "sd" "sum_vol"
20230216 MDC -10800 -141260000 61680000 2000 4800
20230216 MDC -11600 -151960000 23580000 7700 9500
20230216 MDC -15500 -206490000 157340000  3900
20230216 MDC -15600 -208000000 71340000 5500 6200
20230216 MDC -16100 -214830000 157340000 600 600
20230216 MDC -16600 -221900000 78290000 1500 2000
20230216 MDC -16800 -224560000 103130000 1000 2700
20230216 MDC -17500 -233970000 162860000 100 600
20230216 MDC -17500 -234320000 79670000  100
20230216 MDC -17600 -235340000 162860000 100 100
20230216 MDC -17600 -235380000 157340000 1500 1500
20230216 MDC -17600 -235700000 78290000 1000 1000
20230216 MDC -17800 -238120000 157340000 200 200
20230216 MDC -18800 -252360000 103130000 2000 2000
20230216 MDC -19000 -254580000 171020000  100
20230216 MDC -19100 -255930000 171020000 100 100
20230216 MDC -19100 -255940000 169660000  400
20230216 MDC -19300 -259310000 103130000 500 500
20230216 MDC -19400 -259930000 195530000  800
20230216 MDC -19400 -260700000 103130000 100 100
20230216 MDC -19500 -261330000 171020000 400 400
20230216 MDC -19500 -261380000 164220000  100
20230216 MDC -19600 -262680000 171020000 100 100
20230216 MDC -19600 -262740000 162860000 2000 2000
20230216 MDC -19600 -262740000 162860000  300
20230216 MDC -19700 -264040000 191420000  1500
20230216 MDC -20400 -273530000 205050000  400
20230216 MDC -20800 -278970000 199610000 1700 2000
20230216 MDC -21000 -281630000 205050000 600 600
20230216 MDC -21200 -284440000 171020000 1600 1600
20230216 MDC -21200 -284440000 171020000  400
20230216 MDC -22000 -295130000 205050000 1000 1000
20230216 MDC -3800 -49780000 0 3800 3800
20230216 MDC -5700 -74670000 0 1900 1900
20230216 MDC "acum_busd" "acum_busd_val" "acum_val_bu" "sd" "sum_vol"
20230217 MDC -10000 -136030000 63240000 1000 1000
20230217 MDC -1000 -13610000 55000000 100 100
20230217 MDC 100 1360000 13600000  500
20230217 MDC -12000 -163030000 63240000 2000 2000
20230217 MDC -12500 -169780000 68640000  100
20230217 MDC -12600 -171130000 67290000  300
20230217 MDC -12900 -175180000 63240000  1200
20230217 MDC -12900 -175180000 63240000 900 900
20230217 MDC -14300 -193900000 75340000  300
20230217 MDC -14600 -197920000 71320000  200
20230217 MDC -14800 -200600000 68640000 2300 2300
20230217 MDC -17100 -231100000 78040000 3000 3200
20230217 MDC -18100 -244300000 78040000  1000
20230217 MDC -18100 -244300000 78040000 1000 1000
20230217 MDC -1900 -26040000 13600000 2000 2000
20230217 MDC 200 2680000 6700000  2000
20230217 MDC 200 2680000 6700000  500
20230217 MDC -300 -4020000 0 300 300
20230217 MDC -300 -4170000 6700000 500 500
20230217 MDC -3500 -48120000 13600000 1600 1600
20230217 MDC -3600 -49210000 63240000  500
20230217 MDC -3900 -53290000 63240000 300 300
20230217 MDC -3900 -53640000 13600000 400 400
20230217 MDC -4000 -54710000 57740000  200
20230217 MDC -400 -5540000 6700000 100 100
20230217 MDC -400 -5540000 6700000  300
20230217 MDC -4200 -57370000 63240000 300 300
20230217 MDC -4200 -57450000 55000000 3200 3300
20230217 MDC -5400 -73710000 63240000 1200 1200
20230217 MDC -5500 -75070000 63240000 100 100
20230217 MDC -6000 -81870000 63240000 500 500
20230217 MDC -6100 -83230000 63240000 100 100
20230217 MDC -7100 -96830000 63240000 1000 1000
20230217 MDC -7500 -102270000 63240000 400 400
20230217 MDC -7600 -103630000 63240000  100
20230217 MDC -7600 -103630000 63240000 100 100
20230217 MDC -9000 -122530000 63240000 1400 1400
20230217 MDC -900 -12240000 55000000  3000
20230217 MDC "acum_busd" "acum_busd_val" "acum_val_bu" "sd" "sum_vol"
20230220 MDC -10000 -133000000 0 8000 8000
20230220 MDC -12000 -159800000 0 2000 2000
20230220 MDC -15100 -201340000 0 3100 3100
20230220 MDC -15300 -204020000 0 200 200
20230220 MDC -15900 -212060000 0 600 600
20230220 MDC -16100 -214740000 0  2000
20230220 MDC -16100 -214740000 0 200 1400
20230220 MDC -16200 -216090000 0  100
20230220 MDC -16200 -216090000 0 100 100
20230220 MDC -2000 -26600000 0 2000 2000
20230220 MDC -3100 -31520000 188680000  500
20230220 MDC -3600 -38320000 181880000  2500
20230220 MDC -3900 -42290000 192760000  300
20230220 MDC -4000 -43670000 188680000 900 900
20230220 MDC -4200 -46370000 188680000 200 200
20230220 MDC -4400 -48840000 219960000  2200
20230220 MDC -4600 -51560000 219960000 200 200
20230220 MDC -4800 -54260000 219960000 200 200
20230220 MDC -4900 -55790000 192760000 1000 1000
20230220 MDC -5100 -58310000 219960000 300 300
20230220 MDC -5400 -62540000 192760000 500 500
20230220 MDC -5800 -68460000 147630000  500
20230220 MDC -6100 -72570000 147630000 300 300
20230220 MDC -6300 -75510000 140580000  9900
20230220 MDC -6400 -76040000 192760000 1000 1000
20230220 MDC "acum_busd" "acum_busd_val" "acum_val_bu" "sd" "sum_vol"
