20221212 MLS 5900 72570000 110700000 3100 12700
20221214 MLS 700 8610000 35670000 2200 8300
20221215 MLS 5200 64460000 69140000 400 6000
20221216 MLS -1000 -10082400 0 1000 1000
20221219 MLS -3800 -43310000 0 3800 3800
20221220 MLS -600 -6840000 6840000 1200 2100
20221221 MLS -1500 -17100000 0 1500 1500
20221222 MLS -100 -1140000 0 100 200
20221223 MLS -700 -5902400 0 700 800
20221226 MLS 2100 23801200 23801200 0 2100
20221228 MLS -100 -1110000 0 100 100
20221229 MLS 2300 27830000 27833600 300 2900
20221230 MLS 2300 31820000 31820000 0 2300
20230103 MLS 0 0 0 0 1200
20230104 MLS 2000 26000 26000 0 2200
20230105 MLS 2700 37438700 38580000 200 3200
20230106 MLS 1600 21870000 27190000 400 4100
20230111 MLS -1500 -17530000 2700000 1700 1900
20230112 MLS 400 5490000 5490000 0 400
20230113 MLS 1000 13000 13000 0 1000
20230116 MLS 4100 2670700 2670700 0 4400
20230118 MLS 0 -1208600 1400 100 1700
20230119 MLS 700 9450000 16200000 500 2000
20230127 MLS 0 0 0 0 600
20230130 MLS 400 2962800 2962800 0 3000
20230131 MLS 2200 31320000 31320000 0 2600
20230201 MLS -1200 -14770000 11430000 2000 2800
20230203 MLS 300 4320000 4320000 0 400
20230206 MLS 300 4350000 4350000 0 300
20230207 MLS 0 0 0 0 100
20230208 MLS 100 1780000 4330000 200 900
20230209 MLS 1000 14600000 14600000 0 1300
20230210 MLS 0 0 0 0 1500
20230213 MLS 0 0 20000000 0 0
20230214 MLS 100 1460000 1460000 0 300
20230216 MLS 0 0 0 0 100
20230220 MLS -1100 -14740000 0 1100 1100
