20221212 MPC -21100 -358835200 586580000 52800 87700
20221213 MPC 1900 95572400 192815200 10000 27500
20221214 MPC -7100 263954800 317250000 24300 43000
20221215 MPC -24600 -396817800 264403000 43000 63700
20221216 MPC 32700 630635800 716145200 8100 49000
20221219 MPC -1900 65483600 744097800 44700 91800
20221220 MPC -1900 65483600 744097800 44700 91800
20221221 MPC -175100 -2881646000 671970000 213600 254000
20221222 MPC -36000 -603650400 1020500000 95200 154400
20221223 MPC -55900 -738209200 723666000 113600 195800
20221226 MPC -103200 -1789586400 409533600 126900 152500
20221227 MPC 65400 1173716400 1252910000 5400 89200
20221228 MPC 18800 338290000 580280000 14000 48200
20221229 MPC 42100 750400000 936040000 10700 63700
20221230 MPC 65200 1171483000 1324941800 25200 123200
20230103 MPC -5000 75465400 2079060200 149400 298700
20230104 MPC -53000 -284881400 446070000 77500 102500
20230105 MPC 74400 282500500 2572090500 124700 340800
20230106 MPC -27200 -717202000 349148000 58100 90000
20230109 MPC -20900 -114591000 171104000 33300 48000
20230110 MPC 73500 1417849400 1621375400 13400 103400
20230111 MPC -8200 78994999.99999997 515898400 40400 77900
20230112 MPC 14900 272940000 699030000 23400 65100
20230113 MPC 37100 565406200 947380000 25200 99400
20230116 MPC -9700 -170780000 264430000 24600 43000
20230117 MPC -15400 -296016600 251673400 30800 51900
20230118 MPC 82500 1554170200 2286539000 41800 172500
20230119 MPC -10500 -188380000 254070000 24300 46600
20230127 MPC 26500 494110000 1101890000 33000 100900
20230130 MPC -5600 -102050000 335920000 24000 44000
20230131 MPC -21500 74998200.00000006 850372600 68800 126100
20230201 MPC -100300 -1795291600 586359200 136700 180600
20230202 MPC 3800 46563400 308328800 15000 34800
20230203 MPC 5800 55500400 700120400 36300 79400
20230206 MPC 7800 140990000 670270000 29800 73300
20230207 MPC 3700 48716000 689236000 36300 80700
20230208 MPC 10400 184630000 467850000 16000 43400
20230209 MPC 52200 1143964600 1810507400 61200 185000
20230210 MPC -5600 -57991400 144892200 16500 29600
20230213 MPC -114600 -2011570000 374780000 135900 163000
20230214 MPC 12000 210450000 287260000 4400 21300
20230216 MPC -5500 -94330000 203500000 17000 29100
20230217 MPC 5800 103530000 270480000 9500 25900
20230220 MPC -47200 -853300000 2035070000 159100 277300
