20230223 MSB -10200 -124175000 407050000 11700 11700
20230223 MSB -10500 -126405000 936445000 100 13500
20230223 MSB -11100 -135280000 409530000  100
20230223 MSB -11200 -136520000 408290000 1100 1200
20230223 MSB -12100 -147630000 409530000 1000 1000
20230223 MSB -1500 -18550000 12450000  700
20230223 MSB 1500 20320000 407050000 1500 1600
20230223 MSB -15500 -188405000 942645000  500
20230223 MSB -16000 -194605000 936445000 5500 5500
20230223 MSB -2200 -27265000 3735000 2500 2800
20230223 MSB -23800 -291375000 770235000 4000 8200
20230223 MSB -24000 -293995000 718215000  200
20230223 MSB -24200 -296465000 715745000  3500
20230223 MSB -2600 -31990000 68475000 5600 10100
20230223 MSB -27700 -339690000 672520000 25300 28500
20230223 MSB -27900 -341545000 979695000  3000
20230223 MSB -28900 -353845000 979695000 1000 1000
20230223 MSB 2900 37605000 405810000 5100 8100
20230223 MSB -30900 -378595000 942645000 15400 15400
20230223 MSB -31900 -389485000 2218405000  6100
20230223 MSB -3400 -39525000 584590000 300 5200
20230223 MSB -35000 -428875000 979695000 6100 6100
20230223 MSB -35400 -433695000 1004395000 2400 4400
20230223 MSB -38000 -464515000 2143375000  1000
20230223 MSB 3800 48510000 353730000 1400 1400
20230223 MSB -39000 -476815000 2131075000  3200
20230223 MSB -42200 -516175000 2091715000  1000
20230223 MSB -43200 -528475000 2079415000  13600
20230223 MSB 5000 63390000 368610000  1200
20230223 MSB 5200 65370000 229230000 5100 18000
20230223 MSB 5200 65870000 353730000 10000 20000
20230223 MSB -53000 -650175000 1004395000 17600 17600
20230223 MSB -5600 -66755000 633000000 100 3000
20230223 MSB -56800 -695755000 1912135000  200
20230223 MSB -57000 -698215000 1909675000 1200 33000
20230223 MSB -58800 -720355000 1872775000 10300 40300
20230223 MSB -6000 -71925000 486470000  200
20230223 MSB -6200 -74415000 483980000 100 6100
20230223 MSB -67500 -828525000 1004395000 14500 14500
20230223 MSB -67600 -829755000 1004395000 100 100
20230223 MSB -76700 -941090000 1489015000 12400 27300
20230223 MSB -77600 -952160000 1502545000  100
20230223 MSB -77600 -952755000 1004395000 10000 10000
20230223 MSB -77700 -953390000 1501315000  600
20230223 MSB -78300 -960770000 1493935000 2000 2400
20230223 MSB -78500 -963180000 1503775000 1000 1100
20230223 MSB -79200 -972355000 1305745000 300 11600
20230223 MSB -8000 -96575000 523820000 5000 8000
20230223 MSB -8400 -101475000 597040000 6000 7000
20230223 MSB -89900 -1103995000 1166755000  2100
20230223 MSB -90200 -1107670000 1166755000 300 300
20230223 MSB -92000 -1129825000 1140925000 1000 3000
20230223 MSB -93000 -1142175000 1116325000  4100
20230223 MSB -97100 -1192605000 1065895000 24500 29500
20230223 MSB "acum_busd" "acum_busd_val" "acum_val_bu" "sd" "sum_vol"
