20221212 NDX -1800 -10970000 35390000 9160000 20130000
20221213 NDX 1300 7940000 62840000 35390000 27450000
20221214 NDX 5000 29900000 54300000 42100000 12200000
20221215 NDX 100 750000 27970000 12000000 11250000
20221216 NDX -3300 -19650000 51550000 15950000 35600000
20221219 NDX -2600 -15590000 34770000 8410000 24000000
20221220 NDX 900 5460000 100190000 22820000 17360000
20221221 NDX 500 2850000 14780000 2850000 0
20221222 NDX -200 -1160000 5670000 570000 1730000
20221223 NDX 500 2800000 2800000 2800000 0
20221226 NDX 900 4950000 29150000 14300000 9350000
20221227 NDX -3000 -16290000 20140000 1100000 17390000
20221228 NDX -3200 -17270000 38920000 2170000 19440000
20221229 NDX -2300 -12190000 13290000 0 12190000
20221230 NDX 0 0 560000 0 0
20230103 NDX 600 3370000 8410000 5050000 1680000
20230104 NDX -1700 -9480000 37000000 11800000 21280000
20230105 NDX -1400 -7730000 27350000 8970000 16700000
20230106 NDX -100 -480000 9600000 4000000 4480000
20230109 NDX -3200 -17600000 18760000 580000 18180000
20230110 NDX -1000 -5600000 7840000 0 5600000
20230111 NDX -1300 -7160000 9440000 1140000 8300000
20230112 NDX 400 2280000 2850000 2280000 0
20230113 NDX 1000 5790000 16440000 10830000 5040000
20230116 NDX -2000 -11200000 11200000 0 11200000
20230117 NDX -1000 -5230000 22330000 8550000 13780000
20230118 NDX 1500 8420000 45830000 12900000 4480000
20230119 NDX -1500 -8430000 15290000 3430000 11860000
20230127 NDX -3400 -19860000 53420000 13820000 33680000
20230130 NDX 3500 21640000 110570000 65790000 44150000
20230131 NDX 4900 31140000 113080000 72110000 40970000
20230201 NDX 14400 94820000 307080000 197950000 103130000
20230202 NDX -4500 -29210000 33230000 2010000 31220000
20230203 NDX 200 1430000 15670000 3350000 1920000
20230206 NDX 2200 14520000 15840000 15180000 660000
20230207 NDX -1200 -7800000 31200000 8450000 16250000
20230208 NDX 0 0 1940000 650000 650000
20230209 NDX 200 1280000 10240000 4480000 3200000
20230210 NDX -400 -2520000 11360000 0 2520000
