20221212 NHA -19900 -249355000 5714120000 2716405000 2965760000
20221213 NHA 154600 2062120000 5972870000 3942055000 1879935000
20221214 NHA -79900 -1094500000 2667910000 773475000 1867975000
20221215 NHA -7500 -97405000 2903860000 1343565000 1440970000
20221216 NHA -49900 -699875000 3458465000 1292140000 1992015000
20221219 NHA -59000 -823500000 3263230000 1196715000 2020215000
20221220 NHA -59000 -823500000 3263230000 1196715000 2020215000
20221221 NHA -7800 -100250000 3813810000 1837790000 1938040000
20221222 NHA 44500 517550000 1795700000 1128645000 611095000
20221223 NHA -14400 -170225000 1580425000 674055000 844280000
20221226 NHA -148200 -1615125000 2248705000 316210000 1931335000
20221227 NHA 74800 823985000 2512715000 1653510000 829525000
20221228 NHA 7300 93560000 2512770000 1296675000 1203115000
20221229 NHA -13400 -152790000 993590000 329795000 482585000
20221230 NHA -29800 -338810000 1103970000 322660000 661470000
20230103 NHA 38600 459120000 1685310000 1044420000 585300000
20230104 NHA 4100 52680000 2246280000 1123320000 1070640000
20230105 NHA -17200 -202380000 1201235000 464630000 667010000
20230106 NHA -51700 -618920000 3337140000 1346425000 1965345000
20230109 NHA -31000 -354410000 1073070000 359330000 713740000
20230110 NHA 9800 118055000 661630000 325340000 207285000
20230111 NHA -18300 -210750000 1086600000 432075000 642825000
20230112 NHA -11400 -128295000 564435000 211110000 339405000
20230113 NHA 2200 31615000 921435000 433390000 401775000
20230116 NHA -26500 -291825000 834525000 266870000 558695000
20230117 NHA 67900 777240000 1951725000 1153225000 375985000
20230118 NHA 5200 70040000 2904415000 1297765000 1227725000
20230119 NHA -31000 -390700000 2161445000 782040000 1172740000
20230127 NHA -69600 -881640000 2306275000 675205000 1556845000
20230130 NHA 106900 1423180000 3732430000 2524915000 1101735000
20230131 NHA -7400 -73785000 2086565000 1006390000 1080175000
20230201 NHA -8800 -116485000 3953695000 1890475000 2006960000
20230202 NHA -61000 -745320000 1385920000 317840000 1063160000
20230203 NHA 5000 64090000 1028960000 529560000 465470000
20230206 NHA -8300 -98045000 884995000 391065000 489110000
20230207 NHA -58200 -694310000 1629115000 465610000 1159920000
20230208 NHA 8600 111490000 1389050000 750270000 638780000
20230209 NHA 17000 204900000 553290000 379095000 174195000
20230210 NHA -41400 -474935000 581480000 52700000 527635000
