20230223 NRC -100200 -410300000 21840000 43300 43300
20230223 NRC -102200 -418450000 23940000 100 600
20230223 NRC -102200 -418500000 21840000 2000 2000
20230223 NRC -102600 -420140000 21840000 400 400
20230223 NRC -103800 -425010000 23940000 1600 1600
20230223 NRC -104100 -426240000 184660000  30600
20230223 NRC -123800 -507010000 23940000 20000 20000
20230223 NRC -134700 -551700000 59200000  400
20230223 NRC -135100 -553340000 57560000  1400
20230223 NRC -136500 -559080000 51820000  1100
20230223 NRC -136800 -560310000 23940000 13000 13000
20230223 NRC -137600 -563590000 47310000  2400
20230223 NRC -140000 -573430000 37470000 6500 9800
20230223 NRC -15100 -61820000 3780000 16000 16900
20230223 NRC -25100 -102820000 3780000 10000 10000
20230223 NRC -35100 -143820000 3780000 10000 10000
20230223 NRC -36100 -147920000 3780000 1000 1000
20230223 NRC -36200 -148290000 5460000 500 900
20230223 NRC -37200 -152250000 11340000  100
20230223 NRC -37300 -152670000 10920000 2400 3700
20230223 NRC -41600 -170290000 11340000 4400 4400
20230223 NRC -46900 -192020000 11340000 5300 5300
20230223 NRC -54900 -224570000 21840000  200
20230223 NRC -55100 -225410000 21000000  1400
20230223 NRC -55900 -228670000 21840000 1000 1000
20230223 NRC -56400 -230720000 21840000 500 500
20230223 NRC -56500 -231290000 15120000  400
20230223 NRC -56900 -232770000 21840000 500 500
20230223 NRC -56900 -232970000 13440000  100
20230223 NRC -57000 -233390000 13020000  100
20230223 NRC -57100 -233810000 12600000  100
20230223 NRC -57200 -234230000 12180000  100
20230223 NRC -57200 -234250000 11340000 10300 10300
20230223 NRC -57300 -234650000 11760000  100
20230223 NRC -57400 -235070000 11340000 200 200
20230223 NRC -94400 -386470000 224430000  100
20230223 NRC -94500 -386880000 224020000  1000
20230223 NRC -95500 -390980000 219920000  1100
20230223 NRC -96600 -395490000 215410000  1300
20230223 NRC -97900 -400820000 210080000  300
20230223 NRC -98200 -402050000 208850000  5900
20230223 NRC "acum_busd" "acum_busd_val" "acum_val_bu" "sd" "sum_vol"
