20221212 NSC 2300 120133100 183762300  200
20221212 NSC 2300 120133100 183762300 900 900
20221212 NSC 2400 147961800 148011000 200 200
20221212 NSC 2600 147976000 148011000  3100
20221212 NSC 2600 147976000 148025200  200
20221212 NSC 3000 169433100 169482300  400
20221212 NSC 3100 176583100 176632300  100
20221212 NSC 3200 183713100 183762300  100
20221212 NSC -500 -35000 0 500 500
20221212 NSC "acum_busd" "acum_busd_val" "acum_val_bu" "sd" "sum_vol"
20221213 NSC 0 260000.00000000093 7270000  100
20221213 NSC 100 267100.00000000093 7277100  100
20221213 NSC 100 267100.00000000093 7277100  400
20221213 NSC -100 -7009999.999999999 0 100 100
20221213 NSC "acum_busd" "acum_busd_val" "acum_val_bu" "sd" "sum_vol"
20221214 NSC 0 0 0  100
20221214 NSC 0 7242800 7250000 100 200
20221214 NSC 100 7250000 7322000  1000
20221214 NSC -1600 -65300400 7322000 700 700
20221214 NSC -1700 -65307600 7322000 100 100
20221214 NSC -700 7192400 79822000  1000
20221214 NSC -900 -65250000 7322000 1000 1000
20221214 NSC -900 7178000 7250000 900 900
20221214 NSC "acum_busd" "acum_busd_val" "acum_val_bu" "sd" "sum_vol"
20221215 NSC 1000 58084800 65300900 300 500
20221215 NSC 1100 58092000 65286500 200 200
20221215 NSC 1300 65279200 65286500  900
20221215 NSC -3000 -231665200 174240900  100
20221215 NSC 300 21900 29200 100 100
20221215 NSC -3100 -238925200 166980900  1200
20221215 NSC -4000 -304295200 79860900  100
20221215 NSC 400 29200 29200  400
20221215 NSC 400 29200 36500  100
20221215 NSC -4100 -311565200 72590900 5000 5000
20221215 NSC -4300 -326045200 79860900 300 300
20221215 NSC -5000 -376665200 174240900 2000 2000
20221215 NSC -5700 -427405200 181500900  100
20221215 NSC -5800 -434665200 174240900 800 800
20221215 NSC 800 43644800 65300900 200 200
20221215 NSC 900 50934800 72590900  100
20221215 NSC "acum_busd" "acum_busd_val" "acum_val_bu" "sd" "sum_vol"
20221216 NSC 1000 74090000 110340000 500 500
20221216 NSC 100 7380000 7380000  100
20221216 NSC 1100 80980000 80980000  1000
20221216 NSC 1200 88320000 88320000  100
20221216 NSC 1500 110340000 110340000  300
20221216 NSC 2800 206210000 242460000  1800
20221216 NSC "acum_busd" "acum_busd_val" "acum_val_bu" "sd" "sum_vol"
20221219 NSC 1000 74090000 110340000 500 500
20221219 NSC 100 7380000 7380000  100
20221219 NSC 1100 80980000 80980000  1000
20221219 NSC 1200 88320000 88320000  100
20221219 NSC 1500 110340000 110340000  300
20221219 NSC 2800 206210000 242460000  1800
20221219 NSC "acum_busd" "acum_busd_val" "acum_val_bu" "sd" "sum_vol"
20221220 NSC -200 125599.99999999907 7380000  100
20221220 NSC -200 125599.99999999907 7380000  2600
20221220 NSC 200 154399.99999999907 7408800  400
20221220 NSC -300 -7254400.000000001 0 300 300
20221220 NSC 300 7534399.999999999 14788800  100
20221220 NSC "acum_busd" "acum_busd_val" "acum_val_bu" "sd" "sum_vol"
20221221 NSC -100 -7300 29200  400
20221221 NSC -200 -36228100 58400  400
20221221 NSC -2600 -115921700 7315600 1900 2000
20221221 NSC -3300 -115972100 7330000  100
20221221 NSC -3400 -115979300 7322800  100
20221221 NSC -3500 -115986500 7315600 900 900
20221221 NSC -500 -36500 0 500 500
20221221 NSC -600 -36257300 29200 500 500
20221221 NSC -800 -79728100 7308400  100
20221221 NSC -900 -86978100 58400 700 700
20221221 NSC "acum_busd" "acum_busd_val" "acum_val_bu" "sd" "sum_vol"
20221222 NSC 0 260000.00000000093 7340000.000000001 100 200
20221222 NSC 0 7572800.000000001 14660000 100 100
20221222 NSC 100 7580000.000000001 14660000  100
20221222 NSC -200 7558600.000000001 14660000  1300
20221222 NSC -200 7558600.000000001 14660000 200 300
20221222 NSC "acum_busd" "acum_busd_val" "acum_val_bu" "sd" "sum_vol"
20221223 NSC 0 0 0  600
20221223 NSC -1000 -72400000 0 1000 1000
20221223 NSC -900 -65080000 7320000  100
20221223 NSC -900 -65080000 7320000  100
20221223 NSC -900 -65080000 7320000  200
20221223 NSC -900 -65080000 7320000  800
20221223 NSC "acum_busd" "acum_busd_val" "acum_val_bu" "sd" "sum_vol"
20221226 NSC -100 -6640000.000000006 44040000  200
20221226 NSC 100 7350000 7350000  100
20221226 NSC 1300 104892800 264470000 500 500
20221226 NSC 1500 119072800 227760000 100 100
20221226 NSC 1600 119080000 227760000 400 2900
20221226 NSC 1700 133752800 242440000  200
20221226 NSC 1800 141192800 264470000 100 100
20221226 NSC 1900 148442800 264470000 100 100
20221226 NSC 2000 155782800 264470000  300
20221226 NSC -300 -21320000.000000007 29360000  200
20221226 NSC -400 -28850000.000000007 7350000 500 500
20221226 NSC -500 -36000000.00000001 14680000  100
20221226 NSC -500 -36000000.00000001 44040000 400 400
20221226 NSC -600 -43330000.00000001 7350000 200 200
20221226 NSC 800 104856800 264470000  1100
20221226 NSC 800 104856800 264470000 500 500
20221226 NSC "acum_busd" "acum_busd_val" "acum_val_bu" "sd" "sum_vol"
20221227 NSC 100 7140000.000000001 7140000.000000001  13400
20221227 NSC 100 7660000.000000002 14270000 100 200
20221227 NSC 2000 64446000 77896000  1400
20221227 NSC 300 21790000 28400000  200
20221227 NSC 500 35970000 42580000  200
20221227 NSC 600 36147000 49597000 100 100
20221227 NSC 600 42980000 49590000  100
20221227 NSC 600 42980000 49590000  100
20221227 NSC 700 42987000 49597000  100
20221227 NSC "acum_busd" "acum_busd_val" "acum_val_bu" "sd" "sum_vol"
20221228 NSC 100 7300 7300  100
20221228 NSC 900 57127300.00000001 57127300.00000001  800
20221228 NSC "acum_busd" "acum_busd_val" "acum_val_bu" "sd" "sum_vol"
20221229 NSC 0 0 0  100
20221229 NSC 1000 69600000 110720000  1100
20221229 NSC -100 -6080000 35040000 300 300
20221229 NSC 1200 83360000 124480000  200
20221229 NSC 1500 104270000 145390000  300
20221229 NSC 200 14080000.000000002 14080000.000000002  200
20221229 NSC 200 14480000 35040000 300 300
20221229 NSC 400 28060000.000000004 28060000.000000004  200
20221229 NSC 500 35040000 35040000  100
20221229 NSC 6800 490640000.00000006 531760000.00000006  5300
20221229 NSC "acum_busd" "acum_busd_val" "acum_val_bu" "sd" "sum_vol"
20221230 NSC 1000 73430000 87270000 200 200
20221230 NSC 1200 87270000 87270000  1200
20221230 NSC 1300 80724400 94564400  300
20221230 NSC 4200 289234400 303074400  2900
20221230 NSC "acum_busd" "acum_busd_val" "acum_val_bu" "sd" "sum_vol"
20230103 NSC 0 0 0  100
20230103 NSC 200 21503000 21510000 100 100
20230103 NSC 300 21510000 21510000  300
20230103 NSC 300 28653000 28660000  100
20230103 NSC 300 28653000 28660000  100
20230103 NSC "acum_busd" "acum_busd_val" "acum_val_bu" "sd" "sum_vol"
20230104 NSC -1300 -48761999.99999999 0 600 600
20230104 NSC -600 -48712999.99999999 49000  600
20230104 NSC -600 -48712999.99999999 49000  700
20230104 NSC -700 -48719999.99999999 0 700 700
20230104 NSC "acum_busd" "acum_busd_val" "acum_val_bu" "sd" "sum_vol"
20230105 NSC 1700 123550500.00000003 137674700.00000003 300 300
20230105 NSC 1800 130890500.00000003 145014700.00000003  100
20230105 NSC 2000 137667600.00000003 137674700.00000003 100 100
20230105 NSC 2100 137674700.00000003 137674700.00000003  2100
20230105 NSC 2300 167290500.00000003 181414700.00000003  500
20230105 NSC "acum_busd" "acum_busd_val" "acum_val_bu" "sd" "sum_vol"
20230106 NSC 100 7370000 7370000  100
20230106 NSC 100 7700000 22010000 100 100
20230106 NSC 200 14700000 14700000  100
20230106 NSC 200 14850000 22010000 100 100
20230106 NSC 200 15010000 29320000  100
20230106 NSC 200 15010000 29320000  600
20230106 NSC 300 22010000 22010000  100
20230106 NSC "acum_busd" "acum_busd_val" "acum_val_bu" "sd" "sum_vol"
20230109 NSC -1000 -70520000 0 1000 1000
20230109 NSC -600 -70491200 28800  400
20230109 NSC "acum_busd" "acum_busd_val" "acum_val_bu" "sd" "sum_vol"
20230110 NSC -1700 -119770000 14460000 1900 1900
20230110 NSC -1800 -126810000 14460000 100 100
20230110 NSC -2000 -104685500 135380000  400
20230110 NSC 200 14460000 14460000  200
20230110 NSC -2300 -126845500 14460000 500 500
20230110 NSC -2400 -133565500 106500000  1200
20230110 NSC -2500 -140945500 14460000 200 200
20230110 NSC -3600 -218525500 21540000  100
20230110 NSC -3700 -225605500 14460000 1200 1200
20230110 NSC "acum_busd" "acum_busd_val" "acum_val_bu" "sd" "sum_vol"
20230111 NSC -1200 -204491400 140000 3000 5000
20230111 NSC -1400 -211268400 7473000  100
20230111 NSC -1400 -211268400 7473000  1000
20230111 NSC -1500 -218538400 203000  300
20230111 NSC -1800 -218559400 182000 1200 1800
20230111 NSC -200 -14400 0 200 400
20230111 NSC "acum_busd" "acum_busd_val" "acum_val_bu" "sd" "sum_vol"
20230112 NSC 0 -13756000 14315000.000000002  100
20230112 NSC -100 -20846000 7225000.000000001  200
20230112 NSC -200 -20853000 7197000.000000001  100
20230112 NSC -200 -20853000 7197000.000000001  100
20230112 NSC -300 -20860000 7211000.000000001  200
20230112 NSC -300 -28043000 7000  100
20230112 NSC -400 -20867000 7197000.000000001 200 200
20230112 NSC -400 -28050000 0 400 400
20230112 NSC -500 -20874000 7197000.000000001 100 100
20230112 NSC "acum_busd" "acum_busd_val" "acum_val_bu" "sd" "sum_vol"
20230113 NSC 100 7209999.999999999 7209999.999999999  100
20230113 NSC 200 14400000 14400000  100
20230113 NSC 200 14400000 14400000  1100
20230113 NSC "acum_busd" "acum_busd_val" "acum_val_bu" "sd" "sum_vol"
20230116 NSC 0 300000 7250000 100 100
20230116 NSC 0 300000 7250000  500
20230116 NSC 100 7250000 7250000  100
20230116 NSC "acum_busd" "acum_busd_val" "acum_val_bu" "sd" "sum_vol"
20230117 NSC 0 7163000 7170000 100 100
20230117 NSC -1000 -125014000 21153000  200
20230117 NSC 100 7170000 7170000  100
20230117 NSC -1200 -138934000 7233000 2100 2100
20230117 NSC -800 -111094000 35073000  100
20230117 NSC -900 -118044000 35073000 100 100
20230117 NSC -900 -118044000 35073000  700
20230117 NSC -900 -118054000 28113000  100
20230117 NSC 900 7226000 7233000  900
20230117 NSC "acum_busd" "acum_busd_val" "acum_val_bu" "sd" "sum_vol"
20230118 NSC -800 -56560000 0 800 800
20230118 NSC "acum_busd" "acum_busd_val" "acum_val_bu" "sd" "sum_vol"
20230119 NSC -1200 -84000 0 1200 1200
20230119 NSC 2600 182000 266000  3800
20230119 NSC 5200 364000 532000 1200 5000
20230119 NSC 7100 -42081099.99999999 29341200 100 100
20230119 NSC 7100 497000 798000 1900 5700
20230119 NSC 7200 -42073999.99999999 29327000 900 1000
20230119 NSC 7200 -42073999.99999999 29341200 200 400
20230119 NSC 7300 -27851099.999999993 43571200  200
20230119 NSC 7300 -27851099.999999993 43571200  300
20230119 NSC 7300 -27851099.999999993 43571200  600
20230119 NSC 7700 539000 840000  600
20230119 NSC 7800 546000 847000  100
20230119 NSC 7900 7696000 7997000  100
20230119 NSC 8000 14806000 22217000 100 1100
20230119 NSC "acum_busd" "acum_busd_val" "acum_val_bu" "sd" "sum_vol"
20230127 NSC -100 -301852500 219323300  100
20230127 NSC -1200 -301799500 226463300 1200 1300
20230127 NSC -1200 -301799500 226463300  800
20230127 NSC 1300 -196869500 7552300.000000001 2800 2800
20230127 NSC 1400 -189599500 190822300 1500 1500
20230127 NSC -200 -309012500 212156300 800 1000
20230127 NSC -200 -309012500 212163300 100 200
20230127 NSC 2600 -105349500 169472300 1000 3300
20230127 NSC 2800 -91269500 183552300  200
20230127 NSC 2900 -83999500 190822300  100
20230127 NSC 300 -267039500 204902300 1300 1500
20230127 NSC 4000 284000 284000  3200
20230127 NSC 400 -259799500 212142300  100
20230127 NSC 4100 291100 291100  100
20230127 NSC 4100 430500.00000000093 7552300.000000001 800 800
20230127 NSC 4700 -6709200 355000 100 100
20230127 NSC 4800 340800 355000 200 200
20230127 NSC 4900 488100.00000000093 7552300.000000001  200
20230127 NSC 5000 355000 355000  900
20230127 NSC 800 56800 56800  800
20230127 NSC "acum_busd" "acum_busd_val" "acum_val_bu" "sd" "sum_vol"
20230130 NSC 0 0 0  2100
20230130 NSC 100 7240000.000000001 7240000.000000001  100
20230130 NSC -1200 -70434499.99999999 7408000.000000001  100
20230130 NSC -1300 -70441499.99999999 7401000.000000001 400 400
20230130 NSC 1700 -77314499.99999999 36388000  2200
20230130 NSC -200 -70364499.99999999 7401000.000000001 2000 4300
20230130 NSC 2700 -84197499.99999999 36465000 100 100
20230130 NSC 2800 -77237499.99999999 36465000  1100
20230130 NSC -2800 -77629499.99999999 35975000 2100 2100
20230130 NSC 3000 -84176499.99999999 36486000  300
20230130 NSC 3100 -77046499.99999999 43616000  100
20230130 NSC 3100 -77046499.99999999 43616000  700
20230130 NSC -500 -77468499.99999999 36234000  300
20230130 NSC -500 94500.00000000186 7240000.000000001 600 600
20230130 NSC 600 -77391499.99999999 36213000  3400
20230130 NSC -700 -41867499.999999985 35975000  200
20230130 NSC -800 -77489499.99999999 36213000 1400 1400
20230130 NSC -900 -56127499.999999985 21715000  300
20230130 NSC -900 -70413499.99999999 7401000.000000001 700 700
20230130 NSC "acum_busd" "acum_busd_val" "acum_val_bu" "sd" "sum_vol"
20230131 NSC 0 0 0  700
20230131 NSC 12900 902800 959000  4000
20230131 NSC 13000 909800 966000  100
20230131 NSC 13900 -6000200 1036000 100 1100
20230131 NSC 14000 -5993200 1043000  100
20230131 NSC 18800 20151800 165388000 2000 2000
20230131 NSC 20000 100951800 107988000  6000
20230131 NSC -200 -14200 0 200 200
20230131 NSC 20800 158351800 165388000  800
20230131 NSC -300 -21200 0 100 100
20230131 NSC 3800 265800 322000 100 100
20230131 NSC 3900 272800 322000  4400
20230131 NSC -500 -35200 14000  100
20230131 NSC -600 -42200 7000  100
20230131 NSC -700 -49200 0 400 400
20230131 NSC 7800 545800 602000  4000
20230131 NSC 7900 552800 609000  100
20230131 NSC 8700 608800 665000  800
20230131 NSC 8900 622800 679000  200
20230131 NSC "acum_busd" "acum_busd_val" "acum_val_bu" "sd" "sum_vol"
20230201 NSC 100 -13819000 21000  300
20230201 NSC 200 -13812000 28000  100
20230201 NSC -200 -13840000 0 200 200
20230201 NSC 3300 123474300 194448500 100 100
20230201 NSC 3400 130624300 194448500 500 500
20230201 NSC 3400 130624300 201598500  100
20230201 NSC 3600 144924300 215898500  200
20230201 NSC 3800 159224300 230198500  1800
20230201 NSC 3800 159224300 230198500  200
20230201 NSC 3900 152088500 194448500 100 100
20230201 NSC 4000 159218500 194448500 300 300
20230201 NSC 400 -13798000 42000  200
20230201 NSC 4200 180601200 194441200  3600
20230201 NSC 4300 180608500 194448500  100
20230201 NSC 600 -13784000 56000  200
20230201 NSC "acum_busd" "acum_busd_val" "acum_val_bu" "sd" "sum_vol"
20230202 NSC 100 7180000 7180000  2100
20230202 NSC -1100 -62973800 7264200  400
20230202 NSC -1500 -63001800 7236200 1000 1000
20230202 NSC -200 -48704700 21533300  200
20230202 NSC -200 -48704700 21533300  300
20230202 NSC 300 7194200 7194200  200
20230202 NSC -400 -55791800 14446200  100
20230202 NSC -500 -62931800 7236200 1400 2000
20230202 NSC -500 -62931800 7306200  600
20230202 NSC "acum_busd" "acum_busd_val" "acum_val_bu" "sd" "sum_vol"
20230203 NSC 0 0 0  100
20230203 NSC -500 -34780000 0 500 500
20230203 NSC -700 -48680000 0 200 200
20230203 NSC -800 -55640000 0 100 100
20230203 NSC "acum_busd" "acum_busd_val" "acum_val_bu" "sd" "sum_vol"
20230206 NSC 0 0 0  500
20230206 NSC 100 7050000 7050000  100
20230206 NSC 100 7050000 7050000  200
20230206 NSC "acum_busd" "acum_busd_val" "acum_val_bu" "sd" "sum_vol"
20230207 NSC 1000 -20988800 105200  1300
20230207 NSC 1000 -20988800 105200  200
20230207 NSC 1000 -20988800 105200  400
20230207 NSC 100 7100 7100  100
20230207 NSC 1200 -6488800 42525200  600
20230207 NSC 200 14200 14200  100
20230207 NSC -300 -21079800 14200 500 500
20230207 NSC 600 -48908800 105200 100 100
20230207 NSC 700 -41928800 105200 300 300
20230207 NSC "acum_busd" "acum_busd_val" "acum_val_bu" "sd" "sum_vol"
20230208 NSC 0 79999.99999999907 7070000  100
20230208 NSC -100 -6990000.000000001 0 100 100
20230208 NSC "acum_busd" "acum_busd_val" "acum_val_bu" "sd" "sum_vol"
20230209 NSC 100 49408000 77770000 600 600
20230209 NSC 400 49429000 77791000  300
20230209 NSC 4400 49709000 78071000  4000
20230209 NSC 4500 49716000 78078000  100
20230209 NSC 4600 56796000 85158000  100
20230209 NSC 4600 56796000 85158000  300
20230209 NSC 500 35350000 35350000  500
20230209 NSC 700 49450000 77770000 400 1000
20230209 NSC "acum_busd" "acum_busd_val" "acum_val_bu" "sd" "sum_vol"
20230210 NSC -100 -7040000.000000001 0 100 100
20230210 NSC -200 -14080000.000000002 0 100 100
20230210 NSC -300 -21120000.000000004 0 100 100
20230210 NSC -300 -7054000.000000007 28160000  300
20230210 NSC -500 -35200000.00000001 0 200 200
20230210 NSC -600 -28174000.000000007 7040000.000000001  100
20230210 NSC -700 -35214000.00000001 0 200 200
20230210 NSC "acum_busd" "acum_busd_val" "acum_val_bu" "sd" "sum_vol"
20230213 NSC 0 150000 7150000 100 200
20230213 NSC 0 220000 14220000  100
20230213 NSC 0 220000 28360000 200 200
20230213 NSC 0 320000 35430000 100 100
20230213 NSC -100 -6850000 7150000 100 100
20230213 NSC 100 7290000 35430000  100
20230213 NSC 100 7380000 42490000  100
20230213 NSC 200 14360000 28360000  200
20230213 NSC "acum_busd" "acum_busd_val" "acum_val_bu" "sd" "sum_vol"
20230214 NSC -100 -7010000 14020000  200
20230214 NSC -1100 -76820000 21090000  100
20230214 NSC -1200 -83890000 14020000 600 600
20230214 NSC -300 -21010000 14020000 200 200
20230214 NSC -300 -21030000 0 300 300
20230214 NSC -600 -42010000 14020000 300 300
20230214 NSC "acum_busd" "acum_busd_val" "acum_val_bu" "sd" "sum_vol"
20230216 NSC 100 7180000 7180000  100
20230216 NSC 200 14360000 14360000  100
20230216 NSC 2300 161350000 238360000  3000
20230216 NSC 2700 189350000 266360000  400
20230216 NSC 2800 196440000 273450000  100
20230216 NSC 2800 196440000 273450000  500
20230216 NSC -700 -48650000 28360000  100
20230216 NSC -800 -55650000 21360000  100
20230216 NSC -900 -62650000 14360000 1100 1100
20230216 NSC "acum_busd" "acum_busd_val" "acum_val_bu" "sd" "sum_vol"
20230217 NSC 0 0 0  100
20230217 NSC -10000 -699850000 98300000  100
20230217 NSC -10100 -706850000 91300000  1000
20230217 NSC -11100 -776850000 21300000 11400 11400
20230217 NSC 300 21300000 21300000  300
20230217 NSC -5600 -391800000 406350000  100
20230217 NSC -5700 -398850000 399300000  100
20230217 NSC -5800 -405850000 392300000  500
20230217 NSC -6300 -440850000 357300000  1000
20230217 NSC -7300 -510850000 287300000  100
20230217 NSC -7400 -517850000 280300000  600
20230217 NSC -8000 -559850000 238300000  500
20230217 NSC -8500 -594850000 203300000  100
20230217 NSC -8600 -601850000 196300000  100
20230217 NSC -8700 -608850000 189300000  500
20230217 NSC -9200 -643850000 154300000  200
20230217 NSC -9400 -657850000 140300000  500
20230217 NSC -9900 -692850000 105300000  100
20230217 NSC "acum_busd" "acum_busd_val" "acum_val_bu" "sd" "sum_vol"
20230220 NSC 0 0 7050000  100
20230220 NSC 0 0 7050000  100
20230220 NSC -100 -7030000 7050000 100 100
20230220 NSC -100 -7050000 0 100 100
20230220 NSC "acum_busd" "acum_busd_val" "acum_val_bu" "sd" "sum_vol"
