20221212 NT2 123500 3526915000
20221213 NT2 133400 3711595000
20221214 NT2 -164700 -4503290000
20221215 NT2 45500 1283105000
20221216 NT2 163400 4609670000
20221219 NT2 163400 4609670000
20221220 NT2 -111200 -2995500000
20221221 NT2 76200 2043485000
20221222 NT2 86600 2349850000
20221223 NT2 -23900 -657475000
20221226 NT2 17000 499265000
20221227 NT2 -74700 -2041945000
20221228 NT2 108100 3083985000
20221229 NT2 29200 853335000
20221230 NT2 76400 2209335000
20230103 NT2 95200 2779800000
20230104 NT2 299900 9052750000
20230105 NT2 14900 439680000
20230106 NT2 -482800 -13861800000
20230109 NT2 -208300 -5834155000
20230110 NT2 -9600 -265900000
20230111 NT2 -5400 -42680000
20230112 NT2 -33500 -932730000
20230113 NT2 -33400 -925840000
20230116 NT2 25900 749145000
20230117 NT2 40500 1193585000
20230118 NT2 -41300 -1170780000
20230119 NT2 -129400 -3739400000
20230127 NT2 -332200 -9246065000
20230130 NT2 -318800 -8811925000
20230131 NT2 302000 8575455000
20230201 NT2 -297800 -8357725000
20230202 NT2 -211400 -5738575000
20230203 NT2 -74000 -1975985000
20230206 NT2 150400 4254055000
20230207 NT2 -45400 -1256620000
