20221212 NTC -1300 -152550000
20221213 NTC -2400 -284940000
20221214 NTC -1400 -164760000
20221215 NTC 500 59890000
20221216 NTC 400 47240000
20221219 NTC 200 23430000
20221220 NTC 2200 257140000
20221221 NTC -5100 -567360000
20221222 NTC -2800 -301510000
20221223 NTC 300 34580000
20221226 NTC -100 -11490000
20221227 NTC 500 59340000
20221228 NTC 1800 203580000
20221229 NTC 200 22900000
20221230 NTC -6300 -693440000
20230103 NTC 1400 158320000
20230104 NTC -1000 -110380000
20230105 NTC 2500 280320000
20230106 NTC -500 -55300000
20230109 NTC -100 -11130000
20230110 NTC -1900 -207880000
20230111 NTC 100 11200000
20230112 NTC 1000 112900000
20230113 NTC 800 89810000
20230116 NTC -1200 -130820000
20230117 NTC -2600 -284930000
20230118 NTC 3000 339930000
20230119 NTC 800 91480000
20230127 NTC -700 -80040000
20230130 NTC 1600 190340000
20230131 NTC 2500 297480000
20230201 NTC 3100 385940000
20230202 NTC -9600 -1167110000
20230203 NTC -1100 -132450000
20230206 NTC -1600 -192800000
20230207 NTC -3400 -410710000
