20221212 NVB 100 1900 1900  100
20221212 NVB -10100 -213324400.00000003 24255600  600
20221212 NVB -10200 -215414400.00000003 3465600.0000000005  2000
20221212 NVB -10700 -224664400.00000003 12915600  500
20221212 NVB -11200 -234114400.00000003 3465600.0000000005 1000 1000
20221212 NVB 1200 3200199.999999974 281035600  1500
20221212 NVB -12200 -215452400.00000003 3427600.0000000005 12800 13300
20221212 NVB -1300 -43349800.00000003 234485600  100
20221212 NVB -1400 -45209800.00000003 232625600  700
20221212 NVB -1800 -55449800.00000003 182135600  500
20221212 NVB -2100 -58299800.00000003 219535600  1000
20221212 NVB -2300 -64799800.00000003 172785600  500
20221212 NVB -2800 -71749800.00000003 200835600  1000
20221212 NVB -2800 -74199800.00000003 163385600  2000
20221212 NVB -2800 -74199800.00000003 163385600  400
20221212 NVB -300 -24699800.00000003 253135600  500
20221212 NVB -3100 -76999800.00000003 200835600 300 300
20221212 NVB -3200 -81719800.00000003 155865600  500
20221212 NVB -3700 -91119800.00000003 146465600  2000
20221212 NVB -3700 -91119800.00000003 146465600  500
20221212 NVB -3800 -90449800.00000003 182135600 2000 2000
20221212 NVB -3900 -100264400.00000003 137315600  1500
20221212 NVB -4200 -100269800.00000003 137315600 300 300
20221212 NVB -5400 -127564400.00000003 110015600  1500
20221212 NVB -6900 -154864400.00000003 82715600  400
20221212 NVB -7300 -162144400.00000003 75435600  600
20221212 NVB -7900 -173064400.00000003 64515600  500
20221212 NVB -800 -33999800.00000003 243835600  500
20221212 NVB -8400 -182214400.00000003 55365600  1700
20221212 NVB "acum_busd" "acum_busd_val" "acum_val_bu" "sd" "sum_vol"
20221213 NVB 0 0 0  100
20221213 NVB 1000 18800000 18800000  1000
20221213 NVB 1000 18800000 18800000  500
20221213 NVB 1000 24000000 122860000  100
20221213 NVB 10800 206580000 305440000  3700
20221213 NVB -1100 -15060000 83800000  500
20221213 NVB 11700 243412000 428310000 4700 6800
20221213 NVB 11800 225180000 324040000  1000
20221213 NVB 1200 22590000 28200000 300 800
20221213 NVB 12300 234480000 333340000  500
20221213 NVB 12500 258372000 443270000  800
20221213 NVB 12900 245640000 344500000  600
20221213 NVB 13300 253080000 351940000  400
20221213 NVB 14300 271680000 370540000  1000
20221213 NVB 14300 290262000 389140000 1000 1000
20221213 NVB 14500 295772000 480670000  2000
20221213 NVB 1500 33300000 132160000  500
20221213 NVB 15300 290280000 389140000  1000
20221213 NVB 15500 314472000 499370000  1000
20221213 NVB -1600 -24410000 74450000  500
20221213 NVB 16800 338652000 523550000  1300
20221213 NVB 17800 356852000 541750000  1000
20221213 NVB 20200 409902000 951700000  14600
20221213 NVB -2100 -33810000 65050000  500
20221213 NVB -2600 -43210000 55650000  1000
20221213 NVB 2600 78012000 597550000 1200 1200
20221213 NVB 2900 59340000 158200000  1400
20221213 NVB 2900 83462000 578950000  2000
20221213 NVB -3100 -52660000 36950000  500
20221213 NVB 3400 68640000 167500000  500
20221213 NVB -3600 -61410000 28200000 4800 4800
20221213 NVB -3600 -61910000 36950000 500 2200
20221213 NVB 3800 100212000 597550000 100 100
20221213 NVB 3900 102062000 597550000  1000
20221213 NVB 400 12840000 111700000  1500
20221213 NVB 4400 87240000 186100000  1000
20221213 NVB 4900 96540000 195400000  500
20221213 NVB 500 9400000 9400000  500
20221213 NVB 5500 132012000 662650000 100 100
20221213 NVB 5600 109560000 208420000  700
20221213 NVB 5600 133862000 662650000 500 5300
20221213 NVB 5600 133962000 675760000 600 1300
20221213 NVB 6100 118860000 217720000  500
20221213 NVB 7100 137460000 236320000  1000
20221213 NVB 900 22140000 121000000  500
20221213 NVB 900 46262000 541750000 16900 16900
20221213 NVB "acum_busd" "acum_busd_val" "acum_val_bu" "sd" "sum_vol"
20221214 NVB 100 -7550499.999999993 51039500  1500
20221214 NVB 1100 11349500.000000007 69939500  1000
20221214 NVB 11100 190808999.99999997 298539000 2600 12200
20221214 NVB 11500 198368999.99999997 306099000  400
20221214 NVB 11600 200258999.99999997 307989000  100
20221214 NVB 1200 22680000 22680000  700
20221214 NVB -1400 -35900499.99999999 22689500 2900 2900
20221214 NVB 1500 18909500 22689500 200 700
20221214 NVB 1600 20799500.000000007 79389500  500
20221214 NVB 1700 22689500.000000007 81279500  100
20221214 NVB 2200 32089500.000000007 90679500  500
20221214 NVB 2700 41489500.00000001 100079500  500
20221214 NVB 3200 50939500.00000001 109529500  500
20221214 NVB 3700 60389500.00000001 118979500  500
20221214 NVB 4200 69839500 128429500  500
20221214 NVB 500 9450000 9450000  500
20221214 NVB 69800 1336959000 1579929000 6300 6300
20221214 NVB 70600 1350059000 1457789000  59000
20221214 NVB 70600 1352419000 1599229000 200 200
20221214 NVB 70800 1356259000 1599229000  1000
20221214 NVB 71100 1359909000 1467639000  500
20221214 NVB 72400 1386979000 1633789000  1800
20221214 NVB 72400 1386979000 1633789000  500
20221214 NVB 72900 1396579000 1643389000  500
20221214 NVB 73200 1402119000 1807189000 8200 8200
20221214 NVB 73400 1406179000 1652989000  500
20221214 NVB 74400 1425379000 1672189000  1000
20221214 NVB 75400 1444579000 1691389000  1000
20221214 NVB 76100 1458549000 1579929000 600 600
20221214 NVB 76700 1470249000 1579929000 100 100
20221214 NVB 76800 1472199000 1579929000  5700
20221214 NVB 81400 1560379000 1807189000  6000
20221214 NVB "acum_busd" "acum_busd_val" "acum_val_bu" "sd" "sum_vol"
20221215 NVB -10900 -179340000 155060000 19000 20000
20221215 NVB 12200 265945700 790269500 400 400
20221215 NVB 12500 271725700 788329500 1300 1300
20221215 NVB 12600 273665700 790269500  100
20221215 NVB 12700 275705700 811609500 300 300
20221215 NVB 13000 281495700 811609500 100 100
20221215 NVB 1300 25090000 25090000  600
20221215 NVB -13100 -227574300 203329500  500
20221215 NVB 13100 283425700 811609500 200 200
20221215 NVB 13300 287285700 811609500  1100
20221215 NVB -13400 -227580000 203320000  100
20221215 NVB -13500 -229510000 201390000  600
20221215 NVB -13600 -227583800 203320000 200 200
20221215 NVB 13700 295105700 831009500  1000
20221215 NVB 13800 296975700 788329500 3100 33200
20221215 NVB -14100 -241090000 189810000  500
20221215 NVB 14300 306745700 842649500  600
20221215 NVB -14600 -250740000 180160000  100
20221215 NVB -14600 -250740000 180160000  200
20221215 NVB -14700 -252660000 178240000  400
20221215 NVB -15100 -260380000 170520000  600
20221215 NVB 15300 326145700 862049500  1000
20221215 NVB -15700 -271960000 158940000 5000 5200
20221215 NVB 15900 337785700 873689500  600
20221215 NVB 1700 32810000 32810000  400
20221215 NVB 1800 34740000 34740000  100
20221215 NVB 21800 451585700 1030829500 2200 10300
20221215 NVB 22300 461485700 1040729500  500
20221215 NVB 23100 477435700 1078349500 1100 1100
20221215 NVB 23100 477435700 1078349500  1200
20221215 NVB 24200 499105700 1078349500  1900
20221215 NVB 2800 54040000 54040000  1000
20221215 NVB 3300 63740000 63740000  500
20221215 NVB 4400 85080000 85080000  1100
20221215 NVB 4900 94780000 94780000  500
20221215 NVB 5400 104480000 104480000  500
20221215 NVB 6000 116120000 116120000  600
20221215 NVB 6600 127760000 127760000  600
20221215 NVB 700 13510000 13510000  700
20221215 NVB 7100 137460000 137460000  500
20221215 NVB "acum_busd" "acum_busd_val" "acum_val_bu" "sd" "sum_vol"
20221216 NVB -10600 -218621500 202608500  5100
20221216 NVB 1100 21340000 21340000  500
20221216 NVB -15700 -310931500 110298500 10000 10000
20221216 NVB 1600 31040000 31040000  500
20221216 NVB -16300 -324871500 260038500  200
20221216 NVB -16500 -328651500 256258500 8800 8800
20221216 NVB 1800 34880000 38720000 200 400
20221216 NVB 1800 34900000 34900000  200
20221216 NVB 2600 2264600 587180300  12000
20221216 NVB 2600 2264600 587180300  19400
20221216 NVB 2600 2264600 587180300  25400
20221216 NVB 4200 52218500 108448500 1800 1800
20221216 NVB 4300 54008500 57848500  2500
20221216 NVB 4900 65308500 69148500  600
20221216 NVB 4900 65308500 69148500  900
20221216 NVB 500 9700000 9700000  500
20221216 NVB -5700 -129931500 110298500  100
20221216 NVB 5700 80348500 84188500  800
20221216 NVB -5800 -131781500 108448500 10000 10000
20221216 NVB 6000 86058500 108448500 500 500
20221216 NVB 600 11640000 11640000  100
20221216 NVB 6300 91598500 104688500 500 1600
20221216 NVB 6400 93478500 106568500  100
20221216 NVB 6500 95358500 108448500  100
20221216 NVB -7700 -164971500 256258500  2900
20221216 NVB -9100 -229329700 355580300  7500
20221216 NVB -9400 -229335400 355580300 300 300
20221216 NVB "acum_busd" "acum_busd_val" "acum_val_bu" "sd" "sum_vol"
20221219 NVB 100 1950000 1950000  100
20221219 NVB 100 1950000 1950000  1000
20221219 NVB 100 1950000 1950000  800
20221219 NVB 40100 781950000 781950000  40000
20221219 NVB 61300 1225190000 1484120000 12400 12400
20221219 NVB 61400 1227080000 1486010000  100
20221219 NVB 65400 1302680000 1561610000  4000
20221219 NVB 65800 1310240000 1569170000  400
20221219 NVB 69800 1385840000 1644770000  4000
20221219 NVB 70500 1399070000 1399070000  30400
20221219 NVB 72000 1427420000 1427420000  1500
20221219 NVB 73000 1446320000 1446320000  1000
20221219 NVB 73700 1459550000 1484120000 1300 1300
20221219 NVB 74000 1465220000 1465220000  1000
20221219 NVB 75000 1484120000 1484120000  1000
20221219 NVB 75000 1484120000 1484120000  1000
20221219 NVB "acum_busd" "acum_busd_val" "acum_val_bu" "sd" "sum_vol"
20221220 NVB -100 -1690000 1850000 200 200
20221220 NVB 100 1850000 1850000  100
20221220 NVB 100 1850000 1850000  800
20221220 NVB -1700 -30430000 1850000 1000 1000
20221220 NVB -700 -12730000 1850000 600 600
20221220 NVB "acum_busd" "acum_busd_val" "acum_val_bu" "sd" "sum_vol"
20221221 NVB -4900 -78400 0 4900 5100
20221221 NVB -5000 -1748400 0 100 100
20221221 NVB -5200 -5128400 0 200 200
20221221 NVB -6000 -17848399.999999996 9250000  500
20221221 NVB -6500 -27098399.999999996 0 1300 1300
20221221 NVB "acum_busd" "acum_busd_val" "acum_val_bu" "sd" "sum_vol"
20221222 NVB -100 -1820000 0 100 100
20221222 NVB -10900 -71167300 8500 1900 1900
20221222 NVB -1200 110242700 181418500  500
20221222 NVB -1200 110242700 181418500  5000
20221222 NVB -1700 100892700 172068500  9200
20221222 NVB -7000 -1937300 8500 7400 8000
20221222 NVB -7500 -10487300 8500 500 500
20221222 NVB -8000 -19087300 8500 500 500
20221222 NVB -9000 -36587300 8500 1000 1000
20221222 NVB "acum_busd" "acum_busd_val" "acum_val_bu" "sd" "sum_vol"
20221223 NVB -3000 -51800000 17400000 4000 5000
20221223 NVB -3300 -50970000 144120000 1000 5100
20221223 NVB -5200 -85740000 144120000 1900 1900
20221223 NVB -6300 -106070000 70720000  100
20221223 NVB -6400 -107880000 68910000  100
20221223 NVB -6500 -109710000 67080000  1200
20221223 NVB -7700 -131790000 45000000 300 1800
20221223 NVB -8900 -153870000 17400000 5900 5900
20221223 NVB "acum_busd" "acum_busd_val" "acum_val_bu" "sd" "sum_vol"
20221226 NVB 0 0 0  100
20221226 NVB 0 -1768200 1781800 100 200
20221226 NVB 0 -1788199.9999999998 1800 100 100
20221226 NVB 100 -1616400.0000000012 25053600 100 100
20221226 NVB 100 -1646400.0000000007 23263600 100 100
20221226 NVB 100 1800 1800  100
20221226 NVB -2000 -39836400 25053600 2100 2100
20221226 NVB 200 113599.99999999953 23263600 100 100
20221226 NVB 200 143599.99999999907 25053600  100
20221226 NVB 200 83600 21473600 100 1300
20221226 NVB 300 1873599.9999999998 23263600  100
20221226 NVB -600 -12448200 1781800 600 600
20221226 NVB -900 -17818200 1781800 300 300
20221226 NVB "acum_busd" "acum_busd_val" "acum_val_bu" "sd" "sum_vol"
20221227 NVB 10900 209900000 252467500  1100
20221227 NVB 11900 228600000 271167500  1000
20221227 NVB 12100 232340000 274907500  200
20221227 NVB 13100 251040000 293607500  1000
20221227 NVB 16100 308140000 368807500 1000 1000
20221227 NVB 17100 326240000 368807500  4000
20221227 NVB 17100 326940000 387607500  1000
20221227 NVB -200 -3620000.0000000005 0 200 200
20221227 NVB 22600 430890000 491557500  5500
20221227 NVB 23600 449790000 510457500  1000
20221227 NVB 25800 490710000 551377500  2200
20221227 NVB 29800 565910000 626577500  4000
20221227 NVB 33100 628280000 688947500  5000
20221227 NVB 5900 117120000 156047500 100 100
20221227 NVB 6000 118940000 156047500 100 200
20221227 NVB 600 -25422000 47500 1700 9200
20221227 NVB 6100 120790000 156047500 2500 10500
20221227 NVB 6900 135620000 174547500  1000
20221227 NVB 7700 150480000 193047500 200 200
20221227 NVB 7900 154120000 193047500  1000
20221227 NVB 8700 168980000 211547500  1000
20221227 NVB 9800 189330000 231897500  1100
20221227 NVB "acum_busd" "acum_busd_val" "acum_val_bu" "sd" "sum_vol"
20221228 NVB -11600 -317086500 76923500  4000
20221228 NVB -1500 -219581500 174428500  3100
20221228 NVB -15600 -317162500 76847500 10000 12000
20221228 NVB 2000 38400000 38400000  2000
20221228 NVB 2900 56890000 76800000 500 500
20221228 NVB 2900 56890000 76800000  800
20221228 NVB 3400 56899500 76809500  1400
20221228 NVB 3400 56899500 76809500  500
20221228 NVB 3400 65940000 76800000 300 300
20221228 NVB 3700 71370000 76800000 200 200
20221228 NVB 3900 74990000 76800000 100 100
20221228 NVB 4000 76800000 76800000  2000
20221228 NVB -4600 -278791500 115218500  7000
20221228 NVB 48500 775418499.9999999 1169428500  50000
20221228 NVB -6600 -124100500 76809500 10000 10000
20221228 NVB -7600 -142200500 76809500 1000 1000
20221228 NVB "acum_busd" "acum_busd_val" "acum_val_bu" "sd" "sum_vol"
20221229 NVB 0 2870000.00000003 196020000  2000
20221229 NVB 1000 20300000 20300000  1000
20221229 NVB 1000 21370000.00000003 214520000  1000
20221229 NVB -1100 -17809999.999999985 122020000 7000 7300
20221229 NVB 1100 22190000 27700000  400
20221229 NVB 1200 24040000 29550000  100
20221229 NVB 1200 25070000.00000003 218220000  200
20221229 NVB -1300 -21449999.999999985 122020000 200 200
20221229 NVB -2000 -34129999.99999997 159020000  2000
20221229 NVB 2000 38840000 44350000  800
20221229 NVB 2100 40690000 46200000  100
20221229 NVB 2200 42540000 48050000  100
20221229 NVB 3300 63880000.00000003 264470000 400 400
20221229 NVB 3600 68440000 73950000  1400
20221229 NVB 3700 71320000.00000003 264470000  2500
20221229 NVB -4000 -71129999.99999997 122020000 2700 2700
20221229 NVB 5600 105470000 116500000 300 300
20221229 NVB 5900 110990000 116500000  2300
20221229 NVB -63100 -1375720000 338470000 70400 70400
20221229 NVB 700 14790000 20300000 300 300
20221229 NVB 7300 137880000.00000003 338470000  4000
20221229 NVB "acum_busd" "acum_busd_val" "acum_val_bu" "sd" "sum_vol"
20221230 NVB 14600 182362000 396962000 8000 8000
20221230 NVB 15600 202162000 416762000  1000
20221230 NVB 16500 219982000 434582000  900
20221230 NVB 17500 239782000 454382000  1000
20221230 NVB 17600 236362000 294962000  10000
20221230 NVB 19200 276492000 597502000 2000 2000
20221230 NVB 21000 312672000 633682000  1800
20221230 NVB 21200 316692000 597502000 2000 2000
20221230 NVB 21500 321682000 536282000  4000
20221230 NVB 21600 323812000 542432000 200 200
20221230 NVB 21700 325782000 540382000  200
20221230 NVB 21800 327832000 542432000  100
20221230 NVB 22600 338362000 396962000  5000
20221230 NVB 23000 352872000 589462000 400 400
20221230 NVB 23000 352872000 673882000  2000
20221230 NVB 23100 354762000 583432000 500 500
20221230 NVB 23200 356892000 597502000 200 200
20221230 NVB 23400 360792000 589462000  300
20221230 NVB 23400 360912000 597502000  400
20221230 NVB 23600 364692000 699492000 700 700
20221230 NVB 23600 364812000 583432000  2000
20221230 NVB 24300 378482000 699492000  1300
20221230 NVB 25800 408032000 742832000  2200
20221230 NVB 26000 411972000 746772000  200
20221230 NVB 26500 421872000 766472000 500 1500
20221230 NVB 26500 421872000 766472000  58100
20221230 NVB 7600 136762000 195362000 2000 2000
20221230 NVB 8000 156250000 175850000 1000 10000
20221230 NVB 9600 175762000 195362000  1600
20221230 NVB "acum_busd" "acum_busd_val" "acum_val_bu" "sd" "sum_vol"
20230103 NVB -10000 52033200 100817200  3800
20230103 NVB 100 233783200 389867200  1200
20230103 NVB 100 253963200 410067200  1000
20230103 NVB 10300 462473200 673517200  1000
20230103 NVB -10900 35263200 177457200  100
20230103 NVB -11000 33303200 175497200 2100 2100
20230103 NVB -1100 209443200 365527200  500
20230103 NVB 11300 482773200 693817200  1000
20230103 NVB 12300 503073200 714117200  1000
20230103 NVB -12900 -5776800 7200 13300 13700
20230103 NVB -13100 -9206800 15527200  300
20230103 NVB 13300 523373200 734417200  1000
20230103 NVB -13400 -15026800 9707200 500 1000
20230103 NVB -13400 -15476800 7200 500 600
20230103 NVB -13800 -21676800 27107200  300
20230103 NVB -14100 -27466800 21317200  300
20230103 NVB -14100 -27706800 15527200 1000 1000
20230103 NVB 14300 543673200 754717200  1000
20230103 NVB -14400 -33256800 15527200 300 300
20230103 NVB 1500 282633200 470517200 600 600
20230103 NVB 15300 563973200 775017200  1000
20230103 NVB -1600 199343200 355427200  2000
20230103 NVB 1600 284413200 460417200  2000
20230103 NVB 17300 604573200 815617200  2000
20230103 NVB 18300 624873200 835917200  1000
20230103 NVB 19300 645173200 856217200  1000
20230103 NVB 20300 665473200 876517200  1000
20230103 NVB 2100 294513200 470517200  500
20230103 NVB 21200 685771200 896817200 100 1100
20230103 NVB 23600 734491200 945537200  2400
20230103 NVB 3500 323233200 511117200  2000
20230103 NVB -3600 158943200 315027200 700 2200
20230103 NVB -400 244013200 420017200  500
20230103 NVB -4400 162863200 305057200  1000
20230103 NVB 4500 343533200 531417200  1000
20230103 NVB 4800 350823200 561867200 1200 1200
20230103 NVB -5400 143063200 285257200  500
20230103 NVB -5400 143063200 285257200  500
20230103 NVB 5500 363833200 551717200  1000
20230103 NVB 5800 371123200 582167200  1000
20230103 NVB -5900 133263200 275457200  1000
20230103 NVB 6000 373983200 561867200  100
20230103 NVB 6000 373983200 561867200  500
20230103 NVB 6000 373983200 561867200  700
20230103 NVB 6800 391423200 602467200  1000
20230103 NVB 6800 391423200 602467200  1000
20230103 NVB -6900 113663200 255857200  500
20230103 NVB -7400 103863200 246057200  2000
20230103 NVB 8300 421873200 632917200  1500
20230103 NVB -8900 74043200 175497200 1500 3300
20230103 NVB -900 233763200 389867200 1000 2000
20230103 NVB -900 234063200 410067200 1000 1000
20230103 NVB -9200 68013200 140217200 1200 3200
20230103 NVB 9300 442173200 653217200  1000
20230103 NVB -9400 64663200 206857200  1500
20230103 NVB "acum_busd" "acum_busd_val" "acum_val_bu" "sd" "sum_vol"
20230104 NVB 10000 164488000 166518000  300
20230104 NVB 10800 180648000 182678000  800
20230104 NVB 11200 188728000 190758000  400
20230104 NVB 11700 198828000 200858000  500
20230104 NVB 12600 217008000 219038000  900
20230104 NVB 1300 26470000 26470000  800
20230104 NVB 13100 227108000 229138000  500
20230104 NVB 14000 227126000 229156000  900
20230104 NVB 14500 227136000 229166000  500
20230104 NVB 15500 227156000 229186000  1000
20230104 NVB 15700 227160000 229190000  200
20230104 NVB 1600 32590000 32590000  300
20230104 NVB 16600 245250000 247280000  900
20230104 NVB 17000 255298000 257338000  100
20230104 NVB 17000 255298000 257338000 500 1400
20230104 NVB 17000 255298000 257338000  8000
20230104 NVB 2000 40760000 42790000 100 600
20230104 NVB 2800 57000000 59030000  800
20230104 NVB 3300 67150000 69180000  500
20230104 NVB 3600 73240000 75270000  300
20230104 NVB 4400 89480000 91510000  800
20230104 NVB 4600 93540000 95570000  200
20230104 NVB 500 10150000 10150000  500
20230104 NVB 5100 103690000 105720000  500
20230104 NVB 5300 107750000 109780000  200
20230104 NVB 6700 136170000 138200000  1400
20230104 NVB 7200 136180000 138210000  500
20230104 NVB 7300 136182000 138212000  100
20230104 NVB 7600 136188000 138218000  300
20230104 NVB 7800 136192000 138222000  200
20230104 NVB 8600 136208000 138238000  800
20230104 NVB 9400 152368000 154398000  800
20230104 NVB 9700 158428000 160458000  100
20230104 NVB 9700 158428000 160458000  300
20230104 NVB "acum_busd" "acum_busd_val" "acum_val_bu" "sd" "sum_vol"
20230105 NVB 10700 15070000 16930000 100 10900
20230105 NVB 15700 15175000 17035000  5000
20230105 NVB 30700 119885000 121745000  15000
20230105 NVB 50700 535885000 537745000  20000
20230105 NVB 55800 641965000 643825000  5100
20230105 NVB 56300 652365000 654225000  500
20230105 NVB 56500 656425000 658285000  200
20230105 NVB 57000 666575000 668435000  500
20230105 NVB 57800 682815000 684675000  800
20230105 NVB 58300 692965000 694825000  500
20230105 NVB 59600 719355000 721215000  1300
20230105 NVB 60100 729505000 731365000  500
20230105 NVB 60600 739655000 741515000  500
20230105 NVB 61100 749805000 751665000  500
20230105 NVB 61900 766045000 767905000  800
20230105 NVB 62700 782285000 784145000  800
20230105 NVB 63200 792435000 794295000  500
20230105 NVB 63700 802685000 804545000  500
20230105 NVB 64600 821135000 822995000  900
20230105 NVB 65100 831385000 833245000  500
20230105 NVB 65100 831585000 843595000 500 500
20230105 NVB 65100 831585000 843595000  900
20230105 NVB 65600 841735000 843595000  500
20230105 NVB 65600 841735000 843595000  500
20230105 NVB 65600 841935000 853945000  500
20230105 NVB 66700 941631000 1011265000 3700 3700
20230105 NVB 67400 879195000 891205000  1800
20230105 NVB 68400 899895000 911905000  1000
20230105 NVB 69200 916455000 928465000  800
20230105 NVB 70200 937155000 949165000  1000
20230105 NVB 70400 941705000 1011265000 500 600
20230105 NVB 70900 951955000 1011265000 1400 1400
20230105 NVB 71200 957855000 969865000  1000
20230105 NVB 72300 980795000 1011265000 100 100
20230105 NVB 72400 982855000 1011265000 800 900
20230105 NVB 73100 997185000 1009195000  1900
20230105 NVB "acum_busd" "acum_busd_val" "acum_val_bu" "sd" "sum_vol"
20230106 NVB 25000 530976000 740036000 500 500
20230106 NVB 25500 541026000 740036000 9900 9900
20230106 NVB 32000 529158000 740178000 100 100
20230106 NVB 32100 531118000 740178000  7100
20230106 NVB 32100 531148000 742168000  100
20230106 NVB 32100 531148000 742168000  400
20230106 NVB 34000 737980000 738000000 1000 1000
20230106 NVB 34000 737980000 738000000  1500
20230106 NVB 34100 737982000 738002000  100
20230106 NVB 34100 737982000 738002000  500
20230106 NVB 34600 737992000 738012000  500
20230106 NVB 35000 738000000 738000000  35000
20230106 NVB 35300 738006000 738026000  700
20230106 NVB 35400 740016000 740036000  100
20230106 NVB "acum_busd" "acum_busd_val" "acum_val_bu" "sd" "sum_vol"
20230109 NVB 108700 2167616600 4319048000 20000 80000
20230109 NVB 109700 2187316600 4338748000  21000
20230109 NVB 109700 2187316600 4338748000  500
20230109 NVB 13400 271318600 417030000 1000 1000
20230109 NVB 13700 271324600 417036000  2000
20230109 NVB 13700 271324600 417036000  300
20230109 NVB 13900 261238600 406930000 600 600
20230109 NVB 14400 271338600 417030000  500
20230109 NVB 14500 261250000 406930000 500 500
20230109 NVB 14700 306316600 1250048000  19400
20230109 NVB 14700 306316600 1250048000 20400 79800
20230109 NVB 14800 292994600 438706000  1100
20230109 NVB 15000 271100000 406930000 500 500
20230109 NVB 15500 281200000 406930000 300 300
20230109 NVB 15800 287350000 406930000 500 500
20230109 NVB 16300 297640000 406930000 300 500
20230109 NVB 16500 301770000 404850000 1600 1600
20230109 NVB 18000 333000000 370000000 2000 22000
20230109 NVB 18100 334890000 404850000 1600 3300
20230109 NVB -4200 -67913400 465968000  100
20230109 NVB -4300 -67915400 465966000 900 2300
20230109 NVB -4500 -73843400 465968000 300 300
20230109 NVB -4800 -77445400 438706000 19600 19600
20230109 NVB 48700 979616600 2735048000 21000 36000
20230109 NVB 54700 1098316600 2438048000 20000 80000
20230109 NVB 68700 1375616600 3131048000  100000
20230109 NVB 68700 1375616600 3131048000  24500
20230109 NVB "acum_busd" "acum_busd_val" "acum_val_bu" "sd" "sum_vol"
20230110 NVB -1600 -31680000 3960000 1800 2000
20230110 NVB -3200 -63360000 19800000  800
20230110 NVB -3800 -75240000 3960000 2200 2200
20230110 NVB -4000 -79200000 3960000 200 200
20230110 NVB "acum_busd" "acum_busd_val" "acum_val_bu" "sd" "sum_vol"
20230111 NVB 100 32610000 32640000 1500 2000
20230111 NVB 10800 232446000 262176000  1000
20230111 NVB 1100 22440000 22440000  1100
20230111 NVB 11800 252546000 282276000  1000
20230111 NVB 1400 42776000 42806000  500
20230111 NVB 1900 52876000 52906000  4200
20230111 NVB 1900 52876000 52906000  500
20230111 NVB 2900 73276000 73306000  1000
20230111 NVB 3500 86206000 115936000 1500 1500
20230111 NVB 3900 93576000 93606000  1000
20230111 NVB 4900 113876000 113906000  1000
20230111 NVB 5000 115906000 115936000  100
20230111 NVB 5000 115906000 115936000  500
20230111 NVB 5800 131746000 161476000  2300
20230111 NVB 6800 151946000 181676000  3700
20230111 NVB 7800 172146000 201876000  1000
20230111 NVB 8800 192246000 221976000  1000
20230111 NVB 900 32626000 32656000  800
20230111 NVB 9200 200286000 282276000 2600 2600
20230111 NVB 9800 212346000 242076000  1000
20230111 NVB "acum_busd" "acum_busd_val" "acum_val_bu" "sd" "sum_vol"
20230112 NVB 100 -58648000.00000001 6032000 3300 3400
20230112 NVB 1500 -31856000 42574000  1800
20230112 NVB 3000 60000 60000  3000
20230112 NVB -300 -68396000 6034000  100
20230112 NVB 3300 6030000 6030000  100
20230112 NVB 3300 6030000 6030000  200
20230112 NVB 3300 6030000 6030000  300
20230112 NVB -400 -68398000 6032000 500 500
20230112 NVB "acum_busd" "acum_busd_val" "acum_val_bu" "sd" "sum_vol"
20230113 NVB 1100 22640000 42940000 1000 3100
20230113 NVB 37200 774190000 794490000  36100
20230113 NVB 37500 780860000 811210000 100 100
20230113 NVB 37600 782790000 811210000 400 400
20230113 NVB 38000 790910000 811210000  800
20230113 NVB 40500 841760000 872110000  3000
20230113 NVB 40900 851010000 912710000 400 400
20230113 NVB 41300 858850000 912710000 1000 1000
20230113 NVB 42300 878450000 912710000 100 100
20230113 NVB 42400 880410000 912710000 100 100
20230113 NVB 42500 882360000 912710000  2000
20230113 NVB "acum_busd" "acum_busd_val" "acum_val_bu" "sd" "sum_vol"
20230116 NVB -100 -1960000.0000000002 0 100 100
20230116 NVB 100 1960000 7840000.000000001  400
20230116 NVB 17600 2310000 8190000.000000001  60000
20230116 NVB 17600 2310000 8190000.000000001  97500
20230116 NVB -300 -5880000.000000001 0 200 200
20230116 NVB 48700 2932000 8812000  100
20230116 NVB 48700 2932000 8812000  31100
20230116 NVB "acum_busd" "acum_busd_val" "acum_val_bu" "sd" "sum_vol"
20230117 NVB 10400 203840000.00000003 205800000.00000003 100 100
20230117 NVB 10400 203840000.00000003 205802000.00000003 100 200
20230117 NVB 10500 205800000.00000003 205800000.00000003  10500
20230117 NVB 10500 205800000.00000003 205800000.00000003  1500
20230117 NVB 22100 439010000.00000006 447002000.00000006 100 100
20230117 NVB 22200 435196000.00000006 447008000.00000006 200 500
20230117 NVB 22200 441020000.00000006 447002000.00000006 100 100
20230117 NVB 22300 443030000.00000006 447002000.00000006 100 100
20230117 NVB 22400 445040000.00000006 447002000.00000006  12000
20230117 NVB "acum_busd" "acum_busd_val" "acum_val_bu" "sd" "sum_vol"
20230118 NVB 10300 207630000 207630000  1000
20230118 NVB 11500 207654000 207654000  1200
20230118 NVB 12200 207668000 207668000  700
20230118 NVB 13900 207702000 207702000  1700
20230118 NVB 1400 28560000 28560000  600
20230118 NVB 14500 207714000 207714000  600
20230118 NVB 16100 227826000 227826000  1600
20230118 NVB 16400 233856000 233856000  300
20230118 NVB 17400 253956000 253956000  1000
20230118 NVB 17800 261996000 261996000  400
20230118 NVB 18800 262016000 262016000  1000
20230118 NVB 200 4079999.9999999995 4079999.9999999995  200
20230118 NVB 20100 262042000 262042000  1300
20230118 NVB 20800 262055300 262055300  700
20230118 NVB 21800 262075300 262075300  1000
20230118 NVB 21900 262077300 262077300  100
20230118 NVB 22900 262097300 262097300  1000
20230118 NVB 23400 262107300 262107300  500
20230118 NVB 2400 48660000 48660000  1000
20230118 NVB 24400 262127300 262127300  1000
20230118 NVB 26900 262177300 262177300  2500
20230118 NVB 27500 262189300 262189300  600
20230118 NVB 28500 262209300 262209300  1000
20230118 NVB 3000 60720000 60720000  600
20230118 NVB 30800 262255300 262255300  2300
20230118 NVB 31200 262263300 262263300  400
20230118 NVB 3400 68760000 68760000  400
20230118 NVB 3900 78810000 78810000  500
20230118 NVB 5000 100920000 100920000  1100
20230118 NVB 5400 108960000 108960000  400
20230118 NVB 5900 119010000 119010000  500
20230118 NVB 6800 137190000 137190000  900
20230118 NVB 7300 147290000 147290000  500
20230118 NVB 7700 155370000 155370000  400
20230118 NVB 800 16320000 16320000  600
20230118 NVB 8200 165420000 165420000  500
20230118 NVB 8800 177480000 177480000  600
20230118 NVB 9300 187530000 187530000  500
20230118 NVB "acum_busd" "acum_busd_val" "acum_val_bu" "sd" "sum_vol"
20230119 NVB 1400 28140000.000000004 28140000.000000004  1400
20230119 NVB 22100 86786000.00000001 86786000.00000001  17800
20230119 NVB 23500 114926000.00000001 114926000.00000001  1400
20230119 NVB 25500 114966000.00000001 114966000.00000001  2000
20230119 NVB 2800 56280000.00000001 56280000.00000001  1400
20230119 NVB 28300 115022000.00000001 115022000.00000001  2800
20230119 NVB 28600 99764000.00000001 115044000.00000001 800 800
20230119 NVB 29400 115044000.00000001 115044000.00000001  1100
20230119 NVB 30000 99792000.00000001 115072000.00000001  1400
20230119 NVB 31400 99820000.00000001 115100000.00000001  1400
20230119 NVB 32800 99848000.00000001 115128000.00000001  1400
20230119 NVB 34200 99876000.00000001 115156000.00000001  1400
20230119 NVB 35300 94174000.00000001 115184000.00000001 300 300
20230119 NVB 35600 99904000.00000001 115184000.00000001  1400
20230119 NVB 37300 94214000.00000001 115224000.00000001  2000
20230119 NVB 4300 86430000.00000001 86430000.00000001  1500
20230119 NVB "acum_busd" "acum_busd_val" "acum_val_bu" "sd" "sum_vol"
20230127 NVB -100 -2000 0 100 100
20230127 NVB 11000 197864000 197866000  1300
20230127 NVB 11500 197874000 197876000  500
20230127 NVB 12300 197890000 197892000  800
20230127 NVB 13300 197910000 197912000  1000
20230127 NVB 13400 197912000 197914000  100
20230127 NVB 1400 30748000 30750000  1500
20230127 NVB 15000 197944000 197946000  1600
20230127 NVB 15100 201862000 201886000 600 800
20230127 NVB 15500 197954000 197966000 500 500
20230127 NVB 15800 201876000 201900000  1000
20230127 NVB 16000 197964000 197966000  1000
20230127 NVB 17800 242076000 242100000  2000
20230127 NVB 18500 256146000 256170000  700
20230127 NVB 20900 304386000 304410000  2400
20230127 NVB 21100 308406000 308430000  200
20230127 NVB 2300 49018000 49020000  900
20230127 NVB 2700 57138000 57140000  400
20230127 NVB 300 8198000 8200000  400
20230127 NVB 3200 67188000 67190000  500
20230127 NVB 4000 83268000 83270000  800
20230127 NVB 4100 85278000 85280000  100
20230127 NVB 5100 105378000 105380000  1000
20230127 NVB 5900 121458000 121460000  800
20230127 NVB 6400 131508000 131510000  500
20230127 NVB 7200 147588000 147590000  800
20230127 NVB 7700 157638000 157640000  500
20230127 NVB 8300 169698000 169700000  600
20230127 NVB 8800 179748000 179750000  500
20230127 NVB 9700 197838000 197840000  900
20230127 NVB "acum_busd" "acum_busd_val" "acum_val_bu" "sd" "sum_vol"
20230130 NVB -100 -1970000 0 100 100
20230130 NVB -15900 84498100 198140000  2000
20230130 NVB -15900 84498100 198140000  800
20230130 NVB -17900 45298100 158940000  100
20230130 NVB -18000 43348100 156800000 25000 25000
20230130 NVB -18000 43348100 156990000  200
20230130 NVB -18200 43344300 156986200  100
20230130 NVB -18300 43342400 156984300  100
20230130 NVB -18400 43340500 156982400  9600
20230130 NVB -28000 43158100 156800000 10000 10000
20230130 NVB 6700 131310000 133280000  6800
20230130 NVB 7000 139228100 156800000 100 100
20230130 NVB 7100 139230000 156800000 800 800
20230130 NVB 7200 141110000 143080000  500
20230130 NVB 7400 145030000 147000000  200
20230130 NVB 7900 154830000 156800000  500
20230130 NVB "acum_busd" "acum_busd_val" "acum_val_bu" "sd" "sum_vol"
20230131 NVB 10400 195298100.00000003 195300000.00000003 100 100
20230131 NVB 10400 195328100.00000003 197260000.00000003 100 100
20230131 NVB 10500 195300000.00000003 195300000.00000003  12000
20230131 NVB 10500 197258100.00000003 197260000.00000003  100
20230131 NVB 1100 16908100.000000022 231860000.00000003  100
20230131 NVB 1100 16908100.000000022 231860000.00000003 3000 3100
20230131 NVB 1100 16918100.000000022 233780000.00000003 100 100
20230131 NVB 1200 18828100.000000022 233780000.00000003  100
20230131 NVB 1200 18838100.000000022 235700000.00000003  100
20230131 NVB 1900 32498100.000000022 257040000.00000003  1100
20230131 NVB 2400 41528100.00000003 197260000.00000003 6000 6000
20230131 NVB 2400 41568100.00000003 199220000.00000003 100 200
20230131 NVB 3900 70368100.00000003 228020000.00000003  1500
20230131 NVB 4000 72288100.00000003 229940000.00000003  100
20230131 NVB 6300 117858100.00000003 342400000  4400
20230131 NVB 800 11158100.000000022 235700000.00000003 400 400
20230131 NVB 8400 156728100.00000003 197260000.00000003 2000 2900
20230131 NVB "acum_busd" "acum_busd_val" "acum_val_bu" "sd" "sum_vol"
20230201 NVB 0 0 0  100
20230201 NVB -1000 -242160100 313500  200
20230201 NVB 100 -242139200 334400  1000
20230201 NVB -1200 -242163900 309700  3500
20230201 NVB -12800 -242384300 5700 100 400
20230201 NVB -13000 -240500000 0 13000 13000
20230201 NVB 1600 -242110700 362900  1500
20230201 NVB 2600 -254408400 82895200 400 400
20230201 NVB 3000 -246648400 82895200  500
20230201 NVB 3000 -246648400 82895200 500 500
20230201 NVB 3300 -242078400 395200  1700
20230201 NVB 3500 -236998400 82895200 200 200
20230201 NVB 3700 -233138400 82895200 100 100
20230201 NVB 3700 -233768400 47455200 2000 4400
20230201 NVB 3800 -231208400 82895200 1100 1100
20230201 NVB -4700 -242230400 243200  2000
20230201 NVB 4900 -209978400 82895200 500 500
20230201 NVB 5300 -202228400 80945200 100 100
20230201 NVB 5300 -202228400 80945200  800
20230201 NVB 5400 -200278400 80945200  1700
20230201 NVB 5400 -200278400 82895200  100
20230201 NVB -6700 -242268400 205200  3000
20230201 NVB -7300 -242279800 110200  5500
20230201 NVB -7700 -242287400 110200 400 400
20230201 NVB -8700 -242306400 167200 4000 7000
20230201 NVB -900 -242158200 315400  100
20230201 NVB "acum_busd" "acum_busd_val" "acum_val_bu" "sd" "sum_vol"
20230202 NVB 1000 19400000 19400000  900
20230202 NVB 100 1939999.9999999998 1939999.9999999998  100
20230202 NVB 10700 19594000 19594000  4600
20230202 NVB 10900 19598000 19598000  200
20230202 NVB 11400 19608000 19608000  500
20230202 NVB 11900 29358000 29358000  500
20230202 NVB 12000 31308000 31308000  100
20230202 NVB 14800 85908000 85908000  2800
20230202 NVB 15300 95658000 95658000  500
20230202 NVB 17600 95704000 95704000  2300
20230202 NVB 22200 95796000 95796000  4600
20230202 NVB 23000 95812000 95812000  800
20230202 NVB 27600 95904000 95904000  4600
20230202 NVB 28200 107844000 107844000  600
20230202 NVB 33400 107948000 107948000  5200
20230202 NVB 33500 107950000 107950000  100
20230202 NVB 34300 107966000 107966000  800
20230202 NVB 38900 108058000 108058000  4600
20230202 NVB 40900 147858000 147858000  2000
20230202 NVB 46300 147966000 147966000  5400
20230202 NVB 47000 147980000 147980000  700
20230202 NVB 51600 148072000 148072000  4600
20230202 NVB 52300 162002000 162002000  700
20230202 NVB 5600 19492000 19492000  4600
20230202 NVB 57100 162098000 162098000  4800
20230202 NVB 57600 162108000 162108000  500
20230202 NVB 6100 19502000 19502000  500
20230202 NVB "acum_busd" "acum_busd_val" "acum_val_bu" "sd" "sum_vol"
20230203 NVB 10200 199590000 225000000  1200
20230203 NVB 11200 219090000 244500000  1000
20230203 NVB 14200 277890000 303300000  3000
20230203 NVB 4000 78000000 78000000  3400
20230203 NVB 500 9750000 9750000  500
20230203 NVB 5900 115250000 117200000 100 100
20230203 NVB 6000 117200000 117200000  2000
20230203 NVB 600 11700000 11700000  100
20230203 NVB 6600 128970000 130920000  700
20230203 NVB 6900 134850000 136800000  300
20230203 NVB 7200 140730000 142680000  300
20230203 NVB 7600 148570000 150520000  400
20230203 NVB 7800 152490000 164240000 500 500
20230203 NVB 8300 162290000 164240000  11000
20230203 NVB 8300 162290000 164240000  700
20230203 NVB 8500 166270000 191680000 100 100
20230203 NVB 8600 168230000 191680000 600 600
20230203 NVB 9000 176070000 201480000  500
20230203 NVB 9100 177970000 189720000  1300
20230203 NVB 9200 179930000 191680000  100
20230203 NVB "acum_busd" "acum_busd_val" "acum_val_bu" "sd" "sum_vol"
20230206 NVB 0 0 0  200
20230206 NVB 100 1950000 1950000  100
20230206 NVB 10300 201870000 201870000  4200
20230206 NVB 6100 119550000.00000001 119550000.00000001  6000
20230206 NVB "acum_busd" "acum_busd_val" "acum_val_bu" "sd" "sum_vol"
20230207 NVB 1000 19650000 19650000  200
20230207 NVB 100 2340000 56890000 500 500
20230207 NVB -1200 -22879999.999999996 56890000 1300 1300
20230207 NVB 1200 23740000 56890000 300 300
20230207 NVB 1500 29590000 56890000 1100 1100
20230207 NVB 1600 31440000 37290000  900
20230207 NVB -1800 -34400000 56890000 600 600
20230207 NVB 2600 51040000 56890000  1000
20230207 NVB 300 5880000 5880000  300
20230207 NVB 600 12040000 56890000 600 600
20230207 NVB 700 13800000 19650000 300 300
20230207 NVB 800 15730000 15730000  500
20230207 NVB "acum_busd" "acum_busd_val" "acum_val_bu" "sd" "sum_vol"
20230208 NVB 1500 29400000.000000004 29400000.000000004  1500
20230208 NVB 36000 747000000 747000000  34500
20230208 NVB 36500 757100000 757100000  500
20230208 NVB 37000 757110000 757110000  500
20230208 NVB 37500 757120000 757120000  500
20230208 NVB 38000 757130000 757130000  500
20230208 NVB 38500 766930000 766930000  500
20230208 NVB 39000 776730000 776730000  500
20230208 NVB 40200 800280000 802210000 100 100
20230208 NVB 40300 802210000 802210000  1300
20230208 NVB 40700 810080000 812010000  500
20230208 NVB 41200 819880000 821810000  500
20230208 NVB 42200 839380000 841310000  1000
20230208 NVB 43200 858880000 860810000  1000
20230208 NVB 43200 858880000 860810000  1000
20230208 NVB 44200 878480000 880410000  1000
20230208 NVB "acum_busd" "acum_busd_val" "acum_val_bu" "sd" "sum_vol"
20230209 NVB 0 30000.000000000233 1960000.0000000002  100
20230209 NVB -100 -1930000 0 100 100
20230209 NVB 3300 64380000 85810000 400 400
20230209 NVB 3700 72180000 85810000 600 600
20230209 NVB 4300 83880000 85810000  4300
20230209 NVB "acum_busd" "acum_busd_val" "acum_val_bu" "sd" "sum_vol"
20230210 NVB -1000 -19300000 0 1000 1000
20230210 NVB -1100 -21230000 9650000  100
20230210 NVB -1100 -21230000 9650000  500
20230210 NVB -1300 -25070000 9650000 200 200
20230210 NVB -1500 -28950000 0 500 500
20230210 NVB -1600 -30880000 0 100 100
20230210 NVB "acum_busd" "acum_busd_val" "acum_val_bu" "sd" "sum_vol"
20230213 NVB -1600 -30400000 0 1200 1200
20230213 NVB -1900 -38430000 71760000  1600
20230213 NVB -2800 -54810000 71760000 900 900
20230213 NVB -3200 -60800000 0 1600 1600
20230213 NVB -3500 -67390000 42800000  1000
20230213 NVB -400 -7600000 0 400 400
20230213 NVB -4400 -83600000 24700000  1300
20230213 NVB -4500 -85490000 24700000  100
20230213 NVB -4500 -85490000 24700000 100 100
20230213 NVB -5200 -98490000 71760000 2400 2400
20230213 NVB -5700 -108300000 0 2500 2500
20230213 NVB -7800 -145390000 75540000  200
20230213 NVB -7800 -145390000 75540000  700
20230213 NVB -8000 -149170000 71760000  2700
20230213 NVB -8000 -149170000 71760000 2800 2800
20230213 NVB "acum_busd" "acum_busd_val" "acum_val_bu" "sd" "sum_vol"
20230214 NVB -10400 -189770000 0 1700 1700
20230214 NVB -11600 -211610000 0 1200 1200
20230214 NVB -1200 -21840000 0 1200 1200
20230214 NVB -12100 -220710000 0 500 500
20230214 NVB -13300 -242550000 0 1200 1200
20230214 NVB -13800 -251650000 0 500 500
20230214 NVB -14800 -269850000 0 1000 1000
20230214 NVB -1600 -29120000 0 400 400
20230214 NVB -17000 -309670000 0 2200 2200
20230214 NVB -17900 -326050000 0 900 900
20230214 NVB -18500 -337030000 0 600 600
20230214 NVB -19700 -358990000 0 1200 1200
20230214 NVB -20400 -371730000 0 700 700
20230214 NVB -2100 -38220000 0 500 500
20230214 NVB -31800 -578840000 0 11400 11700
20230214 NVB -31800 -578840000 0  5800
20230214 NVB -3300 -60060000 0 1200 1200
20230214 NVB -3800 -69160000 0 500 500
20230214 NVB -4300 -78260000 0 500 500
20230214 NVB -5500 -100100000 0 1200 1200
20230214 NVB -6000 -109250000 0 500 500
20230214 NVB -6500 -118400000 0 500 500
20230214 NVB -7700 -140360000 0 1200 1200
20230214 NVB -8200 -149510000 0 500 500
20230214 NVB -8700 -158660000 0 500 500
20230214 NVB "acum_busd" "acum_busd_val" "acum_val_bu" "sd" "sum_vol"
20230216 NVB -1300 -24700000 0 1300 1300
20230216 NVB -600 -11400000 13300000  700
20230216 NVB 6800 129840000 189400000 1000 1000
20230216 NVB 7000 133760000 162280000 200 200
20230216 NVB 7200 137580000 162280000  7800
20230216 NVB 7300 139490000 179650000 600 1500
20230216 NVB 7800 149240000 189400000  500
20230216 NVB "acum_busd" "acum_busd_val" "acum_val_bu" "sd" "sum_vol"
20230217 NVB -1100 -20140000 78800000 5000 7000
20230217 NVB 1900 38060000 40000000 100 100
20230217 NVB 2000 40000000 40000000  2000
20230217 NVB "acum_busd" "acum_busd_val" "acum_val_bu" "sd" "sum_vol"
20230220 NVB 17900 367010000 372980000 100 100
20230220 NVB 18000 369000000 369000000  1000
20230220 NVB 18000 369000000 369000000  18000
20230220 NVB 18000 369000000 372980000 200 200
20230220 NVB 18200 372980000 372980000  200
20230220 NVB 18400 376960000 382930000  500
20230220 NVB 18500 378910000 384880000  100
20230220 NVB "acum_busd" "acum_busd_val" "acum_val_bu" "sd" "sum_vol"
