20221212 NVT 0 0 0  100
20221212 NVT 100 844999.9999999999 844999.9999999999  100
20221212 NVT 10300 89988000 93373000  800
20221212 NVT 10600 92628000 96013000  1200
20221212 NVT 10600 92628000 96013000  300
20221212 NVT 2700 23058000 23058000  2600
20221212 NVT 2800 23938000 23938000  100
20221212 NVT 2900 24817000 24817000  100
20221212 NVT 3000 25697000 25697000  100
20221212 NVT 3700 31829000 32705000 100 100
20221212 NVT 3800 32705000 32705000  800
20221212 NVT 4000 34463000 35339000  300
20221212 NVT 5100 44111000 44987000  1100
20221212 NVT 5500 47627000 48503000  400
20221212 NVT 5600 48634000 52019000 300 700
20221212 NVT 6200 53908000 57293000  600
20221212 NVT 6900 60068000 63453000  700
20221212 NVT 7600 66228000 69613000  700
20221212 NVT 9000 78548000 81933000  1400
20221212 NVT 9500 82948000 86333000  500
20221212 NVT "acum_busd" "acum_busd_val" "acum_val_bu" "sd" "sum_vol"
20221213 NVT 0 -35000 7777000  500
20221213 NVT 100 825000 8637000  100
20221213 NVT 200 1692000 9504000  100
20221213 NVT 200 1736000 1736000  200
20221213 NVT -400 -2948000 14649000  200
20221213 NVT 400 3472000 3472000  200
20221213 NVT -500 -4340000 3472000 900 900
20221213 NVT -600 -4680000 12917000  300
20221213 NVT -800 -6458000 10319000 100 200
20221213 NVT -800 -6458000 9504000 1000 1000
20221213 NVT -900 -7278000 10319000 100 100
20221213 NVT "acum_busd" "acum_busd_val" "acum_val_bu" "sd" "sum_vol"
20221214 NVT 0 1000 1819000 200 300
20221214 NVT 0 82000 16775000 1700 1700
20221214 NVT 100 870999.9999999999 2689000  100
20221214 NVT 100 910000 910000  100
20221214 NVT 100 915999.9999999998 3559000 100 100
20221214 NVT 1700 14132000 16775000  1500
20221214 NVT 200 1740999.9999999998 3559000  100
20221214 NVT 200 1741999.9999999998 4385000  100
20221214 NVT -300 -2554999.9999999995 16775000 300 300
20221214 NVT "acum_busd" "acum_busd_val" "acum_val_bu" "sd" "sum_vol"
20221215 NVT 0 0 0  300
20221215 NVT 200 1757999.9999999998 1757999.9999999998  200
20221215 NVT "acum_busd" "acum_busd_val" "acum_val_bu" "sd" "sum_vol"
20221216 NVT 1000 8850000 8850000  800
20221216 NVT 100 869999.9999999999 869999.9999999999  100
20221216 NVT 1100 9732000 10619000  200
20221216 NVT 1200 10612000 11499000  100
20221216 NVT 200 1758000 1758000  100
20221216 NVT 200 2102000 11499000 1000 1000
20221216 NVT 300 2952000 12349000  100
20221216 NVT 500 4652000 14049000  200
20221216 NVT 800 7202000 16599000  300
20221216 NVT 900 7963000 8850000 100 100
20221216 NVT "acum_busd" "acum_busd_val" "acum_val_bu" "sd" "sum_vol"
20221219 NVT 100 850000 850000  100
20221219 NVT -1600 -13560000 2590000  100
20221219 NVT -1700 -14450000 1700000  100
20221219 NVT -1800 -15260000 2590000 200 200
20221219 NVT -1800 -15300000 850000 1900 1900
20221219 NVT -1900 -16110000 2590000 100 100
20221219 NVT -2200 -18660000 2590000 300 300
20221219 NVT -2400 -20360000 2590000 200 200
20221219 NVT -2900 -24578000 9422000  100
20221219 NVT -3000 -25429000 8571000  400
20221219 NVT -3300 -27978000 9422000 400 400
20221219 NVT -3300 -27978000 9422000  700
20221219 NVT -3300 -27983000 5167000  100
20221219 NVT -3400 -28833000 5167000 100 100
20221219 NVT -3400 -28860000 4290000  200
20221219 NVT -3600 -30560000 2590000 1200 1200
20221219 NVT "acum_busd" "acum_busd_val" "acum_val_bu" "sd" "sum_vol"
20221220 NVT 100 850000 850000  100
20221220 NVT -1600 -13560000 2590000  100
20221220 NVT -1700 -14450000 1700000  100
20221220 NVT -1800 -15260000 2590000 200 200
20221220 NVT -1800 -15300000 850000 1900 1900
20221220 NVT -1900 -16110000 2590000 100 100
20221220 NVT -2200 -18660000 2590000 300 300
20221220 NVT -2400 -20360000 2590000 200 200
20221220 NVT -2900 -24578000 9422000  100
20221220 NVT -3000 -25429000 8571000  400
20221220 NVT -3300 -27978000 9422000 400 400
20221220 NVT -3300 -27978000 9422000  700
20221220 NVT -3300 -27983000 5167000  100
20221220 NVT -3400 -28833000 5167000 100 100
20221220 NVT -3400 -28860000 4290000  200
20221220 NVT -3600 -30560000 2590000 1200 1200
20221220 NVT "acum_busd" "acum_busd_val" "acum_val_bu" "sd" "sum_vol"
20221221 NVT -1200 -9138000 7037000 600 1700
20221221 NVT -1200 -9504000 0 1200 1200
20221221 NVT -3900 -29538000 23387000  200
20221221 NVT -4100 -31018000 21907000  800
20221221 NVT -4900 -36914000 16011000  200
20221221 NVT -500 -3962000 5542000  400
20221221 NVT -5100 -38388000 14537000  1000
20221221 NVT -600 -4712000 5542000 100 100
20221221 NVT -6100 -45888000 7037000 4900 4900
20221221 NVT -700 -5457000 6287000 200 300
20221221 NVT -800 -6336000 3168000  400
20221221 NVT "acum_busd" "acum_busd_val" "acum_val_bu" "sd" "sum_vol"
20221222 NVT 0 839300 1570000 100 100
20221222 NVT -100 147300 1570000 100 100
20221222 NVT 100 790000 790000  100
20221222 NVT 100 840000 1570000 100 100
20221222 NVT 200 1570000 1570000  100
20221222 NVT 200 1570000 1570000  400
20221222 NVT 300 3067300 4490000  400
20221222 NVT "acum_busd" "acum_busd_val" "acum_val_bu" "sd" "sum_vol"
20221223 NVT 0 4000 3715000 400 400
20221223 NVT 100 737000 1482000 100 300
20221223 NVT -1300 -9567000 6693000  200
20221223 NVT -1500 -11057000 5203000  200
20221223 NVT -1600 -11852000 3715000 1000 1000
20221223 NVT -1700 -12545000 3715000 100 100
20221223 NVT 200 1482000 2227000  100
20221223 NVT 300 2226000 2971000  100
20221223 NVT 400 2970000 3715000  100
20221223 NVT -600 -4442000 3715000 600 600
20221223 NVT "acum_busd" "acum_busd_val" "acum_val_bu" "sd" "sum_vol"
20221226 NVT -2700 -17559000.000000004 15945000  1200
20221226 NVT -3800 -26101000.000000004 6705000 4700 5000
20221226 NVT -3900 -26799000.000000004 6705000 100 100
20221226 NVT 800 5960000 5960000  800
20221226 NVT 900 6705000 6705000  100
20221226 NVT "acum_busd" "acum_busd_val" "acum_val_bu" "sd" "sum_vol"
20221227 NVT 100 770000 770000  100
20221227 NVT 5100 39270000 39270000  5000
20221227 NVT 5600 43120000 43120000  500
20221227 NVT 5900 45430000 46200000 100 100
20221227 NVT 6000 46200000 46200000  400
20221227 NVT 6100 46970000 47740000  200
20221227 NVT 6300 46971600 47741600  200
20221227 NVT 6600 46974000 47744000  300
20221227 NVT 7000 50214000 50984000  400
20221227 NVT "acum_busd" "acum_busd_val" "acum_val_bu" "sd" "sum_vol"
20221228 NVT 100 850000 850000  100
20221228 NVT 1200 9790000 9790000  1000
20221228 NVT 1300 10600000 10600000  100
20221228 NVT 200 1690000 1690000  100
20221228 NVT 2200 17900000 18710000 100 100
20221228 NVT 2300 18710000 18710000  1000
20221228 NVT 2300 18730000 19540000  100
20221228 NVT "acum_busd" "acum_busd_val" "acum_val_bu" "sd" "sum_vol"
20221229 NVT 1000 8338000 9177000 100 100
20221229 NVT 100 848000 848000  100
20221229 NVT 1100 9177000 9177000  600
20221229 NVT 300 2528000 2528000  200
20221229 NVT 400 3367000 3367000  100
20221229 NVT 500 4197000 4197000  100
20221229 NVT "acum_busd" "acum_busd_val" "acum_val_bu" "sd" "sum_vol"
20221230 NVT 1000 8353000 17288000 100 100
20221230 NVT 1000 8353000 17288000  300
20221230 NVT 100 859000 1669000 100 100
20221230 NVT 100 879000 8979000  900
20221230 NVT 1100 9188000 17288000  1000
20221230 NVT 200 1669000 1669000  200
20221230 NVT 300 2486999.999999999 17288000 700 700
20221230 NVT -500 -4001000 1669000 600 600
20221230 NVT -600 -4811000 1669000 100 100
20221230 NVT -800 -6431000 1669000 200 200
20221230 NVT "acum_busd" "acum_busd_val" "acum_val_bu" "sd" "sum_vol"
20230103 NVT 200 1675000.0000000005 2514000.0000000005 100 100
20230103 NVT 200 1676000.0000000002 1676000.0000000002  200
20230103 NVT 2200 18435000 19274000  2000
20230103 NVT 2400 20111000 20950000  200
20230103 NVT 2900 24301000 25140000  500
20230103 NVT 300 2514000.0000000005 2514000.0000000005  200
20230103 NVT 3100 25979000 27654000 100 100
20230103 NVT 3200 26815000 27654000  300
20230103 NVT 3400 28487000 30162000  300
20230103 NVT 3600 30159000 31834000  200
20230103 NVT 3700 30995000 32670000  100
20230103 NVT 3800 31833000 33508000  100
20230103 NVT "acum_busd" "acum_busd_val" "acum_val_bu" "sd" "sum_vol"
20230104 NVT 100 867000 867000  100
20230104 NVT 1200 10480000 14748000 400 400
20230104 NVT 1600 13880000 14748000 100 100
20230104 NVT 1700 14748000 14748000  1100
20230104 NVT 600 5200000 5200000  500
20230104 NVT "acum_busd" "acum_busd_val" "acum_val_bu" "sd" "sum_vol"
20230105 NVT 0 849200 850000  100
20230105 NVT 100 1705200 1706000  100
20230105 NVT -100 -800 0 100 100
20230105 NVT 3400 28204199.999999996 28204999.999999996  2600
20230105 NVT 3900 32454199.999999996 32454999.999999996  500
20230105 NVT 800 7326200 7327000  700
20230105 NVT "acum_busd" "acum_busd_val" "acum_val_bu" "sd" "sum_vol"
20230106 NVT 0 -2355600 853200 100 100
20230106 NVT 100 -1554600 1654200  100
20230106 NVT 100 -1554600 853200 200 200
20230106 NVT 100 -801399.9999999999 2400 200 500
20230106 NVT 200 -800599.9999999999 3200  800
20230106 NVT 2400 16868400 20077200  2300
20230106 NVT 2500 17713400 20922200  100
20230106 NVT 2600 18558400 21767200  100
20230106 NVT 300 49400.00000000012 853200  100
20230106 NVT "acum_busd" "acum_busd_val" "acum_val_bu" "sd" "sum_vol"
20230109 NVT -1100 -9344000 1678000  100
20230109 NVT -1200 -10174000 848000  100
20230109 NVT -1300 -11022000 0 700 700
20230109 NVT -200 -1694000.0000000002 0 200 200
20230109 NVT -600 -5086000 0 400 400
20230109 NVT -900 -7652000 3370000  200
20230109 NVT "acum_busd" "acum_busd_val" "acum_val_bu" "sd" "sum_vol"
20230110 NVT 200 1689999.9999999998 1689999.9999999998  200
20230110 NVT "acum_busd" "acum_busd_val" "acum_val_bu" "sd" "sum_vol"
20230111 NVT -1000 -3927000 7328600  700
20230111 NVT -100 5146400 24522400 1800 1800
20230111 NVT -100 -830000.0000000001 0  100
20230111 NVT -100 -830000.0000000001 0 100 100
20230111 NVT 1100 5156000 24532000  200
20230111 NVT 12800 5249600 24625600  7300
20230111 NVT -1300 -4730600 11353000  100
20230111 NVT -1400 -4731400 11352200  1700
20230111 NVT -1600 -8739000 1714600  100
20230111 NVT 1700 8399600 24522400 3000 3000
20230111 NVT -1700 -9541000 1714600 100 100
20230111 NVT -1700 -9586000 867600 1200 1300
20230111 NVT 2200 -4702600 11381000  3500
20230111 NVT 2400 -4701000 11382600  200
20230111 NVT 2900 5170400 24546400  1800
20230111 NVT -3100 -4745000 11338600 2600 3100
20230111 NVT 3900 5178400 24554400  1000
20230111 NVT 4700 8423600 24522400 1900 1900
20230111 NVT 5000 -4680200 11403400  2600
20230111 NVT 5400 -1401200 14682400  400
20230111 NVT 5500 5191200 24567200  1600
20230111 NVT 5600 238799.99999999977 16322400  200
20230111 NVT -600 -834000.0000000001 1600 700 900
20230111 NVT 6100 4338800 20422400  500
20230111 NVT 6600 8438800 24522400  500
20230111 NVT 900 5154400 24530400  1000
20230111 NVT "acum_busd" "acum_busd_val" "acum_val_bu" "sd" "sum_vol"
20230112 NVT 11200 80990000 303299000 1000 1000
20230112 NVT 12200 88440000 303299000 5000 5000
20230112 NVT 13000 96077000 234376000  16200
20230112 NVT 14400 106493000 244792000  1400
20230112 NVT 15600 115421000 253720000  1200
20230112 NVT -16400 -122659000 15640000 16200 18300
20230112 NVT 16700 123855000 299364000 4500 5000
20230112 NVT 17200 127790000 303299000  500
20230112 NVT 20200 149645000 287944000  4600
20230112 NVT 20600 152611000 294640000 400 400
20230112 NVT 20700 153400000 295429000  100
20230112 NVT 21000 155591000 294640000 100 1000
20230112 NVT -2300 -17583000 0 1800 1800
20230112 NVT -3200 -24451000 113848000  3200
20230112 NVT -500 -3850000 0 500 1000
20230112 NVT -6400 -48259000 90040000  500
20230112 NVT -6900 -51979000 86320000  100
20230112 NVT -7000 -52723000 85576000  9400
20230112 NVT "acum_busd" "acum_busd_val" "acum_val_bu" "sd" "sum_vol"
20230113 NVT 100 1626000 21781000  500
20230113 NVT 1500 11758000 15553000 100 100
20230113 NVT 1600 12538000 15553000  700
20230113 NVT -400 -2264000 17891000  200
20230113 NVT 400 3145000 6160000 200 200
20230113 NVT -500 -3102000 15553000 2000 2000
20230113 NVT 500 3850000 3850000  500
20230113 NVT -600 -3822000 16333000  100
20230113 NVT 600 4620000 6160000 200 500
20230113 NVT -700 -4602000 15553000 200 200
20230113 NVT 900 7080000 10095000  500
20230113 NVT "acum_busd" "acum_busd_val" "acum_val_bu" "sd" "sum_vol"
20230116 NVT -100 -149000 21093000  1000
20230116 NVT -1100 -7879000 13363000  100
20230116 NVT -1200 -8655000 12587000  100
20230116 NVT -1200 -8656000 10261000 600 600
20230116 NVT -1300 -9431000 11811000 300 500
20230116 NVT -1300 -9759000 791000  100
20230116 NVT -1400 -10550000 0 1400 1400
20230116 NVT -600 -4239000 10261000  100
20230116 NVT -700 -5019000 5531000  600
20230116 NVT -700 -5019000 9481000 500 1000
20230116 NVT "acum_busd" "acum_busd_val" "acum_val_bu" "sd" "sum_vol"
20230117 NVT 1200 10036000 24183000 500 3500
20230117 NVT -1300 -9684000 778000 500 500
20230117 NVT 3200 24377600 38524600  2000
20230117 NVT 3700 28321600 42468600  500
20230117 NVT 3800 29110600 43257600  100
20230117 NVT 4300 33060600 47207600  500
20230117 NVT -500 -3665000 0 500 500
20230117 NVT 5100 39380600 54317600 100 100
20230117 NVT 5200 40170600 54317600  900
20230117 NVT 5200 40170600 55107600  100
20230117 NVT 5600 43330600 58267600  400
20230117 NVT 6600 43338600 58275600  1000
20230117 NVT -800 -5999000 778000 400 500
20230117 NVT "acum_busd" "acum_busd_val" "acum_val_bu" "sd" "sum_vol"
20230118 NVT -100 -28414000 8009000  1900
20230118 NVT 1300 4790600 4790600  500
20230118 NVT -2000 -31622000 4801000 1600 1600
20230118 NVT 200 -28411600 8011400  300
20230118 NVT 2100 4797000 4797000  800
20230118 NVT 2500 4800200 4800200  400
20230118 NVT -400 -18959000 4801000  100
20230118 NVT -500 -18959800 4800200 3000 3000
20230118 NVT 500 3986000 3986000  500
20230118 NVT 5600 -28368400 8054600  5400
20230118 NVT 5800 -26752400 9670600  200
20230118 NVT 600 4785000 4785000  100
20230118 NVT 800 4786600 4786600  200
20230118 NVT "acum_busd" "acum_busd_val" "acum_val_bu" "sd" "sum_vol"
20230119 NVT -100 -800 0 100 100
20230119 NVT -1200 -24932000 1614800  1600
20230119 NVT -1500 -15596000 4800 2000 2000
20230119 NVT -2500 -23402000 4800 1000 1000
20230119 NVT -2600 -24961200 5600  100
20230119 NVT -2700 -24962000 4800 200 200
20230119 NVT -2800 -26541200 5600 200 200
20230119 NVT 500 4000 4800  600
20230119 NVT -700 -24928000 1618800  500
20230119 NVT "acum_busd" "acum_busd_val" "acum_val_bu" "sd" "sum_vol"
20230127 NVT -1700 -10367200 1680000 1000 1000
20230127 NVT -2000 -10369600 1696800 600 2700
20230127 NVT -200 1676800 1680000  200
20230127 NVT 300 8258400 20324800  2300
20230127 NVT -3500 -10381600 1680000 1800 1800
20230127 NVT -400 2588400 20324800  600
20230127 NVT -400 2588400 20324800 700 700
20230127 NVT -400 -3200 0 400 400
20230127 NVT -500 -753200 1680000 300 300
20230127 NVT -700 -2357200 1680000 200 200
20230127 NVT "acum_busd" "acum_busd_val" "acum_val_bu" "sd" "sum_vol"
20230130 NVT 1600 13889000 64673000 200 200
20230130 NVT 1700 14708000 63852000  4800
20230130 NVT 1800 15529000 64673000  100
20230130 NVT 200 1574000.000000001 8092000.000000001  700
20230130 NVT 200 1652000 1652000  200
20230130 NVT -2200 -17711000 8092000.000000001 1500 1500
20230130 NVT 2200 18831000 71263000 200 200
20230130 NVT 2400 20479000 71263000  800
20230130 NVT 2500 21306000 73738000  300
20230130 NVT 2700 22956000 75388000  200
20230130 NVT -3100 -24652000 24492000  2000
20230130 NVT -3800 -30600000 8092000.000000001 1600 1600
20230130 NVT -4800 -38640000 8092000.000000001 1000 1000
20230130 NVT -500 -4060000 1652000 700 700
20230130 NVT -500 -4061000 2457000  100
20230130 NVT -5100 -41052000 8092000.000000001 300 300
20230130 NVT -600 -4866000 1652000 100 100
20230130 NVT -600 -4878999.999999999 8092000.000000001 800 800
20230130 NVT -700 -5680999.999999999 8092000.000000001 100 100
20230130 NVT "acum_busd" "acum_busd_val" "acum_val_bu" "sd" "sum_vol"
20230131 NVT -1000 -7891000 8225000.000000001  100
20230131 NVT -1000 -8055000.000000001 0 1000 1000
20230131 NVT -1100 -8716000 7400000.000000001  200
20230131 NVT -1300 -10354000 9050000  100
20230131 NVT -1300 -10357000 8225000.000000001 300 300
20230131 NVT -1300 -10360000 5756000.000000001  600
20230131 NVT -1400 -11179000 8225000.000000001 100 100
20230131 NVT -1400 -11179000 8225000.000000001  400
20230131 NVT -1900 -15292000.000000002 824000  100
20230131 NVT -2000 -16116000.000000002 0 1000 1000
20230131 NVT "acum_busd" "acum_busd_val" "acum_val_bu" "sd" "sum_vol"
20230201 NVT 100 529000 124364000 3000 3000
20230201 NVT -100 -788000 12425000  500
20230201 NVT -1100 -9086000 0 500 500
20230201 NVT -1100 -9985000 45728000 300 300
20230201 NVT -1300 -10738000 0 200 200
20230201 NVT -1600 -13213000 0 300 300
20230201 NVT 1600 13235000 95608000 2900 2900
20230201 NVT 1700 14105000 96478000  100
20230201 NVT -200 -1652000 0 200 200
20230201 NVT -200 -2051000 124364000 300 300
20230201 NVT 2200 18065000 45728000 1700 1700
20230201 NVT 2500 20975000 78408000 200 200
20230201 NVT 2600 21620000 34833000  2000
20230201 NVT 2600 21979000 120014000 600 600
20230201 NVT 2700 22695000 78408000  3800
20230201 NVT 2700 22801000 105174000  1000
20230201 NVT 2700 22849000 120884000  100
20230201 NVT 3000 25459000 123494000  300
20230201 NVT 3100 26329000 124364000  100
20230201 NVT 3200 26600000 39813000  600
20230201 NVT 3200 27199000 120014000 1000 1000
20230201 NVT 3700 30805000 44018000  500
20230201 NVT 3800 32371000 114744000  1100
20230201 NVT 3900 32515000 45728000  200
20230201 NVT 3900 33241000 115614000  100
20230201 NVT 4200 35899000 120014000 200 200
20230201 NVT 4400 37641000 120014000  500
20230201 NVT 4500 38175000 95608000  2000
20230201 NVT -4700 -39571000 126034000 4000 4200
20230201 NVT -4900 -41231000 126034000 200 200
20230201 NVT -500 -4130000 0 300 300
20230201 NVT -600 -4933000 8280000  1000
20230201 NVT -600 -4956000 0 100 100
20230201 NVT 600 5020000 18233000  700
20230201 NVT -700 -6351000 124364000 500 500
20230201 NVT -7100 -59491000 126034000 2200 2200
20230201 NVT -800 -7435000 45728000 3000 3000
20230201 NVT -900 -8041000 124364000 200 200
20230201 NVT "acum_busd" "acum_busd_val" "acum_val_bu" "sd" "sum_vol"
20230202 NVT -1400 -8904400 0 1000 1000
20230202 NVT -300 -2400 0 300 300
20230202 NVT -400 -804400 0 100 100
20230202 NVT -800 -3945400 4959000  100
20230202 NVT -900 -4804400 4100000  500
20230202 NVT "acum_busd" "acum_busd_val" "acum_val_bu" "sd" "sum_vol"
20230203 NVT 0 64999.99999999977 869999.9999999999  100
20230203 NVT -1000 -8060000 869999.9999999999 1000 1000
20230203 NVT -100 -805000.0000000001 0 100 100
20230203 NVT -1200 -9628000 1738000 300 300
20230203 NVT -4600 -37236000 1738000  100
20230203 NVT -4600 -37236000 1738000 3400 3400
20230203 NVT -900 -7192000 1738000  100
20230203 NVT "acum_busd" "acum_busd_val" "acum_val_bu" "sd" "sum_vol"
20230206 NVT 100 859000 859000  100
20230206 NVT 1400 12988000 49308000  1000
20230206 NVT -1600 -12512000 23808000  2000
20230206 NVT -2200 -17611000 6809000  600
20230206 NVT -2800 -22711000 1709000  100
20230206 NVT -2900 -23561000 859000 3000 3000
20230206 NVT -3600 -29511000 6809000 1400 1400
20230206 NVT 400 4488000 40808000  1000
20230206 NVT 400 4498000 49308000 1000 1000
20230206 NVT 500 5347000 50157000  100
20230206 NVT -600 -4012000 32308000  1000
20230206 NVT "acum_busd" "acum_busd_val" "acum_val_bu" "sd" "sum_vol"
20230207 NVT -1100 -8001799.999999998 5649400  100
20230207 NVT -1100 -8030799.999999999 814399.9999999999 500 500
20230207 NVT -1200 -8809799.999999998 12941400  100
20230207 NVT -1200 -8811799.999999998 4839400 600 1100
20230207 NVT -1200 -9026800 21157400 900 900
20230207 NVT -1300 -9619799.999999998 12941400 100 100
20230207 NVT -1300 -9621799.999999998 12129400 1000 1000
20230207 NVT -300 -1403799.9999999981 21157400  1000
20230207 NVT -300 -1521799.9999999981 12129400  800
20230207 NVT -300 -2434999.9999999995 811999.9999999999 100 200
20230207 NVT -300 -2435999.9999999995 0 300 300
20230207 NVT -600 -4005799.9999999986 4839400  500
20230207 NVT -600 -4015799.9999999995 814399.9999999999  300
20230207 NVT -900 -4018199.9999999995 811999.9999999999 600 700
20230207 NVT "acum_busd" "acum_busd_val" "acum_val_bu" "sd" "sum_vol"
20230208 NVT 0 0 2405000  100
20230208 NVT 0 1000 802000 100 200
20230208 NVT -100 -801000 1604000 200 200
20230208 NVT 100 803000 1604000  100
20230208 NVT 1700 14063000 16468000  1000
20230208 NVT 1900 15781000 18186000  200
20230208 NVT 200 1602000 4007000  200
20230208 NVT 400 3204000 5609000  200
20230208 NVT 700 5607000 8012000  300
20230208 NVT "acum_busd" "acum_busd_val" "acum_val_bu" "sd" "sum_vol"
20230209 NVT 1400 12036000 12847000 100 100
20230209 NVT 1500 12847000 12847000  1000
20230209 NVT 1900 16276000 17087000  500
20230209 NVT 500 4295000 4295000  500
20230209 NVT "acum_busd" "acum_busd_val" "acum_val_bu" "sd" "sum_vol"
20230210 NVT -2000 -15852000 4824000  400
20230210 NVT -200 -1614000 19062000  200
20230210 NVT -200 -1614000 19062000  700
20230210 NVT 200 1660000.0000000002 1660000.0000000002  200
20230210 NVT -2400 -19016000 1660000.0000000002 2600 2600
20230210 NVT -900 -7151000 13525000  1100
20230210 NVT "acum_busd" "acum_busd_val" "acum_val_bu" "sd" "sum_vol"
20230213 NVT -1400 -11452000 0 1200 1200
20230213 NVT -1800 -14727000 2451000  200
20230213 NVT -2000 -16361000 817000  100
20230213 NVT -200 -1636000 0 200 200
20230213 NVT -2100 -17178000 0 700 700
20230213 NVT -800 -6557000 10621000  1000
20230213 NVT "acum_busd" "acum_busd_val" "acum_val_bu" "sd" "sum_vol"
20230214 NVT 300 2587000 4880000  100
20230214 NVT 300 2587000 4880000 300 300
20230214 NVT 500 4070000 4070000  500
20230214 NVT 600 4880000 4880000  100
20230214 NVT "acum_busd" "acum_busd_val" "acum_val_bu" "sd" "sum_vol"
20230216 NVT 8800 67584000 67584000  8800
20230216 NVT "acum_busd" "acum_busd_val" "acum_val_bu" "sd" "sum_vol"
20230217 NVT -11000 -79447000 0 7300 7300
20230217 NVT -11100 -80197000 0 100 100
20230217 NVT -17500 -125820000 48155000  500
20230217 NVT -18000 -129645000 44330000  700
20230217 NVT -18700 -134650000 39325000 3700 8600
20230217 NVT -19600 -140940000 48155000 2100 2100
20230217 NVT -19900 -143118000 48155000 300 300
20230217 NVT -19900 -143214000 4290000 9400 10000
20230217 NVT -20600 -148200000 48155000 700 700
20230217 NVT -21800 -156396000 58838000  100
20230217 NVT -21800 -156434000 58074000  1300
20230217 NVT -21900 -157160000 58074000 100 100
20230217 NVT -22100 -159090000 48155000 1500 1500
20230217 NVT -23100 -166353000 48155000 1000 1000
20230217 NVT -3700 -26714000 0 3700 3700
20230217 NVT "acum_busd" "acum_busd_val" "acum_val_bu" "sd" "sum_vol"
20230220 NVT 1200 9168000 9168000  1200
20230220 NVT 1300 9939000 9939000  100
20230220 NVT -13500 -103572000 12252000 5000 5000
20230220 NVT -13600 -104336000 12252000 100 100
20230220 NVT -14200 -108852000 16152000  500
20230220 NVT -14300 -109684000 12252000 700 700
20230220 NVT -14400 -110412000 16152000 200 200
20230220 NVT -14500 -111218000 12252000 200 200
20230220 NVT -14700 -112752000 12252000 200 200
20230220 NVT -14700 -112752000 16152000 300 300
20230220 NVT -400 -3008000 12252000  300
20230220 NVT -5900 -45358000 12252000 5500 5500
20230220 NVT -700 -5321000 9939000 2000 2000
20230220 NVT -8400 -64608000 12252000 2500 2500
20230220 NVT -8500 -65372000 12252000 100 100
20230220 NVT "acum_busd" "acum_busd_val" "acum_val_bu" "sd" "sum_vol"
