20221212 ONE -100 -630000 0 100 100
20221212 ONE -1300 -8430000 0  500
20221212 ONE -1300 -8430000 0 500 500
20221212 ONE 600 3730000 12160000  100
20221212 ONE 600 3730000 12160000  1900
20221212 ONE -800 -5180000 0  300
20221212 ONE -800 -5180000 0 700 700
20221212 ONE "acum_busd" "acum_busd_val" "acum_val_bu" "sd" "sum_vol"
20221213 ONE 1000 6500000 6500000  1000
20221213 ONE 1200 7800000 10400000 400 400
20221213 ONE 1600 10400000 10400000  600
20221213 ONE "acum_busd" "acum_busd_val" "acum_val_bu" "sd" "sum_vol"
20221214 ONE -500 -3150000 0 500 500
20221214 ONE "acum_busd" "acum_busd_val" "acum_val_bu" "sd" "sum_vol"
20221215 ONE 100 650000 650000  100
20221215 ONE "acum_busd" "acum_busd_val" "acum_val_bu" "sd" "sum_vol"
20221221 ONE -1600 -7242400 6180000 2200 2200
20221221 ONE -200 1297600 1300000  200
20221221 ONE -400 -2400 0 400 400
20221221 ONE 400 4957600 4960000  600
20221221 ONE 500 5567600 5570000  100
20221221 ONE 600 6177600 6180000  100
20221221 ONE "acum_busd" "acum_busd_val" "acum_val_bu" "sd" "sum_vol"
20221222 ONE -2100 -13230000 0 1400 1400
20221222 ONE -4100 -25830000 0 2000 2000
20221222 ONE -4300 -27090000 0 200 200
20221222 ONE -4600 -28980000 0 300 300
20221222 ONE -5500 -34650000 0 900 900
20221222 ONE -6500 -34656000 0 1000 1000
20221222 ONE -700 -4410000 0 700 700
20221222 ONE "acum_busd" "acum_busd_val" "acum_val_bu" "sd" "sum_vol"
20221223 ONE 1500 6203000 6203000  1000
20221223 ONE 2500 12403000 12403000  1000
20221223 ONE 2500 12403000 12403000  1000
20221223 ONE 500 3000 3000  1000
20221223 ONE 500 3000 3000  600
20221223 ONE "acum_busd" "acum_busd_val" "acum_val_bu" "sd" "sum_vol"
20221227 ONE 0 0 0  5000
20221227 ONE 200 1220000 1220000  200
20221227 ONE -2300 1205000 1220000 2500 2500
20221227 ONE "acum_busd" "acum_busd_val" "acum_val_bu" "sd" "sum_vol"
20221228 ONE 1000 6300000 6300000  1000
20221228 ONE 1200 7560000 7560000  200
20221228 ONE 200 7554000 7560000 1000 1000
20221228 ONE "acum_busd" "acum_busd_val" "acum_val_bu" "sd" "sum_vol"
20221229 ONE 1200 7320000 7320000  1200
20221229 ONE "acum_busd" "acum_busd_val" "acum_val_bu" "sd" "sum_vol"
20221230 ONE 0 10000 620000 100 100
20221230 ONE -1000 -6090000 620000 1000 1000
20221230 ONE 100 620000 620000  100
20221230 ONE -1100 -6700000 620000 100 100
20221230 ONE -1300 -7310600 5500000  2000
20221230 ONE -1300 -7310600 5500000  800
20221230 ONE -1500 -9140000 620000 400 400
20221230 ONE -2000 -12190000 620000 500 500
20221230 ONE -2000 -12190000 620000  900
20221230 ONE -2100 -12190600 620000 100 100
20221230 ONE "acum_busd" "acum_busd_val" "acum_val_bu" "sd" "sum_vol"
20230104 ONE -500 -3000 0  5000
20230104 ONE -500 -3000 0 500 500
20230104 ONE "acum_busd" "acum_busd_val" "acum_val_bu" "sd" "sum_vol"
20230105 ONE -10200 -29921800 0 5000 5000
20230105 ONE -10200 -29921800 18300000 1000 1000
20230105 ONE -1100 -4881800 0 800 800
20230105 ONE -12200 -42121800 18300000 2000 2000
20230105 ONE -300 -1800 0 300 300
20230105 ONE -4100 -23181800 0 3000 3000
20230105 ONE -5100 -29281800 0 1000 1000
20230105 ONE -5200 -29891800 0  100
20230105 ONE -5200 -29891800 0 100 100
20230105 ONE -7200 -11621800 18300000  3000
20230105 ONE -8200 -17721800 18300000 1000 1000
20230105 ONE -9200 -23821800 18300000 1000 1000
20230105 ONE "acum_busd" "acum_busd_val" "acum_val_bu" "sd" "sum_vol"
20230106 ONE 1100 6710000 6710000  1100
20230106 ONE 1300 7930000 7930000  200
20230106 ONE 1300 7930000 7930000  700
20230106 ONE "acum_busd" "acum_busd_val" "acum_val_bu" "sd" "sum_vol"
20230109 ONE 100 600 1200 100 100
20230109 ONE 1800 10800 11400  1700
20230109 ONE 1800 10800 11400  300
20230109 ONE 200 1200 1200  200
20230109 ONE 2200 13200 27600 2300 5000
20230109 ONE 2700 16200 42600 2000 2000
20230109 ONE 3200 19200 45600  100
20230109 ONE 3200 19200 45600  1800
20230109 ONE 3200 19200 45600  500
20230109 ONE 4700 28200 42600  2500
20230109 ONE "acum_busd" "acum_busd_val" "acum_val_bu" "sd" "sum_vol"
20230110 ONE 0 0 0  5000
20230110 ONE 0 0 30000 5000 5000
20230110 ONE 1300 -29462200 91800 5000 15200
20230110 ONE 2000 -29458000 96000  5400
20230110 ONE 2000 -29458000 96000  700
20230110 ONE 3000 -29452000 102000  1000
20230110 ONE 3000 -29452000 102000  3000
20230110 ONE 3300 -27622000 1932000  300
20230110 ONE 3300 -27622000 1932000  3800
20230110 ONE 3400 -27012000 2542000  100
20230110 ONE 3400 -27012000 2542000  5000
20230110 ONE -3900 -23400 30600  100
20230110 ONE -4000 -24000 30000 4000 4000
20230110 ONE 5000 30000 30000  5000
20230110 ONE "acum_busd" "acum_busd_val" "acum_val_bu" "sd" "sum_vol"
20230111 ONE -100 -600 0 100 100
20230111 ONE -200 -1200 0 100 100
20230111 ONE 300 1800 3000  500
20230111 ONE "acum_busd" "acum_busd_val" "acum_val_bu" "sd" "sum_vol"
20230112 ONE -100 -600 0 100 100
20230112 ONE 1900 11400 12000  2000
20230112 ONE "acum_busd" "acum_busd_val" "acum_val_bu" "sd" "sum_vol"
20230113 ONE 0 0 6000  1000
20230113 ONE 0 0 6000 1000 1000
20230113 ONE 1000 6000 6000  800
20230113 ONE 200 1200 1200  200
20230113 ONE "acum_busd" "acum_busd_val" "acum_val_bu" "sd" "sum_vol"
20230116 ONE 0 0 0  100
20230116 ONE -100 -600 0 100 100
20230116 ONE -1300 -7800 0 1000 1000
20230116 ONE -2000 -12000 0 700 700
20230116 ONE -2300 -13800 0 300 300
20230116 ONE -300 -1800 0  1000
20230116 ONE -300 -1800 0 200 200
20230116 ONE "acum_busd" "acum_busd_val" "acum_val_bu" "sd" "sum_vol"
20230118 ONE 100 620000 620000  100
20230118 ONE 500 3100000 4960000 300 300
20230118 ONE 600 3720000 3720000  500
20230118 ONE 800 4960000 4960000  200
20230118 ONE "acum_busd" "acum_busd_val" "acum_val_bu" "sd" "sum_vol"
20230119 ONE -100 -620000 0 100 100
20230119 ONE -300 -1860000 0 200 200
20230119 ONE -600 -3700000 640000  100
20230119 ONE -600 -3700000 640000  200
20230119 ONE -700 -4340000 0 400 400
20230119 ONE "acum_busd" "acum_busd_val" "acum_val_bu" "sd" "sum_vol"
20230127 ONE 200 1260000 1260000  200
20230127 ONE 600 3780000 3780000  400
20230127 ONE 700 4410000 4410000  100
20230127 ONE "acum_busd" "acum_busd_val" "acum_val_bu" "sd" "sum_vol"
20230130 ONE 100 640000 640000  100
20230130 ONE "acum_busd" "acum_busd_val" "acum_val_bu" "sd" "sum_vol"
20230131 ONE -1100 -6710000 0 1100 1100
20230131 ONE "acum_busd" "acum_busd_val" "acum_val_bu" "sd" "sum_vol"
20230201 ONE -2000 -12400000 0 2000 2000
20230201 ONE -2300 -14260000 0 300 300
20230201 ONE -2500 -15500000 0 200 200
20230201 ONE -2700 -16740000 0 200 200
20230201 ONE -2800 -17360000 0 100 100
20230201 ONE -4600 -28310000 640000  100
20230201 ONE -4700 -28950000 0 1900 1900
20230201 ONE "acum_busd" "acum_busd_val" "acum_val_bu" "sd" "sum_vol"
20230203 ONE -2100 -3059600 1200  200
20230203 ONE -2100 -3059600 1200  5000
20230203 ONE -2300 -3060800 0 1800 1800
20230203 ONE -3100 -3065600 1200 1000 1000
20230203 ONE -500 -3050000 0 500 500
20230203 ONE -500 -3050000 0  600
20230203 ONE "acum_busd" "acum_busd_val" "acum_val_bu" "sd" "sum_vol"
20230206 ONE -300 -1800 0 300 300
20230206 ONE 700 4200 6000  1000
20230206 ONE 700 4200 6000  400
20230206 ONE "acum_busd" "acum_busd_val" "acum_val_bu" "sd" "sum_vol"
20230207 ONE 100 620000 620000  100
20230207 ONE "acum_busd" "acum_busd_val" "acum_val_bu" "sd" "sum_vol"
20230208 ONE -100 -600 0 100 100
20230208 ONE -100 -600 0  1400
20230208 ONE -100 -600 0  17900
20230208 ONE -100 -600 0  300
20230208 ONE "acum_busd" "acum_busd_val" "acum_val_bu" "sd" "sum_vol"
20230209 ONE -1300 -7540000 0 1300 1300
20230209 ONE -2600 -15080000 0 1300 1300
20230209 ONE -600 -3280000 11800000  2000
20230209 ONE "acum_busd" "acum_busd_val" "acum_val_bu" "sd" "sum_vol"
20230210 ONE 0 0 0  200
20230210 ONE "acum_busd" "acum_busd_val" "acum_val_bu" "sd" "sum_vol"
20230213 ONE 1100 6380000 6380000  200
20230213 ONE -1900 -11020000 6380000 1000 1000
20230213 ONE -1900 -11020000 6380000  400
20230213 ONE 700 4060000 4060000  700
20230213 ONE 800 4640000 4640000  100
20230213 ONE 900 5220000 5220000  100
20230213 ONE -900 -5220000 6380000 2000 2000
20230213 ONE "acum_busd" "acum_busd_val" "acum_val_bu" "sd" "sum_vol"
20230214 ONE 10400 57260000 123270000  500
20230214 ONE 11300 62740000 152950000 4400 4400
20230214 ONE 11500 63860000 154070000  200
20230214 ONE 14800 81900000 147910000  4400
20230214 ONE -1500 -8250000 40700000  3400
20230214 ONE 15600 86380000 152390000  800
20230214 ONE 15700 86940000 152950000  100
20230214 ONE -200 -1100000 0 200 200
20230214 ONE -4900 -26950000 22000000  2700
20230214 ONE -7600 -41800000 7150000  1300
20230214 ONE 8300 45650000 102300000 1400 12600
20230214 ONE 8400 46210000 102860000  100
20230214 ONE 8500 46770000 103420000  100
20230214 ONE -8900 -48950000 0 8700 8700
20230214 ONE 9800 53910000 119920000 1700 4700
20230214 ONE 9900 54460000 120470000  100
20230214 ONE 9900 54460000 120470000  300
20230214 ONE "acum_busd" "acum_busd_val" "acum_val_bu" "sd" "sum_vol"
20230217 ONE 100 580000 580000  100
20230217 ONE 1100 6080000 6080000  800
20230217 ONE 15100 84480000 84480000  14000
20230217 ONE 19200 107440000 107440000  4100
20230217 ONE 200 1130000 1130000  100
20230217 ONE 20100 112480000 112480000  900
20230217 ONE 300 1680000 1680000  100
20230217 ONE "acum_busd" "acum_busd_val" "acum_val_bu" "sd" "sum_vol"
20230220 ONE 100 570000 570000  100
20230220 ONE -1200 -6710000 3370000 700 700
20230220 ONE 2600 14460000 31930000 1100 1100
20230220 ONE 3400 19050000 30250000 200 200
20230220 ONE 3600 20170000 30250000  4800
20230220 ONE 3700 20730000 31930000  600
20230220 ONE 3700 20730000 31930000  600
20230220 ONE -400 -2230000 3370000  400
20230220 ONE -500 -2790000 3370000 100 100
20230220 ONE -800 -4470000 1130000  100
20230220 ONE -900 -5030000 570000 1000 1000
20230220 ONE "acum_busd" "acum_busd_val" "acum_val_bu" "sd" "sum_vol"
