20221212 OPC 1000 23400000 23400000 11700000 
20221212 OPC 1500 35100000 35100000 11700000 
20221212 OPC 15500 364025000 378045000 324260000 7010000
20221212 OPC 18000 425000000 840085000  117625000
20221212 OPC 2000 46775000 46775000 11675000 
20221212 OPC 23100 542625000 669445000  23500000
20221212 OPC 24100 566125000 645945000  7050000
20221212 OPC 24400 573175000 638895000  2350000
20221212 OPC 24500 575525000 636545000  11750000
20221212 OPC 25000 587275000 624795000 235000000 11750000
20221212 OPC 26000 613000000 1028085000 188000000 
20221212 OPC 500 11700000 11700000 11700000 
20221212 OPC "acum_busd" "acum_busd_val" "acum_val" "val_bu" "val_sd"
20221213 OPC 0 0 23100000 11550000 
20221213 OPC 10300 240040000 267780000 117380000 
20221213 OPC 10900 254140000 286580000  2350000
20221213 OPC 11000 256490000 284230000 16450000 
20221213 OPC 14700 343995000 381165000 92220000 2365000
20221213 OPC 16200 379550000 506740000  2360000
20221213 OPC 16300 381900000 499650000  7110000
20221213 OPC 16300 381910000 504380000  2360000
20221213 OPC 16400 384270000 502020000 2370000 
20221213 OPC 16600 389010000 492540000 78195000 33180000
20221213 OPC 17300 405620000 537550000 28440000 2370000
20221213 OPC 3000 69300000 92400000 69300000 
20221213 OPC 3500 71660000 871510000  333960000
20221213 OPC -500 -11550000 11550000  11550000
20221213 OPC 5300 122660000 150400000 55680000 2320000
20221213 OPC "acum_busd" "acum_busd_val" "acum_val" "val_bu" "val_sd"
20221214 OPC 1000 24200000 24200000 9680000 
20221214 OPC 10600 258250000 258250000 209850000 
20221214 OPC 1500 36300000 36300000 12100000 
20221214 OPC 2000 48400000 48400000 12100000 
20221214 OPC 20100 490985000 579125000 31805000 41650000
20221214 OPC 20500 500830000 505670000  2420000
20221214 OPC 20600 503250000 503250000 245000000 
20221214 OPC 28100 689385000 777525000 198400000 
20221214 OPC 600 14520000 14520000 14520000 
20221214 OPC "acum_busd" "acum_busd_val" "acum_val" "val_bu" "val_sd"
20221215 OPC 0 160000 99360000 49760000 
20221215 OPC -100 -2330000 101850000  2490000
20221215 OPC -1100 -27280000 27280000  27280000
20221215 OPC -1300 -32240000 32240000  4960000
20221215 OPC -1500 -37200000 37200000  4960000
20221215 OPC -2000 -49600000 49600000  12400000
20221215 OPC -400 -9800000 109320000  7470000
20221215 OPC -500 -12280000 111800000  2480000
20221215 OPC 8700 217700000 361780000  7500000
20221215 OPC 9000 225200000 354280000 239980000 2500000
20221215 OPC 9700 242900000 386980000 25200000 
20221215 OPC "acum_busd" "acum_busd_val" "acum_val" "val_bu" "val_sd"
20221216 OPC 1000 25280000 25280000 12600000 
20221216 OPC 11600 293340000 463340000 116845000 
20221216 OPC 11600 293340000 785215000  
20221216 OPC -1700 -42220000 127780000 5000000 
20221216 OPC -1900 -47220000 122780000 12500000 
20221216 OPC 200 5080000 5080000 5080000 
20221216 OPC -2400 -59720000 110280000  85000000
20221216 OPC 4600 115960000 285960000 133180000 
20221216 OPC 500 12680000 12680000 7600000 
20221216 OPC 6900 173960000 343960000 58000000 
20221216 OPC 7000 176495000 346495000 2535000 
20221216 OPC -700 -17220000 152780000 25000000 
20221216 OPC "acum_busd" "acum_busd_val" "acum_val" "val_bu" "val_sd"
20221219 OPC -100 -2575000 12875000  7725000
20221219 OPC 11300 291020000 331970000 306345000 
20221219 OPC 11600 298770000 375820000  5150000
20221219 OPC 11800 303920000 370670000  7740000
20221219 OPC 11800 303930000 380980000 5160000 
20221219 OPC 12100 311660000 362930000 25800000 5160000
20221219 OPC 19000 490830000 567880000 186900000 
20221219 OPC 200 5150000 5150000 5150000 
20221219 OPC 22800 589790000 666840000 98960000 
20221219 OPC 25800 668260000 783110000  18900000
20221219 OPC 26000 673660000 750710000 83870000 
20221219 OPC 26500 687160000 764210000 13500000 
20221219 OPC 28000 729330000 950480000  13000000
20221219 OPC 28500 742330000 937480000  18550000
20221219 OPC 29200 760880000 918930000  21600000
20221219 OPC 30000 782480000 897330000 114220000 
20221219 OPC 39800 1032400000 3104390000  843920000
20221219 OPC 41600 1095670000 1479820000 447840000 81500000
20221219 OPC -600 -15325000 25625000  12750000
20221219 OPC 70600 1876320000 2260470000 780650000 
20221219 OPC "acum_busd" "acum_busd_val" "acum_val" "val_bu" "val_sd"
20221220 OPC -100 -2575000 12875000  7725000
20221220 OPC 11300 291020000 331970000 306345000 
20221220 OPC 11600 298770000 375820000  5150000
20221220 OPC 11800 303920000 370670000  7740000
20221220 OPC 11800 303930000 380980000 5160000 
20221220 OPC 12100 311660000 362930000 25800000 5160000
20221220 OPC 19000 490830000 567880000 186900000 
20221220 OPC 200 5150000 5150000 5150000 
20221220 OPC 22800 589790000 666840000 98960000 
20221220 OPC 25800 668260000 783110000  18900000
20221220 OPC 26000 673660000 750710000 83870000 
20221220 OPC 26500 687160000 764210000 13500000 
20221220 OPC 28000 729330000 950480000  13000000
20221220 OPC 28500 742330000 937480000  18550000
20221220 OPC 29200 760880000 918930000  21600000
20221220 OPC 30000 782480000 897330000 114220000 
20221220 OPC 39800 1032400000 3104390000  843920000
20221220 OPC 41600 1095670000 1479820000 447840000 81500000
20221220 OPC -600 -15325000 25625000  12750000
20221220 OPC 70600 1876320000 2260470000 780650000 
20221220 OPC "acum_busd" "acum_busd_val" "acum_val" "val_bu" "val_sd"
20221221 OPC -1000 -25900000 53700000  10480000
20221221 OPC -100 -2300000 30100000  16200000
20221221 OPC -300 -7540000 35340000  5240000
20221221 OPC 500 13900000 13900000 13900000 
20221221 OPC -600 -15420000 43220000  7880000
20221221 OPC -700 -18040000 61560000 7860000 
20221221 OPC -700 -18040000 66780000  
20221221 OPC "acum_busd" "acum_busd_val" "acum_val" "val_bu" "val_sd"
20221222 OPC 100 3210000 47790000 12750000 
20221222 OPC -400 -9490000 60490000  12700000
20221222 OPC -400 -9540000 35040000 12750000 
20221222 OPC -400 -9920000 9920000  9920000
20221222 OPC -4700 -115110000 166110000  103120000
20221222 OPC -4800 -116150000 224120000 13200000 
20221222 OPC -500 -11990000 62990000  2500000
20221222 OPC -5300 -129350000 210920000 12785000 
20221222 OPC -5300 -129830000 185830000 2500000 
20221222 OPC -5400 -132330000 183330000  17220000
20221222 OPC -5800 -142135000 198135000  12305000
20221222 OPC -900 -22290000 22290000  12370000
20221222 OPC "acum_busd" "acum_busd_val" "acum_val" "val_bu" "val_sd"
20221223 OPC -200 -5040000 5040000  5040000
20221223 OPC 800 21020000 137900000  
20221223 OPC 800 21020000 31100000 26060000 
20221223 OPC "acum_busd" "acum_busd_val" "acum_val" "val_bu" "val_sd"
20221226 OPC 5100 136170000 136170000 136170000 
20221226 OPC "acum_busd" "acum_busd_val" "acum_val" "val_bu" "val_sd"
20221227 OPC 0 175000 10255000 2565000 
20221227 OPC -100 -2390000 7690000  5040000
20221227 OPC 100 2650000 2650000 2650000 
20221227 OPC 1500 39115000 49195000 26000000 
20221227 OPC 200 5340000 15420000 5165000 
20221227 OPC 400 10525000 20605000 5185000 
20221227 OPC 500 13115000 23195000 2590000 
20221227 OPC "acum_busd" "acum_busd_val" "acum_val" "val_bu" "val_sd"
20221228 OPC -100 -2600000 2600000  2600000
20221228 OPC -200 -5210000 5210000  2610000
20221228 OPC 4000 103990000 130010000 117000000 
20221228 OPC -500 -13010000 13010000  7800000
20221228 OPC "acum_busd" "acum_busd_val" "acum_val" "val_bu" "val_sd"
20221229 OPC 12600 337350000 337350000 326960000 
20221229 OPC 400 10390000 10390000 10390000 
20221229 OPC "acum_busd" "acum_busd_val" "acum_val" "val_bu" "val_sd"
20221230 OPC 19500 525570000 579170000 412975000 
20221230 OPC 200 5390000 5390000 5390000 
20221230 OPC -300 -8010000 18790000  13400000
20221230 OPC 37000 1006820000 1060420000 481250000 
20221230 OPC 4200 112595000 166195000 134005000 
20221230 OPC -500 -13370000 24150000  5360000
20221230 OPC -800 -21410000 32190000  8040000
20221230 OPC "acum_busd" "acum_busd_val" "acum_val" "val_bu" "val_sd"
20230103 OPC 0 0 5120000 2560000 2560000
20230103 OPC 0 -30000 25890000 2600000 
20230103 OPC 100 2570000 7690000 2570000 
20230103 OPC -100 -2630000 23290000 2600000 
20230103 OPC -1400 -36280000 101010000  23220000
20230103 OPC -200 -5230000 20690000 2600000 
20230103 OPC -300 -7830000 18090000  10400000
20230103 OPC -3400 -87435000 163045000 5440000 
20230103 OPC -3600 -92875000 157605000  56595000
20230103 OPC -500 -13030000 38890000  13000000
20230103 OPC -500 -13060000 59660000 7770000 5200000
20230103 OPC -500 -13060000 77790000  
20230103 OPC -600 -15630000 46690000 2600000 5200000
20230103 OPC "acum_busd" "acum_busd_val" "acum_val" "val_bu" "val_sd"
20230105 OPC -200 -5185000 5185000  5185000
20230105 OPC -300 -7775000 12945000 2585000 2585000
20230105 OPC -300 -7775000 7775000  2590000
20230105 OPC -500 -12945000 18115000  5170000
20230105 OPC "acum_busd" "acum_busd_val" "acum_val" "val_bu" "val_sd"
20230106 OPC -1000 -25560000 25560000  25560000
20230106 OPC -1100 -27930000 53830000 12950000 
20230106 OPC -1400 -35760000 35760000  10200000
20230106 OPC -1600 -40880000 40880000  5120000
20230106 OPC -700 -17505000 64255000 2625000 
20230106 OPC -800 -20130000 61630000 7800000 
20230106 OPC "acum_busd" "acum_busd_val" "acum_val" "val_bu" "val_sd"
20230109 OPC -100 -2550000 2550000  2550000
20230109 OPC -1100 -28020000 58620000 12750000 
20230109 OPC -1600 -40770000 45870000 2550000 
20230109 OPC -1600 -40780000 40780000  25500000
20230109 OPC -1700 -43320000 43320000  2540000
20230109 OPC -600 -15280000 15280000  12730000
20230109 OPC "acum_busd" "acum_busd_val" "acum_val" "val_bu" "val_sd"
20230110 OPC -1000 -25000000 25000000  22500000
20230110 OPC -100 -2500000 2500000  2500000
20230110 OPC "acum_busd" "acum_busd_val" "acum_val" "val_bu" "val_sd"
20230111 OPC 200 5100000 5100000 5100000 
20230111 OPC "acum_busd" "acum_busd_val" "acum_val" "val_bu" "val_sd"
20230112 OPC 0 0 25500000 12750000 
20230112 OPC -100 -2550000 2550000  2550000
20230112 OPC -200 -5100000 5100000  2550000
20230112 OPC 2200 57310000 82810000 57310000 
20230112 OPC -500 -12750000 12750000  7650000
20230112 OPC "acum_busd" "acum_busd_val" "acum_val" "val_bu" "val_sd"
20230113 OPC -1000 -26050000 26050000  26050000
20230113 OPC -1100 -28655000 102575000  
20230113 OPC -1100 -28655000 28655000  2605000
20230113 OPC "acum_busd" "acum_busd_val" "acum_val" "val_bu" "val_sd"
20230116 OPC -100 -2505000 2505000  2505000
20230116 OPC -200 -5025000 31375000  
20230116 OPC -200 -5025000 5025000  2520000
20230116 OPC "acum_busd" "acum_busd_val" "acum_val" "val_bu" "val_sd"
20230117 OPC 100 2630000 2630000 2630000 
20230117 OPC "acum_busd" "acum_busd_val" "acum_val" "val_bu" "val_sd"
20230118 OPC 0 0 10200000 5100000 
20230118 OPC -100 -2580000 12780000  2580000
20230118 OPC -200 -5100000 5100000  5100000
20230118 OPC "acum_busd" "acum_busd_val" "acum_val" "val_bu" "val_sd"
20230119 OPC 100 2625000 2625000 2625000 
20230119 OPC 100 2625000 5245000  
20230119 OPC "acum_busd" "acum_busd_val" "acum_val" "val_bu" "val_sd"
20230127 OPC 500 13100000 13100000 13100000 
20230127 OPC 800 21020000 21020000 7920000 
20230127 OPC "acum_busd" "acum_busd_val" "acum_val" "val_bu" "val_sd"
20230130 OPC 1000 25250000 30300000 10100000 
20230130 OPC -100 -2525000 2525000  2525000
20230130 OPC 100 2525000 7575000 5050000 
20230130 OPC 1100 27775000 32825000 2525000 
20230130 OPC 200 5050000 10100000 2525000 
20230130 OPC 300 7575000 12625000 2525000 
20230130 OPC 600 15150000 20200000 7575000 
20230130 OPC 6800 171660000 186890000  2545000
20230130 OPC 6900 174205000 184345000  2545000
20230130 OPC 7000 176750000 181800000 148975000 
20230130 OPC "acum_busd" "acum_busd_val" "acum_val" "val_bu" "val_sd"
20230131 OPC 0 0 2590000  
20230131 OPC 200 5170000 7760000 5170000 
20230131 OPC -3100 -81115000 399845000 25500000 
20230131 OPC -3400 -88690000 407420000  7575000
20230131 OPC -3700 -96575000 364305000 122500000 
20230131 OPC -4100 -106615000 374345000  10040000
20230131 OPC -4500 -116355000 435085000  27665000
20230131 OPC -6100 -156365000 475095000  40010000
20230131 OPC -6100 -156365000 477665000  
20230131 OPC -8700 -219075000 241805000 4900000 
20230131 OPC -8900 -223975000 236905000  229145000
20230131 OPC "acum_busd" "acum_busd_val" "acum_val" "val_bu" "val_sd"
20230201 OPC 0 -5000 20555000 2580000 
20230201 OPC 0 -5000 23135000  
20230201 OPC 100 2565000 25705000 2570000 
20230201 OPC -100 -2585000 17975000 7695000 
20230201 OPC -200 -5025000 74235000 12775000 
20230201 OPC 200 5145000 28285000 2580000 
20230201 OPC -400 -10280000 10280000  10280000
20230201 OPC -700 -17800000 61460000 2555000 
20230201 OPC -800 -20355000 58905000 2560000 
20230201 OPC -900 -22915000 56345000  28060000
20230201 OPC "acum_busd" "acum_busd_val" "acum_val" "val_bu" "val_sd"
20230202 OPC 0 30000 23060000 2550000 
20230202 OPC -100 -2520000 17960000 2560000 
20230202 OPC -100 -2520000 20510000  
20230202 OPC 100 2580000 25610000 2550000 
20230202 OPC 100 2600000 7720000  2560000
20230202 OPC -200 -5080000 15400000  7680000
20230202 OPC 200 5160000 5160000 5160000 
20230202 OPC "acum_busd" "acum_busd_val" "acum_val" "val_bu" "val_sd"
20230203 OPC 100 2550000 2550000 2550000 
20230203 OPC 200 5100000 5100000 2550000 
20230203 OPC 300 7650000 20400000  
20230203 OPC 300 7650000 7650000 2550000 
20230203 OPC "acum_busd" "acum_busd_val" "acum_val" "val_bu" "val_sd"
20230206 OPC -1500 -36265000 36265000  36265000
20230206 OPC -300 -7165000 96565000 5100000 
20230206 OPC -500 -12265000 91465000 24000000 
20230206 OPC 700 18335000 122065000 25500000 
20230206 OPC "acum_busd" "acum_busd_val" "acum_val" "val_bu" "val_sd"
20230207 OPC 200 5220000 45380000 25300000 
20230207 OPC -800 -20080000 20080000  20080000
20230207 OPC "acum_busd" "acum_busd_val" "acum_val" "val_bu" "val_sd"
20230208 OPC 1000 25200000 25200000 25200000 
20230208 OPC 1000 25200000 30200000 2500000 
20230208 OPC 1200 30200000 35200000 5000000 
20230208 OPC 1300 32700000 37700000 2500000 
20230208 OPC 1500 37700000 42700000 5000000 
20230208 OPC 2500 62730000 72670000  2470000
20230208 OPC 2600 65200000 70200000 27500000 
20230208 OPC 2600 65220000 75160000 2490000 
20230208 OPC 3700 92665000 102605000 27445000 
20230208 OPC 900 22700000 27700000  2500000
20230208 OPC "acum_busd" "acum_busd_val" "acum_val" "val_bu" "val_sd"
20230209 OPC -200 -4970000 29920000  12475000
20230209 OPC -200 -4970000 4970000  4970000
20230209 OPC -2100 -52370000 82320000 2500000 
20230209 OPC -2200 -54870000 79820000  49900000
20230209 OPC 300 7505000 17445000 12475000 
20230209 OPC -3800 -94785000 124735000  42415000
20230209 OPC "acum_busd" "acum_busd_val" "acum_val" "val_bu" "val_sd"
20230210 OPC -400 -9980000 9980000  9980000
20230210 OPC -500 -12390000 12390000  2410000
20230210 OPC "acum_busd" "acum_busd_val" "acum_val" "val_bu" "val_sd"
