20230223 PC1 -102900 -2767000000 2724010000 7500 7600
20230223 PC1 -109000 -2929695000 2817635000 900 3400
20230223 PC1 -110600 -2972540000 2750760000 8700 9700
20230223 PC1 -120100 -3224645000 3462420000 34700 41200
20230223 PC1 -127200 -3413735000 3510480000 8900 10700
20230223 PC1 -160300 -4291140000 4450580000 400 15300
20230223 PC1 -166500 -4457295000 4450580000 6200 6200
20230223 PC1 -168900 -4521615000 4450580000 2400 2400
20230223 PC1 -173700 -4649750000 4022610000 6700 17300
20230223 PC1 -173800 -4652335000 4052005000  500
20230223 PC1 -173800 -4652935000 4547060000 8500 12100
20230223 PC1 -174300 -4665710000 4038630000 1200 1800
20230223 PC1 -174800 -4679035000 4052005000 1000 1000
20230223 PC1 -176300 -4719490000 4605995000 4700 6900
20230223 PC1 -177600 -4753900000 3739590000 1100 6900
20230223 PC1 -178500 -4777180000 6513775000 1000 16400
20230223 PC1 -182300 -4879260000 3584970000 1600 4200
20230223 PC1 -183300 -4905885000 3515810000 56300 56500
20230223 PC1 -189300 -5064745000 5803160000  3100
20230223 PC1 -189600 -5072770000 6516440000 11200 11300
20230223 PC1 -191600 -5125970000 5843135000 1400 2900
20230223 PC1 -191700 -5128540000 6024105000  4000
20230223 PC1 -191700 -5128705000 5803160000 2400 2400
20230223 PC1 -192400 -5147385000 5720520000 2100 27300
20230223 PC1 -192900 -5160450000 6103905000 200 500
20230223 PC1 -193000 -5163120000 6095925000 4000 6700
20230223 PC1 -195700 -5234940000 5917705000 6900 9700
20230223 PC1 -196100 -5247750000 4605995000 19800 19800
20230223 PC1 -21100 -572960000 2675705000 100 6200
20230223 PC1 -215500 -5761845000 5050200000 400 2200
20230223 PC1 -216100 -5778265000 4781555000 26600 33200
20230223 PC1 -216900 -5799105000 5002320000 2400 5400
20230223 PC1 -217500 -5815185000 4922520000 300 3500
20230223 PC1 -220400 -5892340000 4837400000 6400 8500
20230223 PC1 -22600 -613315000 2492785000  6900
20230223 PC1 -230100 -6149025000 7494290000 27800 66800
20230223 PC1 -236100 -6307635000 7597535000 9900 13800
20230223 PC1 -239200 -6389650000 6516440000 49600 49600
20230223 PC1 -245600 -6558300000 7700690000 13400 17300
20230223 PC1 -27000 -729000000 0 27000 27000
20230223 PC1 -27100 -734365000 2511615000 5200 5900
20230223 PC1 -27300 -737100000 62215000 2600 4900
20230223 PC1 -29500 -798925000 2307175000 200 2500
20230223 PC1 -31600 -855425000 2245305000  100
20230223 PC1 -31700 -858115000 2242615000  6200
20230223 PC1 -327500 -8716800000 7829880000 86800 91700
20230223 PC1 -33400 -901990000 159425000 9700 13300
20230223 PC1 -37900 -1024585000 2076145000 1000 5700
20230223 PC1 -38200 -1032695000 1885510000 1200 19000
20230223 PC1 -40900 -1104585000 2678395000  100
20230223 PC1 -41000 -1107270000 2678395000 100 100
20230223 PC1 -41000 -1107275000 2675705000 19900 19900
20230223 PC1 -41600 -1123980000 1949950000 1200 3500
20230223 PC1 -42700 -1153520000 1888195000 4600 7000
20230223 PC1 -47200 -1273740000 2678395000 6200 6200
20230223 PC1 -49800 -1344740000 183725000 17300 18200
20230223 PC1 -51700 -1394565000 2678395000 4500 4500
20230223 PC1 -54800 -1479295000 1406690000 500 2600
20230223 PC1 -56400 -1522280000 1350305000 300 33800
20230223 PC1 -62100 -1675990000 183725000 12300 12300
20230223 PC1 -81700 -2200165000 234535000 21500 25400
20230223 PC1 -84900 -2285605000 314635000 6200 9200
20230223 PC1 -89600 -2410720000 453845000 9900 17100
20230223 PC1 -91900 -2472135000 3288545000 500 18100
20230223 PC1 -92400 -2486140000 2713295000 1300 2600
20230223 PC1 -92400 -2486175000 2678395000 40700 40700
20230223 PC1 -95500 -2569050000 2721335000 3400 3700
20230223 PC1 "acum_busd" "acum_busd_val" "acum_val_bu" "sd" "sum_vol"
