20221212 PDB -4700 2696100 8000000 5400 7700
20221213 PDB -1000 -10600000 0 1000 1100
20221214 PDB 0 0 0 0 800
20221215 PDB -2400 -6917000 3210000 2700 4100
20221216 PDB 1200 12720000 16960000 400 2000
20221219 PDB 6100 63980000 63980000 0 6100
20221220 PDB -1900 -18120000 0 1900 2200
20221222 PDB -400 4432000 13560000 1700 3000
20221223 PDB 200 2180000 3170000 100 500
20221226 PDB 0 0 0 0 2700
20221227 PDB -200 -2070000 1050000 300 1600
20221228 PDB -200 -1980000 0 200 500
20221229 PDB -2000 -9910000 0 2000 2000
20221230 PDB 500 5100000 5100000 0 1500
20230103 PDB -1400 -14190000 4170000 1800 3400
20230104 PDB 800 -42719000 11977000 10100 21100
20230105 PDB -1800 -18420000 1040000 1900 2500
20230106 PDB 15700 -1801000.0000000002 193000 3600 24200
20230109 PDB 0 0 0 0 700
20230110 PDB 200 2220000 5190000 300 1000
20230111 PDB -2100 -19970000 35880000 5500 12200
20230112 PDB 300 3050000 13150000 1000 2300
20230113 PDB -1200 -12000 0 1200 1300
20230116 PDB 4000 54057000 54070000 1300 11000
20230117 PDB -1500 -15000 0 1500 4000
20230118 PDB -3800 -23205000 5150000 4300 6400
20230119 PDB -1900 -19470000 1030000 2000 3100
20230127 PDB 2600 43674000 60950000 3300 11100
20230130 PDB -1500 -15360000 32180000 4600 12600
20230131 PDB -2700 -29288900 3151100 3100 5000
20230201 PDB -5200 -53750000 5160000 5700 8400
20230202 PDB 200 6386000 6390000 400 7700
20230203 PDB 3000 31200000 31200000 0 6000
20230206 PDB -500 -4850000 10300000 1500 3300
20230207 PDB -1100 -819999.9999999998 11330000 2200 7400
20230208 PDB -1100 -11190000.000000002 15299999.999999998 2600 5500
20230209 PDB -500 -5100000 0 500 700
20230210 PDB -1700 -17150000 1030000 1800 1900
20230213 PDB 100 1030000 1030000 0 400
20230214 PDB 300 3000000 3000000 0 1300
20230216 PDB 700 7040000 33000000 2600 7100
20230217 PDB -1500 -14840000 15000000 3000 5000
20230220 PDB 4200 43170000 89810000 4700 14700
