20221212 PFL -351500 -1106220000 1450900000 172340000 1278560000
20221213 PFL -64500 -199980000 530030000 163630000 363610000
20221214 PFL -160200 -508370000 917330000 199200000 707570000
20221215 PFL 5400 21700000 828980000 413660000 391960000
20221216 PFL -47000 -140630000 500240000 175260000 315890000
20221219 PFL -55900 -173960000 314200000 69960000 243920000
20221220 PFL -290400 -832210000 1293700000 226530000 1058740000
20221221 PFL 10400 33070000 292700000 159310000 126240000
20221222 PFL -28700 -77260000 429480000 155370000 232630000
20221223 PFL -37700 -103550000 204510000 38020000 141570000
20221226 PFL -73200 -181020000 652080000 227530000 408550000
20221227 PFL 126200 329410000 465650000 382970000 53560000
20221228 PFL -66500 -169290000 316540000 73220000 242510000
20221229 PFL 8100 23070000 166810000 67770000 44700000
20221230 PFL -29900 -75550000 335210000 126450000 202000000
20230103 PFL 218400 615640000 825340000 715630000 99990000
20230104 PFL -22700 -65600000 606480000 267890000 333490000
20230105 PFL -18700 -52140000 414910000 171960000 224100000
20230106 PFL -74900 -203640000 413040000 103300000 306940000
20230109 PFL -55900 -159760000 276660000 52710000 212470000
20230110 PFL 141600 433120000 1871020000 1145760000 712640000
20230111 PFL -71800 -207730000 383300000 80410000 288140000
20230112 PFL -35400 -101620000 369900000 115000000 216620000
20230113 PFL 57100 172960000 399540000 268850000 95890000
20230116 PFL 12800 38220000 249790000 142990000 104770000
20230117 PFL -82900 -234290000 497630000 116010000 350300000
20230118 PFL -13900 -31429999.99999997 878900000 403580000 435010000
20230119 PFL 111700 325050000 886870000 605960000 280910000
20230127 PFL -39100 -109570000 872330000 379580000 489150000
20230130 PFL 43400 164960000 2261560000 1209860000 1044900000
20230131 PFL 12000 53430000 1048800000 493020000 439590000
20230201 PFL -187200 -621340000 1703180000 520970000 1142310000
20230202 PFL 16000 57770000 719180000 382350000 324580000
20230203 PFL -39500 -121840000 330560000 96360000 218200000
20230206 PFL 53200 165570000 562770000 332550000 166980000
20230207 PFL -223000 -671800000 996760000 150240000 822040000
20230208 PFL -75900 -216710000 610530000 196160000 412870000
20230209 PFL 41900 133380000 371580000 252180000 118800000
20230210 PFL -5100 -13250000 460270000 223510000 236760000
