20221212 PGB -5900 -96809999.99999999
20221213 PGB -5700 -91880000
20221214 PGB -5400 -87170000
20221215 PGB -12300 -194710000
20221216 PGB -2100 -33100000
20221219 PGB 19200 308460000
20221220 PGB -2200 -33200000
20221221 PGB -5200 -77250000
20221222 PGB 5400 84890000
20221223 PGB 100 1580000
20221226 PGB -3000 -45530000
20221227 PGB 3900 65850000
20221228 PGB 900 14470000
20221229 PGB 100 1730000
20221230 PGB 12500 204740000
20230103 PGB 4900 79380000
20230104 PGB 2300 37590000
20230105 PGB 15700 255910000
20230106 PGB -2100 -32460000.000000015
20230109 PGB 9900 153570000
20230110 PGB 3900 60960000
20230111 PGB 2100 33650000
20230112 PGB -1900 -30040000
20230113 PGB -8400 -132050000
20230116 PGB 200 3360000
20230117 PGB 500 8170000
20230118 PGB -9000 -140100000
20230119 PGB 44700 712160000
20230127 PGB 5600 89790000
20230130 PGB 9100 149490000
20230131 PGB -1300 -20750000
20230201 PGB -8200 -127920000.00000001
20230202 PGB 39600 695170000
20230203 PGB -21800 -435570000
20230206 PGB -14000 -266540000
20230207 PGB -5100 -89490000
