20221212 PGC 0 0 3200000  1600000
20221212 PGC 100 1600000 1600000 1600000 
20221212 PGC -100 -1605000 4805000  1605000
20221212 PGC -1200 -19005000 54605000  22400000
20221212 PGC -1300 -20605000 56205000  1600000
20221212 PGC -200 -3205000 6405000  1600000
20221212 PGC 200 3395000 32205000  6400000
20221212 PGC -3400 -54205000 89805000  33600000
20221212 PGC 600 9795000 25805000  3200000
20221212 PGC 800 12995000 22605000 16200000 
20221212 PGC "acum_busd" "acum_busd_val" "acum_val" "val_bu" "val_sd"
20221213 PGC -100 -1610000.0000000002 1610000.0000000002  1610000.0000000002
20221213 PGC -1100 -17710000.000000004 17710000.000000004  16100000.000000002
20221213 PGC -1400 -22540000.000000004 22540000.000000004  4830000.000000001
20221213 PGC -1500 -24150000.000000004 24150000.000000004  1610000.0000000002
20221213 PGC -1700 -27270000 43570000 8150000 
20221213 PGC -1800 -28900000 45200000  1630000
20221213 PGC -1800 -28980000.000000004 28980000.000000004  4830000
20221213 PGC -1900 -30530000 46830000  1630000
20221213 PGC -1900 -30590000.000000004 30590000.000000004  1610000.0000000002
20221213 PGC -2200 -35420000 35420000  4830000
20221213 PGC -2400 -38680000 54980000  8150000
20221213 PGC -2500 -40310000 56610000  1630000
20221213 PGC -2700 -43490000 141290000 21190000 
20221213 PGC -3300 -53350000 98990000 14670000 
20221213 PGC -4000 -64680000 120100000 4890000 16220000
20221213 PGC -4200 -68020000 84320000  27710000
20221213 PGC -700 -10690000 174090000 32800000 
20221213 PGC -700 -10690000 177350000  
20221213 PGC "acum_busd" "acum_busd_val" "acum_val" "val_bu" "val_sd"
20221214 PGC 100 1490000.0000000019 30710000 16100000.000000002 
20221214 PGC 3100 49790000.00000001 79010000 48300000.00000001 
20221214 PGC 3900 62670000.00000001 91890000 12880000.000000002 
20221214 PGC -600 -9780000 9780000  9780000
20221214 PGC 7900 127070000.00000001 156290000 64400000.00000001 
20221214 PGC 8600 138340000.00000003 167560000 11270000.000000002 
20221214 PGC 8900 143260000.00000003 178940000  3229999.9999999995
20221214 PGC 9000 144870000.00000003 180550000 1610000.0000000002 
20221214 PGC -900 -14610000 14610000  4830000
20221214 PGC 9100 146490000.00000003 175710000 8150000 
20221214 PGC "acum_busd" "acum_busd_val" "acum_val" "val_bu" "val_sd"
20221215 PGC 100 1610000.0000000002 1610000.0000000002 1610000.0000000002 
20221215 PGC -1300 -20670000 40050000 1639999.9999999998 
20221215 PGC -1400 -22310000 38410000  7950000
20221215 PGC 200 3240000.000000001 12860000.000000002  3200000
20221215 PGC 400 6440000.000000001 9660000.000000002  1610000.0000000002
20221215 PGC 500 8050000.000000001 8050000.000000001 6440000.000000001 
20221215 PGC -900 -14360000 30460000  17600000
20221215 PGC "acum_busd" "acum_busd_val" "acum_val" "val_bu" "val_sd"
20221216 PGC -1400 -22095000 66995000 6480000 
20221216 PGC -1800 -28575000 60515000 3220000.0000000005 
20221216 PGC -1900 -30205000 52485000 3190000 
20221216 PGC -2000 -31795000 57295000 1610000.0000000002 
20221216 PGC -2000 -31800000 47700000 7950000 
20221216 PGC -2100 -33395000 49295000  1595000
20221216 PGC -2100 -33405000 55685000  3200000
20221216 PGC -2500 -39750000 39750000  39750000
20221216 PGC "acum_busd" "acum_busd_val" "acum_val" "val_bu" "val_sd"
20221219 PGC -100 -1610000.0000000002 1610000.0000000002  1610000.0000000002
20221219 PGC 1300 20930000 24150000 22540000 
20221219 PGC -1600 -25490000 70570000  28800000
20221219 PGC -1800 -28700000 153340000 4800000 
20221219 PGC -1900 -30295000 154935000  1595000
20221219 PGC -1900 -30300000 145340000 11130000 
20221219 PGC 200 3310000 41770000  11200000
20221219 PGC -2100 -33500000 148540000  3200000
20221219 PGC -2300 -36720000 119960000 1590000 
20221219 PGC -2400 -38310000 118370000 1590000 
20221219 PGC -2500 -39900000 116780000 7950000 
20221219 PGC -2600 -41430000 134210000 4770000 9480000
20221219 PGC -3000 -47850000 108830000 7950000 
20221219 PGC -3500 -55800000 100880000  30310000
20221219 PGC 900 14510000 30570000  6420000
20221219 PGC "acum_busd" "acum_busd_val" "acum_val" "val_bu" "val_sd"
20221220 PGC 1000 15715000 31535000  1570000
20221220 PGC 1000 15760000 40940000 4725000 
20221220 PGC 100 1640000 55060000  3140000
20221220 PGC 1100 17285000 29965000 23625000 
20221220 PGC -200 -3190000 3190000  3190000
20221220 PGC 200 3215000 56635000 1575000 
20221220 PGC 300 4780000 51920000  6280000
20221220 PGC -400 -6340000 6340000  3150000
20221220 PGC -700 -10960000 70810000  14175000
20221220 PGC 700 11035000 36215000  4680000
20221220 PGC 700 11060000 45640000  1570000
20221220 PGC 800 12630000 44070000  1570000
20221220 PGC 900 14200000 42500000  1560000
20221220 PGC "acum_busd" "acum_busd_val" "acum_val" "val_bu" "val_sd"
20221221 PGC 0 40000 3120000 1580000 
20221221 PGC -100 -1540000 1540000  1540000
20221221 PGC 100 1620000 4700000 1580000 
20221221 PGC -1100 -17100000 23420000  18720000
20221221 PGC -1300 -20230000 26550000  3130000
20221221 PGC -1600 -24925000 31245000  4695000
20221221 PGC -1700 -26485000 32805000  1560000
20221221 PGC -3200 -49885000 56205000  23400000
20221221 PGC -5300 -82435000 88755000  32550000
20221221 PGC -5600 -87100000 93420000  4665000
20221221 PGC -5800 -90120000 102800000 3180000 
20221221 PGC -5900 -91670000 104350000  1550000
20221221 PGC -5900 -91750000 98070000  4650000
20221221 PGC -6000 -93300000 99620000  1550000
20221221 PGC "acum_busd" "acum_busd_val" "acum_val" "val_bu" "val_sd"
20221222 PGC 1000 14615000 114665000  9195000
20221222 PGC 100 1560000 22440000 4500000 
20221222 PGC 1200 17675000 117725000 3060000 
20221222 PGC 1300 19210000 100870000  3030000
20221222 PGC 1500 22240000 97840000  27360000
20221222 PGC 1500 22260000 103920000 3050000 
20221222 PGC 1600 23810000 105470000 1550000 
20221222 PGC -200 -2940000 17940000 7500000 
20221222 PGC 3300 49600000 70480000 39040000 
20221222 PGC -500 -7410000 7410000  7410000
20221222 PGC -700 -10440000 10440000  3030000
20221222 PGC 700 10560000 31440000 9000000 
20221222 PGC "acum_busd" "acum_busd_val" "acum_val" "val_bu" "val_sd"
20221223 PGC -1400 -21840000 31200000  26520000
20221223 PGC -2000 -31035000 43495000 1550000 
20221223 PGC -2100 -32585000 41945000  10745000
20221223 PGC 300 4680000 4680000 4680000 
20221223 PGC "acum_busd" "acum_busd_val" "acum_val" "val_bu" "val_sd"
20221226 PGC -100 -1505000 1505000  1505000
20221226 PGC -200 -3010000 9030000 3010000 
20221226 PGC -2200 -33235000 39255000  19580000
20221226 PGC -2400 -36245000 42265000  3010000
20221226 PGC -300 -4515000 10535000  1505000
20221226 PGC -400 -6020000 6020000  4515000
20221226 PGC -500 -7615000 13635000  3100000
20221226 PGC -800 -12145000 18165000  4530000
20221226 PGC -900 -13655000 19675000  1510000
20221226 PGC "acum_busd" "acum_busd_val" "acum_val" "val_bu" "val_sd"
20221227 PGC 100 1535000 1535000 1535000 
20221227 PGC 700 10760000 10760000 9225000 
20221227 PGC 900 13840000 13840000 3080000 
20221227 PGC "acum_busd" "acum_busd_val" "acum_val" "val_bu" "val_sd"
20221228 PGC -100 -1550000 1550000  1550000
20221228 PGC 100 1550000 4650000 3100000 
20221228 PGC "acum_busd" "acum_busd_val" "acum_val" "val_bu" "val_sd"
20221229 PGC -1000 -15545000 37295000  1540000
20221229 PGC 1000 16555000 69395000 32100000 
20221229 PGC -1100 -17105000 32655000 1555000 
20221229 PGC -1200 -18660000 31100000 4665000 
20221229 PGC -1400 -21770000 21770000  21770000
20221229 PGC -1500 -23325000 26435000 1555000 
20221229 PGC -1600 -24880000 24880000  3110000
20221229 PGC -900 -14005000 35755000 3100000 
20221229 PGC "acum_busd" "acum_busd_val" "acum_val" "val_bu" "val_sd"
20221230 PGC -1100 -16610000 16610000  16610000
20221230 PGC -1300 -19630000 19630000  3020000
20221230 PGC -700 -10030000 29230000 9600000 
20221230 PGC -800 -11610000 33970000 1580000 
20221230 PGC -900 -13190000 32390000  3160000
20221230 PGC 9200 158390000 203970000 170000000 
20221230 PGC "acum_busd" "acum_busd_val" "acum_val" "val_bu" "val_sd"
20230103 PGC -100 -1595000 4955000  3275000
20230103 PGC 100 1680000 1680000 1680000 
20230103 PGC -2300 -37065000 40425000  35470000
20230103 PGC -3900 -62545000 82215000 3240000 
20230103 PGC -4100 -65785000 78975000 3265000 1620000
20230103 PGC -4200 -67430000 74090000 1650000 
20230103 PGC -4300 -69025000 88695000  6480000
20230103 PGC -4300 -69080000 72440000  32015000
20230103 PGC "acum_busd" "acum_busd_val" "acum_val" "val_bu" "val_sd"
20230104 PGC 300 5010000 5010000 5010000 
20230104 PGC 400 6849999.999999998 62370000 16300000 
20230104 PGC -600 -9450000.000000002 46070000  24450000
20230104 PGC 900 14999999.999999998 21620000 9989999.999999998 
20230104 PGC "acum_busd" "acum_busd_val" "acum_val" "val_bu" "val_sd"
20230105 PGC -100 -1680000 8280000 3300000 
20230105 PGC -300 -4980000 4980000  4980000
20230105 PGC -600 -9830000 16430000  8150000
20230105 PGC "acum_busd" "acum_busd_val" "acum_val" "val_bu" "val_sd"
20230106 PGC -1200 -19210000 19210000  19210000
20230106 PGC -1500 -23975000 30375000 3200000 
20230106 PGC -1500 -23980000 23980000  4770000
20230106 PGC -1700 -27175000 27175000  3195000
20230106 PGC 1700 27225000 84775000 16000000 
20230106 PGC 1700 27335000 116665000  3170000
20230106 PGC 1900 30505000 113495000  12720000
20230106 PGC 2600 41690000 131020000 14355000 
20230106 PGC 2700 43225000 100775000 16000000 
20230106 PGC 400 6800000 165910000  7900000
20230106 PGC -600 -9575000 44775000 14400000 
20230106 PGC -700 -11175000 46375000  1600000
20230106 PGC 700 11225000 68775000 22400000 
20230106 PGC 900 14700000 158010000  26990000
20230106 PGC "acum_busd" "acum_busd_val" "acum_val" "val_bu" "val_sd"
20230109 PGC -100 -1580000 1580000  1580000
20230109 PGC 200 3160000 6320000 4740000 
20230109 PGC 700 11060000 14220000 7900000 
20230109 PGC 800 12640000 15800000 1580000 
20230109 PGC 900 14220000 17380000 1580000 
20230109 PGC "acum_busd" "acum_busd_val" "acum_val" "val_bu" "val_sd"
20230110 PGC 0 20000 6220000 3120000 
20230110 PGC -100 -1540000 1540000  1540000
20230110 PGC -100 -1560000 7800000  1580000
20230110 PGC -2000 -31530000 44190000 1630000 
20230110 PGC -200 -3100000 3100000  1560000
20230110 PGC -200 -3140000 12540000 1580000 
20230110 PGC -200 -3140000 9380000  1580000
20230110 PGC -2100 -33160000 42560000  30020000
20230110 PGC -300 -4720000 10960000  1580000
20230110 PGC "acum_busd" "acum_busd_val" "acum_val" "val_bu" "val_sd"
20230111 PGC -100 -1600000 46380000 9600000 
20230111 PGC 1100 17600000 65580000 3200000 
20230111 PGC -1200 -19210000 25590000 3190000 
20230111 PGC 1300 20790000 68770000 3190000 
20230111 PGC -1400 -22400000 22400000  19200000
20230111 PGC -200 -3200000 3200000  3200000
20230111 PGC -600 -9610000 35190000 1600000 
20230111 PGC -700 -11200000 36780000  1590000
20230111 PGC -700 -11210000 33590000 8000000 
20230111 PGC 900 14400000 62380000 16000000 
20230111 PGC "acum_busd" "acum_busd_val" "acum_val" "val_bu" "val_sd"
20230112 PGC 0 135000 25385000  1580000
20230112 PGC -100 -1580000 1580000  1580000
20230112 PGC 100 1610000 4770000 3190000 
20230112 PGC 100 1715000 23805000  3145000
20230112 PGC -200 -3035000 28555000  3170000
20230112 PGC -300 -4710000 11090000  6320000
20230112 PGC 300 4860000 20660000 9570000 
20230112 PGC "acum_busd" "acum_busd_val" "acum_val" "val_bu" "val_sd"
20230113 PGC -200 -3100000 3100000  3100000
20230113 PGC 300 4850000 11050000 7950000 
20230113 PGC 300 4850000 14230000  1590000
20230113 PGC 400 6440000 12640000 1590000 
20230113 PGC 400 6440000 15820000 1590000 
20230113 PGC "acum_busd" "acum_busd_val" "acum_val" "val_bu" "val_sd"
20230116 PGC -1000 -15900000 15900000  7950000
20230116 PGC -100 -1590000 1590000  1590000
20230116 PGC -1100 -17490000 17490000  1590000
20230116 PGC -1300 -20600000 65260000 1595000 
20230116 PGC -1400 -22195000 63665000 3190000 
20230116 PGC -1600 -25385000 60475000 7975000 
20230116 PGC -1600 -25440000 25440000  7950000
20230116 PGC -1700 -27030000 27030000  1590000
20230116 PGC -2100 -33360000 52500000 1595000 
20230116 PGC -2200 -34955000 50905000 7975000 
20230116 PGC -2700 -42930000 42930000  15900000
20230116 PGC -500 -7950000 7950000  6360000
20230116 PGC "acum_busd" "acum_busd_val" "acum_val" "val_bu" "val_sd"
20230117 PGC 100 1595000 1595000 1595000 
20230117 PGC 1100 17545000 17545000 7975000 
20230117 PGC 1100 17545000 19140000  
20230117 PGC 1200 19140000 20735000 1595000 
20230117 PGC 1300 20735000 22330000 1595000 
20230117 PGC 1900 30305000 31900000 9570000 
20230117 PGC 2100 33495000 35090000 3190000 
20230117 PGC 600 9570000 9570000 7975000 
20230117 PGC "acum_busd" "acum_busd_val" "acum_val" "val_bu" "val_sd"
20230118 PGC 0 -65000 79595000 17380000 
20230118 PGC 100 1515000 81175000 1580000 
20230118 PGC -100 -1595000 1595000  1595000
20230118 PGC 100 1670000 17620000 9645000 
20230118 PGC -1100 -17445000 62215000  11080000
20230118 PGC 1200 18895000 98555000 17380000 
20230118 PGC 1300 20505000 100165000 1610000.0000000002 
20230118 PGC -200 -3180000 35310000 6420000 
20230118 PGC -300 -4785000 36915000  1605000
20230118 PGC -400 -6365000 38495000  1580000
20230118 PGC -400 -6365000 51135000  
20230118 PGC -500 -7975000 7975000  6380000
20230118 PGC -600 -9600000 28890000  11270000
20230118 PGC "acum_busd" "acum_busd_val" "acum_val" "val_bu" "val_sd"
20230119 PGC -100 -1605000 1605000  1605000
20230119 PGC -100 -1605000 17705000  8050000.000000001
20230119 PGC -2100 -33735000 62835000  19260000
20230119 PGC -2600 -41735000 70835000  8000000
20230119 PGC 400 6445000.000000001 9655000 8050000.000000001 
20230119 PGC -400 -6450000 22550000  4845000
20230119 PGC -500 -8025000 30665000 3270000.0000000005 
20230119 PGC -600 -9680000 25780000  3229999.9999999995
20230119 PGC -700 -11255000 33895000  3229999.9999999995
20230119 PGC -700 -11255000 40355000 3229999.9999999995 
20230119 PGC -700 -11295000 27395000  1614999.9999999998
20230119 PGC -900 -14475000 43575000  3220000.0000000005
20230119 PGC -900 -14485000 37125000  3229999.9999999995
20230119 PGC "acum_busd" "acum_busd_val" "acum_val" "val_bu" "val_sd"
20230127 PGC -100 -1279999.9999999981 50480000 6480000 
20230127 PGC 400 6785000 10015000  1614999.9999999998
20230127 PGC -500 -7759999.999999998 24560000  14544999.999999998
20230127 PGC -500 -7759999.999999998 44000000 1620000 
20230127 PGC 500 8400000 8400000 8400000 
20230127 PGC -600 -9379999.999999998 26180000  1620000
20230127 PGC -600 -9379999.999999998 42380000  
20230127 PGC "acum_busd" "acum_busd_val" "acum_val" "val_bu" "val_sd"
20230130 PGC 0 50000.00000000186 42070000  16149999.999999998
20230130 PGC 1000 16200000 25920000 12960000 
20230130 PGC 100 1620000 11340000  3240000
20230130 PGC -100 -1620000 1620000  1620000
20230130 PGC 1300 21120000 66360000  1610000.0000000002
20230130 PGC 1400 22730000 64750000 22680000 
20230130 PGC 1400 22760000 103420000 14490000.000000002 1610000.0000000002
20230130 PGC 200 3240000 12960000 1620000 
20230130 PGC 300 4860000 8100000 6480000 
20230130 PGC 300 5019999.999999998 82460000  16100000.000000002
20230130 PGC -3400 -54510000.00000001 183930000 1620000 
20230130 PGC -3500 -56130000.00000001 182310000  64400000.00000001
20230130 PGC 500 8259999.999999998 85700000 3240000 
20230130 PGC 500 8269999.999999998 117910000  14490000.000000002
20230130 PGC 600 9879999.999999998 87320000 1620000 
20230130 PGC "acum_busd" "acum_busd_val" "acum_val" "val_bu" "val_sd"
20230131 PGC 0 0 33600000  
20230131 PGC -1900 -30235000 100980000 16149999.999999998 
20230131 PGC -2200 -34720000 173295000 1614999.9999999998 
20230131 PGC -2300 -36335000 171680000 32300000 
20230131 PGC -2800 -44635000 115380000  14400000
20230131 PGC -2900 -46385000 83215000 1614999.9999999998 
20230131 PGC -2900 -46385000 84830000  
20230131 PGC -3000 -48000000 81600000  48000000
20230131 PGC -4300 -68635000 139380000  24000000
20230131 PGC "acum_busd" "acum_busd_val" "acum_val" "val_bu" "val_sd"
20230201 PGC 0 34999.99999999977 3245000  1605000
20230201 PGC 100 1639999.9999999998 1639999.9999999998 1639999.9999999998 
20230201 PGC -1100 -17330000 72630000  3250000
20230201 PGC -1300 -20580000 75880000  3250000
20230201 PGC -1800 -28855000 38555000  32100000
20230201 PGC -1900 -30380000 53080000 6500000 
20230201 PGC 200 3245000 6455000 3210000 
20230201 PGC -2300 -36880000 46580000  8025000
20230201 PGC -900 -14080000 69380000 16300000 
20230201 PGC "acum_busd" "acum_busd_val" "acum_val" "val_bu" "val_sd"
20230202 PGC 0 -25000 6425000  1600000
20230202 PGC 100 1575000 4825000 3200000 
20230202 PGC -100 -1625000 1625000  1625000
20230202 PGC -100 -1625000 8025000  1600000
20230202 PGC -200 -3225000 9625000  1600000
20230202 PGC -300 -4825000 11225000  1600000
20230202 PGC -4300 -68825000 75225000  64000000
20230202 PGC -4500 -72025000 81625000 1600000 
20230202 PGC -4600 -73625000 80025000  4800000
20230202 PGC "acum_busd" "acum_busd_val" "acum_val" "val_bu" "val_sd"
20230203 PGC 0 0 16000000 8000000 
20230203 PGC 0 0 19200000 1600000 
20230203 PGC -100 -1600000 17600000  1600000
20230203 PGC 100 1600000 20800000 1600000 
20230203 PGC -500 -8000000 8000000  8000000
20230203 PGC "acum_busd" "acum_busd_val" "acum_val" "val_bu" "val_sd"
20230206 PGC 0 170000 54770000  1600000
20230206 PGC -100 -1600000 1600000  1600000
20230206 PGC 100 1770000 53170000  3240000
20230206 PGC -1100 -17600000 17600000  9600000
20230206 PGC -300 -4800000 4800000  3200000
20230206 PGC 300 5010000 49930000  3240000
20230206 PGC -400 -6330000 28870000 6440000 
20230206 PGC -500 -8000000 8000000  3200000
20230206 PGC 500 8250000 46690000  1620000
20230206 PGC 600 9870000 45070000 16200000 
20230206 PGC -800 -12770000 22430000 4830000 
20230206 PGC "acum_busd" "acum_busd_val" "acum_val" "val_bu" "val_sd"
20230207 PGC -1000 -15960000 15960000  6360000
20230207 PGC -1100 -17320000 62120000 1600000 
20230207 PGC -1200 -18920000 60520000 8000000 
20230207 PGC -1300 -20490000 65290000  3170000
20230207 PGC -1500 -23900000 27100000 1600000 9540000
20230207 PGC -1700 -26920000 52520000 9600000 
20230207 PGC -2300 -36520000 42920000 1600000 14220000
20230207 PGC -600 -9600000 9600000  9600000
20230207 PGC "acum_busd" "acum_busd_val" "acum_val" "val_bu" "val_sd"
20230209 PGC -100 -1600000 1600000  1600000
20230209 PGC 1300 20890000 24090000 6400000 
20230209 PGC 900 14490000.000000002 17690000 16090000.000000002 
20230209 PGC "acum_busd" "acum_busd_val" "acum_val" "val_bu" "val_sd"
20230210 PGC -1300 -20565000 20565000  17365000
20230210 PGC -1300 -20565000 22180000  
20230210 PGC -200 -3200000 3200000  3200000
20230210 PGC "acum_busd" "acum_busd_val" "acum_val" "val_bu" "val_sd"
