20221212 PGV 0 0 0  100
20221212 PGV 1000 18465000 18465000  400
20221212 PGV 1100 20315000 20315000  100
20221212 PGV -1700 -32133200 94266800  100
20221212 PGV -1800 -33928200 94266800 100 100
20221212 PGV -1800 -33943200 92456800  2200
20221212 PGV -200 -3045000 51255000 1000 1000
20221212 PGV -200 -3145000 33055000  600
20221212 PGV 200 4135000 40335000  400
20221212 PGV -3100 -55375000 53075000  100
20221212 PGV -3200 -57195000 51255000 3000 3000
20221212 PGV -4000 -73323200 53076800 1000 1100
20221212 PGV -4600 -85836400 94268600  100
20221212 PGV -4700 -85838200 94266800 2900 2900
20221212 PGV 600 11065000 11065000  600
20221212 PGV 700 13235000 49435000  500
20221212 PGV -800 -14065000 22135000  100
20221212 PGV 800 15055000 51255000  100
20221212 PGV -900 -15885000 20315000 2000 2000
20221212 PGV "acum_busd" "acum_busd_val" "acum_val_bu" "sd" "sum_vol"
20221213 PGV 1000 -43373000 26866000  100
20221213 PGV 100 1810000.0000000002 1810000.0000000002  100
20221213 PGV 1100 -41578000 28661000  100
20221213 PGV -2900 -64956600 5282400 3600 4800
20221213 PGV -300 -5430000.000000001 1810000.0000000002 400 400
20221213 PGV 3400 -293000 69946000  2300
20221213 PGV -500 -5433600.000000001 1810000.0000000002 200 200
20221213 PGV -500 -5433600.000000001 1815400.0000000002  300
20221213 PGV -800 -5439000.000000001 1810000.0000000002 300 300
20221213 PGV 900 -45168000 25071000  3800
20221213 PGV "acum_busd" "acum_busd_val" "acum_val_bu" "sd" "sum_vol"
20221214 PGV 100 1845000 1845000  100
20221214 PGV "acum_busd" "acum_busd_val" "acum_val_bu" "sd" "sum_vol"
20221215 PGV 100 1844999.9999999998 3680000 100 100
20221215 PGV 100 1844999.9999999998 3680000  200
20221215 PGV 100 1845000 1845000  100
20221215 PGV -1700 18041400 19925000  800
20221215 PGV -2000 3610400 5485000 2200 2200
20221215 PGV 200 3650000 5485000  100
20221215 PGV 200 3680000 3680000  100
20221215 PGV -2500 3601400 5485000 500 500
20221215 PGV 300 54341400 56225000  2000
20221215 PGV "acum_busd" "acum_busd_val" "acum_val_bu" "sd" "sum_vol"
20221216 PGV 1000 18000 18000  1000
20221216 PGV 1200 21600 21600  200
20221216 PGV 1500 27000 27000  300
20221216 PGV 300 -21453000 27000  100
20221216 PGV 300 -21453000 27000 1200 1200
20221216 PGV "acum_busd" "acum_busd_val" "acum_val_bu" "sd" "sum_vol"
20221219 PGV -1800 -28041700 8949999.999999998  400
20221219 PGV -2000 -38774500 8957199.999999998  100
20221219 PGV -2100 -38776300 8955399.999999998  300
20221219 PGV -2200 -35201700 1789999.9999999998  100
20221219 PGV -2300 -36991700 0 2300 2300
20221219 PGV -2300 -36991700 8949999.999999998 500 500
20221219 PGV -2300 -44144500 12537199.999999998  100
20221219 PGV -2400 -38781700 8949999.999999998 100 100
20221219 PGV -2400 -45929500 12537199.999999998 100 100
20221219 PGV -2400 -45934500 10747199.999999998  100
20221219 PGV -2500 -47724500 8957199.999999998 500 500
20221219 PGV "acum_busd" "acum_busd_val" "acum_val_bu" "sd" "sum_vol"
20221220 PGV 300 5360000 5360000  300
20221220 PGV "acum_busd" "acum_busd_val" "acum_val_bu" "sd" "sum_vol"
20221221 PGV 1000 17645000 19405000  100
20221221 PGV -100 -1760000.0000000002 0 100 100
20221221 PGV -10600 -188800000 39020000  100
20221221 PGV -10600 -188800000 39020000 3500 3500
20221221 PGV 1100 19435000 21195000  100
20221221 PGV -2900 -51740000 39020000  100
20221221 PGV -3000 -53535000 37225000 200 1100
20221221 PGV -3700 -66005000 21195000 4800 4800
20221221 PGV 400 7040000 8800000  500
20221221 PGV -5300 -94460000 39020000 2400 2400
20221221 PGV -5400 -96240000 39020000 100 100
20221221 PGV -7100 -126500000 39020000 1700 1700
20221221 PGV 900 15864999.999999998 17625000  500
20221221 PGV "acum_busd" "acum_busd_val" "acum_val_bu" "sd" "sum_vol"
20221222 PGV 100 3768200.0000000005 3770000.0000000005 100 100
20221222 PGV 100 3768200.0000000005 3771800.0000000005 100 100
20221222 PGV 10200 156585200 196500200 100 100
20221222 PGV 10300 158380200 196500200  3200
20221222 PGV 10300 158405200 198320200  100
20221222 PGV 1100 3786200.0000000005 3789800.0000000005  700
20221222 PGV 200 3770000.0000000005 3770000.0000000005  200
20221222 PGV 200 3770000.0000000005 3771800.0000000005  100
20221222 PGV 2200 3806000.0000000005 3809600.0000000005  1100
20221222 PGV 2300 3807800.0000000005 3811400.0000000005  100
20221222 PGV 2400 3809600.0000000005 3813200.0000000005  100
20221222 PGV 2600 -17865200 16598400 500 1000
20221222 PGV 2600 -17865200 7498400.000000001 1000 1000
20221222 PGV 3600 234800.00000000186 7498400.000000001 400 400
20221222 PGV 3800 3834800.0000000005 3838400.0000000005  1400
20221222 PGV 3900 5669800.000000001 5673400.000000001  100
20221222 PGV 4000 7494800.000000001 7498400.000000001  100
20221222 PGV 400 3773600.0000000005 3777200.0000000005  300
20221222 PGV 7100 101330200 139450200 2500 9500
20221222 PGV "acum_busd" "acum_busd_val" "acum_val_bu" "sd" "sum_vol"
20221223 PGV 100 -1026200 79813800  200
20221223 PGV 100 1845000 1845000  100
20221223 PGV -100 -4816200 76023800  100
20221223 PGV -100 -4826200 74128800  400
20221223 PGV 1100 16798800 66593800 100 100
20221223 PGV 1200 18628800 66593800 500 500
20221223 PGV 1300 23935000 23935000  1200
20221223 PGV 1600 27851900 66591900 2000 2000
20221223 PGV 1700 27853800 66593800  100
20221223 PGV -200 -6711200 74128800 100 100
20221223 PGV 3100 55341900 57181900 100 100
20221223 PGV 3200 57181900 57181900  2200
20221223 PGV 3500 62841900 64681900  900
20221223 PGV 3600 64751900 66591900  100
20221223 PGV -500 -12361200 66593800 1600 1600
20221223 PGV 800 12203799.999999998 93043800  700
20221223 PGV "acum_busd" "acum_busd_val" "acum_val_bu" "sd" "sum_vol"
20221226 PGV 0 19999.999999999534 5610000 200 200
20221226 PGV -1000 -18410000 7480000 300 300
20221226 PGV 100 1760000 34930000  900
20221226 PGV -100 -1830000.0000000005 5610000 100 100
20221226 PGV -100 -1830000.0000000005 7480000 100 200
20221226 PGV -100 -1870000 0 100 100
20221226 PGV -1100 -20230000 7480000 100 100
20221226 PGV -1200 -22050000 7480000 100 100
20221226 PGV -1400 -25690000 7480000  100
20221226 PGV -1400 -25690000 7480000 200 200
20221226 PGV -200 -3700000.0000000005 7480000 100 100
20221226 PGV 200 3740000 5610000  1000
20221226 PGV 200 3740000 5610000  300
20221226 PGV 500 9080000 42250000  400
20221226 PGV 600 10910000 44080000  100
20221226 PGV 600 10910000 44080000  400
20221226 PGV -700 -12950000 7480000 500 500
20221226 PGV -800 -14710000 18460000  600
20221226 PGV "acum_busd" "acum_busd_val" "acum_val_bu" "sd" "sum_vol"
20221227 PGV 1000 5517600.000000001 5530200.000000001  100
20221227 PGV 100 1835000.0000000002 1835000.0000000002  100
20221227 PGV -100 5497800.000000001 5506800.000000001 500 500
20221227 PGV -100 5497800.000000001 5510400.000000001  200
20221227 PGV 100 5501400.000000001 5514000.000000001  200
20221227 PGV 1100 7352600.000000001 7365200.000000001  100
20221227 PGV -200 5496000.000000001 5506800.000000001 100 100
20221227 PGV -300 5494200.000000001 5506800.000000001 100 100
20221227 PGV 300 5505000.000000001 5505000.000000001  200
20221227 PGV 400 5506800.000000001 5506800.000000001  100
20221227 PGV 900 5515800.000000001 5528400.000000001  800
20221227 PGV "acum_busd" "acum_busd_val" "acum_val_bu" "sd" "sum_vol"
20221228 PGV 0 0 0  100
20221228 PGV 1000 18300000 18300000  900
20221228 PGV 100 1830000 1830000  100
20221228 PGV 1400 25620000 25620000  400
20221228 PGV 1500 27455000 27455000  100
20221228 PGV "acum_busd" "acum_busd_val" "acum_val_bu" "sd" "sum_vol"
20221229 PGV 100 1830000 1830000  100
20221229 PGV -300 -5450000 3650000  100
20221229 PGV -400 -7270000 1830000 500 500
20221229 PGV 600 10930000 20030000  900
20221229 PGV 800 14600000 23700000  200
20221229 PGV 800 14615000 25530000 100 100
20221229 PGV 900 16430000 25530000  100
20221229 PGV "acum_busd" "acum_busd_val" "acum_val_bu" "sd" "sum_vol"
20221230 PGV 1000 14483600 23535400  200
20221230 PGV 1000 18100000 18100000  1000
20221230 PGV 1100 16308600 25360400  100
20221230 PGV 1100 19910000 19910000  100
20221230 PGV 2100 34558600 43610400  1000
20221230 PGV 2200 36383600 45435400  100
20221230 PGV 2400 40033600 49085400  200
20221230 PGV 2400 40033600 50900400 100 200
20221230 PGV 2500 41868600 63595400 500 500
20221230 PGV 2800 47298600 59975400 100 100
20221230 PGV 2900 49108600 59975400  500
20221230 PGV 3000 50918600 63595400  200
20221230 PGV 600 10860000 19910000 300 300
20221230 PGV 700 14478200 23530000 100 100
20221230 PGV 800 14480000 23530000  200
20221230 PGV 800 14480000 23531800  100
20221230 PGV 900 16290000 19910000 200 200
20221230 PGV "acum_busd" "acum_busd_val" "acum_val_bu" "sd" "sum_vol"
20230103 PGV 100 1870000 1870000  100
20230103 PGV -1200 -21449999.999999996 39070000 1500 1500
20230103 PGV -1400 -25119999.999999996 40920000  100
20230103 PGV -1400 -25129999.999999996 39070000 200 200
20230103 PGV -1500 -26969999.999999996 39070000 100 100
20230103 PGV 1600 29770000 35350000  800
20230103 PGV 1700 31630000 37210000  100
20230103 PGV 300 6150000 39070000 300 300
20230103 PGV -3500 -64040000 126230000  100
20230103 PGV -3600 -65880000 124390000  1700
20230103 PGV 400 7450000 7450000  300
20230103 PGV -5000 -90560000 40920000 3600 3600
20230103 PGV -5000 -90560000 42760000  100
20230103 PGV -5000 -91220000 93620000  100
20230103 PGV 500 9810000 37210000 1200 1200
20230103 PGV -5100 -92400000 40920000 100 100
20230103 PGV -5100 -93065000 91775000  2500
20230103 PGV -5300 -96650000 93620000 300 300
20230103 PGV 600 11670000 39070000  100
20230103 PGV -7600 -138380000 46460000 2800 3000
20230103 PGV 800 14890000.000000002 20470000 300 1000
20230103 PGV "acum_busd" "acum_busd_val" "acum_val_bu" "sd" "sum_vol"
20230104 PGV 1100 21610000 27160000 300 300
20230104 PGV 1100 21640000 69510000  400
20230104 PGV 1200 21641900 69511900  100
20230104 PGV 1300 25205000 25205000  1300
20230104 PGV 1400 27160000 27160000  100
20230104 PGV 400 8730000 56600000 200 300
20230104 PGV 500 10570000 54760000 2100 3600
20230104 PGV 700 14260000 62130000  300
20230104 PGV "acum_busd" "acum_busd_val" "acum_val_bu" "sd" "sum_vol"
20230105 PGV 0 39999.99999999977 9290000 500 900
20230105 PGV 100 1889999.9999999998 1889999.9999999998  100
20230105 PGV -2000 -36340000 87110000  200
20230105 PGV 200 3740000 16690000 200 600
20230105 PGV -2100 -38200000 87110000 100 100
20230105 PGV -2200 -40120000 83330000  100
20230105 PGV -2300 -42010000 81440000 6000 6000
20230105 PGV 3200 59240000 72190000  3000
20230105 PGV 3700 68490000 81440000  500
20230105 PGV -5800 -106718100 100326900  400
20230105 PGV -6200 -112390000 94655000  300
20230105 PGV -6500 -118050000 88995000  100
20230105 PGV -6600 -119935000 87110000 4500 4500
20230105 PGV "acum_busd" "acum_busd_val" "acum_val_bu" "sd" "sum_vol"
20230106 PGV -1000 5695300 5759900  100
20230106 PGV 100 1900 1900  100
20230106 PGV -1100 3775300 3839900  600
20230106 PGV -1700 1855799.9999999998 1920399.9999999998 3400 3400
20230106 PGV 1700 1920399.9999999998 1920399.9999999998  1600
20230106 PGV -4300 -54134700 40294900 100 300
20230106 PGV -4400 -55994700 36574900  100
20230106 PGV -4500 -57929700 34639900 5000 5000
20230106 PGV -4800 -63389700 40294900 500 500
20230106 PGV 500 34575300 34639900  1500
20230106 PGV -8500 -131759700 47774900  100
20230106 PGV -8600 -131761600 47774900 100 100
20230106 PGV -8600 -133689700 45844900  300
20230106 PGV -8900 -139239700 40294900 4100 4100
20230106 PGV "acum_busd" "acum_busd_val" "acum_val_bu" "sd" "sum_vol"
20230109 PGV -300 -5085000 11475000  400
20230109 PGV -400 -5086900 11475000 100 100
20230109 PGV -700 -12720000 3840000  200
20230109 PGV -900 -16560000 0 900 1000
20230109 PGV "acum_busd" "acum_busd_val" "acum_val_bu" "sd" "sum_vol"
20230110 PGV 0 0 0  100
20230110 PGV -100 -1945000 0 100 100
20230110 PGV 200 4239999.999999998 15459999.999999998 500 500
20230110 PGV 300 4241899.999999998 15461899.999999998  100
20230110 PGV 600 11634999.999999998 13579999.999999998  700
20230110 PGV 700 13514999.999999998 15459999.999999998  100
20230110 PGV "acum_busd" "acum_busd_val" "acum_val_bu" "sd" "sum_vol"
20230111 PGV -100 -1889999.9999999998 3780000  100
20230111 PGV 100 1895000 1895000  100
20230111 PGV -200 -3775000 1895000 300 300
20230111 PGV "acum_busd" "acum_busd_val" "acum_val_bu" "sd" "sum_vol"
20230112 PGV -2200 13092900 13146900  100
20230112 PGV -2300 11217900 11271900  100
20230112 PGV -2400 9347900 9401900  300
20230112 PGV -2700 3722900 3776900  300
20230112 PGV -3000 -54000 0 3000 3000
20230112 PGV "acum_busd" "acum_busd_val" "acum_val_bu" "sd" "sum_vol"
20230113 PGV 0 0 0  100
20230113 PGV 0 -25059800 5642000  100
20230113 PGV -100 -26934800 3767000  100
20230113 PGV -200 -28804800 1897000  100
20230113 PGV -300 -30674800 27000 1800 3300
20230113 PGV "acum_busd" "acum_busd_val" "acum_val_bu" "sd" "sum_vol"
20230116 PGV 0 55000.00000000023 1870000  100
20230116 PGV -100 -1814999.9999999998 0 100 100
20230116 PGV -100 -1814999.9999999998 1870000 100 100
20230116 PGV "acum_busd" "acum_busd_val" "acum_val_bu" "sd" "sum_vol"
20230117 PGV 0 0 0  200
20230117 PGV -100 -1705000.0000000012 3725000  100
20230117 PGV 100 1860000.0000000002 1860000.0000000002  100
20230117 PGV -1400 -25350000 18405000 1000 1000
20230117 PGV -200 -3570000.000000001 1860000.0000000002 300 300
20230117 PGV 200 3784999.999999999 9215000  300
20230117 PGV -400 -7100000 18405000  100
20230117 PGV 400 7444999.999999999 12875000  200
20230117 PGV -500 -8960000 16545000 1100 1100
20230117 PGV 600 11115000 16545000  200
20230117 PGV -900 -16050000 27705000  500
20230117 PGV "acum_busd" "acum_busd_val" "acum_val_bu" "sd" "sum_vol"
20230118 PGV 100 1864999.9999999998 1864999.9999999998  100
20230118 PGV 1100 20415000 20415000  800
20230118 PGV 200 3720000 3720000  100
20230118 PGV 300 5575000 5575000  100
20230118 PGV 800 14860000 20415000 300 300
20230118 PGV 900 16710000 22265000  100
20230118 PGV "acum_busd" "acum_busd_val" "acum_val_bu" "sd" "sum_vol"
20230119 PGV 200 1911900.0000000002 1911900.0000000002  200
20230119 PGV "acum_busd" "acum_busd_val" "acum_val_bu" "sd" "sum_vol"
20230127 PGV 0 0 0  200
20230127 PGV 1900 21555200 36315200  100
20230127 PGV 1900 21555200 36315200  1000
20230127 PGV 200 3770000 3770000  200
20230127 PGV -400 -7210000 7550000  100
20230127 PGV 400 7910000 22670000  800
20230127 PGV -500 -9100000 5660000 800 900
20230127 PGV 500 9805000 24565000  100
20230127 PGV 700 9808800 24568800  200
20230127 PGV 900 9812600 24572600  200
20230127 PGV "acum_busd" "acum_busd_val" "acum_val_bu" "sd" "sum_vol"
20230131 PGV 0 0 0  100
20230131 PGV 1900 32573800 43853800 200 200
20230131 PGV 2000 36311900 43851900 400 700
20230131 PGV 2100 36313800 43853800  100
20230131 PGV 2100 38196900 38196900  1300
20230131 PGV 2400 42023800 53303800  500
20230131 PGV 2400 42023800 60863800 400 400
20230131 PGV 2500 30817100 62767100 500 500
20230131 PGV 2600 30819000 62769000  100
20230131 PGV 2700 30820900 62770900  100
20230131 PGV 2800 49583800 60863800  400
20230131 PGV 3000 40147100 60877100 100 800
20230131 PGV 3000 40167100 62767100 100 100
20230131 PGV 300 5850000 5850000  300
20230131 PGV 3100 42037100 62767100  100
20230131 PGV 800 15575000 15575000  500
20230131 PGV 800 15575000 15575000  600
20230131 PGV "acum_busd" "acum_busd_val" "acum_val_bu" "sd" "sum_vol"
20230201 PGV 1000 9559500 9559500  100
20230201 PGV 100 -7370500 11454500 600 700
20230201 PGV 200 -5450500 15244500 100 100
20230201 PGV 300 -3570500 17124500  100
20230201 PGV 300 -3580500 15244500  200
20230201 PGV 300 -3580500 15244500  200
20230201 PGV 400 7600 7600  400
20230201 PGV 600 1979500 9559500 400 400
20230201 PGV 600 3847600 3847600  200
20230201 PGV 700 5767600 5767600  100
20230201 PGV 800 5769500 5769500  100
20230201 PGV 900 7664500 7664500  100
20230201 PGV "acum_busd" "acum_busd_val" "acum_val_bu" "sd" "sum_vol"
20230202 PGV 100 1900 1900  100
20230202 PGV 1600 28521900 48941900 300 300
20230202 PGV 1800 32221900 52641900  200
20230202 PGV 1900 34071900 48941900  2100
20230202 PGV 1900 34101900 54521900  100
20230202 PGV 200 1891899.9999999998 1891899.9999999998  100
20230202 PGV 200 1901900 5641900 200 300
20230202 PGV -200 -5488100 9381900  200
20230202 PGV 3000 54671900 75091900  1100
20230202 PGV 300 3771900 3771900  100
20230202 PGV -400 -9228100 5641900 600 600
20230202 PGV "acum_busd" "acum_busd_val" "acum_val_bu" "sd" "sum_vol"
20230203 PGV -100 -910000 60210000  100
20230203 PGV 1700 32330000 56450000 1100 1100
20230203 PGV 1900 35715000 35715000  1400
20230203 PGV -200 -2790000 58330000  100
20230203 PGV 2800 52685000 56450000 200 200
20230203 PGV 2900 54565000 54565000  1000
20230203 PGV 3000 56450000 56450000  100
20230203 PGV -300 -4670000 56450000 2000 2000
20230203 PGV 500 9350000 9350000  500
20230203 PGV "acum_busd" "acum_busd_val" "acum_val_bu" "sd" "sum_vol"
20230206 PGV 1000 18600000 18600000  1000
20230206 PGV 1900 35520000 35520000  900
20230206 PGV 2100 39280000 39280000  200
20230206 PGV 2200 41160000 41160000  100
20230206 PGV 2700 50585000 50585000  500
20230206 PGV 2800 52475000 52475000  100
20230206 PGV 3300 61925000 61925000  300
20230206 PGV 3300 61925000 61925000  500
20230206 PGV "acum_busd" "acum_busd_val" "acum_val_bu" "sd" "sum_vol"
20230207 PGV 1000 18900000 18900000  100
20230207 PGV 200 3960000 18900000 400 400
20230207 PGV -300 -5255000 22675000 600 600
20230207 PGV 300 5670000 5670000  300
20230207 PGV 300 5875000 22675000 100 100
20230207 PGV 400 7560000 7560000  100
20230207 PGV 400 7564999.999999996 46595000  1300
20230207 PGV 400 7735000 22675000  200
20230207 PGV 600 11420000 18900000 400 400
20230207 PGV 700 13230000 13230000  300
20230207 PGV -900 -16355000 22675000 600 600
20230207 PGV 900 17010000 17010000  200
20230207 PGV "acum_busd" "acum_busd_val" "acum_val_bu" "sd" "sum_vol"
20230208 PGV 100 1839999.9999999998 1839999.9999999998  100
20230208 PGV 15800 53727000 53727000  6900
20230208 PGV 15900 55672000 55672000  100
20230208 PGV 16100 59557000 59557000  200
20230208 PGV 16200 61497000 61497000  100
20230208 PGV 17200 80697000 80697000  1000
20230208 PGV 200 3729999.9999999995 3729999.9999999995  100
20230208 PGV 400 7509999.999999999 7509999.999999999  200
20230208 PGV -5300 -339503000 82622000 22600 22700
20230208 PGV -6100 -354863000 82622000 800 800
20230208 PGV 8400 30359200 30359200  7500
20230208 PGV 8900 34144900 34144900  500
20230208 PGV 900 16965000 16965000  500
20230208 PGV "acum_busd" "acum_busd_val" "acum_val_bu" "sd" "sum_vol"
20230209 PGV 1000 20465000 74685000 200 200
20230209 PGV 1100 21885000 21885000  1100
20230209 PGV 1200 24225000.000000004 57205000 1700 3200
20230209 PGV 1200 24335000 74685000 200 300
20230209 PGV -1200 -6050200 74685000 300 300
20230209 PGV 1300 26245000 72745000 400 400
20230209 PGV 1400 27855000 27855000  300
20230209 PGV 1400 28175000.000000004 66955000 200 200
20230209 PGV 1500 30045000.000000004 64965000 100 500
20230209 PGV 1600 32035000.000000004 66955000  100
20230209 PGV 1600 32035000.000000004 70815000  200
20230209 PGV 1700 33965000 72745000  100
20230209 PGV -900 -275200 74685000 1900 1900
20230209 PGV "acum_busd" "acum_busd_val" "acum_val_bu" "sd" "sum_vol"
20230210 PGV 0 0 0  200
20230210 PGV 0 1430000 42450000  100
20230210 PGV 100 1945000 11345000 500 1000
20230210 PGV 100 1945000 1945000  100
20230210 PGV -100 -475000 40545000 700 800
20230210 PGV -100 -475000 42450000 100 100
20230210 PGV 1500 29215000 38615000  1500
20230210 PGV -400 -6190000 42450000 300 300
20230210 PGV 500 10575000 38615000 1000 6800
20230210 PGV "acum_busd" "acum_busd_val" "acum_val_bu" "sd" "sum_vol"
20230213 PGV 0 135000 1980000 100 100
20230213 PGV 100 1980000 1980000  100
20230213 PGV 100 2075000 3920000  100
20230213 PGV 500 9835000 11680000  400
20230213 PGV 900 17555000 19400000  400
20230213 PGV "acum_busd" "acum_busd_val" "acum_val_bu" "sd" "sum_vol"
20230214 PGV -100 -1290000 37670000 200 200
20230214 PGV -100 -1300000 32105000  100
20230214 PGV 100 1920000 9400000 300 300
20230214 PGV 100 1960000 1960000  100
20230214 PGV 100 2410000 35815000  200
20230214 PGV 100 2410000 37670000 100 100
20230214 PGV -200 -3155000 30250000  400
20230214 PGV 200 4265000 37670000  100
20230214 PGV -300 -4905000 20975000  100
20230214 PGV -400 -6830000 19050000 1000 1000
20230214 PGV 400 7540000 9400000 100 500
20230214 PGV -600 -10575000 20975000 300 300
20230214 PGV -600 -10575000 22830000  100
20230214 PGV 600 11570000 19050000  500
20230214 PGV -700 -12430000 20975000 100 100
20230214 PGV "acum_busd" "acum_busd_val" "acum_val_bu" "sd" "sum_vol"
20230216 PGV -1000 -18170000 3805000 400 400
20230216 PGV -100 -1685000 3805000  100
20230216 PGV -1100 -20005000 3805000 100 100
20230216 PGV -1100 -20005000 3805000  400
20230216 PGV -200 -3585000 1905000  100
20230216 PGV -300 -5490000 0 300 300
20230216 PGV -600 -10850000 3805000 500 500
20230216 PGV "acum_busd" "acum_busd_val" "acum_val_bu" "sd" "sum_vol"
20230217 PGV 300 5605000 5605000  300
20230217 PGV 3400 62990000 62990000  3000
20230217 PGV 3500 64870000 64870000  100
20230217 PGV 400 7490000 7490000  100
20230217 PGV "acum_busd" "acum_busd_val" "acum_val_bu" "sd" "sum_vol"
20230220 PGV 2500 47295000 73330000  100
20230220 PGV 2500 47295000 73330000 100 100
20230220 PGV 2600 49025000 63930000 500 500
20230220 PGV 2600 49150000 73330000 500 500
20230220 PGV 2700 51065000 77100000  200
20230220 PGV 2800 52955000 78990000  100
20230220 PGV 2900 54845000 80880000  100
20230220 PGV 3000 56400000 56400000  3000
20230220 PGV 3100 58275000 63930000 300 300
20230220 PGV 3100 58425000 73330000  500
20230220 PGV 3300 62040000 62040000  300
20230220 PGV 3400 63930000 63930000  100
20230220 PGV -500 -8225000 80880000 3400 3400
20230220 PGV "acum_busd" "acum_busd_val" "acum_val_bu" "sd" "sum_vol"
