20230223 PLX 100 4295000 2225845000 2300 2300
20230223 PLX 10300 398050000 2102025000  3100
20230223 PLX -10400 -400490000 1203015000  600
20230223 PLX 10400 401920000 2210385000 2700 5500
20230223 PLX -10600 -408225000 1176030000  1100
20230223 PLX -10800 -415985000 1133790000 500 11700
20230223 PLX -11000 -423620000 1179885000 500 600
20230223 PLX -11700 -450465000 1133790000 900 900
20230223 PLX -12000 -460950000 643435000 11800 18400
20230223 PLX -15700 -603015000 654970000 4000 4300
20230223 PLX 1800 69820000 1673325000  4300
20230223 PLX 2000 77615000 2210385000 8400 8400
20230223 PLX -21500 -825795000 704830000  600
20230223 PLX -22100 -848775000 681850000 7100 7800
20230223 PLX 2400 93075000 2225845000  400
20230223 PLX -2500 -95945000 1507560000  6300
20230223 PLX -27800 -1072540000 2225845000 20100 20100
20230223 PLX -35500 -1369180000 2225845000 7700 7700
20230223 PLX -4300 -164890000 92400000 400 2700
20230223 PLX 4500 173930000 1777435000  2700
20230223 PLX -45200 -1742630000 2264345000  1000
20230223 PLX -46200 -1781130000 2225845000 10700 10700
20230223 PLX -57700 -2224665000 4631090000 16800 48000
20230223 PLX -58000 -2234260000 2314295000 14100 15400
20230223 PLX -61700 -2377045000 4638730000 4200 4400
20230223 PLX -61800 -2379945000 5046730000  600
20230223 PLX -61900 -2384720000 4677155000 1200 2200
20230223 PLX -6200 -238070000 3850000 6300 6400
20230223 PLX -62400 -2403045000 5023630000  1300
20230223 PLX -63700 -2453095000 4973580000  4500
20230223 PLX -63900 -2461520000 4677155000 2000 2000
20230223 PLX -66400 -2557520000 4677155000 2500 2500
20230223 PLX -6800 -260820000 389310000 3400 7000
20230223 PLX -68200 -2626330000 4800345000  200
20230223 PLX -68400 -2634020000 4792655000 500 1000
20230223 PLX -68400 -2634070000 4773405000  400
20230223 PLX -68800 -2649470000 4758005000  1400
20230223 PLX -68900 -2653520000 4677155000 2500 2500
20230223 PLX -69500 -2673295000 3035550000 100 10800
20230223 PLX -7000 -268700000 250530000 1100 2700
20230223 PLX -70200 -2703370000 4704105000 2000 2700
20230223 PLX -70900 -2726970000 3108320000 3300 5200
20230223 PLX -71400 -2747610000 2318130000 13500 13600
20230223 PLX -71800 -2762620000 3435390000  2500
20230223 PLX -72000 -2770295000 3443070000 400 600
20230223 PLX 7200 278080000 1982055000 900 1100
20230223 PLX -72600 -2794665000 5046730000 10800 10800
20230223 PLX -7400 -284120000 192705000 5700 8300
20230223 PLX -74300 -2858620000 3339390000 2100 4500
20230223 PLX -74300 -2859945000 5181130000 5200 8700
20230223 PLX -74600 -2869840000 3247230000 7300 10900
20230223 PLX -75400 -2902135000 5200380000 1600 2100
20230223 PLX -7700 -296785000 2225845000 7800 7800
20230223 PLX 7900 305125000 1974315000 1100 1100
20230223 PLX -80100 -3080715000 2624300000 300 3600
20230223 PLX -83100 -3195630000 2497910000 100 1800
20230223 PLX -84700 -3256835000 2432885000 1600 3500
20230223 PLX -85000 -3268340000 2321960000 13700 13800
20230223 PLX -85000 -3268340000 2360210000 1000 2000
20230223 PLX -8800 -338810000 1264695000  1600
20230223 PLX 9000 347640000 1974315000 400 600
20230223 PLX 9200 355360000 1966575000 200 5100
20230223 PLX "acum_busd" "acum_busd_val" "acum_val_bu" "sd" "sum_vol"
