20221212 PPH -15800 -315046000
20221213 PPH -21900 -443540000
20221214 PPH -38100 -769600000
20221215 PPH 2600 52720000
20221216 PPH -29100 -588260000
20221219 PPH -5400 -108440000.00000001
20221220 PPH -25800 -455410000.00000006
20221221 PPH -3100 -60240000
20221222 PPH 1400 27300000
20221223 PPH -2000 -39000000
20221226 PPH 56300 833858000
20221227 PPH 12100 22370000
20221228 PPH 26700 -19246000
20221229 PPH 29300 80106000
20221230 PPH 19800 -19384000
20230103 PPH 6100 62370000.00000001
20230104 PPH 23400 520540000
20230105 PPH 115200 2359840000
20230106 PPH 62100 1176117200
20230109 PPH -25800 -394994000
20230110 PPH -15600 -107282000
20230111 PPH 2600 67406000
20230112 PPH 2700 55800000
20230113 PPH -15000 -303440000
20230116 PPH 7400 150690000
20230117 PPH 7200 149420000
20230118 PPH 68500 1306058600
20230119 PPH 28500 -290997500
20230127 PPH -3500 -276052100
20230130 PPH 14500 115809000
20230131 PPH -164500 -4546036500
20230201 PPH -6100 -17817100
20230202 PPH 4000 -205180400
20230203 PPH 24800 186096600
20230206 PPH 14500 339410000
20230207 PPH -20300 -214475300
20230208 PPH 10500 448575300
20230209 PPH 87800 2084718500
20230210 PPH -5800 -135610000
20230213 PPH -49100 -1122760000
