20221212 PSI 7200 45190000 645980000 333870000 288680000
20221213 PSI -10300 -62030000 399530000 165700000 227730000
20221214 PSI -12300 -72000000 430550000 162800000 234800000
20221215 PSI 9600 58450000 243460000 150350000 91900000
20221216 PSI 45800 279020000 831130000 475480000 196460000
20221219 PSI 10100 65600000 250770000 157260000 91660000
20221220 PSI -4400 -25270000 289310000 128520000 153790000
20221221 PSI -7900 -40820000 283760000 103490000 144310000
20221222 PSI 6900 37100000 99870000 44980000 7880000
20221223 PSI -4400 -22560000 110860000 41490000 64050000
20221226 PSI -3400 -14030000 137860000 61370000 75400000
20221227 PSI -12800 -67220000 157960000 38280000 105500000
20221228 PSI 20800 113580000 115210000 114120000 540000
20221229 PSI -1100 -5430000 117200000 51370000 56800000
20221230 PSI 1200 6740000 14790000 9390000 2650000
20230103 PSI 15300 88270000 234990000 107970000 19700000
20230104 PSI 20700 124000000 268360000 195890000 71890000
20230105 PSI 8400 51080000 179860000 113700000 62620000
20230106 PSI -6700 -40140000 113390000 20370000 60510000
20230109 PSI -6600 -36620000 76110000 17180000 53800000
20230110 PSI 1900 11080000 71530000 41020000 29940000
20230111 PSI 4900 27710000 170640000 85260000 57550000
20230112 PSI 2700 15400000 62260000 33230000 17830000
20230113 PSI 9300 53610000 169110000 93690000 40080000
20230116 PSI 2200 12610000 96280000 54160000 41550000
20230117 PSI -6700 -36500000 568940000 266220000 302720000
20230118 PSI 6800 40450000 76310000 58380000 17930000
20230119 PSI 3300 23950000 465670000 211210000 187260000
20230127 PSI 4500 34570000 285680000 128600000 94030000
20230130 PSI -10700 -62860000 229820000 83480000 146340000
20230131 PSI -3800 -22720000 235160000 106220000 128940000
20230201 PSI -124400 -751920000 844220000 37020000 788940000
20230202 PSI -21300 -122370000 162570000 20100000 142470000
20230203 PSI -11100 -64280000 77260000 6490000 70770000
20230206 PSI -6100 -34360000 136000000 48440000 82800000
20230207 PSI -15700 -95710000 106370000 2430000 98140000
20230208 PSI -19600 -110860000 211760000 50450000 161310000
20230209 PSI -3600 -20560000 41030000 9350000 29910000
20230210 PSI -2300 -13140000 37210000 5840000 18980000
