20221212 PSW 8700 72400000 104370000 87970000 15570000
20221213 PSW 100 900000 15320000 8110000 7210000
20221214 PSW -500 -3930000 132590000 49530000 53460000
20221215 PSW -500 -2530000 165550000 79460000 81990000
20221216 PSW -2300 -18590000 24270000 2430000 21020000
20221219 PSW 11300 93860000 364600000 187010000 93150000
20221220 PSW -11600 -96860000 519920000 165290000 262150000
20221221 PSW -9400 -74970000 162710000 34440000 109410000
20221222 PSW -2700 -21220000 59780000 9670000 30890000
20221223 PSW -600 -4720000 72080000 27280000 32000000
20221226 PSW -500 -3290000 54890000 25400000 28690000
20221227 PSW 1300 10260000 25860000 18060000 7800000
20221228 PSW 1200 9780000 50260000 28020000 18240000
20221229 PSW 400 3240000 3240000 3240000 0
20221230 PSW -3000 -23560000 44380000 10410000 33970000
20230103 PSW 2800 22400000.000000004 85480000 52740000 3.034e+07
20230104 PSW -3700 -29890000 61750000 9020000 38910000
20230105 PSW 7900 63360000 92200000 72160000 8800000
20230106 PSW -300 -2330000 45570000 20020000 22350000
20230109 PSW -12100 -95950000 202750000 53400000 149350000
20230110 PSW -9500 -75290000 151830000 38270000 113560000
20230111 PSW -6100 -48040000 111960000 30360000 78400000
20230112 PSW -6400 -49580000 265860000 106940000 156520000
20230113 PSW 17200 137910000 186890000 162400000 24490000
20230116 PSW 1200 9490000 32400000 15810000 6320000
20230117 PSW 0 550000 87450000 44000000 43450000
20230118 PSW 9900 79390000 176190000 117790000 38400000
20230119 PSW -18600 -149110000 208790000 20930000 170040000
20230127 PSW 2500 20390000 27690000 23630000 3240000
20230130 PSW -13200 -103950000 335850000 111900000 215850000
20230131 PSW -19900 -158130000 203350000 22610000 180740000
20230201 PSW -15600 -124380000 175070000 18860000 143240000
20230202 PSW -9800 -76660000 88550000 1600000 78260000
20230203 PSW -3000 -23600000 67610000 18420000 42020000
20230206 PSW -8100 -62820000 123070000 29330000 92150000
20230207 PSW -1500 -11890000 236150000 35950000 47840000
20230208 PSW -5400 -42030000 113510000 17970000 60000000
20230209 PSW 200 1600000 19620000 1600000 0
20230210 PSW 1700 13280000 17180000 13280000 0
