20221212 PTS 200 2000000
20221213 PTS -200 -1980000
20221215 PTS 200 1980000
20221216 PTS 200 1980000
20221220 PTS 0 0
20221221 PTS -10800 -99630000
20221226 PTS -300 -2880000
20221227 PTS 100 980000.0000000001
20221230 PTS 200 1960000.0000000002
20230103 PTS -1000 -9640000
20230104 PTS 2900 28660000
20230105 PTS -800 -7980000
20230106 PTS -800 -7950000
20230111 PTS 7100 69630000
20230112 PTS 100 1000000
20230113 PTS 2100 20600000.000000004
20230118 PTS 100 1009999.9999999998
20230119 PTS 400 3960000
20230127 PTS 0 30000.000000000116
20230130 PTS 9400 94120000
20230201 PTS 1700 17320000
20230202 PTS 100 1070000
20230203 PTS -200 -1900000
20230206 PTS 0 0
20230207 PTS 100 1000000
