20221212 PV2 -79200 -174430000 454150000 139750000 314180000
20221213 PV2 -5700 -12510000 13890000 690000 13200000
20221214 PV2 -23800 -54580000 133560000 39490000 94070000
20221215 PV2 -39300 -90230000 217720000 57880000 148110000
20221216 PV2 -86200 -190080000 257530000 32230000 222310000
20221219 PV2 -15700 -35510000 90250000 27370000 62880000
20221220 PV2 8600 20700000 151360000 86030000 65330000
20221221 PV2 -41800 -80850000 235950000 77550000 158400000
20221222 PV2 -20600 -43130000 59350000 7480000 50610000
20221223 PV2 9200 19340000 32780000 26060000 6720000
20221226 PV2 -46100 -88230000 106530000 7820000 96050000
20221227 PV2 18300 36600000 49400000 43000000 6400000
20221228 PV2 -10400 -20790000 42010000 10610000 31400000
20221229 PV2 2800 6010000 11210000 8610000 2600000
20221230 PV2 -20800 -40890000 100530000 29820000 70710000
20230103 PV2 22800 48360000 61380000 54870000 6510000
20230104 PV2 -27000 -55840000 118880000 14720000 70560000
20230105 PV2 3500 8450000 63050000 32340000 23890000
20230106 PV2 22100 46420000 57530000 49980000 3560000
20230109 PV2 -1900 -3650000 13770000 5060000 8710000
20230110 PV2 8000 17830000 88430000 53130000 35300000
20230111 PV2 -13300 -27830000 37690000 4510000 32340000
20230112 PV2 -4600 -9640000 27510000 7780000 17420000
20230113 PV2 13800 29000000 29800000 29400000 400000
20230116 PV2 3000 6030000 72030000 38030000 32000000
20230117 PV2 -5200 -9900000 36500000 13300000 23200000
20230118 PV2 5600 12390000 37590000 24990000 12600000
20230119 PV2 -11000 -21090000 59310000 19110000 40200000
20230127 PV2 32600 69930000 128310000 99120000 29190000
20230130 PV2 37600 83320000 200160000 140420000 57100000
20230131 PV2 11900 28420000 194970000 106520000 78100000
20230201 PV2 23600 56350000 110410000 79310000 22960000
20230202 PV2 -7800 -16300000 69570000 25060000 41360000
20230203 PV2 17900 38670000 90310000 61970000 23300000
20230206 PV2 7000 14940000 24960000 19740000 4800000
20230207 PV2 -300 -150000 19050000 9450000 9600000
20230208 PV2 18900 39920000 49120000 44520000 4600000
20230209 PV2 8000 16850000 18850000 17850000 1000000
20230210 PV2 -13800 -26750000 62450000 17850000 44600000
