20221212 PVB -14200 -156370000 1641940000 738460000 894830000
20221213 PVB 800 8220000 970290000 399520000 391300000
20221214 PVB 44100 564450000 2743550000 1593400000 1028950000
20221215 PVB -29000 -368960000 1823720000 698240000 1067200000
20221216 PVB -19300 -236570000 1349570000 494350000 730920000
20221219 PVB -45500 -567570000 1651590000 468200000 1035770000
20221220 PVB 23600 276870000 1749830000 977980000 701110000
20221221 PVB -34200 -401150000 1643660000 581050000 982200000
20221222 PVB -21800 -252340000 721020000 200530000 452870000
20221223 PVB 8700 118590000 620890000 365020000 246430000
20221226 PVB -17600 -200770000 622710000 127220000 327990000
20221227 PVB 14800 171130000 816510000 470980000 299850000
20221228 PVB -3700 -41640000 703410000 324500000 366140000
20221229 PVB 1100 13710000 262180000 130410000 116700000
20221230 PVB -6200 -69650000 423670000 172410000 242060000
20230103 PVB 25200 295940000 705670000 447670000 151730000
20230104 PVB -60500 -787520000 5760290000 2452470000 3239990000
20230105 PVB -8800 -109030000 1502460000 690330000 799360000
20230106 PVB -32400 -340140000 5683080000 2667080000 3007220000
20230109 PVB -9000 -102220000 1282150000 583230000 685450000
20230110 PVB -14700 -177020000 780700000 283530000 460550000
20230111 PVB -45200 -559470000 977150000 190090000 749560000
20230112 PVB 113600 1476950000 4575980000 3009330000 1532380000
20230113 PVB -39100 -496380000 1813530000 650260000 1146640000
20230116 PVB -32900 -400240000 1746640000 618500000 1018740000
20230117 PVB -46400 -555790000 2870170000 1112640000 1668430000
20230118 PVB -32800 -395920000 2948740000 1238140000 1634060000
20230119 PVB -19000 -235970000 1383900000 560740000 796710000
20230127 PVB 30600 404810000 3951430000 2161980000 1757170000
20230130 PVB 98100 1346540000 8469460000 4790190000 3443650000
20230131 PVB -66500 -873230000 3369290000 1100190000 1973420000
20230201 PVB -225500 -2854840000 5780940000 1448860000 4303700000
20230202 PVB -96100 -1150490000 3440330000 998800000 2149290000
20230203 PVB -62400 -748780000 2070790000 549230000 1298010000
20230206 PVB -12000 -144760000 808930000 324760000 469520000
20230207 PVB -20300 -244890000 1421420000 549140000 794030000
20230208 PVB 2600 31190000 990850000 431670000 400480000
20230209 PVB 79800 1021830000 3530510000 2225770000 1203940000
20230210 PVB -44400 -547030000 1042150000 226340000 773370000
