20221212 PVC -351300 -4362730000
20221213 PVC 76100 1024200000
20221214 PVC 67500 958950000
20221215 PVC -309200 -4087380000
20221216 PVC 162600 2278910000
20221219 PVC -329700 -4342520000
20221220 PVC -318200 -3905930000
20221221 PVC -168400 -1936460000
20221222 PVC -154400 -1931980000
20221223 PVC 156700 2003090000
20221226 PVC -437400 -5513020000
20221227 PVC -66200 -760560000
20221228 PVC -94700 -1153410000
20221229 PVC -265600 -3215040000
20221230 PVC -168300 -2016960000
20230103 PVC 218400 2830040000
20230104 PVC -159100 -2902520000
20230105 PVC 115900 1659990000
20230106 PVC -947400 -13110300000
20230109 PVC 150100 2164980000
20230110 PVC 135700 1927430000
20230111 PVC -336800 -4673760000
20230112 PVC 824200 12080010000
20230113 PVC -492900 -7274970000
20230116 PVC -139700 -2031220000
20230117 PVC 314600 4840380000
20230118 PVC -126000 -1828030000
20230119 PVC -368500 -5517450000
20230127 PVC 63500 1097530000
20230130 PVC 260200 4081360000
20230131 PVC -247800 -3714850000
20230201 PVC -1262200 -18654560000
20230202 PVC -502700 -6926390000
20230203 PVC -414400 -5622540000
20230206 PVC 61600 866230000
20230207 PVC -260100 -3521740000
