20221212 PVO -1900 -8010000 101730000 46320000 54330000
20221213 PVO 3300 17800000 36560000 25330000 7530000
20221214 PVO -7200 -37320000 71260000 8910000 46230000
20221215 PVO -700 -3630000 13070000 3130000 6760000
20221216 PVO 1100 5910000 49870000 26070000 20160000
20221219 PVO -10300 -52300000 86910000 1060000 53360000
20221220 PVO -16800 -76630000 147210000 31690000 108320000
20221221 PVO -9000 -37610000 84680000 6040000 43650000
20221222 PVO -2400 -11200000 16340000 2340000 13540000
20221223 PVO -5200 -23750000 36150000 6200000 29950000
20221226 PVO 100 900000 28760000 5360000 4460000
20221227 PVO 2400 11260000 14480000 11260000 0
20221228 PVO 800 3920000.0000000005 3920000.0000000005 3.92e+06 0
20221229 PVO 4200 20220000 59740000 35040000 14820000
20221230 PVO 4200 20590000 34690000 25190000 4600000
20230103 PVO 12400 58559999.99999999 122930000 84670000 26110000
20230104 PVO 600 3420000 46980000 23280000 19860000
20230105 PVO -3700 -17650000 37480000 1450000 19100000
20230106 PVO -4100 -19290000 32750000 6730000 26020000
20230109 PVO -2200 -10240000 19840000 4800000 15040000
20230110 PVO 2800 13540000 27400000 19530000 5990000
20230111 PVO 1300 6420000 23340000 14880000 8460000
20230112 PVO -2800 -13020000 34980000 10980000 24000000
20230113 PVO 7800 39900000 83520000 61710000 21810000
20230116 PVO -14600 -72950000 87790000 7420000 80370000
20230117 PVO 400 2020000 4920000 3470000 1450000
20230118 PVO 5600 30320000 31320000 30820000 500000
20230119 PVO 3500 17370000 63550000 40460000 23090000
20230127 PVO 1200 6710000 15350000 11030000 4320000
20230130 PVO -13600 -74820000 156960000 38830000 113650000
20230131 PVO -9200 -50460000 66140000 7840000 58300000
20230201 PVO -2700 -14860000 62510000 19700000 34560000
20230202 PVO 2000 10490000 19710000 15100000 4610000
20230203 PVO -600 -3520000 37040000 16760000 20280000
20230206 PVO 0 120000 12600000 6360000 6240000
20230207 PVO 600 3250000 59290000 25970000 22720000
20230208 PVO 4800 25870000 26910000 25870000 0
20230209 PVO 1300 6720000 10880000 8800000 2080000
20230210 PVO -600 -3120000 29640000 8840000 11960000
