20221212 SAS -1200 -17909200
20221213 SAS 0 0
20221214 SAS 1500 7954600
20221215 SAS 600 6716900
20221216 SAS 1100 25030100
20221219 SAS -1400 19041400
20221220 SAS -1400 19041400
20221221 SAS 0 -20000
20221222 SAS -200 -4280000
20221223 SAS -2900 -9057500
20221226 SAS -700 -15650000
20221227 SAS -100 2325400
20221228 SAS -800 -13764600
20221229 SAS -1000 -22500000
20221230 SAS 1900 84668200
20230103 SAS 1500 21254300
20230104 SAS -900 -23237600
20230105 SAS -200 35400
20230106 SAS 200 4680000
20230109 SAS 1700 -13463800
20230110 SAS -300 -6710000
20230111 SAS 200 5000000
20230112 SAS -800 4776000
20230113 SAS -2100 -2418000
20230116 SAS 200 7407600
20230117 SAS 1100 29497600
20230118 SAS -2100 -45026400
20230119 SAS 3600 106747200
20230127 SAS -3000 -80525800
20230130 SAS -1800 -40888400
20230131 SAS -6400 -182209100
20230201 SAS -4400 -26791800
20230202 SAS -1900 -50640000
20230203 SAS 1100 24485400
20230206 SAS -300 -13304600
20230207 SAS 8400 222680000
20230208 SAS 400 10800
20230209 SAS -1900 -35416200
20230210 SAS 1200 32820000
20230213 SAS -1300 -34330000
