20221212 SCS 0 1690000 714190000 350590000 348900000
20221213 SCS 700 50959999.99999997 2112590000 1056590000 1005630000
20221214 SCS -100 -4080000 1031760000 513840000 517920000
20221215 SCS 1100 79470000 210170000 144820000 65350000
20221216 SCS -48100 -3463030000 4418020000 431360000 3894390000
20221219 SCS 17500 1283780000 4874790000 3006560000 1722780000
20221220 SCS -9100 -644380000 1634290000 477060000 1121440000
20221221 SCS -16200 -1139260000 1413160000 126390000 1265650000
20221222 SCS -100 -6820000 455750000 220920000 227740000
20221223 SCS -37000 -2634490000 2798260000 78320000 2712810000
20221226 SCS -87100 -6194760000 7760820000 775910000 6970670000
20221227 SCS -11300 -796230000 4118680000 1643360000 2439590000
20221228 SCS -19000 -1383140000 2082480000 349670000 1732810000
20221229 SCS -12500 -906030000 2190480000 566050000 1472080000
20221230 SCS 5300 378960000 5767440000 3069480000 2690520000
20230103 SCS -4000 -294060000 1211510000 395640000 689700000
20230104 SCS -3700 -270850000 819150000 259330000 530180000
20230105 SCS -7800 -568800000 1130400000 244070000 812870000
20230106 SCS 34900 2618910000 4888190000 3709160000 1090250000
20230109 SCS -20500 -1517110000 1790610000 133050000 1650160000
20230110 SCS -5200 -382630000 1955810000 786590000 1169220000
20230111 SCS -4800 -345750000 3649490000 1644430000 1990180000
20230112 SCS -21500 -1574910000 2599090000 512090000 2087000000
20230113 SCS -14100 -1037020000 2917540000 774740000 1811760000
20230116 SCS -1600 -116500000 1689760000 701780000 818280000
20230117 SCS 58200 4284370000 5767770000 4945220000 660850000
20230118 SCS 4900 363480000 4241460000 2302470000 1938990000
20230119 SCS 27000 1990580000 4121520000 3052370000 1061790000
20230127 SCS -29500 -2182020000 4582990000 1052310000 3234330000
20230130 SCS -23800 -1750780000 3781760000 967620000 2718400000
20230131 SCS 800 61720000 4121340000 2065880000 2004160000
20230201 SCS -4600 -335080000 6400460000 3032690000 3367770000
20230202 SCS 15300 1124440000 3586420000 2355430000 1230990000
20230203 SCS 3200 243880000 5260810000 2321840000 2077960000
20230206 SCS -29100 -2154280000 6723400000 2243540000 4397820000
20230207 SCS -4800 -348730000 4738010000 2194640000 2543370000
20230208 SCS 1400 105420000 3953090000 1915330000 1809910000
20230209 SCS -1300 -88130000 2875050000 1275590000 1363720000
20230210 SCS -12700 -939230000 2864930000 937020000 1876250000
