20221212 SD3 400 1400000 1400000 0 400
20221213 SD3 -4800 -16800000 1400000 5200 5600
20221214 SD3 2200 7920000 9360000 400 3500
20221215 SD3 1400 5040000 5040000 0 1400
20221216 SD3 16800 58500000 76650000 5100 27000
20221219 SD3 11500 43210000 60680000 4900 21300
20221220 SD3 100 370000 370000 0 100
20221221 SD3 -2000 -7400000 0 2000 2000
20221228 SD3 600 2220000 2220000 0 600
20221229 SD3 1200 4440000 7770000 900 3000
20221230 SD3 -600 -2220000 2590000 1300 2000
20230103 SD3 -3900 -14430000 370000 4000 4100
20230104 SD3 -5000 -18500000 0 5000 5000
20230105 SD3 3600 13330000 13330000 0 12600
20230106 SD3 -5100 -17030000 0 5100 5100
20230109 SD3 -100 -350000 0 100 100
20230110 SD3 -1800 -6480000 0 1800 1800
20230111 SD3 0 0 0 0 1000
20230112 SD3 1500 5250000 7000000 500 2500
20230113 SD3 1500 5250000 5250000 0 1500
20230116 SD3 -300 -3597200 2800 1000 1700
20230118 SD3 -4000 -15590000 0 4000 4000
20230127 SD3 300 1290000 2340000 300 1000
20230130 SD3 -8400 2544000 4104000 10400 12400
20230131 SD3 0 -739200 800 200 10400
20230201 SD3 0 0 0 0 300
20230202 SD3 -500 -1900000 0 500 500
20230203 SD3 -8600 -31930000 0 8600 8600
20230207 SD3 -7000 -25900000 0 7000 7000
20230208 SD3 -2400 -8880000 0 2400 12400
20230209 SD3 -100 -370000 0 100 100
20230210 SD3 -1800 -6650000 0 1800 1800
20230213 SD3 -1500 -5550000 1850000 2000 2500
20230216 SD3 4000 14800000 14800000 0 4400
20230217 SD3 -600 -2220000 0 600 600
20230220 SD3 -3000 -11100000 3700000 4000 5000
