20221212 SD6 8200 28910000
20221213 SD6 6500 25925800
20221214 SD6 3400 58627700
20221215 SD6 4900 16370000
20221216 SD6 -14700 3822300
20221219 SD6 1900 9247000
20221220 SD6 1600 644200
20221221 SD6 25600 79760000
20221222 SD6 -2000 -1354500
20221223 SD6 1000 6297000
20221226 SD6 -200 -1399100
20221227 SD6 500 311200
20221228 SD6 -200 4135500
20221229 SD6 600 3198800
20221230 SD6 5900 1256500
20230103 SD6 1300 9354900
20230104 SD6 500 3098500
20230105 SD6 500 2169400
20230106 SD6 1500 6508200
20230109 SD6 200 21949900
20230110 SD6 -5400 -16730000
20230111 SD6 -7200 5663000
20230112 SD6 6800 21110000
20230113 SD6 1000 3809400
20230116 SD6 -1800 -5560000
20230117 SD6 -2500 26057300
20230118 SD6 -1000 11805600
20230119 SD6 -500 1480000
20230127 SD6 4900 16799700
20230130 SD6 -16100 -52460000
20230131 SD6 -29100 -89590000
20230201 SD6 -24300 -77550000
20230202 SD6 -20400 -63960000
20230203 SD6 100 320000
20230206 SD6 25500 79940000
20230207 SD6 -400 -1060000
20230208 SD6 5100 16200000
20230209 SD6 500 1600000
20230210 SD6 -2200 -6790000
20230213 SD6 -29900 -84710000
