20221212 SD9 -1000 -6400000 74240000  16000000
20221212 SD9 1500 9600000 58240000 33920000 
20221212 SD9 -200 -1280000 1280000  1280000
20221212 SD9 2200 14840000 151800000 49400000 
20221212 SD9 3700 24590000 208350000  19500000
20221212 SD9 3700 24590000 210950000  
20221212 SD9 -3800 -24320000 24320000  19840000
20221212 SD9 -4400 -28160000 96000000  21760000
20221212 SD9 4700 31190000 230350000  6400000
20221212 SD9 5200 34340000 171300000 19500000 
20221212 SD9 -5400 -34560000 102400000  6400000
20221212 SD9 5700 37590000 223950000 13000000 
20221212 SD9 6700 44090000 188850000  650000
20221212 SD9 6800 44740000 188200000  3250000
20221212 SD9 -700 -4480000 4480000  3200000
20221212 SD9 7300 47990000 184950000 13650000 
20221212 SD9 "acum_busd" "acum_busd_val" "acum_val" "val_bu" "val_sd"
20221213 SD9 -1000 -6400000 6400000  6400000
20221213 SD9 -10500 -67200000 80000000  3840000
20221213 SD9 -10600 -67750000 206650000  32500000
20221213 SD9 -10700 -68400000 207300000  650000
20221213 SD9 -10900 -69700000 208600000  1300000
20221213 SD9 -11500 -73600000 86400000  6400000
20221213 SD9 -12900 -82700000 221600000  13000000
20221213 SD9 -13700 -87900000 226800000  5200000
20221213 SD9 -3000 -19200000 19200000  12800000
20221213 SD9 -3000 -19200000 32000000  
20221213 SD9 -3400 -21760000 34560000  2560000
20221213 SD9 -4500 -28100000 131900000 32500000 
20221213 SD9 -4600 -28750000 132550000  650000
20221213 SD9 -5600 -35250000 174150000 16250000 5850000
20221213 SD9 -7200 -45650000 152050000 650000 
20221213 SD9 -7300 -46300000 150100000  17550000
20221213 SD9 -7300 -46300000 151400000  
20221213 SD9 -7900 -50560000 63360000  28800000
20221213 SD9 -9500 -60600000 99400000 13000000 
20221213 SD9 -9900 -63360000 76160000  12800000
20221213 SD9 "acum_busd" "acum_busd_val" "acum_val" "val_bu" "val_sd"
20221214 SD9 1000 6600000 9950000 6600000 
20221214 SD9 1500 10000000 13350000 3400000 
20221214 SD9 52400 358370000 1094570000  680000
20221214 SD9 52400 358370000 1096610000  
20221214 SD9 52400 358370000 1130610000  
20221214 SD9 52500 359050000 1093890000  6800000
20221214 SD9 53500 365850000 1087090000  6800000
20221214 SD9 54500 372650000 1080290000  10200000
20221214 SD9 56000 382850000 1070090000  102000000
20221214 SD9 57400 392370000 1164610000 34000000 
20221214 SD9 59900 406660000 428770000 365840000 
20221214 SD9 6100 40820000 62930000  4690000
20221214 SD9 62400 426370000 1198610000 34000000 
20221214 SD9 67400 460370000 1232610000 34000000 
20221214 SD9 67900 463770000 1236010000 3400000 
20221214 SD9 6800 45510000 58240000  3350000
20221214 SD9 68100 465130000 1248250000 6800000 5440000
20221214 SD9 69700 473270000 553860000  29240000
20221214 SD9 71000 484850000 968090000  34000000
20221214 SD9 7300 48860000 54890000  1340000
20221214 SD9 74000 502510000 524620000 95850000 
20221214 SD9 7500 50200000 53550000 40200000 
20221214 SD9 76000 518850000 934090000  680000
20221214 SD9 76100 519530000 933410000  6900000
20221214 SD9 77100 526430000 926510000  51750000
20221214 SD9 77900 530530000 721560000 48280000 49700000
20221214 SD9 78000 530540000 620790000 62100000 4830000
20221214 SD9 78100 533630000 1383750000  33500000
20221214 SD9 78100 533630000 1403070000  
20221214 SD9 78200 531950000 623580000 2100000 690000
20221214 SD9 83100 567130000 1350250000 102000000 
20221214 SD9 83100 567450000 852200000  710000
20221214 SD9 83100 567450000 855750000  
20221214 SD9 83200 568160000 851490000  1420000
20221214 SD9 83400 569580000 850070000  710000
20221214 SD9 83500 570290000 849360000 1420000 7810000
20221214 SD9 83800 572420000 860720000 4970000 
20221214 SD9 84400 576680000 840130000 82360000 36210000
20221214 SD9 84600 578140000 869200000  1380000
20221214 SD9 84600 578180000 874760000  2070000
20221214 SD9 84800 579520000 867820000 7100000 
20221214 SD9 84900 580250000 872690000  690000
20221214 SD9 85000 580940000 872000000 2800000 
20221214 SD9 "acum_busd" "acum_busd_val" "acum_val" "val_bu" "val_sd"
20221215 SD9 100 700000 700000 700000 
20221215 SD9 2000 13620000 13620000 12920000 
20221215 SD9 2000 13620000 14300000  
20221215 SD9 3200 21790000 74130000  680000
20221215 SD9 3300 22470000 73450000  680000
20221215 SD9 3400 23150000 72770000  6800000
20221215 SD9 4400 29950000 65970000  13600000
20221215 SD9 4500 30630000 82970000 8840000 
20221215 SD9 4800 32670000 85010000 2040000 
20221215 SD9 4800 32670000 91910000  690000
20221215 SD9 4900 33360000 91220000  2760000
20221215 SD9 5300 36120000 88460000 3450000 
20221215 SD9 6400 43550000 52370000  3400000
20221215 SD9 6900 46950000 48970000  670000
20221215 SD9 7000 47620000 48300000 34000000 
20221215 SD9 "acum_busd" "acum_busd_val" "acum_val" "val_bu" "val_sd"
20221216 SD9 -10200 -70370000 71770000  6900000
20221216 SD9 -1100 -7580000 8980000 700000 
20221216 SD9 -1200 -8270000 9670000  690000
20221216 SD9 -1200 -8280000 8280000  8280000
20221216 SD9 -12700 -87620000 89020000  17250000
20221216 SD9 -12800 -88310000 89710000  690000
20221216 SD9 -15300 -105560000 106960000  17250000
20221216 SD9 -16000 -110390000 111790000  4830000
20221216 SD9 -16500 -113840000 115240000  3450000
20221216 SD9 -16500 -113840000 124210000  
20221216 SD9 -17200 -118660000 130430000 700000 
20221216 SD9 -17200 -118670000 129040000  4830000
20221216 SD9 -17300 -119360000 129730000  690000
20221216 SD9 -17700 -122110000 133880000  3450000
20221216 SD9 -17800 -122800000 202190000 33810000 34500000
20221216 SD9 -17800 -122800000 203570000  
20221216 SD9 -4200 -28970000 30370000  20700000
20221216 SD9 -9200 -63470000 64870000  34500000
20221216 SD9 "acum_busd" "acum_busd_val" "acum_val" "val_bu" "val_sd"
20221219 SD9 1000 7520000 208800000  4760000
20221219 SD9 1000 7520000 213560000  
20221219 SD9 -100 -170000 130930000  12420000
20221219 SD9 -100 -690000 39330000 19320000 20010000
20221219 SD9 1700 12250000 118510000  690000
20221219 SD9 1700 12280000 204040000 6210000 20700000
20221219 SD9 1800 12930000 116430000  8970000
20221219 SD9 1800 12940000 117820000  690000
20221219 SD9 1900 13630000 117130000 700000 
20221219 SD9 1900 13630000 144730000 13800000 
20221219 SD9 2900 20560000 155740000  680000
20221219 SD9 3000 21240000 155060000  680000
20221219 SD9 3100 21900000 107460000  18630000
20221219 SD9 3100 21920000 154380000  680000
20221219 SD9 3200 22600000 153700000 8970000 
20221219 SD9 3800 26770000 177130000  7590000
20221219 SD9 3900 27460000 162640000 6900000 
20221219 SD9 4900 34360000 169540000 6900000 
20221219 SD9 5800 40530000 88830000 35000000 
20221219 SD9 700 4830000 53130000 7590000 2070000
20221219 SD9 800 5530000 53830000 700000 
20221219 SD9 "acum_busd" "acum_busd_val" "acum_val" "val_bu" "val_sd"
20221220 SD9 1000 7000000 7000000 7000000 
20221220 SD9 10400 71980000 114040000  2010000
20221220 SD9 10700 73990000 112030000  1340000
20221220 SD9 10900 75330000 110690000 16320000 
20221220 SD9 1100 7690000 7690000 690000 
20221220 SD9 11100 76690000 76690000 69000000 
20221220 SD9 -4000 -23510000 265180000 670000 660000
20221220 SD9 -4000 -23520000 263850000 2640000 
20221220 SD9 4300 32100000 320790000 55610000 
20221220 SD9 -4400 -26160000 261210000 14950000 
20221220 SD9 -500 -780000 195530000  46230000
20221220 SD9 6400 45440000 143260000  13200000
20221220 SD9 6400 45440000 147950000  
20221220 SD9 6400 45450000 149300000  670000
20221220 SD9 -6500 -39860000 241110000 3250000 
20221220 SD9 6500 46120000 148630000 680000 
20221220 SD9 -6700 -41110000 246260000 1950000 
20221220 SD9 -7000 -43060000 244310000  3200000
20221220 SD9 -7000 -43110000 237860000  42330000
20221220 SD9 8400 58640000 130060000  3960000
20221220 SD9 8500 59010000 94370000  17680000
20221220 SD9 9000 62600000 123420000  9380000
20221220 SD9 9000 62600000 126100000 1340000 1340000
20221220 SD9 "acum_busd" "acum_busd_val" "acum_val" "val_bu" "val_sd"
20221221 SD9 1200 7410000 43490000  3100000
20221221 SD9 -1300 -8090000 9390000 650000 8740000
20221221 SD9 1500 9360000 45440000 1950000 
20221221 SD9 1500 9410000 54490000  3200000
20221221 SD9 1700 10510000 40390000  3100000
20221221 SD9 2000 12610000 51290000  1300000
20221221 SD9 2200 13610000 37290000 21700000 
20221221 SD9 2200 13910000 49990000 4550000 
20221221 SD9 2200 14100000 59180000 4690000 
20221221 SD9 3700 24300000 69380000 10200000 
20221221 SD9 4300 28380000 73460000 4080000 
20221221 SD9 "acum_busd" "acum_busd_val" "acum_val" "val_bu" "val_sd"
20221222 SD9 100 1530000 24230000 4760000 
20221222 SD9 -1200 -7310000 15390000 660000 
20221222 SD9 1200 8980000 31680000 7450000 
20221222 SD9 -1300 -7970000 14730000 660000 
20221222 SD9 -1300 -7990000 13430000 2720000 
20221222 SD9 -1400 -8630000 14070000  640000
20221222 SD9 -1700 -10710000 10710000  10710000
20221222 SD9 -600 -3230000 19470000 4080000 
20221222 SD9 "acum_busd" "acum_busd_val" "acum_val" "val_bu" "val_sd"
20221223 SD9 0 1780000 50540000  21420000
20221223 SD9 1000 6900000 6900000 6900000 
20221223 SD9 1300 10200000 76680000 17280000 
20221223 SD9 -1400 -7080000 59400000  6300000
20221223 SD9 1500 11460000 86940000  1300000
20221223 SD9 1700 12760000 79240000 2560000 
20221223 SD9 1700 12760000 85640000  3200000
20221223 SD9 1800 12420000 12420000 5520000 
20221223 SD9 2200 15200000 17220000  670000
20221223 SD9 2200 15960000 82440000 3200000 
20221223 SD9 2300 15870000 15870000 3450000 
20221223 SD9 2300 15870000 16550000  
20221223 SD9 2600 17880000 19900000 2680000 
20221223 SD9 2700 18650000 24570000  1950000
20221223 SD9 3000 20600000 22620000 2720000 
20221223 SD9 3400 23200000 29120000 4550000 
20221223 SD9 -400 -780000 53100000  2560000
20221223 SD9 700 6180000 113340000  
20221223 SD9 700 6180000 92220000  5280000
20221223 SD9 "acum_busd" "acum_busd_val" "acum_val" "val_bu" "val_sd"
20221226 SD9 1700 10880000 10880000 10880000 
20221226 SD9 1800 11540000 11540000 660000 
20221226 SD9 2800 18040000 18040000 6500000 
20221226 SD9 -2800 -18360000 99940000 15600000 
20221226 SD9 -5200 -33960000 84340000 7150000 59150000
20221226 SD9 7200 46640000 164940000 65000000 
20221226 SD9 7200 46700000 172560000  3780000
20221226 SD9 7800 50480000 168780000 3840000 
20221226 SD9 "acum_busd" "acum_busd_val" "acum_val" "val_bu" "val_sd"
20221227 SD9 100 620000 620000 620000 
20221227 SD9 1500 8980000 132520000  7440000
20221227 SD9 -1900 -12310000 60170000  6200000
20221227 SD9 2100 13220000 13220000 12600000 
20221227 SD9 2300 13930000 121970000  12200000
20221227 SD9 2400 14550000 122590000 620000 
20221227 SD9 2600 15790000 124450000 1240000 
20221227 SD9 2700 16420000 125080000 630000 
20221227 SD9 -2800 -17890000 65750000  5580000
20221227 SD9 300 1330000 84970000 19220000 
20221227 SD9 3400 21410000 26450000  2520000
20221227 SD9 3800 23930000 23930000 10710000 
20221227 SD9 4300 26130000 109770000 24800000 
20221227 SD9 6500 39980000 163520000 31000000 
20221227 SD9 -800 -5470000 53330000  26880000
20221227 SD9 -900 -6110000 53970000  640000
20221227 SD9 9700 59820000 187080000 21700000 1860000
20221227 SD9 9700 59820000 195270000  
20221227 SD9 "acum_busd" "acum_busd_val" "acum_val" "val_bu" "val_sd"
20221228 SD9 100 660000 660000 660000 
20221228 SD9 -2100 -13170000 15810000 660000 
20221228 SD9 -2200 -13830000 15150000  8190000
20221228 SD9 -900 -5640000 6960000  6300000
20221228 SD9 "acum_busd" "acum_busd_val" "acum_val" "val_bu" "val_sd"
20221229 SD9 0 0 1280000  
20221229 SD9 100 630000 1910000 630000 
20221229 SD9 15900 100170000 101450000 99540000 
20221229 SD9 29900 188370000 189650000 88200000 
20221229 SD9 39900 251370000 252650000 63000000 
20221229 SD9 40300 253890000 257690000  1260000
20221229 SD9 40400 254540000 258340000 650000 
20221229 SD9 40500 255150000 256430000 3780000 
20221229 SD9 "acum_busd" "acum_busd_val" "acum_val" "val_bu" "val_sd"
20221230 SD9 -1300 -8320000 8320000  8320000
20221230 SD9 -1700 -10880000 10880000  2560000
20221230 SD9 3700 24280000 53720000  3840000
20221230 SD9 4300 28120000 49880000 39000000 
20221230 SD9 5700 37280000 66720000 13000000 
20221230 SD9 5700 37280000 82970000  
20221230 SD9 "acum_busd" "acum_busd_val" "acum_val" "val_bu" "val_sd"
20230103 SD9 100 650000 1300000  
20230103 SD9 100 650000 650000 650000 
20230103 SD9 13600 93760000 94410000 80730000 
20230103 SD9 1800 12350000 13000000 11040000 
20230103 SD9 1900 13030000 13680000 680000 
20230103 SD9 200 1310000 1960000 660000 
20230103 SD9 9400 65220000 122950000  1340000
20230103 SD9 9600 66560000 121610000  27200000
20230103 SD9 "acum_busd" "acum_busd_val" "acum_val" "val_bu" "val_sd"
20230104 SD9 -1000 -5970000 12020000  1340000
20230104 SD9 -1100 -6640000 8670000 680000 
20230104 SD9 -1200 -7320000 7320000  7320000
20230104 SD9 -1200 -7320000 7990000  
20230104 SD9 -600 -3350000 14640000 1950000 
20230104 SD9 -600 -3350000 15290000  
20230104 SD9 -800 -4630000 10680000 2010000 
20230104 SD9 -900 -5300000 12690000 670000 
20230104 SD9 "acum_busd" "acum_busd_val" "acum_val" "val_bu" "val_sd"
20230105 SD9 100 660000 660000 660000 
20230105 SD9 -2400 -15070000 26510000 650000 
20230105 SD9 -2500 -15710000 28470000 660000 1300000
20230105 SD9 -2500 -15720000 25860000 630000 
20230105 SD9 -2600 -16350000 25230000 3780000 3150000
20230105 SD9 -2700 -16980000 18300000  17640000
20230105 SD9 -3300 -20890000 34990000 670000 
20230105 SD9 -3400 -21560000 34320000  5850000
20230105 SD9 "acum_busd" "acum_busd_val" "acum_val" "val_bu" "val_sd"
20230106 SD9 0 0 3900000  
20230106 SD9 100 790000 10470000 3350000 
20230106 SD9 2600 17550000 111650000  38190000
20230106 SD9 2600 17550000 114250000  
20230106 SD9 2700 18210000 114910000 660000 
20230106 SD9 -400 -2560000 6460000  2560000
20230106 SD9 -400 -2560000 7120000  
20230106 SD9 8300 55730000 72110000 58290000 3350000
20230106 SD9 8300 55740000 73460000 680000 670000
20230106 SD9 "acum_busd" "acum_busd_val" "acum_val" "val_bu" "val_sd"
20230109 SD9 0 0 690000  
20230109 SD9 -1000 -6580000 9950000 1340000 
20230109 SD9 -1200 -7920000 8610000  6600000
20230109 SD9 -200 -1320000 2010000  1320000
20230109 SD9 300 2130000 18660000 8710000 
20230109 SD9 "acum_busd" "acum_busd_val" "acum_val" "val_bu" "val_sd"
20230110 SD9 -100 -630000 1300000  
20230110 SD9 -100 -630000 630000  630000
20230110 SD9 -1300 -8530000 9200000  6600000
20230110 SD9 -300 -1930000 2600000  1300000
20230110 SD9 -3500 -23050000 34280000 660000 
20230110 SD9 -3600 -23710000 33620000 4620000 
20230110 SD9 -4000 -26300000 44030000 3250000 
20230110 SD9 -4000 -26300000 50530000  
20230110 SD9 -4300 -28330000 29000000  19800000
20230110 SD9 -4500 -29550000 40780000  6500000
20230110 SD9 "acum_busd" "acum_busd_val" "acum_val" "val_bu" "val_sd"
20230111 SD9 -1000 -6500000 10400000  7150000
20230111 SD9 100 650000 3250000  1300000
20230111 SD9 -1100 -7130000 12370000 670000 
20230111 SD9 -1200 -7800000 11700000  1300000
20230111 SD9 300 1950000 1950000 1950000 
20230111 SD9 "acum_busd" "acum_busd_val" "acum_val" "val_bu" "val_sd"
20230112 SD9 100 660000 660000 660000 
20230112 SD9 -1300 -8420000 12400000  3250000
20230112 SD9 200 1320000 1320000 660000 
20230112 SD9 200 1330000 2650000  660000
20230112 SD9 300 1990000 1990000 670000 
20230112 SD9 -800 -5170000 9150000  6500000
20230112 SD9 "acum_busd" "acum_busd_val" "acum_val" "val_bu" "val_sd"
20230113 SD9 0 0 6500000  
20230113 SD9 -11500 -74740000 141060000  23400000
20230113 SD9 -11500 -74740000 147560000  
20230113 SD9 -4300 -27950000 58500000  31850000
20230113 SD9 -4500 -29250000 59800000  1300000
20230113 SD9 -4700 -30550000 61100000  1300000
20230113 SD9 -4800 -31200000 61750000  650000
20230113 SD9 600 3900000 26650000  650000
20230113 SD9 -7000 -45490000 111810000 660000 
20230113 SD9 700 4550000 11050000 4550000 
20230113 SD9 700 4550000 19500000  
20230113 SD9 700 4550000 26000000  
20230113 SD9 -7100 -46140000 112460000  650000
20230113 SD9 -7100 -46150000 76700000  14950000
20230113 SD9 -7900 -51340000 117660000  5200000
20230113 SD9 "acum_busd" "acum_busd_val" "acum_val" "val_bu" "val_sd"
20230116 SD9 0 10000 1310000 660000 
20230116 SD9 -100 -650000 650000  650000
20230116 SD9 100 670000 1970000 660000 
20230116 SD9 -2300 -14930000 17570000  13000000
20230116 SD9 -300 -1930000 4570000  2600000
20230116 SD9 5200 34580000 68380000  650000
20230116 SD9 5300 35230000 67730000 50160000 
20230116 SD9 5900 39200000 73000000 4620000 
20230116 SD9 6100 40520000 74320000 1320000 
20230116 SD9 "acum_busd" "acum_busd_val" "acum_val" "val_bu" "val_sd"
20230117 SD9 0 0 1360000 680000 
20230117 SD9 1000 6700000 8060000 1340000 
20230117 SD9 -100 -680000 680000  680000
20230117 SD9 1100 7370000 8730000 670000 
20230117 SD9 500 3350000 4710000 3350000 
20230117 SD9 800 5360000 6720000 2010000 
20230117 SD9 "acum_busd" "acum_busd_val" "acum_val" "val_bu" "val_sd"
20230118 SD9 100 700000 51400000  
20230118 SD9 100 700000 700000 700000 
20230118 SD9 "acum_busd" "acum_busd_val" "acum_val" "val_bu" "val_sd"
20230119 SD9 100 660000 660000 660000 
20230119 SD9 1200 8000000 21040000 3960000 1320000
20230119 SD9 1200 8000000 21700000  
20230119 SD9 1200 9440000 84420000 29400000 
20230119 SD9 1300 8670000 22370000 670000 
20230119 SD9 1600 10680000 24380000 2010000 
20230119 SD9 -200 -1200000 36260000  2640000
20230119 SD9 200 1400000 11800000  4550000
20230119 SD9 200 1440000 33620000  9240000
20230119 SD9 -3000 -19960000 55020000  18760000
20230119 SD9 400 2720000 13120000 1320000 
20230119 SD9 800 5360000 15760000 2640000 
20230119 SD9 900 5940000 5940000 5280000 
20230119 SD9 900 5950000 7250000 660000 650000
20230119 SD9 "acum_busd" "acum_busd_val" "acum_val" "val_bu" "val_sd"
20230127 SD9 0 100000 6900000  3400000
20230127 SD9 -400 -2620000 9620000  2720000
20230127 SD9 500 3500000 3500000 3500000 
20230127 SD9 -900 -6020000 13020000  3400000
20230127 SD9 "acum_busd" "acum_busd_val" "acum_val" "val_bu" "val_sd"
20230130 SD9 10000 70580000 157440000 105700000 
20230130 SD9 1000 6950000 6950000 2760000 
20230130 SD9 11000 77580000 164440000 7000000 
20230130 SD9 11100 78580000 198300000  5440000
20230130 SD9 11700 82620000 191460000  5600000
20230130 SD9 11900 84020000 192860000 1400000 
20230130 SD9 12400 87500000 183720000  1440000
20230130 SD9 12400 87500000 184440000  
20230130 SD9 12400 87500000 185140000  
20230130 SD9 12500 88220000 185860000 720000 
20230130 SD9 12600 88940000 175800000 11360000 
20230130 SD9 2300 18540000 259700000  13800000
20230130 SD9 2400 19440000 292230000  3400000
20230130 SD9 2600 20680000 286670000  710000
20230130 SD9 2700 21390000 285960000  710000
20230130 SD9 2700 21400000 287390000 720000 
20230130 SD9 2800 22100000 285250000  4260000
20230130 SD9 2900 22840000 288830000 1440000 
20230130 SD9 3200 24840000 267400000  700000
20230130 SD9 3300 25540000 266700000 7000000 
20230130 SD9 3400 26360000 280280000  5680000
20230130 SD9 3400 26360000 280990000  
20230130 SD9 4200 32040000 274600000 7200000 
20230130 SD9 4300 32340000 245900000  34000000
20230130 SD9 4500 34350000 307140000 14910000 
20230130 SD9 -5000 -34450000 48350000  41400000
20230130 SD9 500 3500000 3500000 3500000 
20230130 SD9 -5100 -35120000 51740000  670000
20230130 SD9 600 4190000 4190000 690000 
20230130 SD9 9200 65660000 211220000  12920000
20230130 SD9 9300 66340000 211900000 680000 
20230130 SD9 "acum_busd" "acum_busd_val" "acum_val" "val_bu" "val_sd"
20230131 SD9 0 10000 1430000  710000
20230131 SD9 -1000 -4540000 210490000 7100000 
20230131 SD9 100 720000 2140000 710000 
20230131 SD9 100 720000 720000 720000 
20230131 SD9 -2000 -11640000 203390000 33370000 19880000
20230131 SD9 -3100 -21010000 25290000 710000 
20230131 SD9 -3100 -21010000 72890000  
20230131 SD9 -3200 -20160000 145170000 2130000 
20230131 SD9 -3200 -21720000 24580000  22440000
20230131 SD9 -3300 -20870000 145880000  710000
20230131 SD9 -3500 -22290000 142330000 31950000 
20230131 SD9 -3500 -22290000 143040000  
20230131 SD9 -3900 -25130000 150140000  4260000
20230131 SD9 -7800 -52970000 104850000  31960000
20230131 SD9 -8000 -54240000 110380000 2130000 
20230131 SD9 -8300 -56370000 108250000  3400000
20230131 SD9 -900 -3830000 211200000 710000 
20230131 SD9 "acum_busd" "acum_busd_val" "acum_val" "val_bu" "val_sd"
20230201 SD9 100 720000 2140000  710000
20230201 SD9 100 720000 720000 720000 
20230201 SD9 12800 90890000 154790000 56800000 
20230201 SD9 18300 129940000 193840000 39050000 
20230201 SD9 18400 130650000 194550000 710000 
20230201 SD9 200 1430000 1430000 710000 
20230201 SD9 2100 14920000 16340000 14200000 
20230201 SD9 -2300 -16320000 47580000  31240000
20230201 SD9 4800 34090000 97990000 50410000 
20230201 SD9 "acum_busd" "acum_busd_val" "acum_val" "val_bu" "val_sd"
20230202 SD9 1300 9000000 9690000 6900000 
20230202 SD9 13300 93050000 111940000 45440000 
20230202 SD9 14300 100150000 119040000 7100000 
20230202 SD9 15300 107250000 126140000 7100000 
20230202 SD9 15700 110090000 128980000 2840000 
20230202 SD9 15700 110100000 130410000  710000
20230202 SD9 15700 110100000 131130000  
20230202 SD9 15800 110810000 129700000 720000 
20230202 SD9 2300 15900000 16590000 6900000 
20230202 SD9 300 2100000 2100000 2100000 
20230202 SD9 300 2100000 2790000  
20230202 SD9 3300 22800000 23490000 6900000 
20230202 SD9 4300 29700000 30390000 6900000 
20230202 SD9 4500 31080000 31770000 1380000 
20230202 SD9 4600 31770000 32460000 690000 
20230202 SD9 6800 46900000 65790000  9100000
20230202 SD9 6900 47610000 66500000 710000 
20230202 SD9 7100 49020000 49710000 17250000 
20230202 SD9 7300 50400000 51090000 1380000 
20230202 SD9 8100 56000000 56690000 5600000 
20230202 SD9 "acum_busd" "acum_busd_val" "acum_val" "val_bu" "val_sd"
20230203 SD9 11600 82080000 135940000 16330000 
20230203 SD9 12400 87760000 94760000  2100000
20230203 SD9 12600 89180000 96180000 1420000 
20230203 SD9 12700 89860000 92660000 23100000 
20230203 SD9 5900 41890000 41890000 41890000 
20230203 SD9 6100 43310000 43310000 1420000 
20230203 SD9 6500 45870000 172150000  710000
20230203 SD9 6600 46580000 171440000  35500000
20230203 SD9 6700 47310000 173590000 1440000 
20230203 SD9 7600 53960000 53960000 10650000 
20230203 SD9 8200 58220000 58220000 4260000 
20230203 SD9 8600 61060000 61060000 2840000 
20230203 SD9 9300 65750000 119610000  23430000
20230203 SD9 9400 66760000 69560000  1400000
20230203 SD9 9600 68160000 68160000 7100000 
20230203 SD9 "acum_busd" "acum_busd_val" "acum_val" "val_bu" "val_sd"
20230206 SD9 1000 7040000 42040000 700000 
20230206 SD9 100 720000 720000 720000 
20230206 SD9 2000 14040000 49040000 7000000 
20230206 SD9 200 1440000 1440000 720000 
20230206 SD9 200 1440000 36440000  
20230206 SD9 400 2840000 37840000 1400000 
20230206 SD9 5900 41340000 76340000 27300000 
20230206 SD9 6200 43440000 78440000 2100000 
20230206 SD9 900 6340000 41340000 3500000 
20230206 SD9 "acum_busd" "acum_busd_val" "acum_val" "val_bu" "val_sd"
20230207 SD9 -100 -700000 700000  700000
20230207 SD9 -11500 -80480000 83320000  35000000
20230207 SD9 -12000 -83980000 86820000  3500000
20230207 SD9 -13000 -90980000 93820000  7000000
20230207 SD9 -14500 -101480000 104320000  10500000
20230207 SD9 -17600 -123180000 126020000  21700000
20230207 SD9 -18500 -129380000 133620000 700000 
20230207 SD9 -18500 -129380000 135720000  
20230207 SD9 -18600 -130080000 132920000  6900000
20230207 SD9 -300 -2100000 2100000  1400000
20230207 SD9 -400 -2800000 2800000  700000
20230207 SD9 -5700 -39900000 39900000  37100000
20230207 SD9 -6500 -45480000 48320000 1420000 
20230207 SD9 -6700 -46900000 46900000  7000000
20230207 SD9 "acum_busd" "acum_busd_val" "acum_val" "val_bu" "val_sd"
20230208 SD9 1400 9810000 87510000  22400000
20230208 SD9 -200 -1400000 4200000 700000 
20230208 SD9 2800 19600000 25200000 21000000 
20230208 SD9 -300 -2100000 3500000 700000 2800000
20230208 SD9 4200 29400000 35000000 9800000 
20230208 SD9 4200 29400000 56000000  
20230208 SD9 4500 31500000 58100000 2100000 
20230208 SD9 4500 31500000 58800000  
20230208 SD9 4600 32210000 59510000 710000 
20230208 SD9 "acum_busd" "acum_busd_val" "acum_val" "val_bu" "val_sd"
20230209 SD9 1800 13330000 90330000  7000000
20230209 SD9 -2400 -16610000 43590000 9230000 
20230209 SD9 -2400 -16800000 16800000  14000000
20230209 SD9 -2500 -17500000 17500000  700000
20230209 SD9 -2600 -18010000 44990000  1400000
20230209 SD9 -2700 -18120000 128880000 3550000 35000000
20230209 SD9 2800 20330000 83330000 38340000 
20230209 SD9 -3300 -22290000 138730000 2840000 710000
20230209 SD9 -3300 -23100000 23100000  5600000
20230209 SD9 -3600 -24420000 135180000  6300000
20230209 SD9 -3700 -25840000 34360000 3550000 
20230209 SD9 -400 -2800000 2800000  2800000
20230209 SD9 -4200 -29390000 30810000 710000 
20230209 SD9 -4300 -30100000 30100000  7000000
20230209 SD9 "acum_busd" "acum_busd_val" "acum_val" "val_bu" "val_sd"
20230210 SD9 -10900 -76300000 112700000  
20230210 SD9 -10900 -76300000 76300000  11900000
20230210 SD9 -200 -1400000 1400000  1400000
20230210 SD9 -5500 -38500000 38500000  37100000
20230210 SD9 -8500 -59500000 59500000  21000000
20230210 SD9 -8700 -60900000 60900000  1400000
20230210 SD9 -9200 -64400000 64400000  3500000
20230210 SD9 "acum_busd" "acum_busd_val" "acum_val" "val_bu" "val_sd"
