20221212 SDA 100 730000 730000  100
20221212 SDA -10700 -75690000 465960000  1000
20221212 SDA -11000 -77910000 465960000 300 300
20221212 SDA -11400 -80830000 465960000 400 400
20221212 SDA -11700 -83090000 458560000  8900
20221212 SDA -11800 -83730000 467440000  200
20221212 SDA -12000 -85210000 465960000 600 600
20221212 SDA 12900 94410000 213160000 3000 3000
20221212 SDA 13700 100250000 185420000 4000 4000
20221212 SDA 15100 109910000 137270000 3600 3600
20221212 SDA 15100 110040000 147020000 1300 1300
20221212 SDA 15500 113390000 198560000  1800
20221212 SDA 15900 115910000 143270000  800
20221212 SDA 15900 116310000 213160000 1600 3600
20221212 SDA 16000 116700000 154420000 100 1100
20221212 SDA 16300 119090000 175060000 300 300
20221212 SDA 16400 119660000 147020000  500
20221212 SDA 16500 121050000 289380000 6700 10000
20221212 SDA 16600 121280000 175060000 1900 1900
20221212 SDA 16700 122550000 290880000  200
20221212 SDA 16800 122540000 160260000  800
20221212 SDA 16800 123300000 291630000  100
20221212 SDA 17700 129450000 185420000  1400
20221212 SDA 18500 135150000 175060000 300 300
20221212 SDA 18700 136550000 137270000  10300
20221212 SDA 18800 137340000 175060000  2000
20221212 SDA 19900 146210000 264960000  12000
20221212 SDA 20300 149550000 317880000  3500
20221212 SDA -20400 -147470000 392700000 300 2100
20221212 SDA -20600 -148950000 392700000 200 200
20221212 SDA -21500 -155650000 379380000 50000 51000
20221212 SDA -21900 -158570000 379380000 400 400
20221212 SDA 22300 164550000 332880000  2000
20221212 SDA 27500 203550000 371880000  5200
20221212 SDA -3000 -18610000 532560000  2500
20221212 SDA -32200 -231250000 544240000  300
20221212 SDA -32500 -233410000 544240000 300 300
20221212 SDA -32500 -233440000 542050000  100
20221212 SDA -32600 -234170000 541320000 26100 27300
20221212 SDA -33500 -240610000 544240000 1000 1000
20221212 SDA -34100 -244870000 544240000 600 600
20221212 SDA -35100 -251970000 544240000 1000 1000
20221212 SDA -40600 -291020000 544240000 5500 5500
20221212 SDA -49900 -357050000 544240000 9300 9300
20221212 SDA -5000 -33210000 532560000 2000 2000
20221212 SDA 5000 36500000 36500000  4900
20221212 SDA -50100 -358470000 544240000 200 200
20221212 SDA -50300 -359890000 544240000 200 200
20221212 SDA -5500 -37110000 514060000  3700
20221212 SDA -6200 -41970000 532560000 1200 1200
20221212 SDA 7300 53290000 53290000  2300
20221212 SDA -7700 -52920000 532560000 1500 1500
20221212 SDA 8200 59870000 60590000 100 100
20221212 SDA 8300 60590000 60590000  1000
20221212 SDA 8400 61310000 62030000  200
20221212 SDA 8400 61310000 62030000  600
20221212 SDA -9200 -64490000 486680000  2600
20221212 SDA "acum_busd" "acum_busd_val" "acum_val_bu" "sd" "sum_vol"
20221213 SDA -10300 1666500 25620400  1000
20221213 SDA -10700 -1093500 25620400 400 400
20221213 SDA -11200 -4543500 25620400 500 500
20221213 SDA -11300 1659500 25613400  800
20221213 SDA -12100 1653900 25607800  1700
20221213 SDA -13100 -17463500 25620400 1900 1900
20221213 SDA -13200 -18143500 25620400 100 100
20221213 SDA -13700 2332000 25595900  1100
20221213 SDA -13800 1642000 25595900 100 100
20221213 SDA -14200 -24943500 25620400 1000 1000
20221213 SDA -14800 2324300 25588200 100 2500
20221213 SDA -15500 9581700 9705600  900
20221213 SDA -15600 8891700 9705600 100 100
20221213 SDA -15700 8211700 9705600 100 100
20221213 SDA -15800 7531700 9705600 100 100
20221213 SDA -16400 3371700 3495600  300
20221213 SDA -16500 1303100 1423500  500
20221213 SDA -16700 1301700 1425600  200
20221213 SDA -16900 1300300 1424200 500 600
20221213 SDA -17000 1299600 1420000 13000 13000
20221213 SDA -17100 -1138300 21435600  200
20221213 SDA -17300 -2518300 20055600 3000 4500
20221213 SDA 200 1420000 1420000  200
20221213 SDA -20300 -67102800 25621100  100
20221213 SDA -20400 -67103500 25620400 6200 6200
20221213 SDA -23400 -67124500 25621100 3100 3100
20221213 SDA -24800 -67134300 25631600  500
20221213 SDA -25100 -67136400 25633000 500 700
20221213 SDA -25300 -67137800 25628100 2900 3900
20221213 SDA -28100 -67157400 25633000 3000 3000
20221213 SDA -33100 -67192400 25633000 5000 5000
20221213 SDA -33400 -67194500 25633000 300 300
20221213 SDA -33400 -67194500 25640000  1000
20221213 SDA -34400 -67201500 25633000 1000 1000
20221213 SDA -35400 -67208500 25640000 2000 2000
20221213 SDA -4000 1390600 1420000  1000
20221213 SDA -4000 1390600 1420000  2000
20221213 SDA -4000 1390600 1420000 3600 3600
20221213 SDA -400 1415800 1420000 600 600
20221213 SDA -41700 -110678500 25640000 6300 6300
20221213 SDA -43100 -129724500 89484000  1200
20221213 SDA -44000 -136204500 80844000 1700 9300
20221213 SDA -44300 -138364500 80844000 300 300
20221213 SDA -49900 -179154500 25654000  2000
20221213 SDA -50400 -168968500 25640000 8700 8700
20221213 SDA -51900 -179168500 25640000 1500 1500
20221213 SDA "acum_busd" "acum_busd_val" "acum_val_bu" "sd" "sum_vol"
20221214 SDA 100 750000 750000  100
20221214 SDA 100 750000 750000  200
20221214 SDA 100 790000 3710000  400
20221214 SDA -10500 -75920000 7360000 1000 1000
20221214 SDA -16000 -114970000 7360000 5500 5500
20221214 SDA -16100 -115690000 7360000 100 100
20221214 SDA -16400 -117610000 24150000  2000
20221214 SDA -18400 -132210000 9550000  100
20221214 SDA -18400 -132210000 9550000  200
20221214 SDA -18600 -133670000 8090000  100
20221214 SDA -18600 -133690000 7360000 2500 2500
20221214 SDA -18700 -134400000 7360000 100 100
20221214 SDA -19200 -137750000 25610000 3000 3200
20221214 SDA -2200 -15790000 7360000  500
20221214 SDA -2200 -15790000 7360000  500
20221214 SDA -2200 -15840000 3710000 1600 1600
20221214 SDA -22200 -159350000 40010000  1000
20221214 SDA -22400 -160770000 40010000 200 200
20221214 SDA -23200 -166550000 32810000  1000
20221214 SDA -24200 -173750000 25610000 5000 5000
20221214 SDA -2700 -19440000 3710000 500 500
20221214 SDA -300 -2170000 750000 400 400
20221214 SDA -3200 -23090000 7360000 1000 1000
20221214 SDA -5800 -42910000 157870000  3500
20221214 SDA -600 -4320000 3710000  3100
20221214 SDA -600 -4320000 3710000 700 700
20221214 SDA -8000 -58530000 157870000  100
20221214 SDA -8000 -58530000 157870000 2200 2200
20221214 SDA -8200 -59590000 7360000  3700
20221214 SDA -8200 -59590000 7360000 5000 5000
20221214 SDA -9300 -67760000 133020000  13100
20221214 SDA -9500 -68820000 7360000 1300 1300
20221214 SDA "acum_busd" "acum_busd_val" "acum_val_bu" "sd" "sum_vol"
20221215 SDA 0 40000 4380000 200 200
20221215 SDA -100 -670000 4380000 100 100
20221215 SDA -12100 -85870000 5090000  100
20221215 SDA -12200 -86580000 4380000 3400 3400
20221215 SDA 200 1460000 4380000 400 1000
20221215 SDA 200 1460000 4380000  900
20221215 SDA -29200 -65420000 28520000 20000 20000
20221215 SDA -30400 -73940000 28520000 1200 1200
20221215 SDA -30500 -74660000 28520000 100 100
20221215 SDA -33200 -94100000 28520000 2700 2700
20221215 SDA -33800 -94104200 28520000 600 1600
20221215 SDA -37400 -94129400 28520000 3600 3600
20221215 SDA -40400 -94150400 28520000 3000 3000
20221215 SDA -43400 -94171400 28520000 3000 3000
20221215 SDA -44000 -91338400 31360000 1000 1400
20221215 SDA -49000 -91373400 31360000 5000 5000
20221215 SDA -50900 -84293700 38460000  1000
20221215 SDA -51900 -91393700 31360000 2900 2900
20221215 SDA -55900 -84328700 38460000 5000 5000
20221215 SDA -56100 -45318600 77510000  5500
20221215 SDA -56600 -84333600 38460000 700 700
20221215 SDA -57100 -52418600 85320000  100
20221215 SDA -57200 -53128600 84610000  1000
20221215 SDA -58100 -59518600 77510000 2000 2000
20221215 SDA -58200 -60228600 77510000 100 100
20221215 SDA -61300 -25494600 112300000  2800
20221215 SDA -61600 -84368600 38460000 5000 5000
20221215 SDA -62100 -52453600 85320000 5000 5000
20221215 SDA -62300 -30956000 114430000  100
20221215 SDA -62300 -30956000 114430000 1300 1600
20221215 SDA -64100 -45374600 92420000  1000
20221215 SDA -65100 -52474600 85320000 3000 3000
20221215 SDA -7800 -55340000 4380000 7700 7700
20221215 SDA -8800 -62440000 4380000 1000 1000
20221215 SDA -9000 -63860000 27100000  3100
20221215 SDA -9000 -63860000 28520000 200 400
20221215 SDA -9200 -65280000 28520000 200 200
20221215 SDA "acum_busd" "acum_busd_val" "acum_val_bu" "sd" "sum_vol"
20221216 SDA 10200 31730600 141646800  3300
20221216 SDA -10600 -78853700 31061800 2300 3500
20221216 SDA 1100 1876300 111791800  5700
20221216 SDA 11400 21110200 155894400 2000 2000
20221216 SDA 11400 34896200 155880400  2000
20221216 SDA 12200 45930600 155846800  2000
20221216 SDA -1300 2118800 2133500 1100 1100
20221216 SDA 13400 34910200 155894400  2000
20221216 SDA -1800 2115300 2133500 500 500
20221216 SDA -1800 2115300 2160800  100
20221216 SDA -1900 2114600 2160100 300 2100
20221216 SDA 200 1420000 1420000  200
20221216 SDA -200 2126500 2133500 1000 1500
20221216 SDA -2400 -22703700 17361800 5000 5000
20221216 SDA 2600 11796300 17361800  2000
20221216 SDA 2700 -38919800 155894400 5100 5100
20221216 SDA -2700 -75109800 192464400  2000
20221216 SDA 2900 -37539800 157274400  200
20221216 SDA 300 16605300 16650800  2100
20221216 SDA 300 2130000 2130000  100
20221216 SDA -3400 2104100 2133500 1600 1600
20221216 SDA -3400 2104100 2147500 1000 3000
20221216 SDA -3900 -85457700 228346500  5200
20221216 SDA -4000 -84769100 192465100  100
20221216 SDA -400 11775300 17340800 800 900
20221216 SDA -4100 -84769800 192464400 1400 1400
20221216 SDA -4100 -84839800 177974400 10000 10500
20221216 SDA -4100 -85459100 192465100 100 100
20221216 SDA -4400 2097100 2133500 1000 1000
20221216 SDA -4600 -37453700 72461800  2200
20221216 SDA -4700 -88909800 178664400  100
20221216 SDA -4800 -89599800 177974400 700 700
20221216 SDA 5400 -20289800 174524400  2500
20221216 SDA 600 11782300 17347800  1000
20221216 SDA 6100 1911300 111826800  5000
20221216 SDA 6100 2620600 112536800 100 100
20221216 SDA 6200 2621300 112536800  100
20221216 SDA -6800 -52633700 57281800  3800
20221216 SDA 6900 8300600 118216800  800
20221216 SDA 7400 34868200 155852400 200 200
20221216 SDA 7600 36248200 155852400 100 100
20221216 SDA 7700 36938200 155852400 1300 2100
20221216 SDA 7800 -3729800 155894400 3600 3600
20221216 SDA 800 2133500 2133500  500
20221216 SDA 8200 45902600 155846800 1000 1000
20221216 SDA -8900 -119957700 192466500  100
20221216 SDA -9000 -119958400 192465800  100
20221216 SDA -9000 -120647700 192466500 100 100
20221216 SDA -9100 -119959100 192465100 5000 5000
20221216 SDA -9100 -121337700 192466500 100 100
20221216 SDA 9200 45909600 155846800 3000 3000
20221216 SDA -9300 -70013700 24261800 7900 8900
20221216 SDA 9400 34882200 155866400  2000
20221216 SDA "acum_busd" "acum_busd_val" "acum_val_bu" "sd" "sum_vol"
20221219 SDA 1000 -14606900 47967300  2700
20221219 SDA -100 2017900 25150000  3000
20221219 SDA 100 -31825700 48727000 100 100
20221219 SDA 11000 -71578100 78682800 9100 9100
20221219 SDA 1100 -13896900 48677300  100
20221219 SDA 1100 -13896900 48686400 200 200
20221219 SDA 1100 -38711700 48741000 1000 1000
20221219 SDA 1200 -38001700 49451000  100
20221219 SDA 12400 -8842000 78624000  9000
20221219 SDA 1300 -13895500 48686400 500 500
20221219 SDA -1500 -10350000 0  1500
20221219 SDA -1500 -10350000 0 1500 1500
20221219 SDA -1700 -14625800 47948400  2000
20221219 SDA 17700 -8804900 78666000 700 6700
20221219 SDA -1800 -10352100 0 300 300
20221219 SDA 1800 -13892000 48686400  1300
20221219 SDA 1800 -13892000 48686400  4600
20221219 SDA 200 -31135700 48727000 2500 7300
20221219 SDA 20100 -8788100 78682800  2400
20221219 SDA -2100 -13919300 48693400  1000
20221219 SDA 2100 -31811700 48741000  2000
20221219 SDA 2200 -30901700 56551000  1000
20221219 SDA -300 597900 25150000 200 200
20221219 SDA -3100 -13926300 48686400 4200 4200
20221219 SDA -3100 -19582100 3550000 1800 2300
20221219 SDA 3200 -23801700 63651000  1000
20221219 SDA -3300 -14637000 47934400  2700
20221219 SDA 3300 -23091700 64361000  100
20221219 SDA 3400 -8905000 78561000 1400 1400
20221219 SDA -3500 -16657000 25192700  5000
20221219 SDA -3500 -37336000 25213700  1000
20221219 SDA -3700 -14639800 47934400 400 400
20221219 SDA -4300 569900 25150000 4000 4000
20221219 SDA -4500 -37343000 25206700  1000
20221219 SDA 4800 -8895200 78561000 500 500
20221219 SDA 500 -13901100 48677300 600 600
20221219 SDA 5300 -8891700 78561000  2000
20221219 SDA -5500 -37350000 25199700  1000
20221219 SDA -6000 -33807000 28764400  500
20221219 SDA -6000 558000 25150000 1700 1700
20221219 SDA -6500 -37357000 25192700 3000 3000
20221219 SDA -6500 -37357000 25214400 3100 3200
20221219 SDA 7500 -95728100 78682800 3500 3500
20221219 SDA 8000 -92278100 82132800  500
20221219 SDA -8500 -16692000 25150000 2500 2500
20221219 SDA -8500 -16692000 25157700  1000
20221219 SDA -9500 -16699000 25150700  100
20221219 SDA -9600 -16699700 25150000 1100 1100
20221219 SDA "acum_busd" "acum_busd_val" "acum_val_bu" "sd" "sum_vol"
20221220 SDA -10000 -57640000 262810000 1800 1800
20221220 SDA -10300 -56560000 575740000  21000
20221220 SDA 10500 72540000 95000000  1100
20221220 SDA 1100 16400000 648700000  9000
20221220 SDA 11900 81680000 84340000  4000
20221220 SDA 12400 85080000 87740000  500
20221220 SDA 12700 87880000 183690000 200 200
20221220 SDA 12900 89200000 183690000 3000 3000
20221220 SDA -1300 -2830000 320770000 500 9700
20221220 SDA 13500 92340000 114800000  3000
20221220 SDA -13800 -81560000 342210000 11800 11800
20221220 SDA 1500 14260000 229850000 10000 17000
20221220 SDA 15400 105620000 171630000 1200 1700
20221220 SDA 15900 109000000 183690000 300 300
20221220 SDA 16100 110260000 168230000 3100 6000
20221220 SDA 16200 110980000 183690000 1000 2800
20221220 SDA 16300 111600000 148800000 2000 2000
20221220 SDA -16400 -97940000 365520000  3700
20221220 SDA -16700 -99720000 372560000  500
20221220 SDA -17200 -102920000 369360000  500
20221220 SDA -17700 -106120000 366160000  100
20221220 SDA -17800 -106760000 365520000 1400 1400
20221220 SDA 18300 125000000 148800000 100 100
20221220 SDA 18400 125670000 148800000 100 5100
20221220 SDA 1900 17330000 340930000  3200
20221220 SDA -2000 -7220000 342210000  200
20221220 SDA -200 -1300000 0 200 200
20221220 SDA -20100 -121250000 342210000 6300 6300
20221220 SDA -20200 -121770000 372560000 3500 3500
20221220 SDA -2200 -8500000 340930000 4100 4100
20221220 SDA 2300 24080000 656380000  1200
20221220 SDA -23200 -140670000 372560000 3000 3000
20221220 SDA -24200 -146970000 372560000 1000 1000
20221220 SDA 2900 27920000 662140000 300 300
20221220 SDA -31300 -190960000 441340000  2400
20221220 SDA 3200 29840000 662140000  900
20221220 SDA -33700 -206320000 425980000 4000 9000
20221220 SDA -33700 -206820000 393980000 1000 3800
20221220 SDA -34700 -213120000 393980000 1000 1000
20221220 SDA -35300 -216900000 372560000 11100 11100
20221220 SDA -35500 -218160000 372560000 200 200
20221220 SDA -35500 -218160000 376340000 600 1200
20221220 SDA 4200 31860000 250650000 500 3700
20221220 SDA 4400 33100000 183690000 1500 1500
20221220 SDA 4500 33760000 184350000  100
20221220 SDA 4800 33200000 34500000  5000
20221220 SDA 5900 43000000 183690000 500 500
20221220 SDA 6400 46300000 183690000 6300 6300
20221220 SDA -6600 -36060000 261530000 7500 7500
20221220 SDA 6600 45640000 48300000 200 2200
20221220 SDA 7100 49040000 51700000  500
20221220 SDA -7400 -41180000 261530000 800 800
20221220 SDA 7600 52440000 55100000  500
20221220 SDA 7800 53800000 56460000  200
20221220 SDA -7900 -41200000 591100000  2400
20221220 SDA 7900 54480000 57140000  100
20221220 SDA -8200 -46300000 262810000 1000 1200
20221220 SDA 900 11240000 261530000 5000 6700
20221220 SDA 9400 65280000 87740000 3000 3000
20221220 SDA "acum_busd" "acum_busd_val" "acum_val_bu" "sd" "sum_vol"
20221221 SDA 0 0 0  200
20221221 SDA -1000 -4950000 105600000  2500
20221221 SDA 100 650000 1950000 200 500
20221221 SDA 10400 66570000 84510000  4400
20221221 SDA 11200 71660000 89600000  100
20221221 SDA 11200 71660000 89600000  800
20221221 SDA -13000 -80550000 105600000 12000 12000
20221221 SDA -1300 -8310000 9630000  200
20221221 SDA -1500 -9590000 8350000  1000
20221221 SDA 1700 11810000 89600000 1000 1000
20221221 SDA -1900 -12150000 1950000 2000 2000
20221221 SDA -21100 -131580000 105600000 8100 8100
20221221 SDA -21700 -135260000 112000000  1000
20221221 SDA -22700 -141560000 112000000 1000 1000
20221221 SDA -22700 -141660000 105600000 1600 1600
20221221 SDA -24700 -154160000 112000000 2000 2000
20221221 SDA -25000 -156050000 112000000 300 300
20221221 SDA -2500 -15990000 1950000 600 600
20221221 SDA -25800 -161010000 112000000 800 900
20221221 SDA -26500 -165350000 112000000 700 700
20221221 SDA 2700 18110000 89600000 8500 8500
20221221 SDA -27600 -172170000 112000000 1100 1100
20221221 SDA -28700 -178990000 112000000 1100 1100
20221221 SDA -30600 -172658600 203551000  3600
20221221 SDA -30600 -172658600 203551000  4500
20221221 SDA -31200 -194490000 112000000 2500 2500
20221221 SDA -33000 -200096000 176050000 100 4000
20221221 SDA -35000 -200108000 176101000  4500
20221221 SDA -3500 -20950000 89600000 4000 4000
20221221 SDA -35100 -200108600 176101000 100 200
20221221 SDA -35800 -223270000 152260000 1000 7600
20221221 SDA -36800 -223276000 152260000 1000 1000
20221221 SDA 3700 23690000 41630000  5000
20221221 SDA -38200 -237890000 112000000 7000 7000
20221221 SDA -38400 -239130000 112000000 200 200
20221221 SDA -39500 -200135000 176074000  4000
20221221 SDA -40400 -251330000 112000000 2000 2000
20221221 SDA -40500 -251940000 112000000 100 100
20221221 SDA -41400 -257430000 112000000 900 900
20221221 SDA -43500 -200159000 176050000 10500 10500
20221221 SDA 500 4250000 89600000 1200 1200
20221221 SDA 6000 38410000 56350000  2300
20221221 SDA "acum_busd" "acum_busd_val" "acum_val_bu" "sd" "sum_vol"
20221222 SDA -10900 -62103600 41040000  2700
20221222 SDA -10900 -62103600 41040000  4200
20221222 SDA -1300 -7520000 13880000  100
20221222 SDA -1300 -7520000 13880000 1500 1500
20221222 SDA -13500 -81940000 21200000  200
20221222 SDA -13600 -78843600 24300000  200
20221222 SDA -13700 -83160000 19980000  1000
20221222 SDA -13800 -80083600 23060000  300
20221222 SDA -14000 -81943000 21200000 500 500
20221222 SDA -14100 -81943600 21200000 100 100
20221222 SDA -14100 -85600000 13880000 10000 10000
20221222 SDA -14700 -89260000 13880000  1000
20221222 SDA -14700 -89260000 13880000 600 600
20221222 SDA 200 1580000 7680000 1000 1400
20221222 SDA 200 1630000 13880000 500 500
20221222 SDA -300 -1520000 7680000  100
20221222 SDA -300 -1520000 7680000  1000
20221222 SDA -300 -1520000 7680000  500
20221222 SDA -300 -1520000 7680000 500 500
20221222 SDA -3300 -19720000 13880000 2000 2000
20221222 SDA -3500 -20940000 13880000 200 200
20221222 SDA -3600 -21550000 13880000 100 100
20221222 SDA -4100 -24600000 13880000 500 500
20221222 SDA 700 4680000 13880000  1000
20221222 SDA 700 4680000 13880000  1000
20221222 SDA 800 5120000 5120000  900
20221222 SDA "acum_busd" "acum_busd_val" "acum_val_bu" "sd" "sum_vol"
20221223 SDA 0 0 0  1500
20221223 SDA 0 0 0  5000
20221223 SDA 10800 68430000 73980000  3000
20221223 SDA 10800 68450000 75260000 200 200
20221223 SDA 11000 69710000 75260000  200
20221223 SDA 1300 8190000 10080000 300 300
20221223 SDA 1600 10080000 10080000  1600
20221223 SDA 1700 10770000 14490000  200
20221223 SDA 1700 10770000 14490000 300 300
20221223 SDA 1800 11400000 15120000  100
20221223 SDA 1800 11430000 16370000 200 200
20221223 SDA 18200 115810000 122620000  7400
20221223 SDA 1900 12030000 15750000  100
20221223 SDA 1900 12060000 17610000 100 300
20221223 SDA 1900 12060000 17610000  700
20221223 SDA 1900 12060000 17610000  700
20221223 SDA 2000 12600000 14490000  2600
20221223 SDA 2000 12600000 14490000  700
20221223 SDA 2000 12650000 16370000  100
20221223 SDA 28300 180450000 191740000 700 700
20221223 SDA 29000 184930000 191740000  10800
20221223 SDA 29600 188770000 200060000  1300
20221223 SDA 7800 49230000 54780000  200
20221223 SDA 7800 49230000 54780000  5900
20221223 SDA "acum_busd" "acum_busd_val" "acum_val_bu" "sd" "sum_vol"
20221226 SDA 0 0 0  100
20221226 SDA 100 640000 640000  100
20221226 SDA -1100 -6780000 1280000  200
20221226 SDA -1100 -6780000 1280000 800 800
20221226 SDA -12100 -73540000 44650000 6500 6500
20221226 SDA 1400 9270000 20480000  3500
20221226 SDA -1600 -9930000 1280000 500 500
20221226 SDA -18900 -115020000 44650000  2700
20221226 SDA -18900 -115020000 44650000 6800 6800
20221226 SDA 200 1280000 1280000  100
20221226 SDA 2200 14690000 35200000 1500 1500
20221226 SDA 2400 15670000 26880000  1000
20221226 SDA -2800 -16310000 35200000  3000
20221226 SDA -2800 -16310000 35200000 5000 5000
20221226 SDA -300 -1820000 1280000 500 500
20221226 SDA -3300 -19360000 35200000 500 500
20221226 SDA 3700 23990000 35200000  1300
20221226 SDA -4600 -27090000 41500000  1000
20221226 SDA -4600 -27090000 41500000  500
20221226 SDA -5600 -33240000 44650000 1500 2000
20221226 SDA -5600 -33390000 35200000 2300 2300
20221226 SDA "acum_busd" "acum_busd_val" "acum_val_bu" "sd" "sum_vol"
20221227 SDA 1000 6100000 6100000  1000
20221227 SDA -1000 -6100000 6100000 2000 2000
20221227 SDA -2000 -9271800 43800000  11900
20221227 SDA -2100 -9801800 49470000  900
20221227 SDA -3000 -15471800 43800000 1000 1000
20221227 SDA -3200 -16731800 49470000 1100 1100
20221227 SDA -3400 -18181800 62510000  500
20221227 SDA -3400 -18181800 62510000  600
20221227 SDA -3900 -21281800 59410000  1000
20221227 SDA -4500 -25001800 62510000 1100 1100
20221227 SDA -4500 -25001800 63140000  3600
20221227 SDA -4600 -25631800 62510000 100 100
20221227 SDA -4900 -27481800 53210000  400
20221227 SDA -4900 -27481800 63140000 400 400
20221227 SDA -5300 -29961800 50730000  200
20221227 SDA -5300 -29961800 50730000  3000
20221227 SDA -5300 -29961800 50730000  700
20221227 SDA -5500 -31221800 49470000 2300 2300
20221227 SDA -6800 -39451800 63140000 1900 1900
20221227 SDA -7000 -40771800 12300000  100
20221227 SDA -7000 -40771800 12300000  4000
20221227 SDA -7100 -41391800 11680000  1000
20221227 SDA -7100 -41391800 11680000  1300
20221227 SDA -7400 -43251800 9820000  1400
20221227 SDA -7400 -43251800 9820000  200
20221227 SDA -7400 -43251800 9820000  3100
20221227 SDA -7600 -44491800 8580000  400
20221227 SDA -7700 -46970000 6100000 6700 6700
20221227 SDA -8000 -46971800 6100000 300 300
20221227 SDA "acum_busd" "acum_busd_val" "acum_val_bu" "sd" "sum_vol"
20221228 SDA 12000 75910000 78430000  3100
20221228 SDA 1200 7560000 8190000 100 100
20221228 SDA 12200 78970000 126530000 5200 5200
20221228 SDA 1300 8190000 8190000  1300
20221228 SDA 14000 90490000 138050000  1800
20221228 SDA 1700 10710000 13230000  800
20221228 SDA 17400 111010000 113530000  5400
20221228 SDA 17400 111210000 126530000 2000 5000
20221228 SDA 19400 124010000 126530000  2000
20221228 SDA 21400 137850000 185410000  7400
20221228 SDA 26400 170350000 217910000  5000
20221228 SDA 28400 183350000 234160000 500 500
20221228 SDA 28900 186600000 234160000  2500
20221228 SDA 30100 194400000 259510000 1500 1500
20221228 SDA 30100 194400000 259510000  5000
20221228 SDA 31000 200250000 253010000 100 100
20221228 SDA 31100 200900000 253010000 100 100
20221228 SDA 31100 200900000 253660000  100
20221228 SDA 31200 201550000 253010000 100 3000
20221228 SDA 31600 204150000 259510000 300 300
20221228 SDA 31900 206100000 259510000 100 100
20221228 SDA 32000 206750000 259510000  900
20221228 SDA 34400 222350000 287460000  4300
20221228 SDA 7700 48510000 51030000  6000
20221228 SDA 8900 56070000 58590000  1200
20221228 SDA 900 5670000 8190000 300 300
20221228 SDA "acum_busd" "acum_busd_val" "acum_val_bu" "sd" "sum_vol"
20221229 SDA -1200 -7560000 13650000  100
20221229 SDA -1200 -7560000 13650000 400 400
20221229 SDA -1900 -12350000 0 1200 1200
20221229 SDA -1900 -12350000 0  400
20221229 SDA -2000 -12680000 13650000  1500
20221229 SDA -2000 -12680000 13650000 800 800
20221229 SDA -2900 -18650000 0 1000 2000
20221229 SDA -700 -4550000 0 700 1000
20221229 SDA -800 -5000000 13650000  2100
20221229 SDA "acum_busd" "acum_busd_val" "acum_val_bu" "sd" "sum_vol"
20221230 SDA 0 0 0  600
20221230 SDA 1000 6400000 6400000  1000
20221230 SDA 1000 6400000 6400000  1000
20221230 SDA 13100 85350000 104550000  11500
20221230 SDA 13100 85350000 104550000  1500
20221230 SDA 15800 102900000 152650000 1600 1600
20221230 SDA 1600 10600000 29800000  3600
20221230 SDA 17000 110700000 129900000  3200
20221230 SDA 17000 110700000 129900000  3900
20221230 SDA 17400 113300000 152650000 100 100
20221230 SDA 17500 113950000 152650000 200 200
20221230 SDA 17700 115250000 152650000 800 800
20221230 SDA 17800 115900000 135100000  800
20221230 SDA 18000 117200000 136400000  100
20221230 SDA 18000 117200000 136400000  200
20221230 SDA 18500 120450000 152650000 2000 2000
20221230 SDA 19000 123700000 142900000  1000
20221230 SDA -1900 -11280000 152650000 1700 1700
20221230 SDA -1900 -11280000 152650000  8200
20221230 SDA -2000 -12800000 6400000 3000 3000
20221230 SDA -200 -230000 152650000 7300 7300
20221230 SDA 20200 131500000 150700000  1200
20221230 SDA 20500 133450000 152650000  300
20221230 SDA 7100 47220000 152650000 8700 8700
20221230 SDA -7400 -45930000 152650000 5500 5500
20221230 SDA "acum_busd" "acum_busd_val" "acum_val_bu" "sd" "sum_vol"
20230103 SDA 0 -620000 20830000 100 100
20230103 SDA 100 100000 24850000  500
20230103 SDA -100 -1280000 20830000 100 100
20230103 SDA 100 40000 20830000 100 100
20230103 SDA 10800 71790000 96540000  10700
20230103 SDA 11000 73130000 97880000  200
20230103 SDA 11800 78110000 133450000 2000 2000
20230103 SDA 12200 81170000 105920000  1200
20230103 SDA 13600 90350000 152490000 500 500
20230103 SDA 13700 91030000 147730000 200 200
20230103 SDA 13800 91710000 133450000 2400 2400
20230103 SDA 13900 92390000 147730000  2100
20230103 SDA 13900 92390000 147730000  3300
20230103 SDA 14100 93750000 152490000 300 1000
20230103 SDA 15600 103950000 129370000 100 3600
20230103 SDA 15600 103950000 129370000  9400
20230103 SDA 16200 108030000 133450000  600
20230103 SDA 200 700000 20830000  1700
20230103 SDA 200 700000 20830000 500 500
20230103 SDA 200 700000 20830000  8300
20230103 SDA 2100 13050000 20830000 800 800
20230103 SDA 2900 18250000 19530000 200 200
20230103 SDA 2900 18250000 20830000 200 200
20230103 SDA 3100 19530000 19530000  3100
20230103 SDA 3100 19550000 20830000  200
20230103 SDA 3100 19550000 20830000  300
20230103 SDA -400 -3250000 21500000  100
20230103 SDA -500 -3920000 20830000 400 400
20230103 SDA 700 3950000 20830000 100 100
20230103 SDA 800 4600000 20830000 1300 1300
20230103 SDA "acum_busd" "acum_busd_val" "acum_val_bu" "sd" "sum_vol"
20230104 SDA -100 -2347900 31652100  3700
20230104 SDA 100 700 700  100
20230104 SDA -1300 -11307200 35102800  500
20230104 SDA -1400 -11317900 31652100 1200 1200
20230104 SDA -1700 -14077200 31652800  100
20230104 SDA -1700 -14077200 31652800  300
20230104 SDA -1800 -14077900 31652100 400 400
20230104 SDA -1800 -14277900 6122100 2100 3000
20230104 SDA -1800 -14757200 31652800  1000
20230104 SDA -1800 -14757200 31652800 100 100
20230104 SDA -200 -3037900 31652100 100 100
20230104 SDA -2500 -17687200 157922800  1800
20230104 SDA -2600 -18267200 204942800  1000
20230104 SDA -2600 -18267200 204942800  2100
20230104 SDA -3000 -21267200 145502800 10000 10000
20230104 SDA 300 2100 2100  200
20230104 SDA -3300 -23307200 145502800 300 300
20230104 SDA -3600 -25167200 198042800  700
20230104 SDA -3800 -27877900 6122100 2000 2000
20230104 SDA -4300 -29927200 193282800  5100
20230104 SDA -4300 -30107200 145502800 1000 1000
20230104 SDA -4300 -31707200 35102800 3000 3000
20230104 SDA -6000 -43267200 35102800 1700 1700
20230104 SDA -600 -6117900 2100 900 900
20230104 SDA 7000 46732800 145502800 2000 2000
20230104 SDA -7500 -51687200 157922800 5000 5000
20230104 SDA 9000 60332800 145502800 1000 17000
20230104 SDA 9000 60332800 145502800  900
20230104 SDA -9400 -64607200 158602800  100
20230104 SDA -9400 -64607200 158602800  1900
20230104 SDA -9500 -65287200 157922800 2000 2000
20230104 SDA "acum_busd" "acum_busd_val" "acum_val_bu" "sd" "sum_vol"
20230105 SDA 1000 2074900 2764900 100 100
20230105 SDA 1100 2764900 2764900  300
20230105 SDA 1100 2764900 3454900  1500
20230105 SDA 11700 2839100 3529100  3700
20230105 SDA 11800 3529100 4219100  100
20230105 SDA 14700 23539100 24229100  2900
20230105 SDA 17700 44239100 44929100  3000
20230105 SDA 17800 44929100 45619100  100
20230105 SDA 18200 47689100 48379100  400
20230105 SDA 18400 49069100 49759100  200
20230105 SDA 20200 61489100 62179100  1800
20230105 SDA 20500 63559100 65629100 200 700
20230105 SDA 32500 63643100 65713100  14000
20230105 SDA 32700 63644500 65714500  200
20230105 SDA 34500 63657100 65727100  1800
20230105 SDA 700 4900 4900  4300
20230105 SDA 700 4900 4900  700
20230105 SDA 8000 2813200 3503200  6900
20230105 SDA 800 694900 694900  100
20230105 SDA "acum_busd" "acum_busd_val" "acum_val_bu" "sd" "sum_vol"
20230106 SDA -1100 -7490000 0 500 500
20230106 SDA -14200 -97860000 0  2700
20230106 SDA -14200 -97860000 0 7400 7400
20230106 SDA -15200 -104760000 0 1000 1000
20230106 SDA -15400 -106140000 0 200 200
20230106 SDA -15500 -106830000 0 100 100
20230106 SDA -1600 -10940000 0 500 500
20230106 SDA -16500 -113730000 0 1000 1000
20230106 SDA -16600 -114420000 0 100 100
20230106 SDA -200 -1360000 0 200 200
20230106 SDA -2600 -17840000 0 1000 1000
20230106 SDA -3600 -24740000 0 1000 1000
20230106 SDA -3700 -25410000 0 100 100
20230106 SDA -3700 -25410000 0  1400
20230106 SDA -5800 -39900000 0 2100 2100
20230106 SDA -600 -4040000 0 400 400
20230106 SDA -6800 -46800000 0 1000 1000
20230106 SDA "acum_busd" "acum_busd_val" "acum_val_bu" "sd" "sum_vol"
20230109 SDA 0 0 0  300
20230109 SDA 1200 -13777600 22400  3200
20230109 SDA 1200 -13777600 22400  500
20230109 SDA -12900 -117271300 51100 9900 9900
20230109 SDA 1300 -13776900 44100 1600 1600
20230109 SDA -14600 -171307900 15014500  100
20230109 SDA -14700 -172027900 14294500  5400
20230109 SDA -14900 -173377900 15014500 300 300
20230109 SDA 1500 10500 10500  1500
20230109 SDA -15700 -179127900 7194500  1000
20230109 SDA -16700 -186227900 94500  4200
20230109 SDA -16700 -186227900 94500  500
20230109 SDA -17200 -186231400 91000  600
20230109 SDA -17800 -186235600 86800  1000
20230109 SDA -18800 -186242600 79800 10000 10000
20230109 SDA 2300 -13769900 51100  1000
20230109 SDA 2700 18900 18900  100
20230109 SDA 2700 18900 18900  1200
20230109 SDA 2900 -13765700 44100 1400 1400
20230109 SDA -3000 -48961300 51100 5300 5300
20230109 SDA 3300 -13762900 37100  2100
20230109 SDA 3300 -13762900 37100  500
20230109 SDA 3400 -13762200 37800  100
20230109 SDA 4300 -13755900 44100  3200
20230109 SDA 4300 -13755900 44100  900
20230109 SDA 700 -13781100 18900 2000 5100
20230109 SDA -8800 -117242600 79800  4100
20230109 SDA "acum_busd" "acum_busd_val" "acum_val_bu" "sd" "sum_vol"
20230110 SDA 0 78832300 93726300 100 100
20230110 SDA 10000 6625800 97434500  1300
20230110 SDA 10000 6625800 97434500  400
20230110 SDA 100 79542300 93726300  3900
20230110 SDA 10500 6629300 97438000  1000
20230110 SDA 10500 6629300 97438000  500
20230110 SDA -1100 41231700 44730000  6300
20230110 SDA 11500 19633000 93881700  15700
20230110 SDA 12000 23183000 97431700  500
20230110 SDA -1200 40521700 54670000  100
20230110 SDA -1300 39811700 53960000 1500 1500
20230110 SDA 200 50461700 53960000  1300
20230110 SDA -2100 78817600 93726300 2100 2100
20230110 SDA -2300 40514000 54670000 1100 1100
20230110 SDA 2400 78849100 93757800  4500
20230110 SDA -3300 40507000 54670000 1000 1000
20230110 SDA -3800 51852300 66036300  1600
20230110 SDA -4200 19523100 93771800  2000
20230110 SDA -4200 40500700 54670000 900 900
20230110 SDA -500 -3450000 0  1000
20230110 SDA -500 -3450000 0  1000
20230110 SDA -500 -3450000 0  1100
20230110 SDA -500 -3450000 0 500 500
20230110 SDA -5400 40492300 54676300 2100 3000
20230110 SDA -6200 19509100 93757800 8600 8600
20230110 SDA -7300 -3497600 0 6800 6800
20230110 SDA -7400 -3498300 0 100 100
20230110 SDA 9600 6623000 97431700 2400 2400
20230110 SDA "acum_busd" "acum_busd_val" "acum_val_bu" "sd" "sum_vol"
20230111 SDA 100 710000 710000  100
20230111 SDA 1300 9090000 15890000 1000 1000
20230111 SDA 2300 15890000 15890000  2200
20230111 SDA 3600 9106100 15920100 1500 1500
20230111 SDA 3700 9106800 15920800  100
20230111 SDA -400 -19183200 15920800 4100 4100
20230111 SDA 4500 9112400 15912400  3200
20230111 SDA 5100 9116600 15920100  1000
20230111 SDA 5100 9116600 15920100 100 100
20230111 SDA 5100 9116600 15920100  7300
20230111 SDA 5100 9116600 15920100  900
20230111 SDA 5200 9117300 15920100 100 100
20230111 SDA 5300 9118000 15920100 100 100
20230111 SDA 5400 9118700 15920100 200 200
20230111 SDA 5500 9119400 15919400  1000
20230111 SDA 5600 9120100 15920100  100
20230111 SDA "acum_busd" "acum_busd_val" "acum_val_bu" "sd" "sum_vol"
20230112 SDA 100 720000 720000  100
20230112 SDA -14100 -45973200 7330000  11200
20230112 SDA -14100 -45973200 7330000  500
20230112 SDA -14200 -46683200 6620000 7600 7600
20230112 SDA -18600 -76573200 7330000 4500 4500
20230112 SDA -24200 -69719400 14231400  2000
20230112 SDA -24200 -69719400 14231400 6800 8000
20230112 SDA 300 2180000 2180000  600
20230112 SDA -32600 -126839400 14231400  2000
20230112 SDA -32600 -126839400 14231400 8400 8400
20230112 SDA -33600 -133639400 14231400 1000 1000
20230112 SDA -41100 -184639400 14231400 7500 7500
20230112 SDA -41500 -187359400 14231400 400 400
20230112 SDA -54100 -273039400 14231400 12600 12600
20230112 SDA -58000 -313894000 14246800  2200
20230112 SDA -58000 -313894000 14246800  400
20230112 SDA -59100 -306539400 14231400 5000 5000
20230112 SDA -60100 -313239400 14231400 1000 1000
20230112 SDA -60200 -313909400 14231400 100 100
20230112 SDA -6600 -46630000 6620000 7500 8100
20230112 SDA "acum_busd" "acum_busd_val" "acum_val_bu" "sd" "sum_vol"
20230113 SDA -100 -690000 0 100 100
20230113 SDA -2900 -41767600 12322400  1100
20230113 SDA 300 -687200 2800  400
20230113 SDA -4000 -41775300 12314700  100
20230113 SDA -4000 -41775300 12314700  1000
20230113 SDA -4100 -31047200 2800 4400 4400
20230113 SDA -4100 -31047200 2800  8800
20230113 SDA -4100 -42465300 11624700  2000
20230113 SDA -4100 -49807600 12322400 1200 1200
20230113 SDA -4300 -51147600 12322400 200 200
20230113 SDA -4400 -51817600 35772400  500
20230113 SDA -4900 -55167600 32422400  3000
20230113 SDA -5100 -42472300 11617700  700
20230113 SDA -5600 -41237200 8162800 100 300
20230113 SDA -5700 -41927200 6802800  200
20230113 SDA -5800 -42477200 11612800  1100
20230113 SDA -5800 -42477200 11612800  1400
20230113 SDA -5800 -42477200 11612800  2300
20230113 SDA -5800 -42477200 11612800  500
20230113 SDA -5900 -43287200 5442800  300
20230113 SDA -6200 -45327200 2800 2100 2100
20230113 SDA -6200 -45327200 2800  2300
20230113 SDA -6200 -45327200 3402800  200
20230113 SDA -6300 -45927200 8162800 700 700
20230113 SDA -6400 -46687200 2042800  200
20230113 SDA -6400 -65217600 12322400 2100 2100
20230113 SDA -6600 -48047200 682800  100
20230113 SDA -6700 -48727200 2800 500 500
20230113 SDA -6700 -48727200 2800  700
20230113 SDA -7400 -71917600 12322400 1000 1000
20230113 SDA -7900 -75267600 12322400 500 500
20230113 SDA "acum_busd" "acum_busd_val" "acum_val_bu" "sd" "sum_vol"
20230116 SDA 100 690000 690000  100
20230116 SDA -1900 -12790000 1380000 1000 1000
20230116 SDA -1900 -12790000 1380000  7000
20230116 SDA -200 -1340000 1380000  100
20230116 SDA -200 -1350000 690000 300 300
20230116 SDA -300 -2030000 690000 100 100
20230116 SDA -3800 -24900000 9420000  1200
20230116 SDA -5000 -32940000 1380000 3100 3100
20230116 SDA -800 -5420000 1380000 600 600
20230116 SDA -900 -6090000 1380000 100 100
20230116 SDA "acum_busd" "acum_busd_val" "acum_val_bu" "sd" "sum_vol"
20230117 SDA 100 690000 690000  100
20230117 SDA -13400 -86500000 13790000 7500 7500
20230117 SDA -1700 -11030000 12420000 1000 1000
20230117 SDA -17100 -110180000 15710000 4000 4300
20230117 SDA 1800 12420000 12420000  100
20230117 SDA 1800 12420000 12420000  1000
20230117 SDA -18800 -121020000 20230000  100
20230117 SDA -18900 -121700000 19550000  100
20230117 SDA -19000 -122340000 18910000 2400 2900
20230117 SDA -28800 -189020000 20230000 10000 10000
20230117 SDA -2900 -19070000 12420000 1200 3000
20230117 SDA -5900 -38500000 13790000  100
20230117 SDA -6000 -39180000 13110000  100
20230117 SDA -6100 -39870000 12420000  3000
20230117 SDA -6100 -39870000 12420000 3200 3200
20230117 SDA -700 -4330000 12420000 2500 2500
20230117 SDA 800 5520000 5520000  700
20230117 SDA "acum_busd" "acum_busd_val" "acum_val_bu" "sd" "sum_vol"
20230118 SDA -11400 -72960000 3840000 2500 3200
20230118 SDA -17400 -111360000 3840000 6000 6000
20230118 SDA -23400 -149760000 3840000 6000 6000
20230118 SDA -30300 -191880000 38520000  1500
20230118 SDA -31800 -202080000 28320000  3000
20230118 SDA -33500 -213640000 38520000 3200 3200
20230118 SDA -34500 -220440000 38520000 1000 1000
20230118 SDA -34600 -221120000 38520000 100 100
20230118 SDA -34800 -222480000 7920000  500
20230118 SDA -35300 -225880000 4520000  100
20230118 SDA -35400 -226560000 3840000 12000 12000
20230118 SDA -40400 -260560000 38520000  400
20230118 SDA -40400 -260560000 38520000 5800 5800
20230118 SDA -45400 -292560000 38520000 5000 5000
20230118 SDA -61400 -394960000 38520000 16000 16000
20230118 SDA -71700 -459850000 38520000 10300 17600
20230118 SDA -73100 -467930000 45320000  100
20230118 SDA -73200 -468610000 44640000  1400
20230118 SDA -73200 -468610000 44640000  900
20230118 SDA -74100 -474730000 38520000 2400 2400
20230118 SDA -76100 -487730000 45320000 3000 3000
20230118 SDA -9500 -60800000 0 9500 9500
20230118 SDA "acum_busd" "acum_busd_val" "acum_val_bu" "sd" "sum_vol"
20230119 SDA 0 0 660000 100 100
20230119 SDA 100 660000 660000  100
20230119 SDA -10100 -68460000 8160000 1000 1000
20230119 SDA -10400 -70470000 8160000 300 300
20230119 SDA -1500 -10200000 4060000 2000 2500
20230119 SDA -17500 -118040000 8160000 7100 7100
20230119 SDA -18500 -124230000 56240000  100
20230119 SDA -18600 -124910000 55560000 1800 6800
20230119 SDA -18600 -125410000 15530000  300
20230119 SDA -18700 -126080000 15530000 100 100
20230119 SDA -18900 -127420000 13520000  800
20230119 SDA -19700 -132780000 15530000 1000 1000
20230119 SDA -19700 -132780000 8160000 2200 2200
20230119 SDA -20700 -139480000 15530000 1000 1000
20230119 SDA -21700 -146180000 15530000 1000 1000
20230119 SDA -21800 -146850000 21560000  900
20230119 SDA -22700 -152880000 15530000 1000 1000
20230119 SDA -23500 -157730000 56240000 5000 5000
20230119 SDA -7400 -46640000 167330000  16100
20230119 SDA -8100 -55060000 8160000  200
20230119 SDA -8300 -56420000 6800000  200
20230119 SDA -8500 -57780000 5440000 7200 7700
20230119 SDA -8900 -60420000 8160000 800 800
20230119 SDA -9100 -61760000 8160000 200 200
20230119 SDA "acum_busd" "acum_busd_val" "acum_val_bu" "sd" "sum_vol"
20230127 SDA -10000 -72470000 32400000 200 200
20230127 SDA -10100 -72470700 32400000 100 100
20230127 SDA -11100 -72477700 32400000 1000 1000
20230127 SDA -11900 -72483300 32400000 800 800
20230127 SDA -12600 -91210000 12240000  1000
20230127 SDA -13600 -98410000 5040000 200 800
20230127 SDA -13900 -86283300 32400000 2000 2000
20230127 SDA -14000 -101290000 720000 4100 4100
20230127 SDA -21900 -141483300 32400000 8000 8000
20230127 SDA -22400 -144933300 32400000 500 500
20230127 SDA -22500 -168370200 32423100  100
20230127 SDA -22500 -168370200 32423800 100 200
20230127 SDA -22600 -168370900 32422400  2000
20230127 SDA -23200 -150453300 32400000 800 800
20230127 SDA -23400 -151833300 32400000 200 200
20230127 SDA -23700 -154592600 32400700  100
20230127 SDA -23800 -154593300 32400000 400 400
20230127 SDA -24600 -168384900 32408400  1000
20230127 SDA -25600 -168391900 32401400  100
20230127 SDA -25700 -168392600 32400700 2000 2000
20230127 SDA -35000 -254620200 32423800 12500 12500
20230127 SDA -35700 -259450200 39323800  1000
20230127 SDA -36000 -261520200 32423800 1000 1000
20230127 SDA -36700 -266350200 32423800 700 700
20230127 SDA -4800 -34560000 720000 4900 5000
20230127 SDA -4900 -35280000 720000 100 100
20230127 SDA -5100 -36730000 720000  200
20230127 SDA -5100 -36730000 720000 200 200
20230127 SDA -8400 -60820000 720000 3300 3300
20230127 SDA -8800 -63740000 720000 400 400
20230127 SDA -8900 -64470000 720000 100 100
20230127 SDA -9800 -71050000 32400000  2800
20230127 SDA -9900 -71770000 720000 1000 2100
20230127 SDA "acum_busd" "acum_busd_val" "acum_val_bu" "sd" "sum_vol"
20230130 SDA 10300 66966300 74579400  1000
20230130 SDA 10300 66966300 74579400 2000 2000
20230130 SDA 10600 66968400 74608800  1600
20230130 SDA 10700 71714200 71714900  10100
20230130 SDA 10900 74552800 74554900 200 200
20230130 SDA 10900 74552800 74554900  3100
20230130 SDA 11100 66971900 74612300  500
20230130 SDA 11100 74554200 74554900  400
20230130 SDA 11600 66975400 74574500 100 100
20230130 SDA 11700 67665400 74574500 1000 1000
20230130 SDA 12300 66980300 74579400  700
20230130 SDA 12700 66983100 74623500  1600
20230130 SDA 12700 74565400 74574500  2900
20230130 SDA 12800 67693100 75333500  100
20230130 SDA 16500 93353100 329113500 12400 12400
20230130 SDA 18200 105873100 367273500 1500 1500
20230130 SDA 18200 105873100 367273500  600
20230130 SDA 19700 116523100 367273500 1100 1100
20230130 SDA 20800 124333100 367273500 800 800
20230130 SDA 21400 128653100 365833500 200 200
20230130 SDA 21600 130073100 365833500  5100
20230130 SDA 21600 130093100 367273500  200
20230130 SDA 28300 177743100 193903500 600 1100
20230130 SDA 28900 182003100 193903500 300 300
20230130 SDA 28900 182633100 329113500 1000 1000
20230130 SDA 29200 184133100 193903500 100 100
20230130 SDA 29300 184843100 193903500 200 16900
20230130 SDA 29900 189833100 329113500 13300 13300
20230130 SDA 300 2100 2100  300
20230130 SDA 38500 251193100 288233500 500 600
20230130 SDA 38600 251923100 288963500  100
20230130 SDA 38900 254063100 287503500 100 100
20230130 SDA 39000 254783100 287503500 2300 15300
20230130 SDA 39700 259993100 299913500 400 400
20230130 SDA 40100 262873100 299913500  1500
20230130 SDA 43200 285593100 329113500 500 500
20230130 SDA 43700 289193100 329113500  4000
20230130 SDA 600 4200 4900 100 100
20230130 SDA 6400 66939000 74579400 3900 3900
20230130 SDA 6500 66939700 74580100  100
20230130 SDA 700 4900 4900  400
20230130 SDA 9000 66957200 74597600  2500
20230130 SDA 9900 74545800 74554900 1000 1600
20230130 SDA "acum_busd" "acum_busd_val" "acum_val_bu" "sd" "sum_vol"
20230131 SDA -1000 -7200000 0 1000 1000
20230131 SDA 100 12748100 52360000  2000
20230131 SDA -1500 -10750000 3650000  300
20230131 SDA -1500 -10750000 3650000  500
20230131 SDA -1700 -3578400 36030000 1000 1000
20230131 SDA -1900 -1451900 38160000  300
20230131 SDA -2000 -14400000 0 1000 1000
20230131 SDA -2000 -3580500 36030000 300 300
20230131 SDA -2200 -3581900 36030000 200 200
20230131 SDA -2700 -19390000 20210000  200
20230131 SDA -2900 -20830000 18770000  100
20230131 SDA -3000 -21550000 18050000  200
20230131 SDA -3200 -22990000 16610000  400
20230131 SDA -3600 -25870000 13730000 3500 4900
20230131 SDA -500 -3570000 36030000  200
20230131 SDA -700 -3571400 36030000 200 200
20230131 SDA -700 -4990000 34610000  2000
20230131 SDA 9500 79488100 119100000  9400
20230131 SDA "acum_busd" "acum_busd_val" "acum_val_bu" "sd" "sum_vol"
20230201 SDA 0 10000 730000 100 3700
20230201 SDA 0 -73596500 41650500 5000 13600
20230201 SDA -1000 -7290000 730000 1000 1000
20230201 SDA 1200 -78553200 49473800 800 800
20230201 SDA -1700 -82120000 49490600  2400
20230201 SDA 1800 -57400000 112970600 5700 5700
20230201 SDA 1900 -73583200 41663800  1900
20230201 SDA 2000 -72873200 49473800 1000 1000
20230201 SDA -2600 -82126300 49473800 3300 3300
20230201 SDA 3000 -39110500 41636500  9500
20230201 SDA 3000 -65773200 49473800  1000
20230201 SDA 3000 -65773200 49473800  1100
20230201 SDA -3000 -82129100 49473800 400 400
20230201 SDA -3100 -22370000 3650000 2500 2500
20230201 SDA -3200 -23090000 6530000  400
20230201 SDA -3600 -25970000 3650000 500 500
20230201 SDA -4100 -82136800 49473800 1100 1100
20230201 SDA -5500 -39170000 41570000  500
20230201 SDA -6000 -42770000 37970000  1100
20230201 SDA -6000 -42770000 37970000  2000
20230201 SDA -600 -4370000 3650000  1100
20230201 SDA -6500 -39177000 41570000 1000 1000
20230201 SDA 700 -82103200 49473800 500 500
20230201 SDA 7500 -18640000 112970600  9200
20230201 SDA -8000 -57170000 23570000  1400
20230201 SDA -9400 -67110000 13630000 7200 8200
20230201 SDA 9900 -2320000 168050600  8100
20230201 SDA "acum_busd" "acum_busd_val" "acum_val_bu" "sd" "sum_vol"
20230202 SDA 0 5480000 195040000 100 100
20230202 SDA 100 6140000 195040000 500 500
20230202 SDA 10500 73820000 194390000  700
20230202 SDA 10800 74910000 105550000 500 500
20230202 SDA 11300 78310000 105550000  100
20230202 SDA 11300 78310000 105550000 1300 1300
20230202 SDA 11300 78310000 105550000  2600
20230202 SDA 12600 87150000 105550000 300 15400
20230202 SDA 14600 100470000 160490000 1000 1000
20230202 SDA 15600 107070000 160490000 200 200
20230202 SDA 15800 108410000 160490000  6800
20230202 SDA 200 1360000 1360000  200
20230202 SDA -2100 -14280000 1360000 2300 2300
20230202 SDA -2200 -14970000 1360000 100 100
20230202 SDA -2200 -8550000 204420000  100
20230202 SDA -2300 -9220000 203750000 100 200
20230202 SDA -2300 -9230000 203080000  100
20230202 SDA -2400 -9900000 202410000  100
20230202 SDA -2500 -10570000 201740000  200
20230202 SDA -2700 -11910000 200400000 2000 2000
20230202 SDA 5800 43270000 163840000 2300 2800
20230202 SDA 5800 43270000 163840000  300
20230202 SDA 600 9390000 195040000 6600 6600
20230202 SDA -700 1090000 200400000 1500 2300
20230202 SDA 7200 52290000 195040000 500 500
20230202 SDA 7600 54870000 160490000 7000 7000
20230202 SDA 7700 55590000 195040000 300 300
20230202 SDA 8000 56150000 106890000 3000 3200
20230202 SDA 8000 57570000 195040000 2600 2700
20230202 SDA 8100 56820000 107560000  100
20230202 SDA 9000 62850000 114930000 200 200
20230202 SDA 9200 64190000 114930000  1100
20230202 SDA 9800 69270000 189840000  4000
20230202 SDA "acum_busd" "acum_busd_val" "acum_val_bu" "sd" "sum_vol"
20230203 SDA 0 130000 46320000 600 600
20230203 SDA 0 20000 2000000 300 500
20230203 SDA 100 680000 680000  100
20230203 SDA 1200 8070000 12720000 400 1500
20230203 SDA -17600 -115420000 62120000  1000
20230203 SDA -18000 -118220000 48920000 9700 11000
20230203 SDA -18600 -122020000 55520000  1000
20230203 SDA -19600 -128620000 48920000 1600 1600
20230203 SDA -21300 -139240000 77300000  400
20230203 SDA -21700 -141880000 74660000  1100
20230203 SDA -22800 -149140000 67400000  800
20230203 SDA -22900 -149640000 77300000 1600 1600
20230203 SDA -23600 -154420000 62120000 6000 6000
20230203 SDA 2900 19560000 46320000 1000 1000
20230203 SDA 3900 26260000 46320000 1800 1800
20230203 SDA -4600 -30690000 46320000 4600 4600
20230203 SDA -4700 -31360000 46320000 100 100
20230203 SDA 4700 31520000 39520000 500 500
20230203 SDA 500 3370000 5350000  500
20230203 SDA 5200 34870000 39520000  4000
20230203 SDA 5700 38320000 46320000  1000
20230203 SDA 600 4150000 46320000 2300 2300
20230203 SDA -8700 -57760000 46320000 4000 4000
20230203 SDA "acum_busd" "acum_busd_val" "acum_val_bu" "sd" "sum_vol"
20230206 SDA -100 -650000 0 100 100
20230206 SDA -1300 -8440000 670000 1000 1000
20230206 SDA -1400 -9090000 670000  1000
20230206 SDA -1400 -9090000 670000 100 100
20230206 SDA -1800 -11730000 670000 400 400
20230206 SDA -200 -1280000 670000  100
20230206 SDA -300 -1940000 670000 100 100
20230206 SDA -300 -1950000 0 200 500
20230206 SDA -4200 -27570000 670000 2400 2400
20230206 SDA -4500 -29550000 670000 300 300
20230206 SDA -5500 -36150000 670000 1000 1000
20230206 SDA -6500 -42750000 670000 1000 1000
20230206 SDA -7600 -50010000 5950000  200
20230206 SDA -7600 -50010000 5950000  800
20230206 SDA -7800 -51330000 4630000  500
20230206 SDA -8300 -54630000 1330000  100
20230206 SDA -8400 -55290000 670000 1900 1900
20230206 SDA "acum_busd" "acum_busd_val" "acum_val_bu" "sd" "sum_vol"
20230207 SDA 100 660000 660000  100
20230207 SDA 11600 91708800 113145400  100
20230207 SDA 11600 91708800 113145400 2100 2100
20230207 SDA 13000 112416900 113133500 3800 4200
20230207 SDA 13700 105778800 113145400 1000 1000
20230207 SDA 13700 105778800 113145400  300
20230207 SDA 14200 112425300 113141900  1200
20230207 SDA 14700 112428800 113145400  500
20230207 SDA 16300 112440000 113130000 100 8600
20230207 SDA 16300 112440000 113130000  2000
20230207 SDA 16800 112443500 113133500  600
20230207 SDA 2200 29098800 137265400 3600 3600
20230207 SDA 4800 46258800 154425400  2600
20230207 SDA 5200 48538800 113145400 900 900
20230207 SDA 5800 52858800 137265400 3000 3000
20230207 SDA 6100 54568800 113145400 2600 2600
20230207 SDA 800 20258800 154425400 4000 4000
20230207 SDA 8500 70648800 135255400  3300
20230207 SDA 8700 71988800 113145400 1000 1000
20230207 SDA 8800 72658800 137265400  300
20230207 SDA 9300 64140000 64140000  9200
20230207 SDA 9700 78788800 113145400 1900 1900
20230207 SDA "acum_busd" "acum_busd_val" "acum_val_bu" "sd" "sum_vol"
20230208 SDA -1000 -6200000 16900000 3000 3000
20230208 SDA -100 -650000 0 100 100
20230208 SDA -10100 -64070000 22600000 300 900
20230208 SDA -10200 -64600000 28270000  900
20230208 SDA -10400 -65960000 18820000 4000 4000
20230208 SDA -11100 -70270000 22600000 1000 1000
20230208 SDA 1900 12350000 13000000  1400
20230208 SDA 2000 13000000 16900000 500 500
20230208 SDA 2200 14300000 14950000  300
20230208 SDA 2500 16250000 16900000  300
20230208 SDA -4900 -31160000 16900000 3900 3900
20230208 SDA 500 3250000 3900000  600
20230208 SDA -5100 -31590000 77280000  200
20230208 SDA -5300 -32890000 75980000  1000
20230208 SDA -6300 -39390000 69480000  1600
20230208 SDA -6300 -39640000 53230000  500
20230208 SDA -6400 -40760000 18820000  100
20230208 SDA -6500 -41400000 18180000  200
20230208 SDA -6700 -42680000 16900000 1800 1800
20230208 SDA -6800 -42640000 79880000  400
20230208 SDA -6800 -42840000 50030000  1100
20230208 SDA -7100 -44590000 77280000 2000 2000
20230208 SDA -7200 -45240000 77280000 100 100
20230208 SDA -7800 -49140000 59730000 2500 3500
20230208 SDA -7800 -49240000 43630000  1400
20230208 SDA -9200 -58200000 34670000  1000
20230208 SDA "acum_busd" "acum_busd_val" "acum_val_bu" "sd" "sum_vol"
20230209 SDA -10000 -62310000 22760000 2000 2000
20230209 SDA 100 650000 650000  100
20230209 SDA -1500 -8770000 22100000 2400 2400
20230209 SDA 1900 12650000 22100000 500 500
20230209 SDA 2400 15600000 15600000  1800
20230209 SDA 2400 15800000 22100000 1000 1000
20230209 SDA -2900 -17560000 22760000  100
20230209 SDA -3000 -18210000 22760000 100 100
20230209 SDA -3000 -18220000 22100000 1500 1500
20230209 SDA 3400 22100000 22100000  1000
20230209 SDA 3400 22100000 22100000  900
20230209 SDA 600 3900000 3900000  500
20230209 SDA -6800 -41510000 43560000  500
20230209 SDA -7300 -44760000 40310000  1000
20230209 SDA -8000 -49710000 22760000 5000 5000
20230209 SDA -8300 -51260000 33810000  1500
20230209 SDA 900 6350000 22100000 1000 1000
20230209 SDA -9800 -61010000 24060000  200
20230209 SDA "acum_busd" "acum_busd_val" "acum_val_bu" "sd" "sum_vol"
20230210 SDA 100 670000 670000  100
20230210 SDA -1100 -7010000 670000 200 200
20230210 SDA -1400 -8930000 670000 300 300
20230210 SDA -1800 -11450000 7130000  100
20230210 SDA -1900 -12090000 6490000  400
20230210 SDA -2300 -14640000 7780000 600 700
20230210 SDA -2300 -14650000 3930000  400
20230210 SDA -2400 -15330000 670000 1000 1000
20230210 SDA -2500 -15950000 1330000  200
20230210 SDA -2600 -16610000 670000  100
20230210 SDA -2600 -16610000 670000 200 200
20230210 SDA -2700 -17250000 1330000 200 200
20230210 SDA -2800 -17840000 7780000 500 500
20230210 SDA -4300 -27440000 7780000 1500 1500
20230210 SDA -7300 -46640000 7780000 3000 3000
20230210 SDA -8000 -51120000 7780000 700 700
20230210 SDA -900 -5730000 670000 1000 1000
20230210 SDA "acum_busd" "acum_busd_val" "acum_val_bu" "sd" "sum_vol"
20230213 SDA 1200 7830000 12600000 200 200
20230213 SDA 1400 9010000 12600000 500 500
20230213 SDA -14900 -87320000 13230000 14200 14600
20230213 SDA -16400 -96320000 13230000 1500 1500
20230213 SDA -17000 -99920000 13230000 600 600
20230213 SDA -17300 -101720000 13230000 300 300
20230213 SDA 1900 11960000 12600000  1500
20230213 SDA -22500 -132400000 13230000 5200 5200
20230213 SDA -24900 -146460000 16870000  400
20230213 SDA -25300 -148900000 14430000  200
20230213 SDA -25500 -150100000 13230000 3000 3000
20230213 SDA 400 2360000 3000000 100 100
20230213 SDA 500 3000000 3000000  500
20230213 SDA -700 -3540000 13230000 1500 1500
20230213 SDA 700 4830000 12600000 500 500
20230213 SDA 800 5460000 13230000  100
20230213 SDA "acum_busd" "acum_busd_val" "acum_val_bu" "sd" "sum_vol"
20230214 SDA -11100 -65820000 16810000 2000 2000
20230214 SDA -12600 -74820000 16810000 1500 1500
20230214 SDA -14300 -85010000 17410000  100
20230214 SDA -14300 -85010000 17410000  200
20230214 SDA -14300 -85020000 16810000 1700 1700
20230214 SDA -14400 -85610000 16810000 100 100
20230214 SDA -2200 -12730000 15000000 1500 1500
20230214 SDA -2500 -14530000 16200000  200
20230214 SDA -2700 -15730000 15000000 500 500
20230214 SDA -5600 -32820000 16200000 3100 3100
20230214 SDA -5600 -32820000 16810000  100
20230214 SDA -5700 -33430000 16200000 100 100
20230214 SDA -700 -3880000 15000000 1400 1400
20230214 SDA 700 4380000 15000000 1800 4300
20230214 SDA 700 4380000 15000000  300
20230214 SDA -7300 -43020000 16810000 1700 1700
20230214 SDA -7600 -44820000 16810000 300 300
20230214 SDA -8200 -48420000 16810000 600 600
20230214 SDA -9100 -53820000 16810000 900 900
20230214 SDA "acum_busd" "acum_busd_val" "acum_val_bu" "sd" "sum_vol"
20230216 SDA 1000 6300000 6300000  1000
20230216 SDA 1300 8160000 8780000  400
20230216 SDA 2500 15880000 21380000  100
20230216 SDA 2500 15880000 21380000  2000
20230216 SDA 2500 15880000 21380000  500
20230216 SDA 2500 15880000 25790000 700 700
20230216 SDA 3200 20290000 25790000  700
20230216 SDA 3500 22280000 32190000  1000
20230216 SDA 3700 23560000 33470000  200
20230216 SDA 4000 25480000 35390000  100
20230216 SDA 4000 25480000 35390000  300
20230216 SDA 500 3280000 8780000 800 800
20230216 SDA 900 5680000 6300000 100 100
20230216 SDA "acum_busd" "acum_busd_val" "acum_val_bu" "sd" "sum_vol"
20230217 SDA -100 -530000 2520000  300
20230217 SDA -100 -590000 630000 200 200
20230217 SDA 100 630000 630000  100
20230217 SDA 300 1990000 5040000  400
20230217 SDA -400 -2420000 630000 300 300
20230217 SDA 800 5140000 8190000  500
20230217 SDA 8900 56170000 59220000  8100
20230217 SDA 9200 58060000 61110000  300
20230217 SDA 9300 58690000 61740000  100
20230217 SDA 9500 59930000 63600000 100 100
20230217 SDA 9600 60550000 63600000  300
20230217 SDA "acum_busd" "acum_busd_val" "acum_val_bu" "sd" "sum_vol"
20230220 SDA 0 0 0  200
20230220 SDA 0 0 0  200
20230220 SDA 0 0 6300000  400
20230220 SDA 1000 6300000 12600000  500
20230220 SDA 100 630000 630000  100
20230220 SDA 12100 77680000 208540000  3000
20230220 SDA 12100 77680000 208540000 600 600
20230220 SDA 12700 81460000 208540000 2000 10000
20230220 SDA 1700 11890000 97030000 1000 1000
20230220 SDA 1900 11970000 18900000  1000
20230220 SDA -200 -1260000 630000 300 300
20230220 SDA 2600 17300000 86320000 100 100
20230220 SDA 2700 17920000 86320000  200
20230220 SDA 2700 17920000 86320000 6500 6500
20230220 SDA 2700 18090000 97030000 500 500
20230220 SDA 2800 18560000 87580000  200
20230220 SDA -300 -1890000 3150000 500 900
20230220 SDA 3200 21190000 97030000 1100 1100
20230220 SDA 3300 21710000 90730000  500
20230220 SDA -400 -2520000 3780000  100
20230220 SDA 4300 28010000 97030000  1000
20230220 SDA 4500 28350000 35280000  2600
20230220 SDA 4500 29800000 144280000 2000 2000
20230220 SDA -500 -3150000 3150000 200 600
20230220 SDA 500 3150000 9450000  1000
20230220 SDA 500 4600000 106480000 2700 4200
20230220 SDA 5400 35470000 149950000  900
20230220 SDA 5700 36120000 61120000 2000 2000
20230220 SDA 600 5230000 107110000  100
20230220 SDA 6100 38430000 47880000 400 2400
20230220 SDA 6200 39070000 48520000  100
20230220 SDA 6500 42400000 144280000  5900
20230220 SDA 6700 42220000 51670000  500
20230220 SDA 6700 43660000 158140000  1300
20230220 SDA 7700 48520000 61120000 500 500
20230220 SDA 8200 51670000 61120000  1500
20230220 SDA 900 5670000 12600000 100 500
20230220 SDA 9200 58220000 86320000 500 500
20230220 SDA 9700 61320000 86320000  4000
20230220 SDA "acum_busd" "acum_busd_val" "acum_val_bu" "sd" "sum_vol"
