20221219 SDN -300 -11400000 26520000 0 11400000
20221223 SDN 400 16720000 16720000 16720000 0
20230106 SDN 600 26040000 26040000 26040000 0
20230109 SDN 300 13020000 13020000 13020000 0
20230119 SDN -100 -3910000 3910000 0 3910000
20230127 SDN -400 -14200000 14200000 0 14200000
20230201 SDN 500 19500000 19500000 19500000 0
20230203 SDN 300 13160000 115540000 64350000 51190000
20230207 SDN 500 25550000 492350000 47000000 21450000
20230208 SDN -200 -8820000 8820000 0 8820000
20230209 SDN 900 44510000 183340000 53350000 8840000
20230210 SDN 0 0 14380000 0 0
