20221212 SFG 800 7676000 11276000 9476000 1800000
20221213 SFG -800 -7020000 10804000 1.892e+06 8912000
20221214 SFG -500 -4628000 4628000 0 4628000
20221215 SFG 200 1900000 2786000 1900000 0
20221216 SFG -400 -3530000 5428000 949000 4479000
20221219 SFG 300 2855000 12345000 7600000 4745000
20221220 SFG -1900 -17171000 74631000 28730000 45901000
20221221 SFG -100 -901999.9999999999 2778000 938000 1840000
20221222 SFG -4800 -44874000 198746000 53511000 98385000
20221223 SFG -8100 -72634000 107368000 17367000 90001000
20221226 SFG -5800 -52152000 145848000 38748000 90900000
20221227 SFG -4600 -39978000 57042000 8532000 48510000
20221228 SFG 1000 9096000 9096000 9096000 0
20230104 SFG -1200 -10777000 23485000 6354000 17131000
20230105 SFG -300 -2641000 7331000 0 2641000
20230106 SFG 600 5684000.000000001 9324000 7.504e+06 1820000
20230109 SFG 200 1873999.999999999 16882000.000000004 9378000 7.504e+06
20230111 SFG -1100 -6924000 77486000 35281000 42205000
20230112 SFG 5300 49600000 59158000 54379000 4779000
20230113 SFG -800 -7236000 13200000 2982000 10218000
20230116 SFG 0 314000 16948000 8631000 8317000
20230117 SFG -4000 -35630000 71336000 17853000 53483000
20230118 SFG -100 -626000 13846000 6610000 7236000
20230119 SFG -19700 -176515000 195125000 9305000 185820000
20230127 SFG -3900 -35187000 35187000 0 35187000
20230130 SFG -5000 -44942000 65787000 7249000 52191000
20230131 SFG -3400 -29290000 34546000 2628000 31918000
20230201 SFG -8800 -75478000 84382000 4452000 79930000
20230202 SFG 4400 39353000 54381000 46421000 7068000
20230203 SFG -200 -1374000 20968000 9797000 11171000
20230206 SFG 700 6236000 7133000 6236000 0
20230207 SFG -8600 -75234000 80628000 1800000 77034000
20230209 SFG 300 2690000.0000000005 2690000.0000000005 2.69e+06 0
20230210 SFG -600 -4485000 27785000 11650000 16135000
