20221212 SGN -600 30026200
20221213 SGN 900 48086000
20221214 SGN -1400 -72152000
20221215 SGN 2700 185192000
20221216 SGN -100 -62343200
20221219 SGN 1700 26024500
20221220 SGN 2800 174306500
20221221 SGN -4000 -256053500
20221222 SGN -2500 -81084500
20221223 SGN 0 0
20221226 SGN 400 25190000
20221227 SGN -200 6262000
20221228 SGN -1400 37556000
20221229 SGN 1300 81530000
20221230 SGN -1600 -87792400
20230103 SGN 200 6276400
20230104 SGN -700 -12731500
20230105 SGN 1600 104000
20230106 SGN 3200 149748500
20230110 SGN 800 -25363200
20230111 SGN 1500 96750000
20230112 SGN -400 -25800000
20230113 SGN 3700 238650000
20230116 SGN 300 19350000
20230117 SGN 200 -6330800
20230118 SGN 700 -63791200
20230119 SGN 4300 279500
20230127 SGN -600 -107994800
20230130 SGN 10600 698810000
20230131 SGN 1400 -6322800
20230201 SGN -200 -13230000
20230202 SGN -4000 -264000
20230203 SGN 4100 231276900
20230206 SGN -1100 -67906800.00000001
20230207 SGN -5800 -392623000
20230208 SGN 8500 565570000
20230210 SGN -300 -19800
20230213 SGN -100 -6420000
