20221212 SHA -6600 -26709000 45391000 8521000 35230000
20221213 SHA -6700 -26723000 34863000 4070000 30793000
20221214 SHA -4200 -17220000 95522000 39151000 56371000
20221215 SHA 1100 4576000.000000001 48043000 24934000 20358000
20221216 SHA 7300 29775000 82783000 56279000 26504000
20221219 SHA -17200 -70548000 159290000 44371000 114919000
20221220 SHA 1100 4436000 82549000 42891000 38455000
20221221 SHA 700 2987999.9999999995 14042000 8111000 5123000
20221222 SHA -1600 -6428000 33004000 11268000 17696000
20221223 SHA 6800 27120000 41450000 34285000 7165000
20221226 SHA -1600 -6571000 115425000 54427000 60998000
20221227 SHA -300 -1031000 19539000 3434000 4465000
20221228 SHA 1200 4769000 4769000 4769000 0
20221229 SHA -3400 -12802000 88548000 31711000 44513000
20221230 SHA 1200 4677000 7017000 5847000 1170000
20230103 SHA 9100 36561000 72005000 54283000 17722000
20230104 SHA 1400 5710000 8954000 7332000 1622000
20230105 SHA 600 2453000 5693000 4073000 1620000
20230106 SHA -1800 -7242000 9263000 808000 8050000
20230109 SHA -10200 -39981000 61267000 10643000 50624000
20230110 SHA -3400 -12672000 40907000 13547000 26219000
20230111 SHA 2100 8368000 25165000 16567000 8199000
20230112 SHA 4900 19198000 37032000 28115000 8917000
20230113 SHA 12500 48786000 53825000 51111000 2325000
20230116 SHA -5400 -21048000 23458000 0 21048000
20230117 SHA -500 -1883000 32731000 12656000 14539000
20230118 SHA -11900 -46079000 69855000 11888000 57967000
20230119 SHA 4900 19531000 34385000 26958000 7427000
20230127 SHA -13500 -53919000 74441000 9661000 63580000
20230130 SHA -10400 -41716000 155998000 53091000 94807000
20230131 SHA -9300 -37505000 159097000 60796000 98301000
20230201 SHA -25900 -105164000 125068000 9952000 115116000
20230202 SHA -22500 -89502000 91940000 1219000 90721000
20230203 SHA -7700 -30989000 41521000 5266000 36255000
20230206 SHA -13600 -54090000 62108000 4009000 58099000
20230207 SHA -10300 -40977000 67443000 13233000 54210000
20230208 SHA -13000 -51299000 72857000 10779000 62078000
20230209 SHA 22200 88747000 94397000 91572000 2825000
20230210 SHA 4900 19488000 33016000 26252000 6764000
