20221212 SHP -10500 -272775000 668025000 197625000 470400000
20221213 SHP -18100 -466935000 498225000 15645000 482580000
20221214 SHP 400 10400000 36300000 23350000 12950000
20221215 SHP 400 10420000 10420000 10420000 0
20221216 SHP -1900 -49720000 107480000 28880000 78600000
20221219 SHP -200 -5000000 99500000 47250000 52250000
20221220 SHP -139800 -3586620000 3756950000 38725000 3625345000
20221221 SHP 26300 671775000 2545265000 1608520000 936745000
20221222 SHP 4000 103200000 103200000 103200000 0
20221223 SHP -6600 -170740000 378940000 104100000 274840000
20221226 SHP 9900 258290000 1170660000 714475000 456185000
20221227 SHP 34400 894590000 1201010000 1045200000 150610000
20221228 SHP -44400 -1154350000 1315660000 80655000 1235005000
20221229 SHP 500 13130000 96360000 54745000 41615000
20221230 SHP 0 40000 5250000 2645000 2605000
20230103 SHP -27500 -715115000 863335000 74110000 789225000
20230104 SHP -25300 -651660000 1460550000 404445000 1056105000
20230105 SHP -13800 -354160000 1072230000 359035000 713195000
20230106 SHP 14300 377490000 662550000 520020000 142530000
20230109 SHP 22700 601900000 1113720000 843015000 241115000
20230110 SHP 8800 237220000 473140000 301180000 63960000
20230111 SHP -1900 -52060000 717340000 332640000 384700000
20230112 SHP -15600 -428165000 1686305000 629070000 1057235000
20230113 SHP -1800 -48890000 48890000 0 48890000
20230116 SHP 8000 221375000 633195000 424525000 203150000
20230117 SHP -300 -8005000 68305000 30150000 38155000
20230118 SHP 900 25130000 72580000 47410000 22280000
20230119 SHP -2900 -79305000 104270000 11115000 90420000
20230127 SHP -5900 -160400000 179740000 8295000 168695000
20230130 SHP 0 0 22200000 11100000 11100000
20230131 SHP 24900 684780000 789100000 736940000 52160000
20230201 SHP 3500 97460000 246180000 171820000 74360000
20230202 SHP -1200 -32800000 93060000 30130000 62930000
20230203 SHP 6100 167830000 184330000 176080000 8250000
20230206 SHP 1500 41255000 150755000 96005000 54750000
20230207 SHP -3200 -87735000 98775000 5520000 93255000
20230208 SHP -3400 -93175000 208295000 57560000 150735000
20230209 SHP 2500 68855000 129135000 98995000 30140000
20230210 SHP 1700 46660000 227500000 137080000 90420000
