20221212 SIC 0 0 0 0 600
20221222 SIC -2000 -37000000 0 2000 2000
20221228 SIC -1000 -17100000 0 1000 1000
20221229 SIC 0 130000 1880000 100 200
20221230 SIC 100 1900 1900 0 100
20230103 SIC 0 0 0 0 100
20230104 SIC -3000 -57000 0 3000 3100
20230105 SIC -200 -4120000 0 200 200
20230109 SIC 0 0 0 0 100
20230110 SIC 4000 80000 80000 0 4000
20230111 SIC 0 0 0 0 200
20230112 SIC 169500 -396300 3563700 200 174200
20230116 SIC -200 -3779999.9999999995 0 200 200
20230118 SIC 0 0 0 0 100
20230201 SIC -200 -4300000 4300000 400 600
20230206 SIC 100 2250000 2250000 0 100
20230207 SIC 100 2350000 2350000 0 100
20230208 SIC 200 2122500 2122500 0 200
20230213 SIC 200 2122500 2122500 2122500 0
