20221212 SID 3600 29419999.999999996 78210000 2.942e+07 0
20221213 SID 3700 31240000 89760000 60500000 29260000
20221214 SID 5400 42540000 410920000 115740000 73200000
20221215 SID -5200 -39670000 43630000 800000 40470000
20221216 SID 17600 143690000 235700000 166810000 23120000
20221219 SID 10500 86320000 172360000 109090000 22770000
20221220 SID 6900 61930000 99630000 77440000 15510000
20221221 SID -19900 -152830000 189250000 17400000 170230000
20221222 SID -4700 -35130000 47480000 4150000 39280000
20221223 SID -900 10970000 325800000 168000000 157030000
20221226 SID -2600 -20110000 20910000 0 20110000
20221227 SID 19200 153580000 153580000 153580000 0
20221228 SID -1600 -12390000 176920000 2340000 14730000
20221229 SID -800 -6120000 15380000 780000 6900000
20221230 SID 6200 63830000 400070000 185810000 121980000
20230103 SID 3600 28670000 644650000 321010000 292340000
20230104 SID -300 -2060000 44710000 8580000 10640000
20230105 SID -21700 -164890000 334610000 17710000 182600000
20230106 SID -3200 -23750000 132600000 49040000 72790000
20230109 SID 1400 10640000 27360000 10640000 0
20230110 SID 100 750000 750000 750000 0
20230111 SID 17300 145290000 355490000 182890000 37600000
20230112 SID -2200 -16290000 43800000 8460000 24750000
20230113 SID -3600 -27000000 61500000 9750000 36750000
20230116 SID 1500 11430000 44500000 11430000 0
20230117 SID 6900 52930000 62170000 52930000 0
20230118 SID -4800 -36370000 107570000 31750000 68120000
20230119 SID 600 4810000 18710000 7120000 2310000
20230127 SID -900 -6940000 18830000 5550000 12490000
20230130 SID -7200 -56080000 100740000 17260000 73340000
20230131 SID -3000 -22500000 73180000 21440000 43940000
20230201 SID -17200 -137320000 294940000 14810000 152130000
20230202 SID 1000 8050000 48050000 24850000 16800000
20230203 SID -1900 -14870000 22970000 4050000 18920000
20230206 SID 100 850000 15860000 4800000 3950000
20230207 SID -5000 -38410000 83770000 14880000 53290000
20230208 SID -10500 -77340000 190650000 760000 78100000
20230209 SID 600 4620000 9870000 4620000 0
20230210 SID -10200 -72460000 136030000 9260000 81720000
