20230223 SIP -1600 -128300000 0 1000 1000
20230223 SIP -2500 -201540000 41000000 1400 1900
20230223 SIP -2600 -209700000 41000000 100 100
20230223 SIP -3000 -242340000 41000000  1900
20230223 SIP -3000 -242340000 41000000 400 400
20230223 SIP -3400 -274530000 99060000  500
20230223 SIP -3500 -283340000 49200000 600 700
20230223 SIP -3900 -316080000 57510000  100
20230223 SIP -4000 -324390000 49200000 500 500
20230223 SIP -4400 -356530000 99060000 1000 1000
20230223 SIP -500 -38000000 0 500 500
20230223 SIP -600 -46200000 0 100 100
20230223 SIP -6400 -520530000 99060000 2000 2000
20230223 SIP "acum_busd" "acum_busd_val" "acum_val_bu" "sd" "sum_vol"
