20221212 SJD 0 155000 18275000  9060000
20221212 SJD -10400 -155925000 643325000  107210000
20221212 SJD -10500 -157435000 644835000  1510000
20221212 SJD -10900 -163440000 675070000 1510000 
20221212 SJD -11000 -164950000 673560000  16610000
20221212 SJD 1300 19965000 59265000  4530000
20221212 SJD -13300 -199930000 366770000 3020000 
20221212 SJD -13500 -202950000 363750000 1500000 96060000
20221212 SJD -15900 -238440000 780170000 7525000 
20221212 SJD 1600 24495000 54735000  6060000
20221212 SJD -16400 -245965000 772645000 7525000 
20221212 SJD -16900 -253490000 765120000  90050000
20221212 SJD 2000 30555000 48675000 30400000 
20221212 SJD -20900 -313440000 855170000  75000000
20221212 SJD 2700 41075000 98555000  6060000
20221212 SJD -28400 -425940000 976670000 4500000 
20221212 SJD -28700 -430440000 972170000  117000000
20221212 SJD 3100 47135000 92495000  3030000
20221212 SJD -3200 -47200000 534600000 21210000 
20221212 SJD -3300 -48715000 536115000  1515000
20221212 SJD 3300 50165000 89465000 30200000 
20221212 SJD -4600 -68410000 513390000 13635000 
20221212 SJD -5500 -82045000 499755000 31815000 7550000
20221212 SJD -5700 -85740000 240520000 6060000 
20221212 SJD -5800 -87275000 226905000  128350000
20221212 SJD 600 9215000 9215000 9215000 
20221212 SJD -6100 -91800000 234460000 1515000 6040000
20221212 SJD -7100 -106310000 460390000 93620000 
20221212 SJD -7200 -108390000 266190000 1510000 24160000
20221212 SJD -9800 -146830000 655440000 10605000 
20221212 SJD -9900 -148340000 656950000  1510000
20221212 SJD "acum_busd" "acum_busd_val" "acum_val" "val_bu" "val_sd"
20221213 SJD -100 -1500000 13500000 4500000 7500000
20221213 SJD 100 1500000 1500000 1500000 
20221213 SJD 10300 154550000 190450000 90000000 
20221213 SJD 12000 180630000 404270000 90000000 
20221213 SJD 12900 194455000 504555000  25330000
20221213 SJD 13200 198925000 509025000 4470000 
20221213 SJD 13200 198930000 512020000  1495000
20221213 SJD 13300 200425000 510525000 1500000 
20221213 SJD 13800 207685000 437325000  3000000
20221213 SJD 13900 209185000 438825000 1500000 
20221213 SJD 14000 210685000 434325000 30055000 
20221213 SJD 14100 212285000 471725000 3000000 14900000
20221213 SJD 14600 219785000 479225000 7500000 
20221213 SJD 14900 224185000 453825000 15000000 
20221213 SJD 15200 228930000 542020000 30000000 
20221213 SJD 15700 236430000 549520000 7500000 
20221213 SJD 15800 237930000 551020000 1500000 
20221213 SJD 15900 239430000 552520000 1500000 
20221213 SJD 16400 246930000 560020000 7500000 
20221213 SJD 16700 251430000 564520000 4500000 
20221213 SJD -300 -4500000 16500000  3000000
20221213 SJD 4300 64550000 100450000 1500000 7450000
20221213 SJD 4700 70500000 91500000 75000000 
20221213 SJD 6000 90630000 314270000 29950000 74500000
20221213 SJD 9000 135180000 209820000  19370000
20221213 SJD "acum_busd" "acum_busd_val" "acum_val" "val_bu" "val_sd"
20221214 SJD 1100 16745000 225945000 29900000 
20221214 SJD 13100 196645000 459665000 150000000 
20221214 SJD 14100 211645000 474665000 15000000 
20221214 SJD 15800 237145000 500165000 25500000 
20221214 SJD 18500 277645000 567665000  1500000
20221214 SJD 18600 279145000 566165000  3000000
20221214 SJD 18800 282145000 563165000  9000000
20221214 SJD 19000 285170000 575190000 7525000 
20221214 SJD 19400 291145000 554165000 54000000 
20221214 SJD -2000 -29600000 179600000 75000000 
20221214 SJD 2400 36180000 293220000  23920000
20221214 SJD 3000 45150000 308170000  2990000
20221214 SJD 3100 46645000 309665000 1495000 
20221214 SJD 3200 48140000 305180000 11960000 
20221214 SJD 4000 60100000 269300000 43355000 
20221214 SJD -5000 -74600000 74600000  67100000
20221214 SJD -500 -7500000 7500000  7500000
20221214 SJD -6800 -101600000 101600000  27000000
20221214 SJD -7000 -104600000 104600000  3000000
20221214 SJD -900 -13155000 196045000 16445000 
20221214 SJD "acum_busd" "acum_busd_val" "acum_val" "val_bu" "val_sd"
20221215 SJD -1000 -14900000 14900000  14900000
20221215 SJD 1300 19690000 52500000 28595000 
20221215 SJD -2800 -41765000 119955000 1500000 62955000
20221215 SJD -500 -7400000 22400000 7500000 
20221215 SJD -600 -8905000 23905000  1505000
20221215 SJD -7000 -104345000 182535000  62580000
20221215 SJD -8000 -119250000 197440000  14905000
20221215 SJD -8400 -125210000 203400000  5960000
20221215 SJD "acum_busd" "acum_busd_val" "acum_val" "val_bu" "val_sd"
20221216 SJD -10600 -159345000 303655000 4500000 
20221216 SJD -10900 -163845000 299155000 18000000 
20221216 SJD -11300 -169845000 269155000 3000000 
20221216 SJD -11500 -172845000 266155000 7500000 
20221216 SJD -11500 -172845000 272155000  3000000
20221216 SJD -12000 -180345000 258655000  130500000
20221216 SJD -12100 -181845000 281155000  9000000
20221216 SJD -1400 -21255000 90505000  9000000
20221216 SJD -1400 -21255000 96545000 1510000 
20221216 SJD 1500 22500000 22500000 15000000 
20221216 SJD -1500 -22765000 92015000  1510000
20221216 SJD -1500 -22765000 95035000 1510000 
20221216 SJD -1600 -24275000 93525000  1510000
20221216 SJD -1700 -25770000 101060000  4515000
20221216 SJD 1800 27030000 27030000 4530000 
20221216 SJD 1800 27050000 42200000 6080000 7575000
20221216 SJD 1900 28545000 28545000 1515000 
20221216 SJD -2200 -33290000 111600000 1510000 
20221216 SJD -2300 -34800000 110090000  9030000
20221216 SJD -3300 -49845000 128155000  16555000
20221216 SJD 500 7500000 7500000 7500000 
20221216 SJD -600 -9235000 78485000  22650000
20221216 SJD -800 -12255000 81505000  3020000
20221216 SJD -8300 -124720000 338280000 1510000 
20221216 SJD -8400 -126230000 336770000 33115000 
20221216 SJD 900 13415000 55835000  13635000
20221216 SJD -9900 -148720000 362280000  24000000
20221216 SJD "acum_busd" "acum_busd_val" "acum_val" "val_bu" "val_sd"
20221219 SJD 0 0 30000000  13500000
20221219 SJD 0 0 72000000 1500000 
20221219 SJD -100 -1500000 1500000  1500000
20221219 SJD 100 1500000 4500000 3000000 
20221219 SJD -100 -1500000 70500000 19500000 3000000
20221219 SJD -1200 -18000000 48000000  18000000
20221219 SJD 16600 249055000 735635000 195000000 
20221219 SJD 18800 282055000 768635000 33000000 
20221219 SJD 25600 384055000 873635000  1500000
20221219 SJD 25700 385555000 872135000 103500000 
20221219 SJD 26700 400610000 890190000 16555000 
20221219 SJD 30500 457695000 1040295000  30000000
20221219 SJD 30700 460610000 950190000 60000000 
20221219 SJD 31200 468110000 972690000  7500000
20221219 SJD 31700 475610000 965190000 15000000 
20221219 SJD 32500 487695000 1010295000  6000000
20221219 SJD 32900 493695000 1004295000  1505000
20221219 SJD 33000 495200000 1002790000  1505000
20221219 SJD 33100 496705000 1001285000 28595000 
20221219 SJD 3500 52555000 539135000 1500000 14905000
20221219 SJD 3600 54000000 126000000 54000000 
20221219 SJD 3600 54055000 540635000 1500000 
20221219 SJD 4000 60020000 132020000 6020000 
20221219 SJD 4200 62960000 519730000  1500000
20221219 SJD 4300 64460000 518230000 171350000 
20221219 SJD 4400 65960000 522730000 3000000 
20221219 SJD 4500 67545000 139545000 7525000 
20221219 SJD 4600 69050000 141050000 1505000 
20221219 SJD 4900 73565000 145565000 4515000 
20221219 SJD -7200 -106890000 346880000 10430000 190885000
20221219 SJD 900 13500000 16500000 12000000 
20221219 SJD "acum_busd" "acum_busd_val" "acum_val" "val_bu" "val_sd"
20221220 SJD 0 0 1500000  
20221220 SJD -100 -1515000 32815000 14900000 
20221220 SJD -10400 -153895000 223935000 2960000 
20221220 SJD -10600 -156855000 220975000 4440000 
20221220 SJD -10700 -158340000 213580000  29500000
20221220 SJD -10800 -159815000 215055000  1475000
20221220 SJD -10900 -161295000 216535000  1480000
20221220 SJD -1100 -16415000 17915000  7450000
20221220 SJD 200 2970000 37300000 4485000 
20221220 SJD -200 -3000000 4500000  3000000
20221220 SJD -300 -4495000 5995000  1495000
20221220 SJD -500 -7475000 8975000  2980000
20221220 SJD -600 -8965000 10465000  1490000
20221220 SJD -6300 -93320000 148560000 7485000 
20221220 SJD -6800 -100805000 141075000  103775000
20221220 SJD -7200 -106370000 271460000 16445000 
20221220 SJD -8300 -122815000 255015000 31080000 
20221220 SJD -8700 -128840000 184080000  35520000
20221220 SJD "acum_busd" "acum_busd_val" "acum_val" "val_bu" "val_sd"
20221221 SJD -14800 -219845000 222825000  140910000
20221221 SJD -20600 -304755000 313695000 2980000 
20221221 SJD -20800 -307735000 310715000  87890000
20221221 SJD -21400 -316405000 334285000 1490000 
20221221 SJD -21500 -317895000 332795000 2980000 
20221221 SJD -21600 -319405000 328345000  14650000
20221221 SJD -21700 -320875000 329815000  1470000
20221221 SJD -22500 -332600000 350480000  16195000
20221221 SJD -22700 -334785000 509070000 75990000 
20221221 SJD -22700 -335550000 353430000  2950000
20221221 SJD -26700 -394550000 412430000  59000000
20221221 SJD -27500 -406350000 425705000  11800000
20221221 SJD -27800 -410775000 433080000 1475000 
20221221 SJD -27900 -412250000 431605000  5900000
20221221 SJD -300 -4435000 7415000 1490000 
20221221 SJD -400 -5925000 5925000  5925000
20221221 SJD -5300 -78935000 81915000  74500000
20221221 SJD "acum_busd" "acum_busd_val" "acum_val" "val_bu" "val_sd"
20221222 SJD -100 -1485000 1485000  1485000
20221222 SJD 30000 447125000 1427035000  104300000
20221222 SJD -300 -4415000 28255000 1490000 
20221222 SJD 34900 520135000 1291445000  16390000
20221222 SJD 35000 521620000 893610000 50660000 143040000
20221222 SJD 36000 536525000 1275055000  14900000
20221222 SJD 37000 551425000 1260155000  1490000
20221222 SJD 37000 551425000 1322735000 31290000 
20221222 SJD 37100 552915000 1258665000  14900000
20221222 SJD 38100 567815000 1243765000 1495000 68540000
20221222 SJD -400 -5905000 26765000  14850000
20221222 SJD 40400 602080000 1140950000 163900000 83440000
20221222 SJD 40800 608040000 693950000  7380000
20221222 SJD 41200 614000000 699910000 5960000 
20221222 SJD 41300 615420000 686570000 482760000 
20221222 SJD 42600 634860000 1173730000 32780000 
20221222 SJD 47000 702125000 1682035000 255000000 
20221222 SJD 600 8945000 11915000 10430000 
20221222 SJD 8400 125210000 196360000 148865000 19240000
20221222 SJD 8900 132660000 203810000 7450000 
20221222 SJD "acum_busd" "acum_busd_val" "acum_val" "val_bu" "val_sd"
20221223 SJD 1000 15210000 15210000 3050000 
20221223 SJD 11300 171525000 303565000 110935000 1520000
20221223 SJD 1500 22710000 151710000  27000000
20221223 SJD 1800 27210000 30210000 13500000 
20221223 SJD 1900 30170000 453950000  13500000
20221223 SJD 2100 31710000 160710000 9000000 
20221223 SJD 2100 33170000 456950000 3000000 
20221223 SJD 2800 43670000 440450000  10500000
20221223 SJD -300 -4290000 61710000  31500000
20221223 SJD 3300 49710000 124710000 43500000 4500000
20221223 SJD 3500 54170000 429950000  1500000
20221223 SJD 3600 55670000 428450000  14885000
20221223 SJD 4100 62110000 191110000 30400000 
20221223 SJD 4600 70550000 410580000  7475000
20221223 SJD 4600 70555000 413565000 1495000 1490000
20221223 SJD 5000 76525000 401605000  4500000
20221223 SJD 5100 78025000 403105000 1500000 
20221223 SJD 5300 81025000 397105000  6000000
20221223 SJD 5700 87025000 391105000  1500000
20221223 SJD 5800 88525000 389605000  45000000
20221223 SJD 700 10710000 76710000 15000000 
20221223 SJD 800 12160000 12160000 12160000 
20221223 SJD 8700 132005000 343085000  7600000
20221223 SJD 8800 133525000 344605000 1520000 
20221223 SJD 900 13710000 16710000  1500000
20221223 SJD 9200 139605000 335485000  31920000
20221223 SJD "acum_busd" "acum_busd_val" "acum_val" "val_bu" "val_sd"
20221226 SJD -1000 -15000000 15000000  12000000
20221226 SJD -100 -1500000 1500000  1500000
20221226 SJD -10200 -152380000 248380000 15000000 
20221226 SJD -11100 -165985000 171985000  153985000
20221226 SJD -11200 -167280000 263280000  14900000
20221226 SJD -11200 -167380000 233380000 30000000 
20221226 SJD 12100 182220000 612780000 349500000 
20221226 SJD -12800 -191400000 197400000  25415000
20221226 SJD -12900 -192895000 198895000  1495000
20221226 SJD -13200 -197380000 203380000  4485000
20221226 SJD 13900 209455000 669825000  14905000
20221226 SJD 14900 224360000 654920000 42140000 
20221226 SJD -200 -3000000 3000000  1500000
20221226 SJD 2300 36540000 842740000  172915000
20221226 SJD 5500 84540000 890740000 48000000 
20221226 SJD -800 -12000000 18000000 3000000 
20221226 SJD "acum_busd" "acum_busd_val" "acum_val" "val_bu" "val_sd"
20221227 SJD 0 0 15000000  
20221227 SJD -10100 -150615000 171615000  86420000
20221227 SJD -10900 -162615000 183615000  12000000
20221227 SJD -11300 -168575000 189575000  5960000
20221227 SJD -2100 -31300000 46300000  31300000
20221227 SJD -2200 -32800000 47800000  1500000
20221227 SJD -2300 -34285000 52295000 1505000 
20221227 SJD -2400 -35790000 50790000  2990000
20221227 SJD -2500 -37285000 55295000  3000000
20221227 SJD -3500 -51120000 351730000 1500000 
20221227 SJD -3600 -52620000 350230000 3000000 
20221227 SJD -3800 -55620000 347230000 135305000 22350000
20221227 SJD -4300 -64195000 85195000 1495000 28405000
20221227 SJD "acum_busd" "acum_busd_val" "acum_val" "val_bu" "val_sd"
20221228 SJD -100 -1495000 1495000  1495000
20221228 SJD 12200 182075000 325125000 45000000 
20221228 SJD 19600 293075000 436125000 111000000 
20221228 SJD -2800 -41725000 41725000  29800000
20221228 SJD -3600 -53645000 53645000  11920000
20221228 SJD 4000 59595000 196685000 128140000 14900000
20221228 SJD 7000 104295000 241385000 44700000 
20221228 SJD -700 -10435000 10435000  8940000
20221228 SJD 7100 105785000 242875000 1490000 
20221228 SJD 7200 107275000 244365000 1490000 
20221228 SJD -800 -11925000 11925000  1490000
20221228 SJD 8200 122175000 259265000 14900000 
20221228 SJD 8500 126645000 263735000 4470000 
20221228 SJD 9200 137075000 280125000  2980000
20221228 SJD 9400 140055000 277145000 13410000 
20221228 SJD "acum_busd" "acum_busd_val" "acum_val" "val_bu" "val_sd"
20221229 SJD 1200 18070000 77940000  5960000
20221229 SJD 1400 21000000 21000000 21000000 
20221229 SJD 1400 21000000 60010000 7500000 
20221229 SJD 1600 24030000 71980000  4470000
20221229 SJD 1900 28500000 67510000 7500000 
20221229 SJD 300 4495000 37505000  7500000
20221229 SJD 400 6000000 39010000 1505000 
20221229 SJD 800 11995000 30005000  1505000
20221229 SJD 900 13500000 28500000  7500000
20221229 SJD 900 13500000 52510000 10500000 3000000
20221229 SJD "acum_busd" "acum_busd_val" "acum_val" "val_bu" "val_sd"
20221230 SJD 100 1550000 10520000  4485000
20221230 SJD 200 3040000 38830000 14900000 
20221230 SJD 400 6035000 6035000 6035000 
20221230 SJD -600 -8880000 20950000  10430000
20221230 SJD -800 -11860000 23930000  2980000
20221230 SJD "acum_busd" "acum_busd_val" "acum_val" "val_bu" "val_sd"
20230103 SJD -1000 -14990000 17990000  1490000
20230103 SJD -1000 -15000000 15000000  9000000
20230103 SJD -1700 -25455000 28455000  10465000
20230103 SJD 25300 382955000 436865000 408410000 
20230103 SJD 30900 468075000 521985000 85120000 
20230103 SJD 31100 471115000 525025000 3040000 
20230103 SJD -400 -6000000 6000000  6000000
20230103 SJD 49100 745535000 829845000  15200000
20230103 SJD 50100 760735000 814645000 289620000 
20230103 SJD -900 -13500000 16500000 1500000 
20230103 SJD "acum_busd" "acum_busd_val" "acum_val" "val_bu" "val_sd"
20230104 SJD -10600 -158685000 237555000 15100000 
20230104 SJD -10800 -161790000 207440000  75000000
20230104 SJD -11600 -173785000 222455000 1510000 13505000
20230104 SJD 1300 19800000 25850000  1510000
20230104 SJD 1400 21310000 24340000 15150000 1515000
20230104 SJD -3700 -55290000 100940000  75090000
20230104 SJD 500 7675000 7675000 7675000 
20230104 SJD -5800 -86790000 132440000  31500000
20230104 SJD "acum_busd" "acum_busd_val" "acum_val" "val_bu" "val_sd"
20230105 SJD -1500 -22630000 28710000  25670000
20230105 SJD -1600 -24140000 30220000  1510000
20230105 SJD 1800 27840000 133320000 76025000 
20230105 SJD 200 3040000 3040000 3040000 
20230105 SJD -2600 -39190000 45270000  15050000
20230105 SJD 2600 39920000 145400000 12080000 
20230105 SJD -3200 -48185000 57295000 1515000 10510000
20230105 SJD 3300 50560000 156040000 10640000 
20230105 SJD 3900 59650000 165130000 9090000 
20230105 SJD "acum_busd" "acum_busd_val" "acum_val" "val_bu" "val_sd"
20230106 SJD -100 -1510000 1510000  1510000
20230106 SJD -1100 -16525000 16525000  15015000
20230106 SJD -16700 -250495000 250495000  133500000
20230106 SJD -23300 -348945000 505945000 3000000 
20230106 SJD -23500 -351945000 502945000 30200000 
20230106 SJD -25500 -382145000 472745000 45300000 
20230106 SJD -26700 -400495000 400495000  150000000
20230106 SJD -2700 -40525000 40525000  24000000
20230106 SJD -27300 -409495000 409495000  9000000
20230106 SJD -27500 -412495000 412495000  3000000
20230106 SJD -28500 -427445000 427445000  14950000
20230106 SJD -30800 -460950000 665630000 13410000 
20230106 SJD -31700 -474360000 652220000 10430000 135845000
20230106 SJD -31900 -477230000 684910000 1500000 17780000
20230106 SJD -3700 -55485000 55485000  14960000
20230106 SJD -43400 -647430000 855110000  170200000
20230106 SJD -4400 -65985000 65985000  10500000
20230106 SJD -5100 -76495000 76495000  10510000
20230106 SJD -6700 -100495000 100495000  24000000
20230106 SJD -7600 -113995000 113995000  13500000
20230106 SJD -7800 -116995000 116995000  3000000
20230106 SJD "acum_busd" "acum_busd_val" "acum_val" "val_bu" "val_sd"
20230109 SJD 10700 159165000 212765000 127710000 
20230109 SJD 10900 162135000 215735000 2970000 
20230109 SJD 11000 163620000 217220000 1485000 
20230109 SJD 1100 16540000 58260000 14900000 20860000
20230109 SJD 11200 166590000 261770000 14850000 20790000
20230109 SJD 11600 172530000 226130000 8910000 
20230109 SJD 14600 217080000 312260000 50490000 
20230109 SJD 14700 218565000 313745000 1485000 
20230109 SJD 15000 223020000 318200000 4455000 
20230109 SJD 1500 22500000 22500000 16500000 
20230109 SJD 15300 227475000 322655000 4455000 
20230109 SJD 18800 279450000 374630000 51975000 
20230109 SJD 19100 283920000 379100000 4470000 
20230109 SJD 19600 291370000 386550000 7450000 
20230109 SJD 2000 29970000 83570000  5940000
20230109 SJD 2100 31455000 85055000 1485000 
20230109 SJD 2200 32930000 74650000 16390000 
20230109 SJD 2300 34420000 76140000 1490000 
20230109 SJD 2400 35910000 77630000 1490000 
20230109 SJD 25100 373320000 468500000 81950000 
20230109 SJD 32900 490150000 653640000 1485000 14850000
20230109 SJD 33200 494605000 658095000 4455000 
20230109 SJD 33700 502030000 665520000 7425000 
20230109 SJD 33800 503515000 637305000  10395000
20230109 SJD 33800 503515000 667005000 1485000 
20230109 SJD 34500 513910000 626910000  8910000
20230109 SJD 35100 522820000 618000000 149500000 
20230109 SJD 400 6000000 6000000 6000000 
20230109 SJD "acum_busd" "acum_busd_val" "acum_val" "val_bu" "val_sd"
20230110 SJD 0 0 6000000 3000000 
20230110 SJD -1000 -14780000 101340000  7475000
20230110 SJD 100 1490000 16430000 5960000 
20230110 SJD -100 -1500000 1500000  1500000
20230110 SJD -10100 -150275000 272815000 15000000 
20230110 SJD -11100 -165275000 257815000 2990000 
20230110 SJD -11300 -168265000 254825000  149000000
20230110 SJD -1300 -19265000 105825000  4485000
20230110 SJD -1500 -22255000 78915000  14900000
20230110 SJD -1600 -23750000 44650000  26730000
20230110 SJD -1700 -25235000 46135000  1485000
20230110 SJD 200 2980000 17920000 1490000 
20230110 SJD -200 -3000000 3000000  1500000
20230110 SJD -300 -4470000 10470000  4470000
20230110 SJD -500 -7305000 93865000 2990000 
20230110 SJD -500 -7355000 64015000 17880000 
20230110 SJD -700 -10295000 90875000 11960000 
20230110 SJD "acum_busd" "acum_busd_val" "acum_val" "val_bu" "val_sd"
20230111 SJD 1100 16475000 76275000 20930000 
20230111 SJD 11300 169475000 229275000 153000000 
20230111 SJD -1200 -17910000 41890000 7475000 
20230111 SJD 12100 181475000 283275000  21000000
20230111 SJD 13300 199475000 259275000 30000000 
20230111 SJD 13500 202475000 262275000 3000000 
20230111 SJD 13500 202475000 304275000 21000000 
20230111 SJD 13500 202480000 307270000  1495000
20230111 SJD 13600 203975000 305775000 1500000 
20230111 SJD 13600 203980000 308770000 1500000 
20230111 SJD -1700 -25385000 34415000 1495000 
20230111 SJD -1800 -26880000 32920000  16445000
20230111 SJD -300 -4455000 55345000 5980000 
20230111 SJD -500 -7435000 13475000 3020000 
20230111 SJD -700 -10435000 16475000  3000000
20230111 SJD -700 -10435000 49365000 7475000 
20230111 SJD -700 -10455000 10455000  10455000
20230111 SJD "acum_busd" "acum_busd_val" "acum_val" "val_bu" "val_sd"
20230112 SJD 0 0 7500000  
20230112 SJD 10400 156030000 499470000  8970000
20230112 SJD 11000 165000000 490500000 249000000 
20230112 SJD 13900 208710000 611790000 75000000 
20230112 SJD 16900 253710000 656790000 45000000 
20230112 SJD 200 3000000 10500000 3000000 
20230112 SJD 400 6000000 13500000 3000000 
20230112 SJD 5000 75000000 82500000 66000000 
20230112 SJD 500 7500000 15000000 1500000 
20230112 SJD -5600 -84000000 241500000  159000000
20230112 SJD 600 9000000 16500000 1500000 
20230112 SJD 8400 126210000 529290000  29820000
20230112 SJD 8900 133710000 536790000 7500000 
20230112 SJD "acum_busd" "acum_busd_val" "acum_val" "val_bu" "val_sd"
20230113 SJD -10300 -154490000 169490000 7500000 
20230113 SJD -10800 -161990000 161990000  159000000
20230113 SJD -12600 -188975000 443975000 3000000 
20230113 SJD -12800 -191975000 440975000 52500000 
20230113 SJD -16300 -244475000 388475000 4500000 
20230113 SJD -16300 -244490000 379490000 1500000 
20230113 SJD -16400 -245990000 377990000  150000000
20230113 SJD -16500 -247480000 382480000  2990000
20230113 SJD -16600 -248975000 383975000  1495000
20230113 SJD -200 -2990000 2990000  2990000
20230113 SJD -6400 -95990000 227990000 51000000 
20230113 SJD -9800 -146990000 176990000 7500000 
20230113 SJD "acum_busd" "acum_busd_val" "acum_val" "val_bu" "val_sd"
20230116 SJD -1000 -14545000 122955000 1500000 
20230116 SJD -1100 -16045000 121455000 1500000 
20230116 SJD 1100 16705000 25705000  4500000
20230116 SJD -11900 -176935000 312205000 10430000 74500000
20230116 SJD -1200 -17545000 119955000  14900000
20230116 SJD 1400 21205000 21205000 16660000 
20230116 SJD 1400 21205000 66205000  3000000
20230116 SJD 1600 24205000 63205000  15000000
20230116 SJD 1600 24215000 75195000  2990000
20230116 SJD -16900 -251185000 386455000  74250000
20230116 SJD 1700 25705000 70705000 4500000 
20230116 SJD 1800 27205000 72205000 1500000 
20230116 SJD -200 -2645000 105055000  7450000
20230116 SJD 2600 39205000 48205000 22500000 
20230116 SJD 300 4545000 4545000 4545000 
20230116 SJD 300 4805000 97605000  2980000
20230116 SJD 400 6285000 93125000  2980000
20230116 SJD 500 7785000 94625000 1500000 
20230116 SJD 600 9265000 90145000  14950000
20230116 SJD -7600 -112865000 227275000 3000000 101320000
20230116 SJD "acum_busd" "acum_busd_val" "acum_val" "val_bu" "val_sd"
20230117 SJD 100 1495000 1495000 1495000 
20230117 SJD -1100 -16045000 243625000  63000000
20230117 SJD -1400 -20495000 263175000  12000000
20230117 SJD -1700 -25315000 596875000  17940000
20230117 SJD -1900 -28045000 105625000 8940000 
20230117 SJD -2500 -36985000 96685000 14900000 
20230117 SJD -2500 -37115000 40105000  38610000
20230117 SJD -2700 -40075000 43065000  2960000
20230117 SJD -3100 -45925000 75825000 13455000 19305000
20230117 SJD 3100 46955000 180625000 75000000 
20230117 SJD 3300 49685000 671875000 75000000 
20230117 SJD -3500 -51885000 81785000  5960000
20230117 SJD 4500 67625000 503935000  69570000
20230117 SJD -500 -7375000 578935000  75000000
20230117 SJD -600 -8495000 251175000 7550000 
20230117 SJD 7800 117505000 401175000 138000000 
20230117 SJD 7900 119015000 402685000 1510000 
20230117 SJD 9100 137195000 420865000 18180000 
20230117 SJD "acum_busd" "acum_busd_val" "acum_val" "val_bu" "val_sd"
20230118 SJD 0 1025000 388955000  1515000
20230118 SJD 100 2540000 387440000 47250000 
20230118 SJD 1400 21000000 21000000 16500000 
20230118 SJD 1700 27215000 502815000  30200000
20230118 SJD 1800 27015000 27015000 6015000 
20230118 SJD 2300 34515000 34515000 7500000 
20230118 SJD 2400 36025000 117955000 1510000 
20230118 SJD 2900 45250000 460450000 57860000 
20230118 SJD -3000 -44710000 340190000 9000000 
20230118 SJD 3000 45025000 135955000  3000000
20230118 SJD 3000 46775000 461975000 1525000 
20230118 SJD 300 4500000 4500000 4500000 
20230118 SJD 3200 48025000 132955000 13500000 1500000
20230118 SJD -3600 -53710000 331190000 33000000 7475000
20230118 SJD 3700 57415000 472615000 10640000 
20230118 SJD 4000 60275000 151205000 15250000 
20230118 SJD -4700 -68615000 716305000 45310000 
20230118 SJD -4900 -71945000 622975000 10500000 109660000
20230118 SJD -5300 -79235000 290715000  139510000
20230118 SJD -6300 -92615000 740305000  24000000
20230118 SJD -6300 -92615000 743325000  
20230118 SJD -7700 -113925000 670995000 1510000 
20230118 SJD -7800 -115435000 669485000 1510000 
20230118 SJD -7900 -116945000 667975000  45000000
20230118 SJD -900 -12610000 402590000  13635000
20230118 SJD "acum_busd" "acum_busd_val" "acum_val" "val_bu" "val_sd"
20230119 SJD 10200 155355000 709745000  3020000
20230119 SJD 10400 158375000 706725000 27180000 
20230119 SJD -1200 -17680000 234320000 45300000 1500000
20230119 SJD -1500 -21710000 395290000 70970000 
20230119 SJD 1700 26870000 535960000  15050000
20230119 SJD 2700 41920000 483160000  1515000
20230119 SJD 2700 41920000 520910000  
20230119 SJD 2800 43435000 481645000  3030000
20230119 SJD 3000 46465000 478615000  3030000
20230119 SJD 3200 49495000 475585000  1515000
20230119 SJD 3300 51010000 474070000  3030000
20230119 SJD 3500 54040000 471040000 46965000 
20230119 SJD 400 7075000 424075000 28785000 
20230119 SJD -4100 -61480000 187520000 36020000 30000000
20230119 SJD 4200 64620000 603910000  15100000
20230119 SJD -4500 -67500000 121500000 27000000 94500000
20230119 SJD -4700 -70180000 286820000  52500000
20230119 SJD 4700 72170000 611460000 7550000 
20230119 SJD 4900 75190000 614480000 3020000 
20230119 SJD 5200 79720000 588810000 52850000 
20230119 SJD -6200 -92680000 324320000 7500000 30000000
20230119 SJD 8600 131195000 679545000  3020000
20230119 SJD 8800 134215000 676525000  1510000
20230119 SJD 8900 135725000 675015000 60535000 
20230119 SJD "acum_busd" "acum_busd_val" "acum_val" "val_bu" "val_sd"
20230127 SJD 0 0 1515000  
20230127 SJD 0 0 4555000 1520000 1520000
20230127 SJD 10100 153670000 352505000  1515000
20230127 SJD 10200 155185000 350990000  6080000
20230127 SJD 10400 158230000 357065000 4560000 
20230127 SJD 10600 161265000 344910000 15200000 
20230127 SJD 12100 184440000 519475000  57490000
20230127 SJD 12100 184440000 522495000  
20230127 SJD 14500 220580000 437595000 71440000 
20230127 SJD 15300 232780000 452835000 12200000 
20230127 SJD 15700 238880000 458935000 6100000 
20230127 SJD 15900 241930000 461985000 3050000 
20230127 SJD -200 -3030000 13685000 3050000 
20230127 SJD -300 -4550000 15205000  1520000
20230127 SJD -400 -6080000 10635000  6080000
20230127 SJD -4300 -65350000 76005000  60800000
20230127 SJD 6400 97420000 278035000  19630000
20230127 SJD 7600 115530000 256885000 180880000 
20230127 SJD 7700 117050000 258405000 1520000 
20230127 SJD 9600 146065000 329710000  1515000
20230127 SJD 9700 147580000 328195000 50160000 
20230127 SJD 9800 149140000 366155000  9090000
20230127 SJD "acum_busd" "acum_busd_val" "acum_val" "val_bu" "val_sd"
20230130 SJD 1000 17570000 785860000 106400000 
20230130 SJD 11400 175840000 956320000 24400000 1525000
20230130 SJD 12700 196115000 1210905000  6120000
20230130 SJD 13100 202235000 1204785000 96390000 
20230130 SJD -16000 -240830000 527460000 55880000 
20230130 SJD 16800 259050000 1273840000 62935000 
20230130 SJD 18100 278925000 1803875000  118710000
20230130 SJD -19700 -296710000 471580000 19565000 
20230130 SJD -21000 -316275000 452015000 67870000 375055000
20230130 SJD 25000 385295000 1400085000 126245000 
20230130 SJD 25100 386840000 1401630000 1545000 
20230130 SJD 25800 397635000 1685165000  7725000
20230130 SJD 26200 403810000 1675890000  32550000
20230130 SJD 26300 405360000 1677440000 1550000 
20230130 SJD 28100 433695000 1958645000 154770000 
20230130 SJD 28300 436360000 1643340000 44950000 52700000
20230130 SJD 28800 444110000 1545690000  1550000
20230130 SJD 28900 445660000 1544140000  40300000
20230130 SJD 31500 485960000 1503840000  1545000
20230130 SJD 31600 487505000 1502295000 100665000 
20230130 SJD 33100 511120000 2036070000 77425000 
20230130 SJD 33600 518845000 2043795000 7725000 
20230130 SJD 34400 531320000 2301220000  114700000
20230130 SJD 34500 532870000 2302770000 1550000 
20230130 SJD 3500 55570000 823860000 38000000 
20230130 SJD 35300 545130000 2070080000 26285000 
20230130 SJD 35900 554640000 2324540000 21770000 
20230130 SJD 36900 570190000 2340090000 15550000 
20230130 SJD 37900 585690000 2355590000 15500000 
20230130 SJD 38900 601190000 2371090000 15500000 
20230130 SJD 39400 608670000 2133620000 63540000 
20230130 SJD 41700 644435000 2169385000 35765000 
20230130 SJD 41800 646020000 2186520000  4665000
20230130 SJD 42100 650685000 2181855000  3110000
20230130 SJD 42300 653795000 2178745000 9360000 
20230130 SJD 44100 682315000 2452215000 81125000 
20230130 SJD 48300 748480000 2670235000  15650000
20230130 SJD 48300 748530000 2685885000 7850000 7800000
20230130 SJD 49300 764105000 2638910000  15600000
20230130 SJD 49300 764130000 2654585000 7850000 7825000
20230130 SJD 49700 770235000 2541700000 87920000 
20230130 SJD 50000 774955000 2606080000  4710000
20230130 SJD 50300 779665000 2601370000  15700000
20230130 SJD 50300 779705000 2623310000  6240000
20230130 SJD 50700 785935000 2557400000 15700000 
20230130 SJD 50700 785945000 2617070000 10990000 
20230130 SJD 51300 795365000 2585670000  3140000
20230130 SJD 51500 798505000 2582530000 1580000 6280000
20230130 SJD 51800 803205000 2574670000 17270000 
20230130 SJD 53100 823410000 2760765000 74880000 
20230130 SJD -6000 -88830000 679460000 152000000 
20230130 SJD -600 -9090000 9090000  9090000
20230130 SJD 6800 105845000 1108395000 41040000 111035000
20230130 SJD 7700 119410000 887700000 63840000 
20230130 SJD 9700 149915000 927345000 35075000 4570000
20230130 SJD 9800 151440000 928870000 1525000 
20230130 SJD 9900 152965000 930395000 1525000 
20230130 SJD "acum_busd" "acum_busd_val" "acum_val" "val_bu" "val_sd"
20230131 SJD -10100 -155795000 301595000  32340000
20230131 SJD -11600 -178895000 324695000  23100000
20230131 SJD -13400 -206615000 352415000  27720000
20230131 SJD -3800 -58840000 155180000 12400000 
20230131 SJD -3800 -58840000 77680000  44860000
20230131 SJD -4000 -61940000 158280000  3100000
20230131 SJD -4300 -66590000 85430000  7750000
20230131 SJD -4600 -71240000 142780000 26350000 31000000
20230131 SJD -5200 -80335000 478695000 126280000 
20230131 SJD -5500 -85095000 551435000 33990000 38750000
20230131 SJD -5600 -86645000 552985000  1550000
20230131 SJD -6300 -97360000 193700000  35420000
20230131 SJD -7700 -118195000 646955000 3140000 
20230131 SJD -7800 -120460000 216800000  23100000
20230131 SJD -7900 -121335000 643815000 3140000 
20230131 SJD -8000 -122845000 651605000  4650000
20230131 SJD -8000 -122915000 639115000 1570000 
20230131 SJD -8000 -123455000 269255000 1545000 
20230131 SJD -8100 -124475000 640675000  1560000
20230131 SJD -8100 -124485000 637545000 1570000 
20230131 SJD -8100 -125000000 267710000 13905000 
20230131 SJD -8200 -126055000 635975000 3120000 
20230131 SJD -8400 -129175000 632855000 3120000 
20230131 SJD -8600 -132295000 629735000 4665000 
20230131 SJD -8900 -136960000 625070000 3110000 
20230131 SJD -9000 -138905000 253805000 4635000 
20230131 SJD -900 -13980000 32820000 9420000 23400000
20230131 SJD -9100 -140070000 621960000 3110000 
20230131 SJD -9300 -143180000 618850000 4665000 
20230131 SJD -9300 -143540000 249170000 3100000 
20230131 SJD -9300 -143560000 239900000  23100000
20230131 SJD -9500 -146640000 242980000  3080000
20230131 SJD -9600 -147845000 614185000  61200000
20230131 SJD "acum_busd" "acum_busd_val" "acum_val" "val_bu" "val_sd"
20230201 SJD -1000 -15350000 232350000 15500000 
20230201 SJD -1000 -15350000 233905000  
20230201 SJD -1000 -15500000 15500000  15500000
20230201 SJD -1100 -17050000 17050000  1550000
20230201 SJD -11700 -181515000 400070000  55800000
20230201 SJD -1300 -20160000 20160000  3110000
20230201 SJD -17100 -265215000 1069670000  218550000
20230201 SJD 1900 29285000 775170000  77500000
20230201 SJD -2000 -30850000 216850000 15500000 
20230201 SJD -22500 -348640000 1156195000 1550000 84975000
20230201 SJD -23200 -359420000 1166975000  10780000
20230201 SJD -29700 -459415000 1334940000 32445000 
20230201 SJD -3000 -46350000 201350000 60450000 
20230201 SJD -3000 -46665000 534920000 3100000 
20230201 SJD -3000 -46665000 851120000  75950000
20230201 SJD -31800 -491860000 1302495000 1540000 
20230201 SJD -31900 -493400000 1300955000  133980000
20230201 SJD -3200 -49765000 531820000 131750000 
20230201 SJD -4300 -66670000 66670000  46510000
20230201 SJD -4400 -68220000 68220000  1550000
20230201 SJD -4900 -75970000 97670000 10850000 
20230201 SJD -5100 -79060000 100760000  3090000
20230201 SJD -5100 -79070000 79070000  10850000
20230201 SJD -5300 -82150000 103850000  3090000
20230201 SJD -5600 -86820000 86820000  7750000
20230201 SJD -5900 -91400000 125500000 6200000 
20230201 SJD -6300 -97600000 119300000  15450000
20230201 SJD 6900 106785000 697670000  4650000
20230201 SJD -6900 -106800000 140900000  15400000
20230201 SJD 7200 111435000 693020000 158100000 
20230201 SJD -8100 -125715000 344270000  110365000
20230201 SJD "acum_busd" "acum_busd_val" "acum_val" "val_bu" "val_sd"
20230202 SJD -1000 -14830000 178570000  1530000
20230202 SJD -10900 -166440000 330180000  22840000
20230202 SJD -11400 -174065000 337805000  7625000
20230202 SJD -14400 -219680000 475220000  91515000
20230202 SJD -14500 -221210000 476750000  1530000
20230202 SJD 1700 26265000 26265000 26265000 
20230202 SJD -17600 -268630000 530310000 3070000 
20230202 SJD -17800 -271700000 527240000  50490000
20230202 SJD -18200 -277810000 539490000  9180000
20230202 SJD -19200 -293110000 628230000 30600000 
20230202 SJD -20300 -309865000 657225000 6120000 
20230202 SJD -20700 -315985000 651105000  22875000
20230202 SJD -21200 -323710000 585390000  45900000
20230202 SJD -21200 -323710000 597630000 6120000 
20230202 SJD -21600 -329830000 591510000  6120000
20230202 SJD -22800 -348240000 695600000  38375000
20230202 SJD -23300 -355915000 703275000  7675000
20230202 SJD -29800 -455340000 818050000 7675000 
20230202 SJD -30300 -463015000 810375000  107100000
20230202 SJD 5000 77250000 77250000 50985000 
20230202 SJD 5300 81870000 81870000 4620000 
20230202 SJD -6000 -91580000 255320000  76750000
20230202 SJD -6600 -100760000 264500000  9180000
20230202 SJD -6900 -105350000 269090000  4590000
20230202 SJD -8400 -128165000 383705000 45900000 
20230202 SJD -900 -13300000 177040000  95170000
20230202 SJD -9400 -143600000 307340000  38250000
20230202 SJD "acum_busd" "acum_busd_val" "acum_val" "val_bu" "val_sd"
20230203 SJD 0 0 153500000  76750000
20230203 SJD 0 550000 358470000  15200000
20230203 SJD 1000 15750000 343270000 6120000 
20230203 SJD 1300 20730000 521930000 15300000 
20230203 SJD 1800 28090000 386010000 15300000 
20230203 SJD 1800 28380000 529580000 7650000 
20230203 SJD -200 -2310000 422490000 1520000 
20230203 SJD 2300 36030000 476030000  7600000
20230203 SJD 2800 43630000 468430000 45940000 
20230203 SJD -300 -3830000 420970000 1520000 33440000
20230203 SJD -300 -4140000 323380000 3055000 
20230203 SJD 300 5430000 506630000  30600000
20230203 SJD 3800 59080000 560280000 30700000 
20230203 SJD 4200 64480000 248650000  3060000
20230203 SJD 4300 66005000 240995000  3070000
20230203 SJD 4400 67540000 242530000 1535000 
20230203 SJD 4400 67540000 245590000  1530000
20230203 SJD 4500 69070000 244060000 1530000 
20230203 SJD 4500 69075000 237925000 76750000 7675000
20230203 SJD 5000 76750000 76750000 76750000 
20230203 SJD -500 -7195000 320325000  71675000
20230203 SJD 600 9630000 337150000 13770000 
20230203 SJD 600 9730000 367650000 9180000 
20230203 SJD 800 12790000 370710000 3060000 
20230203 SJD "acum_busd" "acum_busd_val" "acum_val" "val_bu" "val_sd"
20230206 SJD 14100 215190000 637505000  10605000
20230206 SJD 14100 215190000 723465000  
20230206 SJD 14600 222450000 301650000  15200000
20230206 SJD 14800 225795000 626900000  128350000
20230206 SJD 15600 237650000 286450000 88200000 
20230206 SJD -1600 -24400000 24400000  24400000
20230206 SJD 17600 268050000 347250000 45600000 
20230206 SJD 23300 354145000 498550000 117940000 31845000
20230206 SJD 3400 51850000 100650000 76250000 
20230206 SJD 3500 53375000 102175000 1525000 
20230206 SJD 9800 149450000 198250000 96075000 
20230206 SJD "acum_busd" "acum_busd_val" "acum_val" "val_bu" "val_sd"
20230207 SJD -100 -1530000 1530000  1530000
20230207 SJD 100 1540000 4600000 3070000 
20230207 SJD -11800 -180410000 235540000 1530000 
20230207 SJD -11900 -181940000 234010000  30495000
20230207 SJD -12700 -194090000 249220000  13680000
20230207 SJD -15200 -232080000 296350000 1530000 
20230207 SJD -15300 -233610000 294820000 3040000 42560000
20230207 SJD -15400 -235140000 299410000  3060000
20230207 SJD 200 3075000 6135000 1535000 
20230207 SJD -21300 -323390000 484890000 18360000 
20230207 SJD -22500 -341750000 466530000 1530000 108140000
20230207 SJD -3200 -48945000 58155000  52020000
20230207 SJD -5600 -85655000 137725000 3070000 
20230207 SJD -5800 -88725000 134655000 18360000 58140000
20230207 SJD -9700 -148390000 200460000  62735000
20230207 SJD -9800 -149920000 201990000  1530000
20230207 SJD -9900 -151445000 203515000  1525000
20230207 SJD "acum_busd" "acum_busd_val" "acum_val" "val_bu" "val_sd"
20230208 SJD 0 20000 9150000  3040000
20230208 SJD 100 1535000 4585000  1525000
20230208 SJD 1200 18375000 63995000  1525000
20230208 SJD 1300 19900000 62470000  1520000
20230208 SJD 1400 21420000 60950000 30500000 
20230208 SJD 200 3060000 3060000 3060000 
20230208 SJD 200 3060000 6110000 1525000 
20230208 SJD 3400 52035000 97655000 33660000 
20230208 SJD -600 -9080000 30450000 3050000 
20230208 SJD -800 -12130000 27400000 3050000 15200000
20230208 SJD "acum_busd" "acum_busd_val" "acum_val" "val_bu" "val_sd"
20230209 SJD 3900 59830000 120700000  4560000
20230209 SJD 4200 64390000 116140000  21315000
20230209 SJD 4900 75030000 135900000 15200000 
20230209 SJD 500 7650000 7650000 7650000 
20230209 SJD 5600 85705000 94825000  1520000
20230209 SJD 5700 87225000 93305000  3040000
20230209 SJD 5800 88740000 88740000 76500000 
20230209 SJD 5900 90265000 90265000 1525000 
20230209 SJD 700 10710000 10710000 3060000 
20230209 SJD 800 12240000 12240000 1530000 
20230209 SJD "acum_busd" "acum_busd_val" "acum_val" "val_bu" "val_sd"
20230210 SJD -1000 -15145000 30305000  1515000
20230210 SJD -100 -1510000 53030000 7575000 4545000
20230210 SJD -100 -1510000 57575000  
20230210 SJD 100 1520000 1520000 1520000 
20230210 SJD 100 1520000 4550000 1515000 1515000
20230210 SJD 100 1585000 230220000  15100000
20230210 SJD 1100 16685000 215120000 9090000 
20230210 SJD -200 -3025000 59090000  1515000
20230210 SJD 200 3050000 201485000  62115000
20230210 SJD -2800 -42195000 277040000 1520000 
20230210 SJD -2900 -43715000 275520000  45300000
20230210 SJD -300 -4540000 40910000 10605000 
20230210 SJD -300 -4540000 60605000  1515000
20230210 SJD -3800 -57345000 352790000  45450000
20230210 SJD 400 6065000 9095000 4545000 
20230210 SJD 4300 65165000 139370000 74235000 
20230210 SJD 500 7595000 206030000 4545000 
20230210 SJD -600 -9070000 65135000  4530000
20230210 SJD -800 -11895000 307340000 30300000 
20230210 SJD -900 -13630000 28790000  19695000
20230210 SJD "acum_busd" "acum_busd_val" "acum_val" "val_bu" "val_sd"
