20221212 SJG 4200 52460000 97540000 75000000 22540000
20221213 SJG -3300 -41250000 41250000 0 41250000
20221214 SJG 0 0 22100000 0 0
20221215 SJG -2300 -29900000 32500000 1300000 31200000
20221227 SJG 500 6980000 6980000 6980000 0
20230117 SJG 12500 173600000 454700000 209900000 36300000
20230119 SJG 100 1590000 1590000 1590000 0
20230127 SJG -1200 -18060000 59850000 18600000 36660000
20230130 SJG 27100 414840000 414840000 414840000 0
20230131 SJG 30100 451700000 753250000 451700000 0
20230201 SJG 5800 97230000 97230000 97230000 0
20230202 SJG 900 14900000 14900000 14900000 0
20230203 SJG 0 160000.00000000023 18160000 1.66e+06 1500000
20230207 SJG 800 12980000 19020000 16000000 3020000
20230209 SJG 100 1670000 1670000 1670000 0
20230210 SJG 100 1670000 1670000 1670000 0
