20221212 ST8 -100 -1001000.0000000017 117871000 58435000 59436000
20221213 ST8 -4800 -37755000 84143000 16002000 53757000
20221214 ST8 1300 10713000 47555000 29134000 18421000
20221215 ST8 1000 8102000 16164000 12133000 4031000
20221216 ST8 -4700 -37545000 88887000 25671000 63216000
20221219 ST8 -11100 -87883000 115083000 13600000 101483000
20221220 ST8 -12100 -94409000 122373000 11654000 106063000
20221221 ST8 16100 128765000 201040000 163737000 34972000
20221222 ST8 -1700 -13532000 32097000 8878000 22410000
20221223 ST8 900 7361000 33361000 18401000 11040000
20221226 ST8 -2600 -20228000 75961000 17350000 37578000
20221227 ST8 8000 62431000 83474000 72558000 10127000
20221228 ST8 100 795000 9446000 3955000 3160000
20221229 ST8 -6200 -47965000 49545000 0 47965000
20221230 ST8 -600 -2782000 163958000 80588000 83370000
20230103 ST8 -11800 -92334000 279384000 92759000 185093000
20230104 ST8 -1300 -7755000 171651000 75948000 83703000
20230105 ST8 -47700 -420009000 788994000 181442000 601451000
20230106 ST8 -73500 -693105000 811923000 59409000 752514000
20230109 ST8 -53300 -519025000 854060000 151195000 670220000
20230110 ST8 -6400 -56344000 141904000 42340000 98684000
20230111 ST8 -40400 -344478000 715213000 161282000 505760000
20230112 ST8 -49300 -418605000 495547000 38471000 457076000
20230113 ST8 85200 739380000 980306000 859843000 120463000
20230116 ST8 -134500 -1166176000 1168829000 880000 1167056000
20230117 ST8 40100 380666000 932770000 651004000 270338000
20230118 ST8 -83100 -845595000 1206525000 180465000 1026060000
20230119 ST8 39100 419245000 1442145000 929655000 510410000
20230127 ST8 84800 980365000 1225910000 1089740000 109375000
20230130 ST8 134500 1674260000 3863630000 2644945000 970685000
20230131 ST8 -78500 -950605000 2701035000 868015000 1818620000
20230201 ST8 -61200 -726820000 1197195000 232150000 958970000
20230202 ST8 -28500 -316625000 683850000 151245000 467870000
20230203 ST8 226300 2447195000 3439930000 2831125000 383930000
20230206 ST8 51800 578875000 1175125000 877000000 298125000
20230207 ST8 -540700 -6488400000 6554400000 0 6488400000
20230208 ST8 -933600 -11950080000 11950080000 0 11950080000
20230209 ST8 -381300 -5204745000 5211570000 0 5204745000
20230210 ST8 350300 5100870000 7814110000 6457490000 1356620000
