20221212 SWC 4700 93160000 176590000 129990000 36830000
20221213 SWC -1900 -36210000 146210000 35200000 71410000
20221214 SWC 400 8220000 111900000 60060000 51840000
20221215 SWC 33100 668490000 1114830000 844990000 176500000
20221216 SWC 4400 92980000 165030000 127970000 34990000
20221219 SWC 3000 63410000 335930000 85860000 22450000
20221220 SWC -1500 -25560000 295150000 116360000 141920000
20221221 SWC 10900 221860000 361630000 237790000 15930000
20221222 SWC 3600 73270000 162450000 92970000 19700000
20221223 SWC 1900 39310000 70850000 55080000 15770000
20221226 SWC -700 -10940000 271210000 63900000 74840000
20221227 SWC 5900 119360000 319580000 139360000 20000000
20221228 SWC 2000 43210000 67230000 51210000 8000000
20221229 SWC 1100 22960000 24970000 22960000 0
20221230 SWC 1000 20900000 20900000 20900000 0
20230103 SWC -100 -1490000 59010000 28760000 30250000
20230104 SWC -1700 -33600000 272250000 53380000 86980000
20230105 SWC 1500 29450000 322450000 145840000 116390000
20230106 SWC -9700 -189470000 335970000 62440000 251910000
20230109 SWC 4800 97860000 155920000 117860000 20000000
20230110 SWC 1600 33270000 76770000 55020000 21750000
20230111 SWC 2100 42900000 128670000 56700000 13800000
20230112 SWC -1300 -24330000 119570000 44620000 68950000
20230113 SWC -800 -15720000 91600000 27840000 43560000
20230116 SWC 2800 55410000 163720000 65240000 9830000
20230117 SWC 700 14300000 60030000 22140000 7840000
20230118 SWC 1700 34580000 34580000 34580000 0
20230119 SWC 4000 81880000 195980000 133880000 52000000
20230127 SWC -6100 -122450000 328990000 81250000 203700000
20230130 SWC 8100 161550000 1702440000 886190000 724640000
20230131 SWC -900 -18190000 213950000 41730000 59920000
20230201 SWC 52500 1149210000 3944660000 2145930000 996720000
20230202 SWC -10300 -220020000 1125330000 379890000 599910000
20230203 SWC 6000 129070000 572870000 270270000 141200000
20230206 SWC 200 5290000 232840000 96070000 90780000
20230207 SWC 300 7960000 311510000 154260000 146300000
20230208 SWC -1500 -31410000 248270000 90540000 121950000
20230209 SWC -1100 -21060000 232360000 100400000 121460000
20230210 SWC 800 17320000 227840000 74960000 57640000
