20221212 TA9 -100 -1240000 19590000 0 1240000
20221213 TA9 300 3610000 7210000 4810000 1200000
20221215 TA9 300 3600000 3600000 3600000 0
20221216 TA9 1500 17720000 18930000 17720000 0
20221226 TA9 0 0 9680000 0 0
20221227 TA9 -300 -3400000 8100000 1200000 4600000
20221229 TA9 300 3600000 4800000 3600000 0
20230103 TA9 2900 33400000 33400000 33400000 0
20230104 TA9 0 0 1230000 0 0
20230105 TA9 0 0 1250000 0 0
20230106 TA9 2200 27600000 43750000 28760000 1160000
20230109 TA9 -200 -2240000 161260000 3810000 6050000
20230113 TA9 100 1380000 1380000 1380000 0
20230130 TA9 -3800 -52440000 405720000 66240000 118680000
20230131 TA9 -300 -3840000 25260000 0 3840000
20230201 TA9 100 1350000 2700000 1350000 0
20230202 TA9 -100 -1160000 5060000 1300000 2460000
20230203 TA9 -900 -11700000 16900000 2600000 14300000
20230206 TA9 300 3750000 3750000 3750000 0
20230207 TA9 600 7460000 7460000 7460000 0
20230209 TA9 200 2440000 23010000 6070000 3630000
20230210 TA9 1500 18300000 18300000 18300000 0
