20221212 TBD 0 0 0 0 100
20221214 TBD 100 10800 10800 0 100
20221223 TBD 0 0 0 0 1000
20221229 TBD 1000 125000 125000 0 1000
20230105 TBD 500 54000 54000 0 500
20230109 TBD 0 0 0 0 200
20230110 TBD 0 0 0 0 200
20230113 TBD 100 9000 9000 0 100
20230201 TBD -500 -40000 0 500 1000
20230202 TBD -1300 -91130000 0 1300 1300
20230206 TBD -2400 -150190000 0 2400 2400
20230207 TBD -3000 -160800000 0 3000 3000
20230208 TBD -4900 -279060000 6440000.000000001 5000 5100
20230209 TBD -15900 -814469200 6000 16000 17200
20230210 TBD 0 0 0 0 1100
20230213 TBD 0 0 0 0 100
20230214 TBD -1000 -45400000 45000000 2000 3000
20230216 TBD 0 0 0 0 2000
20230217 TBD -100 -5170000 0 100 100
20230220 TBD -3000 -145500000 0 3000 3000
