20221212 TCI -120100 -805440000
20221213 TCI -30500 -192620000
20221214 TCI 6600 56410000
20221215 TCI -28200 -183620000
20221216 TCI 128200 957140000
20221219 TCI -145200 -1097910000
20221220 TCI -208100 -1531020000
20221221 TCI -245700 -1696920000
20221222 TCI -112100 -759740000
20221223 TCI -41700 -280380000
20221226 TCI -101900 -668430000
20221227 TCI 11100 79860000
20221228 TCI -85400 -581440000
20221229 TCI -19000 -126840000
20221230 TCI 34400 241860000
20230103 TCI 35800 277770000
20230104 TCI -120500 -865890000
20230105 TCI 90200 679490000
20230106 TCI -247500 -1914630000
20230109 TCI -210400 -1617640000
20230110 TCI -118500 -913370000
20230111 TCI 25300 204350000
20230112 TCI -79000 -619820000
20230113 TCI 31400 276920000
20230116 TCI -4400 -18429999.99999988
20230117 TCI 66000 561960000
20230118 TCI -44000 -364880000
20230119 TCI 60700 538780000
20230127 TCI -700 -5260000
20230130 TCI -95500 -788560000
20230131 TCI -39800 -318320000
20230201 TCI -11700 -71919999.99999994
20230202 TCI -123900 -999699999.9999998
20230203 TCI -38400 -312220000
20230206 TCI 49300 416990000
20230207 TCI -28900 -228010000
