20230223 TCM 11700 604130000 614350000  8800
20230223 TCM -200 -10220000 0 200 200
20230223 TCM 20400 1053040000 1078650000 300 9300
20230223 TCM 23700 1222870000 1284250000 700 4700
20230223 TCM 2400 124200000 134420000  2600
20230223 TCM 28200 1454120000 1515500000  4500
20230223 TCM 2900 150050000 160270000  500
20230223 TCM 30700 1583080000 1751420000 2100 2100
20230223 TCM 30800 1588200000 1756540000  100
20230223 TCM 31300 1613090000 1674470000  3100
20230223 TCM 31300 1614770000 1976090000 1200 1500
20230223 TCM 31800 1639300000 1807640000  1000
20230223 TCM 32200 1660310000 1960790000 2600 3400
20230223 TCM 32300 1664390000 1725770000  1000
20230223 TCM 32800 1690040000 1751420000  500
20230223 TCM 34000 1751720000 1920060000  2200
20230223 TCM 34900 1797760000 2225120000 1300 6200
20230223 TCM 35200 1813090000 2240450000  300
20230223 TCM 36500 1879520000 2306880000  1300
20230223 TCM 51100 2625580000 3052940000  14600
20230223 TCM 52200 2684550000 3481100000 7100 8900
20230223 TCM 54200 2783990000 3211350000  3100
20230223 TCM 56900 2921960000 3349320000  2700
20230223 TCM 57400 2947510000 3374870000  500
20230223 TCM 57500 2952700000 3390200000 200 200
20230223 TCM 57700 2962840000 3390200000  300
20230223 TCM 58900 3032350000 4819250000 500 500
20230223 TCM 59400 3057500000 4809150000 2400 3000
20230223 TCM 59400 3057500000 4819250000 200 400
20230223 TCM 59900 3076250000 4184130000 4900 7300
20230223 TCM 59900 3082750000 4894800000 500 2000
20230223 TCM 60800 3119190000 3915740000  8600
20230223 TCM 61200 3147400000 4778950000 4400 10000
20230223 TCM 62400 3200170000 4062500000 1300 4200
20230223 TCM 62500 3208590000 4316470000  2600
20230223 TCM 65000 3335590000 4443470000  2500
20230223 TCM 65400 3355910000 4463790000  400
20230223 TCM 65400 3360900000 5177980000 100 5700
20230223 TCM 65500 3361000000 4468880000  200
20230223 TCM 65600 3366090000 4473970000  100
20230223 TCM 65600 3367980000 4778950000 300 400
20230223 TCM 65800 3378040000 4773920000 2000 2000
20230223 TCM 65900 3381360000 4489240000  300
20230223 TCM 66800 3431880000 5248960000  1400
20230223 TCM 67800 3478740000 4773920000 500 500
20230223 TCM 68100 3493870000 4763800000 2000 3000
20230223 TCM 68200 3498930000 4768860000  100
20230223 TCM 68300 3503990000 4773920000  100
20230223 TCM 68800 3528970000 4636850000  2900
20230223 TCM 69100 3544470000 4713200000 1200 1200
20230223 TCM 69300 3554420000 4662300000  500
20230223 TCM 70300 3605320000 4713200000  1000
20230223 TCM "acum_busd" "acum_busd_val" "acum_val_bu" "sd" "sum_vol"
