20221212 TDN -27500 -192850000
20221213 TDN -3900 -24440000
20221214 TDN -23400 -167570000
20221215 TDN -2400 -17850000
20221216 TDN 12900 102570000
20221219 TDN 16300 135020000
20221220 TDN -3600 -25140000
20221221 TDN -7900 -57220000
20221222 TDN -11300 -81730000
20221223 TDN 2700 20160000
20221226 TDN -26900 -189490000
20221227 TDN -3600 -24460000
20221228 TDN -3600 -25030000
20221229 TDN -7700 -54590000
20221230 TDN -25800 -181610000
20230103 TDN -15700 -109040000
20230104 TDN 3200 24300000
20230105 TDN 2000 15040000
20230106 TDN -2800 -19840000
20230109 TDN -57200 -411780000
20230110 TDN -8800 -61500000
20230111 TDN 1400 10860000
20230112 TDN -4700 -33890000
20230113 TDN -1800 -12120000
20230116 TDN 10700 78190000
20230117 TDN 8200 60230000
20230118 TDN 1700 12070000
20230119 TDN -10600 -89210000
20230127 TDN -15700 -146100000
20230130 TDN -57300 -584460000
20230131 TDN -119500 -1265530000
20230201 TDN -53900 -561760000
20230202 TDN -4700 -40180000.000000015
20230203 TDN 18000 197420000
20230206 TDN 4000 47070000
20230207 TDN -9900 -96080000
