20221212 TDP 16000 486400000 486400000  8000
20221212 TDP 24000 730400000 730400000  8000
20221212 TDP 32000 974400000 974400000  8000
20221212 TDP 38000 1165434000 1177380000 300 300
20221212 TDP 38200 1168377000 1174350000 300 300
20221212 TDP 38300 1171407000 1177380000  100
20221212 TDP 38500 1174350000 1174350000  6500
20221212 TDP 40000 1226634000 1238580000  2000
20221212 TDP 8000 243200000 243200000  8000
20221212 TDP "acum_busd" "acum_busd_val" "acum_val_bu" "sd" "sum_vol"
20221213 TDP 0 0 0  700
20221213 TDP "acum_busd" "acum_busd_val" "acum_val_bu" "sd" "sum_vol"
20221214 TDP 16000 523200000 523200000  10000
20221214 TDP 20000 654000000 654000000  4000
20221214 TDP 32000 1046400000 1046400000  12000
20221214 TDP 59000 1923900000 1923900000  27000
20221214 TDP 6000 196200000.00000003 196200000.00000003  6000
20221214 TDP 64000 2086400000 2086400000  5000
20221214 TDP 65900 2148160000 2148160000  1900
20221214 TDP 67700 2206750000 2206750000  1800
20221214 TDP "acum_busd" "acum_busd_val" "acum_val_bu" "sd" "sum_vol"
20221215 TDP 21500 700650000 700650000  12000
20221215 TDP 32000 1044000000 1044000000  10500
20221215 TDP 35000 1141850000 1141850000  3000
20221215 TDP 36000 1174550000 1174550000  1000
20221215 TDP 9500 309224999.99999994 309224999.99999994  9500
20221215 TDP "acum_busd" "acum_busd_val" "acum_val_bu" "sd" "sum_vol"
20221219 TDP 28000 912800000 912800000  19000
20221219 TDP 42000 1370600000 1370600000  14000
20221219 TDP 58000 1893800000 1893800000  16000
20221219 TDP 59100 1929720000 1929720000  1100
20221219 TDP 60100 1962420000 1962420000  1000
20221219 TDP 62900 2054540000 2054540000  2800
20221219 TDP 9000 293400000 293400000  9000
20221219 TDP "acum_busd" "acum_busd_val" "acum_val_bu" "sd" "sum_vol"
20221220 TDP 16000 523200000.00000006 523200000.00000006  16000
20221220 TDP 19400 635060000 635060000  3400
20221220 TDP 22000 720600000 720600000  4600
20221220 TDP 30000 983800000 983800000  8000
20221220 TDP 34000 1115100000 1115100000  4000
20221220 TDP 35000 1148000000 1148000000  1000
20221220 TDP "acum_busd" "acum_busd_val" "acum_val_bu" "sd" "sum_vol"
20221221 TDP 14700 479220000 479220000  14700
20221221 TDP 16000 521600000 521600000  1300
20221221 TDP 32000 1044800000 1044800000  16000
20221221 TDP 36000 1175100000 1175100000  4000
20221221 TDP 41500 1355150000 1355150000  5500
20221221 TDP 42000 1371475000 1371475000  500
20221221 TDP "acum_busd" "acum_busd_val" "acum_val_bu" "sd" "sum_vol"
20221222 TDP 16500 538725000 538725000  10300
20221222 TDP 23500 766225000 766225000  7000
20221222 TDP 32500 1058725000 1058725000  9000
20221222 TDP 32700 1091199400 1091225000 800 800
20221222 TDP 33500 1091225000 1091225000  1000
20221222 TDP 6200 202430000 202430000  6200
20221222 TDP "acum_busd" "acum_busd_val" "acum_val_bu" "sd" "sum_vol"
20221223 TDP 16000 512000 512000  8000
20221223 TDP 24500 276762000 276762000  8500
20221223 TDP 33500 570162000 570162000  9000
20221223 TDP 33600 573412000 573412000  100
20221223 TDP 8000 256000 256000  8000
20221223 TDP "acum_busd" "acum_busd_val" "acum_val_bu" "sd" "sum_vol"
20221226 TDP 17000 552500000 552500000  17000
20221226 TDP 31800 1034980000 1034980000  14800
20221226 TDP 34200 1114840000 1139400000 800 800
20221226 TDP 35000 1139400000 1139400000  3200
20221226 TDP "acum_busd" "acum_busd_val" "acum_val_bu" "sd" "sum_vol"
20221227 TDP 11800 375360000 375360000  5000
20221227 TDP 14800 473160000 473160000  3000
20221227 TDP 21300 685060000 685060000  6500
20221227 TDP 22800 733960000 733960000  1500
20221227 TDP 31800 1028260000 1028260000  9000
20221227 TDP 32300 1044610000 1044610000  500
20221227 TDP 37000 1204900000 1306210000 3300 3300
20221227 TDP 40300 1306210000 1306210000  8000
20221227 TDP 5000 153500000 153500000  5000
20221227 TDP 6800 212360000 212360000  1800
20221227 TDP "acum_busd" "acum_busd_val" "acum_val_bu" "sd" "sum_vol"
20221228 TDP 10400 339340000 339340000  1200
20221228 TDP 18300 596880000 596880000  7900
20221228 TDP 2500 81800000 81800000  2500
20221228 TDP 25100 819240000 819240000  6800
20221228 TDP 27300 891180000 891180000  2200
20221228 TDP 35300 1152780000 1152780000  100
20221228 TDP 35300 1152780000 1152780000  8000
20221228 TDP 9200 300220000 300220000  6700
20221228 TDP "acum_busd" "acum_busd_val" "acum_val_bu" "sd" "sum_vol"
20221229 TDP 14100 459660000 459660000  14100
20221229 TDP 16100 524860000 524860000  2000
20221229 TDP 32100 1046460000 1046460000  17500
20221229 TDP 34100 1111710000 1111710000  2000
20221229 TDP 35100 1144310000 1144310000  1000
20221229 TDP "acum_busd" "acum_busd_val" "acum_val_bu" "sd" "sum_vol"
20221230 TDP 21000 683550000 683550000  16000
20221230 TDP 29000 943950000 943950000  8000
20221230 TDP 37000 1204350000 1204350000  8000
20221230 TDP 5000 162750000 162750000  5000
20221230 TDP "acum_busd" "acum_busd_val" "acum_val_bu" "sd" "sum_vol"
20230103 TDP 20000 653000000 653000000  12000
20230103 TDP 21000 685650000 685650000  1000
20230103 TDP 23000 750850000 750850000  2000
20230103 TDP 38700 1262670000 1262670000  15700
20230103 TDP 42200 1377190000 1386700000 300 300
20230103 TDP 42500 1386700000 1386700000  3800
20230103 TDP 43700 1426240000 1435750000  1500
20230103 TDP 8000 261200000 261200000  8000
20230103 TDP "acum_busd" "acum_busd_val" "acum_val_bu" "sd" "sum_vol"
20230104 TDP 15200 497040000 497040000  15200
20230104 TDP 17200 562440000 562440000  2000
20230104 TDP 19200 628140000 628140000  2000
20230104 TDP 34200 1118640000 1118640000  15000
20230104 TDP 39200 1282140000 1282140000  5000
20230104 TDP 49200 1609140000 1609140000  10000
20230104 TDP 64200 2099640000 2099640000  15000
20230104 TDP "acum_busd" "acum_busd_val" "acum_val_bu" "sd" "sum_vol"
20230105 TDP 12100 395670000.00000006 395670000.00000006  12100
20230105 TDP 22100 722670000 722670000  10000
20230105 TDP 30000 981000000 981000000  7900
20230105 TDP 34000 1112200000 1112200000  4000
20230105 TDP 34100 1115470000 1115470000  100
20230105 TDP 49300 1612510000 1612510000  15200
20230105 TDP 59800 1955860000 1955860000  10500
20230105 TDP 64300 2103010000 2103010000  4500
20230105 TDP 65300 2135810000 2135810000  1000
20230105 TDP "acum_busd" "acum_busd_val" "acum_val_bu" "sd" "sum_vol"
20230106 TDP 12900 439044000 439060000 500 9500
20230106 TDP 18900 635244000 635260000  6000
20230106 TDP 29900 994944000 994960000  11000
20230106 TDP 33900 1125744000 1125760000  4000
20230106 TDP 4400 144760000 144760000  4400
20230106 TDP 47900 1583544000 1583560000  14000
20230106 TDP 48800 1612974000 1612990000  900
20230106 TDP "acum_busd" "acum_busd_val" "acum_val_bu" "sd" "sum_vol"
20230109 TDP 14700 480690000 480690000  14700
20230109 TDP 25700 840390000 840390000  11000
20230109 TDP 29400 961380000 961380000  3700
20230109 TDP 36100 1180470000 1180470000  6700
20230109 TDP 44100 1442070000 1442070000  8000
20230109 TDP 54700 1788690000 1788690000  10600
20230109 TDP 75000 2452500000 2455770000 100 100
20230109 TDP 75100 2455770000 2455770000  1000
20230109 TDP 75100 2455770000 2455770000  20400
20230109 TDP "acum_busd" "acum_busd_val" "acum_val_bu" "sd" "sum_vol"
20230110 TDP 13900 456396800 456400000  9500
20230110 TDP 27900 912796800 912800000  14000
20230110 TDP 44900 1466996800 1467000000  17000
20230110 TDP 4900 162996800 163000000 100 5100
20230110 TDP 61500 2024450800 2024470000 500 600
20230110 TDP 61900 2021196800 2021200000  17000
20230110 TDP "acum_busd" "acum_busd_val" "acum_val_bu" "sd" "sum_vol"
20230111 TDP 20000 654000000 654000000  14000
20230111 TDP 38500 1258950000 1258950000  18500
20230111 TDP 39700 1298235000 1308000000 200 200
20230111 TDP 39900 1304745000 1308000000 100 100
20230111 TDP 40000 1308000000 1308000000  1500
20230111 TDP 50200 1640010000 1649775000  10500
20230111 TDP 6000 196200000.00000003 196200000.00000003  6000
20230111 TDP 60900 1988295000 1998060000  10700
20230111 TDP 61000 1991545000 2001310000  100
20230111 TDP "acum_busd" "acum_busd_val" "acum_val_bu" "sd" "sum_vol"
20230112 TDP 18000 586800000 586800000  9000
20230112 TDP 27000 880200000 880200000  9000
20230112 TDP 32500 1059500000 1059500000  5500
20230112 TDP 35700 1163850000 1173600000 300 300
20230112 TDP 36000 1173600000 1173600000  3500
20230112 TDP 56200 1828050000 1837800000  20500
20230112 TDP 71700 2330250000 2340000000  15500
20230112 TDP 83700 2719050000 2728800000  12000
20230112 TDP 9000 293400000 293400000  9000
20230112 TDP "acum_busd" "acum_busd_val" "acum_val_bu" "sd" "sum_vol"
20230113 TDP 15000 487500000 487500000  12000
20230113 TDP 30000 974000000 974000000  15000
20230113 TDP 3000 97500000 97500000  3000
20230113 TDP 40000 1298000000 1298000000  10000
20230113 TDP 48000 1556400000 1750200000 6000 10000
20230113 TDP 50000 1621000000 1621000000  10000
20230113 TDP 68000 2202400000 2396200000  20000
20230113 TDP "acum_busd" "acum_busd_val" "acum_val_bu" "sd" "sum_vol"
20230116 TDP -100 -3010000 0 100 100
20230116 TDP 10200 318999600 322009600  10000
20230116 TDP 18200 576599600 579609600  8000
20230116 TDP 200 -3000400 9600  300
20230116 TDP 20200 640999600 644009600  2000
20230116 TDP 27200 866399600 869409600  7000
20230116 TDP 30200 962999600 966009600  3000
20230116 TDP 35700 1140099600 1143109600  5500
20230116 TDP 40200 1284999600 1288009600  4500
20230116 TDP 54800 1755119600 1758129600  14600
20230116 TDP 60200 1928999600 1932009600  5400
20230116 TDP 80200 2572999600 2576009600  20000
20230116 TDP 80300 2573002800 2576012800  100
20230116 TDP "acum_busd" "acum_busd_val" "acum_val_bu" "sd" "sum_vol"
20230117 TDP 16000 515200000 515200000  16000
20230117 TDP 34600 1121420000 1121420000  18600
20230117 TDP 40000 1298000000 1298000000  5400
20230117 TDP 50000 1624000000 1624000000  10000
20230117 TDP 60000 1950000000 1950000000  10000
20230117 TDP 64000 2080400000 2080400000  4000
20230117 TDP 64500 2096700000 2096700000  500
20230117 TDP 69000 2243400000 2243400000  4500
20230117 TDP 79000 2569400000 2569400000  10000
20230117 TDP 89000 2895400000 2895400000  10000
20230117 TDP "acum_busd" "acum_busd_val" "acum_val_bu" "sd" "sum_vol"
20230118 TDP 14000 456400000 456400000  7000
20230118 TDP 24600 801960000 801960000  10600
20230118 TDP 34000 1108400000 1108400000  9400
20230118 TDP 54000 1760400000 1760400000  20000
20230118 TDP 7000 228200000 228200000  7000
20230118 TDP 72100 2348650000 2348650000  18100
20230118 TDP 87600 2870494000 2933650000 2500 2500
20230118 TDP 87700 2873754000 2936910000  100
20230118 TDP 87900 2880274000 2943430000  200
20230118 TDP 90100 2933650000 2933650000  18000
20230118 TDP "acum_busd" "acum_busd_val" "acum_val_bu" "sd" "sum_vol"
20230119 TDP 20000 648000000 648000000  20000
20230119 TDP 39900 1292760000 1292760000  19900
20230119 TDP 61900 2005560000 2005560000  22000
20230119 TDP 83900 2718360000 2718360000  22000
20230119 TDP 84300 2731360000 2731360000  400
20230119 TDP 88500 2872051800 2872055000 100 100
20230119 TDP 88600 2872055000 2872055000  4300
20230119 TDP "acum_busd" "acum_busd_val" "acum_val_bu" "sd" "sum_vol"
20230127 TDP 20000 656000000 656000000  20000
20230127 TDP 27000 885600000 885600000  7000
20230127 TDP 44000 1443200000 1443200000  17000
20230127 TDP 48000 1574000000 1574000000  4000
20230127 TDP 61000 1999100000 1999100000  13000
20230127 TDP 73100 2394770000 2394770000  12100
20230127 TDP 91900 3012796800 3012800000 100 100
20230127 TDP 92000 3012800000 3012800000  18900
20230127 TDP "acum_busd" "acum_busd_val" "acum_val_bu" "sd" "sum_vol"
20230130 TDP 19500 635150000 635150000  17500
20230130 TDP 2000 66400000 66400000  2000
20230130 TDP 22000 716400000 716400000  2500
20230130 TDP 32000 1041400000 1041400000  10000
20230130 TDP 42000 1366400000 1366400000  10000
20230130 TDP 61000 1989600000 1989600000  19000
20230130 TDP 80000 2612800000 2612800000  19000
20230130 TDP 90000 2613130000 2613130000  10000
20230130 TDP 96000 2613328000 2613328000  10000
20230130 TDP "acum_busd" "acum_busd_val" "acum_val_bu" "sd" "sum_vol"
20230131 TDP 25000 805000000 805000000  25000
20230131 TDP 43600 1403920000 1403920000  25000
20230131 TDP 58100 1404384000 1404400000 500 15500
20230131 TDP 67600 1404688000 1404704000  9500
20230131 TDP 83800 1405206400 1405222400  16200
20230131 TDP 92600 1405488000 1405504000  8800
20230131 TDP "acum_busd" "acum_busd_val" "acum_val_bu" "sd" "sum_vol"
20230201 TDP 123400 3948800 3948800  30500
20230201 TDP 124900 3996800 3996800  1500
20230201 TDP 125000 7166800 7166800  100
20230201 TDP 22000 704000 704000  22000
20230201 TDP 32000 1024000 1024000  10000
20230201 TDP 58000 1856000 1856000  26000
20230201 TDP 64000 2048000 2048000  6000
20230201 TDP 74500 2384000 2384000  10500
20230201 TDP 96000 3072000 3072000  21500
20230201 TDP "acum_busd" "acum_busd_val" "acum_val_bu" "sd" "sum_vol"
20230202 TDP 102400 2260864000 2260864000  10900
20230202 TDP 110900 2533714000 2533714000  8500
20230202 TDP 122500 2906074000 2906074000  12600
20230202 TDP 32000 1024000 1024000  32000
20230202 TDP 46200 456844000 456844000  14200
20230202 TDP 64000 1028224000 1028224000  17800
20230202 TDP 75500 1397374000 1397374000  16000
20230202 TDP 91500 1910974000 1910974000  16000
20230202 TDP "acum_busd" "acum_busd_val" "acum_val_bu" "sd" "sum_vol"
20230203 TDP -1100 -33110000 0 1100 1100
20230203 TDP 122300 2892974000 2926084000  24600
20230203 TDP 124400 2960424000 2996704000 100 100
20230203 TDP 124500 2963594000 2996704000  2200
20230203 TDP 14900 475690000 508800000  16000
20230203 TDP 28500 908170000 941280000  16000
20230203 TDP 34100 908349200 941459200  5600
20230203 TDP 36400 908422800 941532800  2300
20230203 TDP 50200 908864400 941974400  13800
20230203 TDP 60500 909194000 942304000  10300
20230203 TDP 65300 1063274000 1096384000  4800
20230203 TDP 76500 1422794000 1455904000  11200
20230203 TDP 92500 1936394000 1969504000  16000
20230203 TDP 97700 2103314000 2136424000  5200
20230203 TDP "acum_busd" "acum_busd_val" "acum_val_bu" "sd" "sum_vol"
20230206 TDP 122500 3898461400 3971950000  32000
20230206 TDP 12500 396250000 396250000  16000
20230206 TDP 17500 554750000 554750000  5000
20230206 TDP 34500 1093150000 1093150000  17000
20230206 TDP 61500 1946350000 1946350000  27000
20230206 TDP 90500 2880861400 2954350000 3000 35000
20230206 TDP "acum_busd" "acum_busd_val" "acum_val_bu" "sd" "sum_vol"
20230207 TDP 115000 3620400000 3712800000  18000
20230207 TDP 132500 4170850000 4278900000  100
20230207 TDP 132500 4170850000 4278900000 500 18500
20230207 TDP 16700 531060000 531060000  16700
20230207 TDP 32000 1017600000 1017600000  15300
20230207 TDP 37000 1176600000 1176600000  5000
20230207 TDP 49600 1577280000 1577280000  12600
20230207 TDP 61000 1942800000 2035200000 3000 3000
20230207 TDP 64000 2035200000 2035200000  14400
20230207 TDP 97000 3051600000 3144000000  36000
20230207 TDP "acum_busd" "acum_busd_val" "acum_val_bu" "sd" "sum_vol"
20230208 TDP 24200 767090000 767090000  14400
20230208 TDP 36100 1145480000 1145480000  11900
20230208 TDP 48200 1530260000 1530260000  12100
20230208 TDP 49000 1555700000 1555700000  800
20230208 TDP 60000 1905500000 1905500000  11000
20230208 TDP 80000 2543100000 2543100000  27000
20230208 TDP 86000 2734500000 2734500000  6000
20230208 TDP 9800 310610000 310610000  9800
20230208 TDP "acum_busd" "acum_busd_val" "acum_val_bu" "sd" "sum_vol"
20230209 TDP 11000 350900000 350900000  11000
20230209 TDP 22000 701800000 701800000  11000
20230209 TDP 22700 373582000 1053052000 21300 21300
20230209 TDP 33000 702152000 702152000  11000
20230209 TDP 44000 1053052000 1053052000  11000
20230209 TDP "acum_busd" "acum_busd_val" "acum_val_bu" "sd" "sum_vol"
20230210 TDP 126700 4041730000 4041730000  100
20230210 TDP 126700 4041730000 4041730000  62700
20230210 TDP 39000 1244100000 1244100000  39000
20230210 TDP 64000 2041600000 2041600000  25000
20230210 TDP "acum_busd" "acum_busd_val" "acum_val_bu" "sd" "sum_vol"
20230213 TDP 100000 3185000000 3185000000  50000
20230213 TDP 125000 3980000000 3980000000  25000
20230213 TDP 189000 6015200000 6015200000  64000
20230213 TDP 199200 6339560000 6339560000  10200
20230213 TDP 50000 1595000000 1595000000  50000
20230213 TDP "acum_busd" "acum_busd_val" "acum_val_bu" "sd" "sum_vol"
20230214 TDP 145200 4617360000 4617360000  79500
20230214 TDP 15700 499260000 499260000  15700
20230214 TDP 172400 5482320000 5482320000  27200
20230214 TDP 189400 6022920000 6022920000  17000
20230214 TDP 194900 6197820000 6197820000  5500
20230214 TDP 205700 6541260000 6541260000  10800
20230214 TDP 215700 6859260000 6859260000  10000
20230214 TDP 251700 8004060000 8004060000  36000
20230214 TDP 272200 8655960000 8655960000  20500
20230214 TDP 280500 8919980000 8919980000  8300
20230214 TDP 333200 10595840000 10595840000  52700
20230214 TDP 343200 10913840000 10913840000  10000
20230214 TDP 65700 2089260000 2089260000  50000
20230214 TDP "acum_busd" "acum_busd_val" "acum_val_bu" "sd" "sum_vol"
20230216 TDP 100100 3173170000 3173170000  25000
20230216 TDP 135700 4301690000 4301690000  35600
20230216 TDP 150100 4758170000 4758170000  14400
20230216 TDP 179600 5693320000 5693320000  29500
20230216 TDP 209100 6628470000 6628470000  29500
20230216 TDP 234100 7430970000 7430970000  25000
20230216 TDP 259100 8233470000 8233470000  25000
20230216 TDP 271300 8625090000 8625090000  12200
20230216 TDP 271500 8631650000 8631650000  300
20230216 TDP 40000 1268000000 1268000000  40000
20230216 TDP 75000 2377500000 2377500000  35000
20230216 TDP 75100 2380670000 2380670000  100
20230216 TDP "acum_busd" "acum_busd_val" "acum_val_bu" "sd" "sum_vol"
20230217 TDP 125000 3975000000 3975000000  50000
20230217 TDP 125200 3981580000 3981580000  200
20230217 TDP 75000 2385000000 2385000000  75000
20230217 TDP "acum_busd" "acum_busd_val" "acum_val_bu" "sd" "sum_vol"
20230220 TDP 20000 658000000 658000000  20000
20230220 TDP 40000 1316000000 1316000000  20000
20230220 TDP "acum_busd" "acum_busd_val" "acum_val_bu" "sd" "sum_vol"
