20230223 THT -1000 -12600000 0 1000 1000
20230223 THT -11100 -139410000 1270000 2700 2700
20230223 THT -11200 -140660000 31270000 2500 2500
20230223 THT -16200 -203160000 31270000 5000 5000
20230223 THT -16400 -205660000 31270000 200 200
20230223 THT -17500 -219300000 31270000 1100 1100
20230223 THT -18300 -229220000 31270000 800 800
20230223 THT -23300 -290220000 31270000  100
20230223 THT -23300 -290220000 31270000 5000 5000
20230223 THT -24200 -301290000 70630000  3200
20230223 THT -24300 -302510000 70630000  100
20230223 THT -24300 -302510000 70630000 100 100
20230223 THT -24400 -303750000 31270000 1100 1100
20230223 THT -27400 -340650000 31270000 3000 3000
20230223 THT -3800 -47870000 1270000  100
20230223 THT -3900 -49140000 0 2900 2900
20230223 THT -6700 -84410000 1270000  1200
20230223 THT -6700 -84410000 1270000 2900 2900
20230223 THT -7100 -89410000 1270000 400 400
20230223 THT -7900 -99410000 1270000 800 800
20230223 THT -8400 -105660000 1270000 500 500
20230223 THT -8700 -109410000 31270000  2400
20230223 THT "acum_busd" "acum_busd_val" "acum_val_bu" "sd" "sum_vol"
