20230223 TLH -11100 -75040000 689440000  200
20230223 TLH 11200 80154000 118543000  3500
20230223 TLH -11300 -76444000 688036000  200
20230223 TLH -11400 -77149000 689440000 300 300
20230223 TLH -11500 -77854000 686626000  3400
20230223 TLH -13400 -91366000 648602000 5000 5000
20230223 TLH -14900 -101824000 662656000  1500
20230223 TLH 16000 115380000 647897000 200 200
20230223 TLH 16200 116790000 647897000 7000 7100
20230223 TLH -16400 -112373000 652107000 3500 4000
20230223 TLH 17000 121762000 436043000 7400 7400
20230223 TLH 17400 124593000 382868000 14200 16700
20230223 TLH 17700 126304000 164693000  6500
20230223 TLH 18700 134042000 519107000 10000 13200
20230223 TLH 20400 145447000 183836000  2700
20230223 TLH 21600 153955000 199434000 1000 3200
20230223 TLH 22800 163296000 630953000 11600 12500
20230223 TLH 23100 164590000 213614000 500 2500
20230223 TLH 23100 165434000 647191000 2000 4300
20230223 TLH 24400 174228000 436043000 500 8000
20230223 TLH 25500 182112000 496393000  8500
20230223 TLH -26500 -182879000 689440000 15100 15100
20230223 TLH 26600 189405000 238429000  3500
20230223 TLH 27100 193269000 351008000 1300 1300
20230223 TLH 27200 194222000 579287000  8500
20230223 TLH 28400 202434000 351008000 4000 4300
20230223 TLH -28500 -196879000 689440000 2000 2000
20230223 TLH 29100 207429000 365168000  2000
20230223 TLH 32100 228510000 348884000 8100 8100
20230223 TLH 32100 228914000 613979000  4900
20230223 TLH 33500 238828000 624599000 100 100
20230223 TLH 33600 239534000 624599000  1500
20230223 TLH 34400 244649000 300733000 1000 9800
20230223 TLH 3500 25200000 25200000  3500
20230223 TLH -36600 -253579000 689440000 8100 8100
20230223 TLH -37200 -257779000 689440000 600 600
20230223 TLH 39500 280753000 338249000 200 5500
20230223 TLH 40200 285724000 348884000 800 2300
20230223 TLH 4500 32398000 32398000  1000
20230223 TLH 4800 34687000 69526000 4900 10100
20230223 TLH -55200 -383779000 689440000 18000 18000
20230223 TLH -55300 -384480000 689440000 100 100
20230223 TLH -55700 -387284000 689440000 400 400
20230223 TLH -6400 -42276000 648602000 22500 22600
20230223 TLH -6600 -43678000 648602000 200 200
20230223 TLH 7700 55277000 93666000 500 3900
20230223 TLH -8400 -56314000 648602000 1800 1800
20230223 TLH -89100 -620961000 721747000  300
20230223 TLH -89400 -623076000 719632000  4100
20230223 TLH -90100 -627961000 721747000 1000 1000
20230223 TLH -90200 -628661000 721747000 100 100
20230223 TLH -90300 -629361000 721747000 100 100
20230223 TLH -90900 -633693000 689440000 35200 35200
20230223 TLH -93200 -649773000 689440000 2300 2300
20230223 TLH -93500 -651866000 690842000  200
20230223 TLH -93700 -653268000 689440000 500 500
20230223 TLH "acum_busd" "acum_busd_val" "acum_val_bu" "sd" "sum_vol"
