20221212 TLP 500 3850000 3850000 3850000 0
20221216 TLP -1100 -7920000 7920000 0 7920000
20221219 TLP 100 770000 770000 770000 0
20221220 TLP -3300 -24750000 24750000 0 24750000
20221223 TLP 500 3850000 3850000 3850000 0
20221226 TLP -600 -5270000 23910000 8980000 14250000
20221228 TLP 0 0 1440000 0 0
20221230 TLP 100 760000 760000 760000 0
20230109 TLP -600 -3960000 3960000 0 3960000
20230110 TLP 100 750000 2250000 750000 0
20230111 TLP 300 2300000 2300000 2300000 0
20230113 TLP -18000 -138720000 156740000 8350000 147070000
20230118 TLP 900 6930000 6930000 6930000 0
20230127 TLP 1100 8470000 37110000 15400000 6930000
20230130 TLP 100 770000 770000 770000 0
20230201 TLP 2300 17710000 21210000 17710000 0
20230202 TLP -1600 -11200000 23100000 0 11200000
20230206 TLP 100 850000 2230000 1540000 690000
20230207 TLP 500 3850000 10600000 3850000 0
20230209 TLP 0 0 10220000 0 0
20230210 TLP 1700 12410000 12410000 12410000 0
