20221213 TMC 0 0 0 0 100
20221214 TMC 0 0 0 0 100
20221215 TMC 0 0 0 0 100
20221219 TMC 0 0 0 0 100
20221220 TMC 600 7020000 7020000 0 1200
20221227 TMC 100 1250000 1250000 0 100
20221228 TMC 100 1280000 1280000 0 3700
20230106 TMC -200 -2360000 0 200 200
20230109 TMC 1000 11500000 11500000 0 1000
20230110 TMC 1000 11500000 11500000 0 1000
20230113 TMC -35200 -366080000 0 35200 35200
20230117 TMC 0 0 0 0 100
20230130 TMC 300 3540000 3540000 0 300
20230201 TMC -400 -4400 0 400 400
20230203 TMC 200 2200 2200 0 200
20230207 TMC 0 0 0 0 5000
20230210 TMC 0 0 0 0 200
20230213 TMC 200 2180000 2180000 0 200
20230214 TMC 100 1100000 1100000 0 100
20230220 TMC 500 5500000 5500000 0 500
