20230223 TNA 0 13000 614000  100
20230223 TNA -100 -601000 0 100 100
20230223 TNA 108800 675912000 676513000  30000
20230223 TNA 115100 715224000 715825000  6300
20230223 TNA 117900 732706000 733307000  2800
20230223 TNA 118200 734578000 735179000  300
20230223 TNA 118600 737074000 737675000  400
20230223 TNA 118700 737698000 738299000  100
20230223 TNA 36000 222207000 222808000  36000
20230223 TNA 67800 419717000 420318000  31800
20230223 TNA 78800 488467000 489068000  11000
20230223 TNA "acum_busd" "acum_busd_val" "acum_val_bu" "sd" "sum_vol"
