20221212 TNG -208400 -1841774500 17471904800 1488500 2840800
20221213 TNG -69700 984010500 14988524000 1299600 2602500
20221214 TNG -145000 -2166180000 10634860000 832200 1626900
20221215 TNG -526100 -7666789500 9311780000 1319500 2187900
20221216 TNG 157500 374158000 10502803500 830200 1820800
20221219 TNG 240100 3810218500 19296291000 1007300 2576600
20221220 TNG -680300 -10895484500 10449335500 1522200 2442800
20221221 TNG -550200 -7571596600 7115589000 1128800 1812900
20221222 TNG -307100 -1828311600 3314373800 622100 957200
20221223 TNG 13500 113491800 5049231800 363000 748200
20221226 TNG -30900 -2500384000 4476944600 571200 1255500
20221227 TNG 383600 3060985000 6878022200 419800 1250900
20221228 TNG 68100 952810000 3980090000 221500 512000
20221229 TNG 4700 69930000 3603540000 262400 540800
20221230 TNG -208800 -2773720000 2470940000 393100 581000
20230103 TNG 176400 2895231400 7254975000 355600 931300
20230104 TNG 96300 1395911300 9001781300 531600 1240900
20230105 TNG 414700 6109073000 13918670000 542900 1813400
20230106 TNG -206200 -3027690000 7648280000 725600 1315200
20230109 TNG 95100 1436990000 6755530000 372200 883700
20230110 TNG -57700 -165577200 3806157200 330100 617500
20230111 TNG 81300 1195910000 6680020000 379700 994600
20230112 TNG 260100 3832420000 10894390000 482800 1283900
20230113 TNG -365200 -5028028000 2937948500 574100 818300
20230116 TNG -286200 -1243820000 3412540000 522800 764800
20230117 TNG 310100 4559550000 11704910000 493100 1298300
20230118 TNG -157200 -246069500 9025063000 856900 1609000
20230119 TNG 857500 9412936000 27384879200 1207900 3322200
20230127 TNG -311000 -4093878000 6386855200 1105600 1902300
20230130 TNG 55200 929950000 16337530000 985900 2133100
20230131 TNG 225700 3651180000 16125960000 809400 1847100
20230201 TNG -522800 -6645029200 26227854400 2315700 4285200
20230202 TNG -139600 -1672366500 12612820000 956400 1776900
20230203 TNG -225900 -776796000 8730951500 915200 1604500
20230206 TNG -75500 -1953491000 6410440000 579000 1082500
20230207 TNG -92200 -798829500 6273580000 765300 1445100
20230208 TNG 54900 1484226500 6773529000 564800 1240400
20230209 TNG 752400 9282766400 42277240800 2125000 5006000
20230210 TNG -51700 182389200 9407145200 854200 1751700
20230213 TNG -303100 -4737380000 27475950000 2005600 3709800
20230214 TNG -524000 -8450670000 6681290000 935600 1361200
20230216 TNG 1707700 30367170000 53020700000 1290200 4311800
20230217 TNG -78500 -1348540000 16926170000 1010400 2224000
20230220 TNG 573100 10605430000 31491230000 1133900 2856600
