20221212 TNH 1300 165052800
20221213 TNH -4600 51679400
20221214 TNH 25200 878930000
20221215 TNH 71900 1032397500
20221216 TNH 20300 255795000
20221219 TNH 14600 -113843500
20221220 TNH 11900 375821700
20221221 TNH -15900 -292621000
20221222 TNH 24200 525187400
20221223 TNH 2000 67545000
20221226 TNH -10800 157211800
20221227 TNH -33900 -1506690400
20221228 TNH -105800 -3377636900
20221229 TNH 24300 -929338000
20221230 TNH 66000 2101182300
20230103 TNH -78000 -2374431200
20230104 TNH -19500 173430400
20230105 TNH -44300 -540627200
20230106 TNH 57900 1971044000
20230109 TNH -46300 -2152559900
20230110 TNH -57500 -706028000
20230111 TNH 35300 1762361200
20230112 TNH 14600 837132600
20230113 TNH 5400 291591400
20230116 TNH 18600 679685000
20230117 TNH -37900 -1325872600
20230118 TNH 16300 596405000
20230119 TNH 49000 1854755000
20230127 TNH -17100 -638040000
20230130 TNH 12500 348068500
20230131 TNH 33400 1119047400
20230201 TNH -86900 -3564651200
20230202 TNH 22400 710651800
20230203 TNH -26200 -581904700
20230206 TNH 18300 -213533500
20230207 TNH -26500 -482755800.00000006
20230208 TNH 12500 803050700
20230209 TNH 58600 2212145000
20230210 TNH 93400 3155522000
20230213 TNH -13300 -497045000
