20230223 TTA 290200 3432325000 10006905000 17300 17300
20230223 TTA 307500 3605215000 10006905000 18000 18000
20230223 TTA 314900 3678520000 9900210000 29500 30000
20230223 TTA 317300 3702760000 9924450000  2400
20230223 TTA 318200 3711850000 9933540000  900
20230223 TTA 323000 3760090000 9981780000  4800
20230223 TTA 323700 3767125000 9988815000  700
20230223 TTA 325500 3785215000 10006905000  1800
20230223 TTA 340900 3935570000 9191355000 39600 39600
20230223 TTA 341600 3945285000 9870965000 51700 54100
20230223 TTA 344400 3973520000 9900210000 100 3000
20230223 TTA 345800 3985315000 9292355000 1100 1100
20230223 TTA 346900 3996370000 9292355000 4000 4000
20230223 TTA 350900 4036570000 9292355000  10000
20230223 TTA 356500 4093385000 9400425000  10700
20230223 TTA 360500 4133785000 9440825000  4000
20230223 TTA 360700 4135805000 9541825000 9800 19800
20230223 TTA 374000 4270290000 9120655000 8100 8100
20230223 TTA 376900 4299425000 9705445000  16200
20230223 TTA 379000 4320635000 9726655000  2100
20230223 TTA 380500 4335915000 9191355000 500 500
20230223 TTA 381000 4340990000 9191355000  7000
20230223 TTA 382100 4352100000 9120655000 39900 39900
20230223 TTA 390900 4440825000 9846845000  11900
20230223 TTA 401900 4552040000 8917605000 76300 85200
20230223 TTA 421800 4753030000 9118595000  19900
20230223 TTA 422000 4755090000 9120655000  200
20230223 TTA 430000 4834760000 8200825000 22400 22600
20230223 TTA 441000 4946250000 8540685000 22600 28600
20230223 TTA 451300 5049750000 8187555000 67400 93500
20230223 TTA 452200 5058950000 8198775000 200 1300
20230223 TTA 457600 5113520000 8479585000  27600
20230223 TTA 469300 5232270000 8826705000  28300
20230223 TTA 489500 5436215000 7892125000 14600 28200
20230223 TTA 490500 5446315000 7754765000 26500 50500
20230223 TTA 492600 5467685000 7923595000  3100
20230223 TTA 493500 5476515000 7517165000 37200 46200
20230223 TTA 521700 5761535000 7426215000 46400 85100
20230223 TTA 529400 5839785000 7034905000 99100 107100
20230223 TTA 59000 619375000 619375000  64000
20230223 TTA 617500 6731570000 6890780000 13500 14800
20230223 TTA 621000 6767970000 6958380000 3000 9500
20230223 TTA 629700 6859285000 6877135000 1700 579100
20230223 TTA "acum_busd" "acum_busd_val" "acum_val_bu" "sd" "sum_vol"
