20221212 TV2 10200 221020000 536585000 2200 2300
20221212 TV2 12300 266370000 534415000 1300 1300
20221212 TV2 1300 30650000 560250000 800 800
20221212 TV2 13600 294515000 534415000 4500 5000
20221212 TV2 15300 330735000 330735000  6200
20221212 TV2 15500 335100000 341610000 300 300
20221212 TV2 15800 341610000 341610000  500
20221212 TV2 16000 345950000 352460000  500
20221212 TV2 -1700 -33400000 560250000 2500 2500
20221212 TV2 17300 374455000 517120000 400 400
20221212 TV2 17600 380925000 523590000  300
20221212 TV2 17700 383075000 517120000 100 100
20221212 TV2 17800 385230000 517120000 500 500
20221212 TV2 17900 387265000 465055000 1300 1300
20221212 TV2 17900 387300000 486740000 1000 1100
20221212 TV2 18000 389150000 395660000  2000
20221212 TV2 18000 389430000 467220000  100
20221212 TV2 18100 391595000 469385000  100
20221212 TV2 18100 391640000 491080000  300
20221212 TV2 18100 391690000 512780000 500 500
20221212 TV2 18200 393760000 471550000  100
20221212 TV2 18200 393860000 514950000  100
20221212 TV2 18300 396030000 517120000  100
20221212 TV2 18600 402155000 415145000 300 1200
20221212 TV2 18600 402515000 512780000 500 500
20221212 TV2 18700 404320000 417310000  100
20221212 TV2 18800 406780000 484570000  600
20221212 TV2 19100 413185000 460735000 400 400
20221212 TV2 19100 413340000 512780000  1000
20221212 TV2 19200 415345000 465055000 100 100
20221212 TV2 19300 417505000 465055000  200
20221212 TV2 19500 421825000 460735000 1000 1000
20221212 TV2 20500 443425000 460735000 200 200
20221212 TV2 20700 447745000 460735000  2000
20221212 TV2 2100 47730000 560250000 900 900
20221212 TV2 3000 66945000 560250000 2000 2000
20221212 TV2 -3900 -80260000 560250000 2200 2200
20221212 TV2 5000 109645000 560250000 300 300
20221212 TV2 500 10600000 10600000  500
20221212 TV2 5300 116050000 560250000 1600 1600
20221212 TV2 -5600 -115450000 631125000  3300
20221212 TV2 -5700 -117565000 631125000 100 100
20221212 TV2 -6800 -141900000 560250000 2900 2900
20221212 TV2 6900 150210000 560250000 500 1000
20221212 TV2 7400 160935000 560250000 2000 2000
20221212 TV2 -7700 -159765000 631125000 2000 2000
20221212 TV2 7700 165940000 165940000  7200
20221212 TV2 800 19975000 560250000 500 500
20221212 TV2 8400 182320000 536585000 1800 1800
20221212 TV2 8400 182330000 538745000 100 100
20221212 TV2 8500 184480000 538745000  100
20221212 TV2 -8900 -186325000 560250000 2100 2100
20221212 TV2 8900 191900000 191900000  1200
20221212 TV2 9100 196220000 196220000  200
20221212 TV2 9400 203835000 560250000  1000
20221212 TV2 "acum_busd" "acum_busd_val" "acum_val_bu" "sd" "sum_vol"
20221213 TV2 0 10685300 1363400800  100
20221213 TV2 0 2142900 2145000 100 200
20221213 TV2 -100 8520300 1361235800 2600 3000
20221213 TV2 11100 251515300 293980800 1000 4600
20221213 TV2 -13000 -271334700 1372060800 12400 12400
20221213 TV2 14700 328130300 1352575800 200 200
20221213 TV2 14900 332450300 1352575800 5000 5000
20221213 TV2 -1600 -18919700 2245800  700
20221213 TV2 18600 411865300 454330800  7500
20221213 TV2 19900 440450300 1352575800 6700 6700
20221213 TV2 20600 455280300 716335800 200 200
20221213 TV2 20800 459560300 716335800 1000 1000
20221213 TV2 2100 56020300 1352575800 800 800
20221213 TV2 21800 480960300 716335800 1000 1000
20221213 TV2 22500 496580300 1199040800 1200 1200
20221213 TV2 22800 502360300 716335800 3000 3000
20221213 TV2 22900 504740300 767935800 100 2500
20221213 TV2 -2300 -18934400 2231100 300 800
20221213 TV2 23600 520325300 1222785800  1100
20221213 TV2 23700 522380300 1199040800 100 100
20221213 TV2 23800 524530300 1199040800 1000 1200
20221213 TV2 24200 533090300 1186100800 5000 5000
20221213 TV2 24300 535245300 1188255800  100
20221213 TV2 24500 539415300 923050800 3500 3500
20221213 TV2 24600 541710300 1194720800  300
20221213 TV2 24800 545685300 808880800  1900
20221213 TV2 -2500 -18938600 2220600  3000
20221213 TV2 25800 566560300 716335800 1900 1900
20221213 TV2 25800 567845300 1270305800  2200
20221213 TV2 26200 576505300 1278965800  400
20221213 TV2 26300 578110300 862805800 1000 1000
20221213 TV2 26400 580840300 1337420800 2400 2500
20221213 TV2 26400 580840300 1348245800 400 400
20221213 TV2 26600 585170300 1352575800  200
20221213 TV2 26800 588835300 852030800  2000
20221213 TV2 26800 589500300 1348245800 100 100
20221213 TV2 26900 591665300 1348245800  500
20221213 TV2 27100 595300300 858495800  300
20221213 TV2 27300 599610300 862805800  200
20221213 TV2 27700 607220300 716335800 3100 3200
20221213 TV2 28000 614665300 923050800 500 500
20221213 TV2 28100 616810300 903655800 100 2000
20221213 TV2 28300 621120300 907965800  200
20221213 TV2 28400 623275300 910120800  100
20221213 TV2 28500 625430300 923050800 300 300
20221213 TV2 28700 630635300 1335255800 100 2700
20221213 TV2 28800 631895300 923050800 200 800
20221213 TV2 2900 73300300 1352575800 1500 1500
20221213 TV2 29200 640840300 1186100800 1300 1300
20221213 TV2 300 17180300 1369895800  300
20221213 TV2 30500 668830300 1175300800 5700 17400
20221213 TV2 30500 668855300 1186100800 500 500
20221213 TV2 30700 671715300 714180800  12100
20221213 TV2 30800 675310300 1181780800  300
20221213 TV2 31000 679630300 1186100800  200
20221213 TV2 400 19345300 1372060800  100
20221213 TV2 4400 105700300 1352575800 2600 2600
20221213 TV2 5500 132235300 153400800  7100
20221213 TV2 -5500 -19001600 2157600  100
20221213 TV2 -5600 -19003700 2155500  500
20221213 TV2 -600 -2254700 1372060800 1000 1000
20221213 TV2 -6100 -19014200 2145000 5200 5200
20221213 TV2 7000 161860300 1352575800 7700 7700
20221213 TV2 8500 196135300 217300800  3000
20221213 TV2 -900 -2081800 2145000 900 900
20221213 TV2 "acum_busd" "acum_busd_val" "acum_val_bu" "sd" "sum_vol"
20221214 TV2 1000 22144999.999999996 75305000  500
20221214 TV2 -1100 -67111000 75351200 2000 2000
20221214 TV2 1200 22149399.999999996 75309400  200
20221214 TV2 1300 28794999.999999996 28794999.999999996  1300
20221214 TV2 1400 -12696000.000000004 75351200 500 500
20221214 TV2 1900 -1796000.0000000037 75351200 1000 1000
20221214 TV2 2000 22166999.999999996 75329200 100 100
20221214 TV2 2100 22169199.999999996 75329200  900
20221214 TV2 -2800 -114600000 92862200  100
20221214 TV2 -2900 -114602200 92860000  400
20221214 TV2 2900 20003999.999999996 75351200 100 100
20221214 TV2 3000 22188999.999999996 75351200  1000
20221214 TV2 -3100 -110411000 75351200 2000 2000
20221214 TV2 3100 -203900000 97462200 1000 1000
20221214 TV2 -3300 -114611000 92851200  700
20221214 TV2 3800 -188570000 112792200  1100
20221214 TV2 3800 -188570000 112792200  700
20221214 TV2 -4000 -129926000 77536200  100
20221214 TV2 -4100 -132111000 75351200 1000 1000
20221214 TV2 4100 -182195000 97462200 800 800
20221214 TV2 4700 -169055000 93082200 500 500
20221214 TV2 4900 -164675000 97462200  200
20221214 TV2 500 11069999.999999996 64230000  1000
20221214 TV2 -500 -11075000.000000004 42085000 2400 3000
20221214 TV2 5200 -158180000 93082200 1100 1100
20221214 TV2 5200 -158180000 93082200  500
20221214 TV2 6300 -134090000 93082200 100 100
20221214 TV2 6400 -131900000 93082200 800 800
20221214 TV2 7200 -114380000 93082200  10000
20221214 TV2 900 -23596000.000000004 75351200 500 500
20221214 TV2 "acum_busd" "acum_busd_val" "acum_val_bu" "sd" "sum_vol"
20221215 TV2 -1000 -21900000 0 1000 1000
20221215 TV2 -1000 -61355400 926136400  100
20221215 TV2 -11000 -287735400 928406400 6600 6600
20221215 TV2 -1100 -63330400 1229651400  4100
20221215 TV2 -1100 -63625400 923866400 1600 1600
20221215 TV2 1200 -12245400 570661400 1400 1400
20221215 TV2 -12800 -328415400 928406400 1800 1800
20221215 TV2 -1300 -68495400 471661400  3000
20221215 TV2 1600 -3810400 341116400 400 4600
20221215 TV2 1700 -28404000 66000  2400
20221215 TV2 -1700 -78115400 219686400 6600 7600
20221215 TV2 200 -34205400 912516400  3900
20221215 TV2 -200 -42900400 1250081400  900
20221215 TV2 2100 24592000.000000004 53158800 1800 1800
20221215 TV2 2100 6399600 157196400 4600 4600
20221215 TV2 2100 8319600 799071400 1500 1500
20221215 TV2 -2100 -87055400 219686400 400 400
20221215 TV2 2200 10509600 767361400 600 600
20221215 TV2 -2200 -89310400 246616400 1300 2500
20221215 TV2 2400 15009600 758301400 100 100
20221215 TV2 2400 24598600.000000004 53165400  300
20221215 TV2 2500 17269600 758301400 6000 7100
20221215 TV2 2500 17304600 774156400  300
20221215 TV2 2500 -6308400 22218800  2900
20221215 TV2 -2500 -95330400 926136400 1500 1500
20221215 TV2 2600 18739600 363666400  1000
20221215 TV2 2600 19254600 570661400 500 500
20221215 TV2 2800 24069600 767361400  400
20221215 TV2 2900 24609600.000000004 53176400  500
20221215 TV2 -3100 -109115400 824016400  600
20221215 TV2 3100 30044600 374971400  500
20221215 TV2 3100 30504600 570661400  4400
20221215 TV2 3500 39954600 796806400  1000
20221215 TV2 3600 42219600 799071400  100
20221215 TV2 -3700 -122705400 824016400 600 600
20221215 TV2 -3700 -122735400 810396400  500
20221215 TV2 3900 24631600.000000004 53158800  1400
20221215 TV2 3900 46539600 197336400  1800
20221215 TV2 -400 -21886800 13200  400
20221215 TV2 -400 -28450200 77000  500
20221215 TV2 -400 -48705400 374971400 3500 3500
20221215 TV2 -4200 -134060400 799071400 3700 3700
20221215 TV2 -4300 -135995400 404161400  600
20221215 TV2 -4400 -138360400 928406400 2000 2100
20221215 TV2 -4800 -147155400 1136786400  500
20221215 TV2 -4800 -147225400 390691400  700
20221215 TV2 -4900 -149465400 390691400 100 100
20221215 TV2 500 -27385400 923866400 100 100
20221215 TV2 -500 -50440400 799071400 2600 2600
20221215 TV2 -5200 -156195400 1136786400 400 400
20221215 TV2 5200 75444600 104011400  2300
20221215 TV2 -5300 -158480400 1125461400  500
20221215 TV2 -5400 -160705400 374971400 5000 5000
20221215 TV2 -5500 -162945400 374971400 100 100
20221215 TV2 -5800 -169805400 1114136400 1200 9400
20221215 TV2 600 -25120400 923866400 100 600
20221215 TV2 6600 106504600 146096400 500 500
20221215 TV2 6700 108724600 157196400 400 900
20221215 TV2 -700 -28456800 13200 300 300
20221215 TV2 -700 -54200400 1250081400 500 500
20221215 TV2 7100 117529600 146096400  1900
20221215 TV2 7200 123424600 728856400 500 500
20221215 TV2 7300 125689600 731121400  100
20221215 TV2 7400 127954600 733386400  100
20221215 TV2 7700 134724600 728856400 500 7500
20221215 TV2 -800 -21895600 4400  100
20221215 TV2 -900 -21897800 2200  100
20221215 TV2 -900 -28461200 66000 2600 2600
20221215 TV2 "acum_busd" "acum_busd_val" "acum_val_bu" "sd" "sum_vol"
20221216 TV2 -10100 -48501600 139712400  2300
20221216 TV2 -12100 -143808200 11000 8900 9400
20221216 TV2 -12400 -100586600 87627400 400 2500
20221216 TV2 -12900 -109901600 528657400 4400 4400
20221216 TV2 -14100 -138766600 40467400  1600
20221216 TV2 -14300 -161404000 147400 1800 5200
20221216 TV2 -15700 -174616600 4617400  200
20221216 TV2 -15800 -179084400 147400 1500 1500
20221216 TV2 -15900 -161439200 72600 6600 9400
20221216 TV2 -15900 -179086600 147400 100 100
20221216 TV2 -1700 141778400 442632400  2000
20221216 TV2 -17100 -184799200 692467400  4600
20221216 TV2 -17400 -191579200 694707400  100
20221216 TV2 -17500 -193819200 692467400 400 400
20221216 TV2 -17900 -221901600 528657400 5000 5000
20221216 TV2 -1800 139528400 442632400 100 100
20221216 TV2 -18400 -233121600 535347400 100 400
20221216 TV2 -18500 -235341600 528657400 600 600
20221216 TV2 -18600 -237541600 539807400  200
20221216 TV2 -18600 -237581600 528657400 100 100
20221216 TV2 -18800 -242001600 535347400 400 400
20221216 TV2 -2100 133018400 490182400 100 1900
20221216 TV2 -21600 -207026200 703627400  300
20221216 TV2 -21700 -288529200 588737400  2000
20221216 TV2 -21900 -213716200 696937400  100
20221216 TV2 -22000 -215946200 694707400 4600 4600
20221216 TV2 -2200 130218400 359012400  400
20221216 TV2 -2200 130218400 359012400  500
20221216 TV2 -22200 -220091200 746312400  1400
20221216 TV2 -22500 -324181600 539807400 3900 3900
20221216 TV2 -2300 127958400 359012400 100 100
20221216 TV2 -2300 128488400 490182400 200 200
20221216 TV2 -23600 -251556200 714847400  100
20221216 TV2 23600 816388800 1782792400  45800
20221216 TV2 -23700 -253801200 712602400 2500 2900
20221216 TV2 -23700 -333019200 544247400  200
20221216 TV2 -23900 -337459200 539807400 1400 1400
20221216 TV2 -2500 123438400 365792400  200
20221216 TV2 -2500 124018400 515097400 300 1400
20221216 TV2 -2600 121178400 349972400  1000
20221216 TV2 -2700 118918400 361272400  100
20221216 TV2 27900 913888800 1880292400  4300
20221216 TV2 -2800 116658400 359012400 500 500
20221216 TV2 -2800 117223400 515097400 300 300
20221216 TV2 29600 952733800 1939567400 600 600
20221216 TV2 30200 966353800 1939567400 200 200
20221216 TV2 30400 970893800 1939567400 100 2700
20221216 TV2 -3300 105888400 490182400 1000 1000
20221216 TV2 -3300 105898400 515097400 500 500
20221216 TV2 -3400 103528400 442632400 1600 1600
20221216 TV2 -3500 -77350000 0 3500 3500
20221216 TV2 35700 1091203800 2078037400  6100
20221216 TV2 -3600 98578400 327372400  2000
20221216 TV2 -3600 99028400 442632400 200 200
20221216 TV2 -3600 99208400 528657400 900 1500
20221216 TV2 -3700 -81780000 0 200 200
20221216 TV2 -3700 96578400 397432400  300
20221216 TV2 -3800 94508400 449412400 500 800
20221216 TV2 -4000 89798400 390652400  1100
20221216 TV2 -4600 76708400 528657400 1000 1000
20221216 TV2 -4700 74458400 528657400 100 100
20221216 TV2 -4800 72208400 528657400 100 100
20221216 TV2 -5100 64938400 365792400 2600 2600
20221216 TV2 -5600 53313400 282107400  1500
20221216 TV2 -6400 35118400 223332400  3700
20221216 TV2 -6600 30588400 248182400  1100
20221216 TV2 -7100 19388400 248182400 500 500
20221216 TV2 -7700 5738400 223332400 1300 1300
20221216 TV2 -8500 -11041600 528657400 3700 3700
20221216 TV2 "acum_busd" "acum_busd_val" "acum_val_bu" "sd" "sum_vol"
20221219 TV2 100 2270000 2270000  100
20221219 TV2 10700 160027800 633628900 2000 2000
20221219 TV2 11300 209853300 1033963900 500 9000
20221219 TV2 11500 178587800 573308900 700 700
20221219 TV2 11800 269540000 312640000 100 7200
20221219 TV2 -11900 -24165700 1096537300 5500 5500
20221219 TV2 1200 27290000 49940000 1000 3000
20221219 TV2 12200 178603900 573308900 7400 7400
20221219 TV2 12700 206427800 633628900 1300 1300
20221219 TV2 14000 236587800 633628900 100 100
20221219 TV2 14100 238907800 633628900  2600
20221219 TV2 1500 -18406700 689548900 200 200
20221219 TV2 -15400 -101880700 1153412300 6000 8500
20221219 TV2 1600 36390000 77200000 300 300
20221219 TV2 1600 91467500 1084983900 1200 1200
20221219 TV2 1700 -13766700 689548900 700 700
20221219 TV2 18000 312923900 535948900 200 200
20221219 TV2 1800 40930000 81740000  200
20221219 TV2 18200 317573900 535948900 2700 2700
20221219 TV2 -19000 -182520700 1153412300 3600 3600
20221219 TV2 1900 43200000 77200000 200 200
20221219 TV2 19600 350283900 573308900  1600
20221219 TV2 2000 45470000 86280000  200
20221219 TV2 200 4540000 4540000  100
20221219 TV2 20900 380618900 535948900 500 500
20221219 TV2 2100 47740000 77200000 100 100
20221219 TV2 21400 392293900 535948900 1200 1200
20221219 TV2 21800 401548900 444648900  10000
20221219 TV2 2200 49990000 74910000 100 100
20221219 TV2 2200 50010000 77200000 100 200
20221219 TV2 22600 420313900 535948900 600 800
20221219 TV2 23000 429643900 531268900 2000 2300
20221219 TV2 2300 52260000 74910000  1100
20221219 TV2 23300 436598900 479698900  1500
20221219 TV2 2400 2473300 689548900 2500 4500
20221219 TV2 2400 96071300 1089592300 200 200
20221219 TV2 24700 469408900 524233900 400 700
20221219 TV2 24800 471753900 517198900 100 1700
20221219 TV2 2600 96075900 1089592300  1000
20221219 TV2 -2700 100589400 1096537300 2000 2000
20221219 TV2 2700 61365000 102175000  700
20221219 TV2 2800 12628300 825138900 2000 2000
20221219 TV2 2800 96080500 1084983900 3800 4300
20221219 TV2 2900 14283300 722238900  1400
20221219 TV2 2900 -20892200 642948900 2000 2000
20221219 TV2 3300 24253300 836763900  500
20221219 TV2 3600 31108300 797118900 1000 1000
20221219 TV2 4500 16187800 633628900 900 900
20221219 TV2 4600 18517800 635958900  100
20221219 TV2 4600 54358300 797118900 1500 1500
20221219 TV2 4800 109260000 150070000  2100
20221219 TV2 4800 23177800 640618900  200
20221219 TV2 4800 59128300 825138900  1200
20221219 TV2 4900 25507800 642948900  100
20221219 TV2 5400 37067800 633628900 1600 1600
20221219 TV2 -600 102940400 1096537300  300
20221219 TV2 6100 89163300 797118900  3200
20221219 TV2 6100 89218300 1073408900 6900 8600
20221219 TV2 -6400 100504300 1096537300 3700 3700
20221219 TV2 7000 74187800 633628900 100 100
20221219 TV2 -700 100635400 1096537300 100 100
20221219 TV2 7100 76507800 633628900 2500 2500
20221219 TV2 -900 95995400 1089592300 3300 3300
20221219 TV2 9600 134507800 633628900 1100 1100
20221219 TV2 "acum_busd" "acum_busd_val" "acum_val_bu" "sd" "sum_vol"
20221220 TV2 -10000 -86187600 407695400 1500 1500
20221220 TV2 -100 128962400 370585400  600
20221220 TV2 10700 158313000 1160055400 800 800
20221220 TV2 10700 240540000 339850000  5000
20221220 TV2 11500 175953000 1160055400 200 5500
20221220 TV2 11900 340629600 932807600 1000 1000
20221220 TV2 12400 195873000 1197615400  1700
20221220 TV2 12900 362429600 932807600 200 200
20221220 TV2 -1300 102902400 396845400  1200
20221220 TV2 -1300 106968000 346401000 4000 4000
20221220 TV2 13100 366809600 932807600  1400
20221220 TV2 13100 366809600 932807600  5000
20221220 TV2 13500 220183000 1235185400 300 300
20221220 TV2 13800 226813000 1235185400 300 2000
20221220 TV2 -1400 100717400 396845400 100 100
20221220 TV2 1400 111844600 1091592600 500 500
20221220 TV2 1400 111879600 1095977600 200 400
20221220 TV2 16900 295323000 1316955400 300 4000
20221220 TV2 17000 297533000 1319165400  100
20221220 TV2 1900 122719600 1091592600 900 900
20221220 TV2 19500 353403000 1388415400 600 600
20221220 TV2 -200 77044600 980667600 5400 7400
20221220 TV2 20100 366783000 1388415400  3100
20221220 TV2 2100 127069600 1063317600 1500 1800
20221220 TV2 -2400 78827400 372770400 2400 2500
20221220 TV2 2600 58290000 157600000 300 300
20221220 TV2 2700 107056000 346401000 2000 2000
20221220 TV2 2700 60540000 159850000  100
20221220 TV2 2800 142294600 1091592600 200 200
20221220 TV2 2900 65040000 157600000 1500 1500
20221220 TV2 3000 141659600 707657600  3500
20221220 TV2 3000 146644600 1091592600 400 400
20221220 TV2 3200 150974600 937167600 100 100
20221220 TV2 3300 153149600 937167600 500 500
20221220 TV2 3300 153169600 1056792600  3500
20221220 TV2 3400 155344600 1091592600  1300
20221220 TV2 3800 164049600 937167600 300 300
20221220 TV2 4100 170589600 937167600 3600 3600
20221220 TV2 4200 107089000 346390000 1900 2200
20221220 TV2 4400 98940000 157600000 2100 2100
20221220 TV2 4500 100800000 112000000 500 500
20221220 TV2 4500 107095600 346396600  300
20221220 TV2 4700 107100000 346401000  200
20221220 TV2 5000 112000000 112000000  5000
20221220 TV2 -500 121847400 687845400  5500
20221220 TV2 -5300 16502400 512565400  1200
20221220 TV2 -5500 12142400 567315400 2200 4700
20221220 TV2 5500 123600000 134800000  1000
20221220 TV2 5700 128040000 227350000  3000
20221220 TV2 5800 141969000 339850000 800 800
20221220 TV2 -5800 5552400 512565400 500 500
20221220 TV2 -6000 1317400 567315400 500 500
20221220 TV2 -6100 -1682600 396845400 4700 4700
20221220 TV2 6400 116365200 1100463200  5000
20221220 TV2 -6500 -10357600 396845400 400 400
20221220 TV2 6500 146400000 157600000  1000
20221220 TV2 -6500 -9777600 486285400 100 2500
20221220 TV2 6600 148700000 339850000 4100 4100
20221220 TV2 -700 115822400 357445400 100 800
20221220 TV2 7700 249069600 937167600 400 400
20221220 TV2 7900 253429600 932807600 4000 4000
20221220 TV2 8100 257789600 937167600  200
20221220 TV2 8300 259289600 825287600  5300
20221220 TV2 -8500 -53712600 407695400 2500 3000
20221220 TV2 -8800 -60077600 433805400  500
20221220 TV2 -9300 -70977600 422905400  200
20221220 TV2 -9500 -75337600 418545400  500
20221220 TV2 "acum_busd" "acum_busd_val" "acum_val_bu" "sd" "sum_vol"
20221221 TV2 100 9770600 73075000 700 700
20221221 TV2 10200 123715600 539945000 600 600
20221221 TV2 10200 123760600 363215000 3000 3500
20221221 TV2 10300 125800600 510555000 200 200
20221221 TV2 10500 130290600 510555000 200 200
20221221 TV2 10700 134780600 510555000 1000 1000
20221221 TV2 10800 137230600 539945000  1100
20221221 TV2 11000 141515600 488105000 1500 1500
20221221 TV2 -1100 -45741400 1014975000 400 3000
20221221 TV2 -1100 -51799800 1039591600 300 300
20221221 TV2 11300 148365600 427885000  2000
20221221 TV2 11700 157230600 510555000 300 300
20221221 TV2 12000 163965600 510555000  1000
20221221 TV2 12500 175115600 488105000 200 200
20221221 TV2 12600 177355600 485865000 100 100
20221221 TV2 12700 179135600 352140000 2000 2000
20221221 TV2 12700 179585600 485865000 1000 1000
20221221 TV2 12700 179595600 488105000  600
20221221 TV2 13300 192965600 472485000  2000
20221221 TV2 13700 201885600 485865000 200 800
20221221 TV2 14700 223435600 352140000  17400
20221221 TV2 15300 240605600 823205000 900 900
20221221 TV2 16200 260855600 823205000 800 800
20221221 TV2 16400 265275600 805125000  7600
20221221 TV2 17000 278855600 823205000 200 200
20221221 TV2 17200 283355600 823205000  800
20221221 TV2 -1800 -31614400 75290000 2000 2000
20221221 TV2 -1800 -61001400 1014975000 700 700
20221221 TV2 -1800 -67534800 1014981600 300 600
20221221 TV2 18100 303975600 931775000 1900 1900
20221221 TV2 20000 346915600 931775000 100 4900
20221221 TV2 -2000 -35974400 75290000 200 200
20221221 TV2 200 11985600 75290000  100
20221221 TV2 2600 35213600 958295000 300 300
20221221 TV2 -2700 -53412200 75292200  100
20221221 TV2 2700 66465600 70835000 400 400
20221221 TV2 -2800 -53414400 75290000 800 800
20221221 TV2 2900 41783600 958295000 2200 2200
20221221 TV2 3100 70835000 70835000  3100
20221221 TV2 -3300 -93701400 958295000 5900 5900
20221221 TV2 4200 65658000 933985000 3000 3000
20221221 TV2 4800 2345600 539945000 1900 1900
20221221 TV2 4900 4605600 542205000  100
20221221 TV2 5100 87755800 956085000 100 100
20221221 TV2 5100 89963600 958295000 100 200
20221221 TV2 5200 87758000 956085000  1000
20221221 TV2 6700 45000600 539945000 700 700
20221221 TV2 700 22860600 70835000 2000 2000
20221221 TV2 7200 65724000 933985000 500 600
20221221 TV2 7400 60715600 539945000 1200 1200
20221221 TV2 7600 67940600 931775000 10500 10500
20221221 TV2 7800 70220600 610070000 100 3100
20221221 TV2 800 25100600 73075000  100
20221221 TV2 -800 -45169800 1039591600 100 1200
20221221 TV2 8600 87715600 539945000 500 500
20221221 TV2 8800 92870600 632720000  1000
20221221 TV2 9100 98965600 539945000 200 200
20221221 TV2 9300 103465600 539945000 900 900
20221221 TV2 9300 103765600 383285000 1300 2000
20221221 TV2 9700 112340600 515055000 800 1000
20221221 TV2 9700 112685600 363215000 500 500
20221221 TV2 9900 117145600 367675000  200
20221221 TV2 "acum_busd" "acum_busd_val" "acum_val_bu" "sd" "sum_vol"
20221222 TV2 0 -81541400 201113800  5400
20221222 TV2 -1000 -20360000 141240000 3400 3500
20221222 TV2 1300 29335000 29335000  800
20221222 TV2 1300 29410000 40560000 400 400
20221222 TV2 -1400 -7017000 198805000 2000 4100
20221222 TV2 1500 -81508400 201146800  1500
20221222 TV2 -1500 -9332000 152290000 1000 1000
20221222 TV2 1700 38330000 40560000 100 100
20221222 TV2 1800 40560000 40560000  500
20221222 TV2 1900 42790000 53940000  600
20221222 TV2 2200 49480000 60630000  300
20221222 TV2 2300 52570000 139030000 600 600
20221222 TV2 -2400 -29117000 198805000 1000 1000
20221222 TV2 2900 65830000 139030000 100 100
20221222 TV2 -3000 -29130200 198805000 600 600
20221222 TV2 3000 68045000 139030000 300 300
20221222 TV2 3300 74690000 139030000 300 300
20221222 TV2 -3600 -42270200 198805000 600 600
20221222 TV2 3600 81335000 139030000 300 300
20221222 TV2 3900 87980000 139030000 1000 1000
20221222 TV2 4300 -19448400 265426800 100 3000
20221222 TV2 4700 -10608400 274266800  400
20221222 TV2 4700 -10608400 285316800 500 500
20221222 TV2 4800 107840000 136790000  100
20221222 TV2 4800 107840000 136790000 100 100
20221222 TV2 4900 110065000 136790000 200 200
20221222 TV2 4900 110080000 139030000  100
20221222 TV2 500 11375000 11375000  500
20221222 TV2 -500 -9310000 152290000  500
20221222 TV2 5100 114515000 136790000 100 100
20221222 TV2 5200 116740000 136790000 100 100
20221222 TV2 5200 441600 285316800  500
20221222 TV2 5200 441600 296366800  500
20221222 TV2 -5200 -77310200 198805000 1600 1600
20221222 TV2 5300 118965000 136790000 300 300
20221222 TV2 5400 4881600 300806800  200
20221222 TV2 -5400 -81660200 200995000 300 400
20221222 TV2 5600 125640000 136790000  3400
20221222 TV2 "acum_busd" "acum_busd_val" "acum_val_bu" "sd" "sum_vol"
20221223 TV2 0 55000 2240000 100 200
20221223 TV2 14900 191135800 204570800 500 8500
20221223 TV2 19300 243889100 257367800 1900 9000
20221223 TV2 19500 243893700 257372400  200
20221223 TV2 22700 193700200 430158900 500 500
20221223 TV2 22800 196330200 493618900 400 400
20221223 TV2 23100 202720200 407608900 200 200
20221223 TV2 23200 204970200 405348900 4500 5500
20221223 TV2 23200 204975200 430158900 400 400
20221223 TV2 23200 205330200 493618900 1500 1500
20221223 TV2 23300 207230200 407608900  100
20221223 TV2 23600 213995200 430158900 500 500
20221223 TV2 23700 216300200 452758900  1000
20221223 TV2 23800 218830200 516118900  1000
20221223 TV2 23900 220840200 457298900  200
20221223 TV2 23900 221080200 518368900  100
20221223 TV2 24000 223330200 520618900  100
20221223 TV2 24100 225270200 430158900  1000
20221223 TV2 24300 229960200 475458900 400 400
20221223 TV2 24700 239000200 475458900  800
20221223 TV2 24700 239080200 493618900 400 1200
20221223 TV2 25400 254845200 554368900 100 100
20221223 TV2 25500 257080200 554368900  1500
20221223 TV2 26200 273950200 660688900 100 100
20221223 TV2 26200 273950200 662923900 100 100
20221223 TV2 26300 276185200 660688900 3800 4000
20221223 TV2 26300 276185200 662923900  100
20221223 TV2 26600 281955200 581478900  1200
20221223 TV2 26600 282910200 671883900  400
20221223 TV2 26700 283720200 382848900 500 500
20221223 TV2 27000 290270200 337648900 1500 1500
20221223 TV2 27200 294970200 382848900 900 900
20221223 TV2 27500 301270200 314748900  8000
20221223 TV2 28100 315220200 382848900 100 100
20221223 TV2 28200 317470200 382848900 800 2800
20221223 TV2 28500 324170200 337648900  1000
20221223 TV2 28900 334045200 633568900  2300
20221223 TV2 29800 354910200 743883900  3300
20221223 TV2 29900 356695200 656218900  1000
20221223 TV2 38000 540145200 929118900  13200
20221223 TV2 38000 540145200 929118900  8200
20221223 TV2 4000 143000 2328000  4000
20221223 TV2 7400 22570800 24755800  3400
20221223 TV2 "acum_busd" "acum_busd_val" "acum_val_bu" "sd" "sum_vol"
20221226 TV2 0 80000 13630000 500 600
20221226 TV2 -100 -2160000 13630000 100 100
20221226 TV2 10900 139558200 834839200  9800
20221226 TV2 -1100 -24525000 18145000  100
20221226 TV2 1100 -74081800 621199200 3000 3000
20221226 TV2 11500 199589400 242264000 100 1900
20221226 TV2 -1200 -26765000 15905000 1000 1000
20221226 TV2 12900 63834200 586143800 1500 1600
20221226 TV2 13900 83954200 317533800 3800 3800
20221226 TV2 13900 85384200 503413800 500 500
20221226 TV2 14000 86184200 319763800  100
20221226 TV2 14300 94774200 583903800 2000 2000
20221226 TV2 14400 96434200 503413800 3200 3200
20221226 TV2 14900 108014200 552683800 100 100
20221226 TV2 15000 110234200 552683800 300 300
20221226 TV2 15300 116894200 552683800 800 800
20221226 TV2 15600 122634200 447663800 1000 1000
20221226 TV2 1600 36855000 79525000  5000
20221226 TV2 16100 134654200 552683800  2200
20221226 TV2 16200 136014200 461043800  600
20221226 TV2 16300 139234200 583903800  1400
20221226 TV2 16600 144934200 447663800 3100 3100
20221226 TV2 16600 222633700 265308300  5100
20221226 TV2 16800 222638300 265312900  200
20221226 TV2 16900 222640600 265315200  100
20221226 TV2 17200 158314200 483343800  1000
20221226 TV2 17600 167274200 503413800 500 1400
20221226 TV2 17700 168694200 317533800 1000 1800
20221226 TV2 17900 173229200 299568800 100 100
20221226 TV2 18000 175479200 299568800 1200 1200
20221226 TV2 18800 193559200 283748800 2000 2000
20221226 TV2 19200 202599200 299568800 100 100
20221226 TV2 19300 204859200 299568800 200 200
20221226 TV2 19500 209379200 299568800  700
20221226 TV2 19700 214084200 447663800  5700
20221226 TV2 2000 45975000 88645000  400
20221226 TV2 -200 -4365000 15905000 200 300
20221226 TV2 20800 238809200 283748800 100 100
20221226 TV2 20900 241074200 283748800  4000
20221226 TV2 400 9100000 11350000 100 600
20221226 TV2 4100 -8446800 621199200 4300 5900
20221226 TV2 5400 123650000 166320000  4600
20221226 TV2 6800 50503200 586159200  1500
20221226 TV2 6800 50503200 586159200 1800 2000
20221226 TV2 8400 61532400 586154800 1100 1100
20221226 TV2 9000 63748400 586143800 3900 3900
20221226 TV2 9500 63759400 586154800  500
20221226 TV2 9800 167312500 209984800 100 4600
20221226 TV2 "acum_busd" "acum_busd_val" "acum_val_bu" "sd" "sum_vol"
20221227 TV2 -100 -8703400 2196600 100 300
20221227 TV2 -11500 -253973400 38926600 3000 3000
20221227 TV2 -13800 -342188800 337922800 300 2100
20221227 TV2 -15100 -342217400 337922800 1300 1300
20221227 TV2 -15300 -342221800 337883200  300
20221227 TV2 -15600 -342228400 337876600  1700
20221227 TV2 -16300 -357878400 253211600 7400 7500
20221227 TV2 -16900 -370628400 300816600 500 1800
20221227 TV2 -17300 -379288400 300816600 400 400
20221227 TV2 -17400 -381583400 253211600 1100 1100
20221227 TV2 -17500 -383713400 272581600  400
20221227 TV2 -17700 -388013400 272581600 200 200
20221227 TV2 -17700 -388048400 253211600 300 300
20221227 TV2 -17900 -392333400 263961600 100 600
20221227 TV2 -18100 -396648400 253211600 400 400
20221227 TV2 -18300 -400938400 253211600 200 200
20221227 TV2 -200 -6527800 2192200  100
20221227 TV2 -2700 -65143400 4366600  100
20221227 TV2 -2800 -67313400 2196600 2000 2000
20221227 TV2 -300 -13063400 2196600 200 200
20221227 TV2 -300 -6530000 2190000  100
20221227 TV2 -3500 -82423400 4366600 800 800
20221227 TV2 -3700 -86573400 36766600  900
20221227 TV2 -3700 -86573400 38926600  100
20221227 TV2 -3800 -87373400 212036600  100
20221227 TV2 -3800 -88733400 36766600 100 100
20221227 TV2 -3900 -89548400 209861600  400
20221227 TV2 -400 -8720000 0 400 400
20221227 TV2 -4100 -93853400 212036600 300 300
20221227 TV2 -4300 -98173400 212036600 200 200
20221227 TV2 -4300 -98248400 201161600  100
20221227 TV2 -4400 -100423400 198986600  1300
20221227 TV2 -4600 -106013400 17326600  600
20221227 TV2 -5200 -118973400 4366600 1700 1700
20221227 TV2 -5700 -128603400 170806600  200
20221227 TV2 -5900 -132733400 212036600 1600 1600
20221227 TV2 -5900 -132923400 166486600 300 6200
20221227 TV2 -6000 -134848400 242351600  500
20221227 TV2 -6100 -137053400 220676600 600 1000
20221227 TV2 -6200 -139213400 231476600 600 1100
20221227 TV2 -6500 -145723400 231476600 300 300
20221227 TV2 -8000 -178248400 242351600 2000 2000
20221227 TV2 -800 -23913400 2196600 500 500
20221227 TV2 -8400 -186888400 251051600 800 1200
20221227 TV2 -8500 -189773400 38926600 4800 4800
20221227 TV2 -8700 -193398400 251051600 300 300
20221227 TV2 -9000 -199908400 251051600 300 300
20221227 TV2 "acum_busd" "acum_busd_val" "acum_val_bu" "sd" "sum_vol"
20221228 TV2 11900 188877000 394367800  3700
20221228 TV2 13900 233477000 438967800  2000
20221228 TV2 14700 251417000 481337800 1000 1000
20221228 TV2 -1500 -109973000 86677800 1000 1000
20221228 TV2 15200 262517000 492437800  500
20221228 TV2 15700 273617000 481337800 100 100
20221228 TV2 15700 273667000 514637800 500 1500
20221228 TV2 15800 275847000 481337800  1900
20221228 TV2 -1800 -116603000 88887800  100
20221228 TV2 1800 -57203200 2359400  5200
20221228 TV2 -1900 -118813000 86677800 400 400
20221228 TV2 -3400 -57317600 2245000 2500 2500
20221228 TV2 35700 723667000 964637800  20000
20221228 TV2 3800 7157000 86677800 300 300
20221228 TV2 3900 -57157000 2405600  2100
20221228 TV2 4000 11537000 82217800 3500 3500
20221228 TV2 4000 -57154800 2407800  100
20221228 TV2 4100 13787000 86677800 100 100
20221228 TV2 4200 15997000 86677800  200
20221228 TV2 -500 -87873000 86677800 4300 4300
20221228 TV2 5600 -21744800 37817800  1600
20221228 TV2 -700 -15400 0 700 700
20221228 TV2 -700 2227400 2245000  100
20221228 TV2 7500 20445200 82217800 100 100
20221228 TV2 7600 22655200 82217800  2000
20221228 TV2 -800 -17600 0 100 100
20221228 TV2 8200 106367000 311857800  10000
20221228 TV2 -900 -2192600 2245000 200 200
20221228 TV2 "acum_busd" "acum_busd_val" "acum_val_bu" "sd" "sum_vol"
20221229 TV2 0 90000 6780000  100
20221229 TV2 -100 -2140000 4550000 200 200
20221229 TV2 100 2320000 4550000 100 100
20221229 TV2 -11000 -210933000 89445000 2800 2800
20221229 TV2 -1700 -37820000 13470000 2000 2000
20221229 TV2 -1800 -40045000 13470000 100 100
20221229 TV2 200 4550000 4550000  200
20221229 TV2 300 6780000 13470000  300
20221229 TV2 -6100 -102178000 17990000  200
20221229 TV2 -6200 -104388000 17990000 100 100
20221229 TV2 -6300 -106698000 13470000 4500 4500
20221229 TV2 -7600 -135143000 69195000  400
20221229 TV2 -7700 -137383000 69195000 100 100
20221229 TV2 -7900 -142043000 24635000  100
20221229 TV2 -8000 -144063000 60275000  1000
20221229 TV2 -8000 -144258000 22420000  100
20221229 TV2 -8100 -146473000 20205000  100
20221229 TV2 -8200 -148493000 89445000  900
20221229 TV2 -8200 -148688000 17990000 2000 2000
20221229 TV2 -8600 -157543000 69195000 900 900
20221229 TV2 -9000 -166363000 37975000  200
20221229 TV2 -9100 -168743000 69195000 500 500
20221229 TV2 -9200 -170823000 33515000  200
20221229 TV2 -9400 -175263000 29075000  200
20221229 TV2 -9600 -179703000 24635000 1700 1700
20221229 TV2 "acum_busd" "acum_busd_val" "acum_val_bu" "sd" "sum_vol"
20221230 TV2 100 2260000 15790000 500 500
20221230 TV2 100 2260000 2260000  100
20221230 TV2 200 4515000 4515000  100
20221230 TV2 2400 54020000 83335000  3000
20221230 TV2 3800 85700000 164350000 400 400
20221230 TV2 3900 87945000 166595000  100
20221230 TV2 4000 90100000 135200000 100 100
20221230 TV2 -400 -9015000 15790000 500 500
20221230 TV2 4100 92355000 135200000 400 400
20221230 TV2 4200 94620000 141950000 100 100
20221230 TV2 4200 94620000 164350000 1000 1000
20221230 TV2 4300 96850000 141950000  300
20221230 TV2 4500 101375000 135200000 200 2500
20221230 TV2 -500 -11270000 15790000 100 100
20221230 TV2 5200 117020000 164350000  1000
20221230 TV2 -600 -13525000 15790000 100 100
20221230 TV2 600 13535000 15790000 100 600
20221230 TV2 900 21045000 166595000 3000 3000
20221230 TV2 "acum_busd" "acum_busd_val" "acum_val_bu" "sd" "sum_vol"
20230103 TV2 -100 -2260000 17990000 900 1100
20230103 TV2 1100 24735000 44985000  1200
20230103 TV2 12100 274130000 323830000  3400
20230103 TV2 18000 379604900 431589900 100 6100
20230103 TV2 1800 40485000 67485000  1000
20230103 TV2 28200 379839500 431824500  10700
20230103 TV2 37300 365304900 530739900 2300 2300
20230103 TV2 37400 367589900 537564900 200 200
20230103 TV2 37500 369869900 539844900  100
20230103 TV2 37600 371729900 482739900 1500 1500
20230103 TV2 37600 372129900 537564900  300
20230103 TV2 37700 374919900 699654900 1100 1100
20230103 TV2 37800 380060300 432045300  9600
20230103 TV2 38000 381759900 706494900  1800
20230103 TV2 38000 381759900 706494900  300
20230103 TV2 38100 383939900 670204900 100 100
20230103 TV2 38200 386209900 670204900 2000 2000
20230103 TV2 38200 386209900 672474900  100
20230103 TV2 38600 394629900 505639900  1000
20230103 TV2 38600 395144900 622119900 600 600
20230103 TV2 38700 397444900 626699900 100 300
20230103 TV2 38800 399664900 612959900 1800 3000
20230103 TV2 38800 399729900 628984900  100
20230103 TV2 38800 399819900 699654900 200 200
20230103 TV2 38900 401499900 514799900 100 500
20230103 TV2 38900 401789900 571764900  1400
20230103 TV2 39000 404349900 699654900 400 1600
20230103 TV2 39100 405629900 482739900 100 100
20230103 TV2 39200 407889900 482739900 200 200
20230103 TV2 39200 408339900 521639900  300
20230103 TV2 39200 408824900 622119900  400
20230103 TV2 39400 412459900 482739900 500 500
20230103 TV2 39400 413249900 585504900 100 100
20230103 TV2 39500 415529900 585504900  600
20230103 TV2 39600 417439900 530739900  400
20230103 TV2 39800 426160300 478145300  2000
20230103 TV2 39900 423884900 482739900 300 300
20230103 TV2 40000 426164900 478149900  200
20230103 TV2 40100 428459900 480444900  100
20230103 TV2 40200 430754900 482739900  100
20230103 TV2 40200 431809900 670204900 400 400
20230103 TV2 40400 436369900 665624900  1600
20230103 TV2 40600 440949900 670204900  200
20230103 TV2 5500 123960000 150960000  3700
20230103 TV2 5500 123960000 173660000  100
20230103 TV2 5500 123960000 173660000 1000 1000
20230103 TV2 600 13500000 13500000  600
20230103 TV2 6500 146660000 173660000  1000
20230103 TV2 800 17985000 44985000 300 300
20230103 TV2 8700 196600000 246300000  3200
20230103 TV2 "acum_busd" "acum_busd_val" "acum_val_bu" "sd" "sum_vol"
20230104 TV2 10000 -63605600 117590200 1000 1000
20230104 TV2 10300 -84163000 138227800 300 300
20230104 TV2 10300 -84163000 140512800 100 100
20230104 TV2 10400 -81878000 140512800  100
20230104 TV2 10600 -77308000 138227800 200 1100
20230104 TV2 11000 -63582600 117590200 300 3000
20230104 TV2 11000 -63582600 117613200  1000
20230104 TV2 11200 -63578000 117617800  200
20230104 TV2 11200 -63718000 363462800 1300 1300
20230104 TV2 12400 -36418000 258812800 800 6000
20230104 TV2 12500 -34143000 363462800 500 500
20230104 TV2 13000 -22768000 363462800 4000 4000
20230104 TV2 -1500 -34415000 32189800 800 2200
20230104 TV2 17000 68232000 363462800  4600
20230104 TV2 -200 -4600 34500 1700 3200
20230104 TV2 -2100 -48195000 59800 3000 4100
20230104 TV2 -2600 -107646700 66588100  3000
20230104 TV2 -3500 -80215000 32189800 2000 2000
20230104 TV2 -3800 -87085000 32189800 300 300
20230104 TV2 -4300 -98535000 32189800 500 500
20230104 TV2 -5300 -121435000 36769800 1200 1400
20230104 TV2 -5500 -126015000 45929800  400
20230104 TV2 -5600 -128305000 45929800 100 100
20230104 TV2 -5900 -135175000 36769800 600 600
20230104 TV2 8000 -107402900 66831900  10600
20230104 TV2 8000 -136558000 140512800 300 300
20230104 TV2 8300 -129748000 140512800 200 200
20230104 TV2 8500 -125198000 140512800 200 200
20230104 TV2 8600 -84362100 89895700 1000 2600
20230104 TV2 8700 -120638000 140512800 100 100
20230104 TV2 8800 -118358000 140512800 300 300
20230104 TV2 9100 -111518000 140512800 700 700
20230104 TV2 9800 -95578000 140512800 500 500
20230104 TV2 9900 -93348000 117617800 1300 1300
20230104 TV2 "acum_busd" "acum_busd_val" "acum_val_bu" "sd" "sum_vol"
20230105 TV2 100 2290000 2290000  100
20230105 TV2 10800 25613100 931683100 5000 5000
20230105 TV2 11100 32503100 50663100  1700
20230105 TV2 15300 130438100 920008100 7900 8900
20230105 TV2 15800 142113100 931683100  500
20230105 TV2 16900 166428100 214813100 1300 8400
20230105 TV2 17100 173613100 1112363100 300 300
20230105 TV2 17400 180663100 1112363100 1100 8800
20230105 TV2 17600 185338100 1124088100  500
20230105 TV2 18800 213478100 1194388100 300 300
20230105 TV2 18900 213008100 282363100 900 3800
20230105 TV2 19100 220513100 1194388100 1500 4500
20230105 TV2 22200 291258100 896758100 200 200
20230105 TV2 22400 295918100 896758100 1500 1500
20230105 TV2 23100 311378100 390073100 400 5000
20230105 TV2 23600 323393100 599498100 4700 4900
20230105 TV2 23900 330868100 896758100 1100 1100
20230105 TV2 25000 356498100 896758100 1600 1600
20230105 TV2 25800 375038100 824218100 800 900
20230105 TV2 26300 386738100 842938100 300 1100
20230105 TV2 26500 391408100 821868100 1800 2200
20230105 TV2 26600 393858100 896758100 2000 2300
20230105 TV2 27600 417078100 805418100 400 600
20230105 TV2 27800 421748100 800728100 3500 3500
20230105 TV2 27900 424128100 812468100  300
20230105 TV2 28100 429123100 594778100 500 500
20230105 TV2 28300 433538100 889738100  2000
20230105 TV2 28600 440873100 594778100 3200 4800
20230105 TV2 28600 443698100 1429298100 200 10200
20230105 TV2 28700 442643100 739898100 900 6900
20230105 TV2 28900 447313100 744568100  200
20230105 TV2 29200 454333100 751588100  300
20230105 TV2 30200 478483100 557178100  7100
20230105 TV2 31000 496453100 793708100  1800
20230105 TV2 31300 503473100 800728100  300
20230105 TV2 37400 650493100 1650193100 600 600
20230105 TV2 38000 664593100 1650193100  9400
20230105 TV2 38300 671728100 1678418100 300 1500
20230105 TV2 38300 671753100 1690193100 200 200
20230105 TV2 38500 676453100 1690193100 300 300
20230105 TV2 38800 683503100 1690193100  500
20230105 TV2 -400 -9060000 2290000 500 500
20230105 TV2 40100 714053100 1732493100  1800
20230105 TV2 40100 714053100 1763043100 200 200
20230105 TV2 40300 718753100 1763043100 800 800
20230105 TV2 41100 737553100 1763043100 300 300
20230105 TV2 41400 744603100 1763043100  1300
20230105 TV2 42800 777808100 1897308100 1500 1600
20230105 TV2 44200 810698100 1894948100 1000 1000
20230105 TV2 44600 820053100 1880793100 500 5500
20230105 TV2 44700 822408100 1883148100  100
20230105 TV2 45200 834208100 1894948100  500
20230105 TV2 47100 879288100 1998788100  4300
20230105 TV2 54400 1052773100 2172273100  7300
20230105 TV2 56900 1112908100 2532323100 4500 4600
20230105 TV2 57300 1122428100 2541843100  400
20230105 TV2 58300 1146228100 2565643100  1000
20230105 TV2 58800 1158128100 2577543100  500
20230105 TV2 58800 1158128100 2577543100  6700
20230105 TV2 59200 1167023100 2286523100  4800
20230105 TV2 60800 1205193100 2329453100 200 2000
20230105 TV2 61300 1217118100 2341378100  500
20230105 TV2 61300 1217628100 2529943100 7200 7600
20230105 TV2 61900 1231428100 2369998100 600 1800
20230105 TV2 64900 1303128100 2441698100  3000
20230105 TV2 66400 1338903100 2479858100 100 1700
20230105 TV2 66500 1341288100 2482243100  100
20230105 TV2 66900 1350828100 2491783100  400
20230105 TV2 68100 1379448100 2520403100  1200
20230105 TV2 -700 -15870000 2290000 300 300
20230105 TV2 9200 32459400 50619400  10000
20230105 TV2 9400 32464000 50624000  200
20230105 TV2 "acum_busd" "acum_busd_val" "acum_val_bu" "sd" "sum_vol"
20230106 TV2 1000 -14301600 38400 200 200
20230106 TV2 1000 24000 24000  200
20230106 TV2 11500 -67699400 89186400 100 100
20230106 TV2 11500 -67849400 150026400 200 200
20230106 TV2 11600 -65349400 89186400 200 200
20230106 TV2 11700 -63159400 150026400  2600
20230106 TV2 11800 -60649400 89186400 400 400
20230106 TV2 1200 -9521600 38400 400 1000
20230106 TV2 12200 -51329400 89186400 1200 1200
20230106 TV2 13300 -25269400 86806400 100 100
20230106 TV2 13400 -22889400 89186400  100
20230106 TV2 13400 -22894400 86806400 100 100
20230106 TV2 13500 -20514400 86806400 2600 2600
20230106 TV2 13500 -20654400 197221400  2000
20230106 TV2 13900 -11204400 209021400 100 100
20230106 TV2 14000 -8854400 209021400  500
20230106 TV2 14000 -8854400 211371400  100
20230106 TV2 15800 34215600 74881400 100 100
20230106 TV2 15900 36595600 74881400 100 100
20230106 TV2 16000 38980600 74881400 100 100
20230106 TV2 16100 41370600 74881400 600 600
20230106 TV2 16100 41370600 86806400 200 700
20230106 TV2 16400 7556400 21896400  15400
20230106 TV2 16500 9966400 24306400  100
20230106 TV2 16700 55710600 74881400 700 700
20230106 TV2 16800 17196400 31536400  300
20230106 TV2 17300 29246400 43586400  500
20230106 TV2 17400 60512600 74881400 1000 1000
20230106 TV2 17600 77400600 447021400 4600 4600
20230106 TV2 17700 38886400 53226400  400
20230106 TV2 17700 43701600 58046400 200 200
20230106 TV2 17800 41296400 55636400  100
20230106 TV2 17900 43706400 58046400  100
20230106 TV2 18200 55726600 70071400  500
20230106 TV2 18300 58131600 72476400  100
20230106 TV2 18400 60536600 74881400  100
20230106 TV2 18700 101870600 364311400 800 800
20230106 TV2 19000 108645600 328871400  5000
20230106 TV2 19500 120625600 364311400 800 800
20230106 TV2 20300 139385600 364311400 200 1700
20230106 TV2 22200 184580600 447021400  3500
20230106 TV2 800 19200 19200  800
20230106 TV2 9100 -123999400 89186400 2400 2400
20230106 TV2 "acum_busd" "acum_busd_val" "acum_val_bu" "sd" "sum_vol"
20230109 TV2 -12800 -297220000 20890000 4600 5200
20230109 TV2 -12900 -262036800 118620000 200 1500
20230109 TV2 -13100 -304180000 20890000 300 300
20230109 TV2 -13400 -274186800 50920000  100
20230109 TV2 -13500 -276496800 48610000  1000
20230109 TV2 -13900 -285236800 118620000 1000 1000
20230109 TV2 -14000 -287796800 88200000  1500
20230109 TV2 -14100 -299587600 25510000 1200 1400
20230109 TV2 -14300 -294976800 50920000 900 900
20230109 TV2 -14400 -297291800 50920000 100 100
20230109 TV2 -14500 -299596800 25510000 400 400
20230109 TV2 -15400 -320426800 53250000  100
20230109 TV2 -15500 -322356800 118620000 1600 1600
20230109 TV2 -15500 -322746800 53250000 100 100
20230109 TV2 -15500 -322756800 50920000 1100 1100
20230109 TV2 -1600 -37090000 0 1100 1100
20230109 TV2 -20400 -435736800 118620000 4900 4900
20230109 TV2 -20900 -431195600 307882000  1000
20230109 TV2 -21900 -454265600 284812000  3900
20230109 TV2 -22700 -472080600 369612000  900
20230109 TV2 -23200 -482895600 568482000  12000
20230109 TV2 -23600 -492690600 349002000  800
20230109 TV2 -23700 -494265600 568482000 500 500
20230109 TV2 -23800 -496525600 573022000 300 500
20230109 TV2 -24100 -494252100 185690500 1200 7200
20230109 TV2 -24400 -511010600 330682000 4500 5600
20230109 TV2 -24600 -435833400 118629200  400
20230109 TV2 -24900 -435840300 118622300  100
20230109 TV2 -25000 -435842600 118620000 4600 4600
20230109 TV2 -25500 -526042100 192515500 1700 2000
20230109 TV2 -25800 -544260600 194817000 400 900
20230109 TV2 -25900 -535152100 194805500 500 600
20230109 TV2 -26000 -467893400 118629200 1400 1400
20230109 TV2 -27600 -582305600 622932000  1800
20230109 TV2 -28800 -611160600 369612000 6100 6100
20230109 TV2 -28900 -534073400 118629200 2900 2900
20230109 TV2 -29400 -623165600 582072000 6000 6400
20230109 TV2 -29900 -634350600 622932000 2300 2300
20230109 TV2 -300 -6930000 0 300 300
20230109 TV2 -31500 -672665600 378712000  400
20230109 TV2 -31900 -681765600 369612000 3100 3100
20230109 TV2 -38900 -836950600 622932000 9000 9000
20230109 TV2 -42200 -911200600 622932000 3300 3300
20230109 TV2 -500 -11570000 0 200 200
20230109 TV2 -5200 -120430000 11590000  500
20230109 TV2 -5700 -132020000 0 4100 4100
20230109 TV2 -7500 -174320000 11590000 2300 2300
20230109 TV2 -8600 -199895000 11590000 1100 1100
20230109 TV2 "acum_busd" "acum_busd_val" "acum_val_bu" "sd" "sum_vol"
20230110 TV2 -100 785000 197000000  500
20230110 TV2 -1400 -27745000 361520000 3200 3200
20230110 TV2 1400 35060000 231275000  1500
20230110 TV2 1800 44895000 361520000 2200 2200
20230110 TV2 -200 -4320000 4520000  100
20230110 TV2 2400 57910000 276975000 1000 3000
20230110 TV2 -2700 -58585000 135370000  400
20230110 TV2 2700 64780000 286115000 100 100
20230110 TV2 -2800 -60845000 135370000 100 100
20230110 TV2 2800 67050000 286115000  400
20230110 TV2 -3000 -64065000 361520000 1600 1600
20230110 TV2 -300 -6580000 2260000  100
20230110 TV2 -3100 -67705000 126250000  800
20230110 TV2 -3900 -85915000 108040000  100
20230110 TV2 -4000 -88175000 105780000  500
20230110 TV2 4000 94985000 361520000  3300
20230110 TV2 -400 -8840000 0 400 400
20230110 TV2 -4500 -99475000 94480000  300
20230110 TV2 -4800 -106255000 87700000  2000
20230110 TV2 -600 -10640000 185575000  200
20230110 TV2 -6200 -138180000 4520000 6000 6000
20230110 TV2 -6400 -142530000 26895000 300 1000
20230110 TV2 -6600 -147090000 4520000 400 400
20230110 TV2 -6700 -149220000 26895000 300 300
20230110 TV2 -6800 -151375000 42580000  500
20230110 TV2 -6800 -151485000 11250000  200
20230110 TV2 -6900 -153720000 6780000  100
20230110 TV2 -7000 -155910000 31355000 500 700
20230110 TV2 -7000 -155955000 6780000 100 100
20230110 TV2 -7000 -155980000 4520000 400 400
20230110 TV2 700 19580000 286115000 2000 2000
20230110 TV2 -7300 -162600000 31355000 300 300
20230110 TV2 -800 -15210000 181005000  2000
20230110 TV2 "acum_busd" "acum_busd_val" "acum_val_bu" "sd" "sum_vol"
20230111 TV2 0 0 0  700
20230111 TV2 1000 -1029700 249180200  3400
20230111 TV2 100 2280000 2280000  100
20230111 TV2 11000 228035300 592205200 2000 2000
20230111 TV2 11000 228035300 592205200  2500
20230111 TV2 12700 266650300 580805200 500 500
20230111 TV2 13000 273490300 592205200 100 100
20230111 TV2 13100 275770300 592205200 100 600
20230111 TV2 13200 278050300 580805200 1000 1000
20230111 TV2 13700 289390300 541875200 100 12100
20230111 TV2 14200 300850300 580805200 100 100
20230111 TV2 14300 303130300 580805200 500 500
20230111 TV2 14500 307710300 560195200  800
20230111 TV2 14800 314580300 580805200 600 1500
20230111 TV2 -1500 -58059700 155670200 2100 2100
20230111 TV2 -1600 -60339700 155670200 100 100
20230111 TV2 -1700 -27146500 25203400  500
20230111 TV2 -1700 -27246500 13753400 1300 1300
20230111 TV2 1800 17210300 267420200  800
20230111 TV2 200 4560000 4560000  100
20230111 TV2 -2100 -36326500 13753400 400 400
20230111 TV2 -2200 -38596500 13753400 100 100
20230111 TV2 -2400 -78579700 171630200  500
20230111 TV2 -2900 -89979700 160230200  100
20230111 TV2 -3000 -92259700 157950200  100
20230111 TV2 -3100 -94539700 155670200 1500 1500
20230111 TV2 -400 -27216600 13753400 1800 2700
20230111 TV2 -4700 -95046500 70803400  800
20230111 TV2 500 11430000 11430000  300
20230111 TV2 -5500 -113286500 52563400  1100
20230111 TV2 600 -10179700 155670200  5300
20230111 TV2 -6600 -138366500 27483400  100
20230111 TV2 -6700 -140646500 25203400 5000 5000
20230111 TV2 "acum_busd" "acum_busd_val" "acum_val_bu" "sd" "sum_vol"
20230112 TV2 -1000 -20085000 545505000 400 400
20230112 TV2 1000 22860000 79820000 100 100
20230112 TV2 10200 234450000 818055000  4000
20230112 TV2 -1100 -24920000 102720000 3100 3100
20230112 TV2 1100 25140000 79820000 100 100
20230112 TV2 -1200 -24595000 545505000 200 200
20230112 TV2 1200 27420000 79820000 500 500
20230112 TV2 14800 339100000 922705000  4600
20230112 TV2 1700 38820000 79820000 1000 1000
20230112 TV2 -2000 -42635000 513935000  6000
20230112 TV2 2000 45760000 102720000  1000
20230112 TV2 2100 48570000 228650000  5500
20230112 TV2 2700 61600000 75240000  3200
20230112 TV2 2700 61620000 79820000 100 100
20230112 TV2 2800 63900000 79820000 100 100
20230112 TV2 -2900 -65960000 102720000 1800 1800
20230112 TV2 2900 66180000 79820000  200
20230112 TV2 3000 69180000 267580000 100 100
20230112 TV2 3100 71470000 267580000 200 200
20230112 TV2 3300 76050000 267580000 500 500
20230112 TV2 -3400 -77360000 102720000 500 500
20230112 TV2 3800 87500000 267580000  1700
20230112 TV2 -400 -9080000 0 400 400
20230112 TV2 -400 -9080000 2280000 100 200
20230112 TV2 4500 103750000 376535000 100 100
20230112 TV2 4600 106005000 376535000 200 200
20230112 TV2 4800 110525000 376535000 200 200
20230112 TV2 5000 115035000 376535000 800 800
20230112 TV2 -500 -11360000 2280000 100 100
20230112 TV2 5600 128540000 372000000 2000 6600
20230112 TV2 5700 130805000 374265000  100
20230112 TV2 5800 133075000 376535000  100
20230112 TV2 -600 -11065000 545505000  1400
20230112 TV2 6200 143320000 726925000 600 8600
20230112 TV2 -8000 -177785000 378785000 12600 12700
20230112 TV2 "acum_busd" "acum_busd_val" "acum_val_bu" "sd" "sum_vol"
20230113 TV2 0 25000 11335000  300
20230113 TV2 1000 22775000 45460000 100 100
20230113 TV2 100 2270000 4540000 100 300
20230113 TV2 100 2300000 13610000  400
20230113 TV2 1100 25050000 45460000 200 200
20230113 TV2 1100 25055000 47740000  100
20230113 TV2 1300 29600000 45460000 200 200
20230113 TV2 1400 31895000 54580000  300
20230113 TV2 1500 34150000 45460000  1100
20230113 TV2 1700 38735000 63700000 100 500
20230113 TV2 1800 41015000 65980000  100
20230113 TV2 -2200 -48230000 182270000 4500 4500
20230113 TV2 2300 53245000 182270000 1400 1400
20230113 TV2 -2700 -59530000 182270000 500 500
20230113 TV2 -300 -6770000 4540000 400 400
20230113 TV2 3600 82595000 179980000 1200 1200
20230113 TV2 3600 82595000 179980000  4600
20230113 TV2 3700 84885000 182270000  100
20230113 TV2 400 9125000 20435000  300
20230113 TV2 -4300 -95585000 195830000 100 600
20230113 TV2 -4700 -104625000 184530000  100
20230113 TV2 -4800 -106885000 182270000 2100 2100
20230113 TV2 4800 109785000 179980000 2000 3700
20230113 TV2 -6700 -149705000 195830000 2400 2400
20230113 TV2 6800 155015000 179980000  5000
20230113 TV2 -6900 -154215000 195830000 200 200
20230113 TV2 -7400 -165455000 220750000  100
20230113 TV2 -7500 -167725000 218480000  1000
20230113 TV2 -8500 -190375000 195830000 1600 1600
20230113 TV2 "acum_busd" "acum_busd_val" "acum_val_bu" "sd" "sum_vol"
20230116 TV2 -1000 -22660000 11390000 1500 1500
20230116 TV2 100 2290000 2290000  100
20230116 TV2 -1100 -24930000 11390000 100 100
20230116 TV2 -1200 -27200000 11390000 100 100
20230116 TV2 -1600 -36210000 11390000 400 400
20230116 TV2 -2000 -45210000 11390000 400 400
20230116 TV2 -3000 -67340000 110980000  500
20230116 TV2 -3100 -69600000 108720000  600
20230116 TV2 -3200 -72210000 11390000 1200 1200
20230116 TV2 -3500 -78610000 129025000  300
20230116 TV2 -3700 -83160000 95160000  1000
20230116 TV2 -3800 -85375000 122260000 1300 1800
20230116 TV2 -3800 -85470000 45440000  300
20230116 TV2 400 9115000 9115000  300
20230116 TV2 -4100 -92280000 38630000  900
20230116 TV2 -4300 -96750000 68040000  1000
20230116 TV2 -4400 -98905000 129025000 900 900
20230116 TV2 -4700 -105760000 72560000  200
20230116 TV2 -4700 -105770000 68040000 400 400
20230116 TV2 -4700 -105810000 45440000 900 900
20230116 TV2 -4900 -110280000 68040000 200 200
20230116 TV2 -5000 -112710000 18200000  200
20230116 TV2 500 11390000 11390000  100
20230116 TV2 -5200 -117250000 13660000  100
20230116 TV2 -5200 -117270000 11390000 2000 2000
20230116 TV2 -5300 -119350000 45440000 600 600
20230116 TV2 -5300 -119520000 11390000 100 100
20230116 TV2 -5400 -121415000 129025000 1000 1000
20230116 TV2 -6400 -143840000 140375000  500
20230116 TV2 -6400 -143915000 129025000 1000 1000
20230116 TV2 -6900 -155190000 129025000  1000
20230116 TV2 -6900 -155190000 129025000 500 500
20230116 TV2 "acum_busd" "acum_busd_val" "acum_val_bu" "sd" "sum_vol"
20230117 TV2 100 2280000 2280000  100
20230117 TV2 -1100 -23560000 330800000  300
20230117 TV2 -1300 -28245000 258480000 800 800
20230117 TV2 -1400 -30340000 324020000  1300
20230117 TV2 1400 31840000 31840000  800
20230117 TV2 1400 32165000 172470000 200 200
20230117 TV2 -1500 -32600000 333060000 500 600
20230117 TV2 1600 36685000 154390000 100 100
20230117 TV2 1600 36685000 172470000 800 1400
20230117 TV2 -1700 -37120000 342100000 600 1000
20230117 TV2 1700 38945000 154390000 700 700
20230117 TV2 1700 38945000 156650000  100
20230117 TV2 1800 41205000 158910000  100
20230117 TV2 2400 54765000 154390000 2000 2000
20230117 TV2 2400 54815000 195120000  1000
20230117 TV2 2600 59095000 77240000  2000
20230117 TV2 -2700 -59720000 294640000  100
20230117 TV2 -2800 -61980000 292380000 2500 2500
20230117 TV2 -300 -5620000 292380000 500 1500
20230117 TV2 300 6840000 6840000  200
20230117 TV2 3200 72715000 90860000  600
20230117 TV2 3400 77255000 118100000 1000 1000
20230117 TV2 3500 79525000 97670000  300
20230117 TV2 3900 88605000 129450000  500
20230117 TV2 3900 88635000 140800000 100 100
20230117 TV2 3900 88790000 231360000 100 100
20230117 TV2 4000 90895000 140800000 400 400
20230117 TV2 4000 91055000 231360000  1600
20230117 TV2 4200 95415000 113560000  700
20230117 TV2 4400 100090000 256220000 600 1700
20230117 TV2 4400 99955000 118100000  200
20230117 TV2 4400 99955000 140800000  500
20230117 TV2 4400 99965000 154390000 100 100
20230117 TV2 4500 102225000 154390000  600
20230117 TV2 -500 -10205000 258480000  100
20230117 TV2 500 12710000 421375000 300 300
20230117 TV2 -600 -12465000 256220000 5000 5000
20230117 TV2 600 13680000 13680000  300
20230117 TV2 600 13695000 31840000 300 300
20230117 TV2 -700 -14460000 425915000  200
20230117 TV2 -700 -14460000 425915000  2000
20230117 TV2 -800 -16945000 269780000  500
20230117 TV2 800 19505000 421375000 1000 4500
20230117 TV2 -900 -19000000 421375000 1400 1400
20230117 TV2 900 20490000 31840000 500 500
20230117 TV2 "acum_busd" "acum_busd_val" "acum_val_bu" "sd" "sum_vol"
20230118 TV2 -10000 -226465000 59020000 2700 2700
20230118 TV2 -13100 -296880000 159125000 5100 5100
20230118 TV2 -13200 -299160000 159125000 100 100
20230118 TV2 -13400 -303720000 159125000 200 200
20230118 TV2 -13700 -442146600 268908400 100 5900
20230118 TV2 -18500 -420000000 159125000 5100 5100
20230118 TV2 -18600 -422280000 159125000 100 100
20230118 TV2 -19400 -439985000 268775000 100 4900
20230118 TV2 -19600 -445030000 159125000 1000 1000
20230118 TV2 -200 -4525000 36320000  500
20230118 TV2 -200 -4525000 36320000  500
20230118 TV2 -200 -4530000 0 200 200
20230118 TV2 -22600 -513280000 159125000 3000 3000
20230118 TV2 -24100 -547340000 159125000 1500 1500
20230118 TV2 -3100 -70180000 59020000 3500 3500
20230118 TV2 400 9095000 22700000 300 300
20230118 TV2 400 9095000 59020000 400 400
20230118 TV2 -5100 -115480000 59020000 2000 2000
20230118 TV2 600 13635000 54480000  800
20230118 TV2 -700 -15875000 24970000  100
20230118 TV2 700 15905000 22700000 100 1100
20230118 TV2 -7100 -423653200 287401800  700
20230118 TV2 -7200 -162600000 159125000  1200
20230118 TV2 -7200 -163045000 59020000 2100 2100
20230118 TV2 -7300 -165310000 59020000 100 100
20230118 TV2 -7700 -437273200 287401800 600 600
20230118 TV2 -7800 -176470000 109015000  1100
20230118 TV2 -7800 -439718200 271336800  100
20230118 TV2 -7900 -442013200 269041800  5800
20230118 TV2 -8000 -180840000 159125000 800 800
20230118 TV2 -800 -18145000 22700000 1200 1200
20230118 TV2 800 18175000 59020000  200
20230118 TV2 -8400 -189960000 131765000  800
20230118 TV2 -8900 -201495000 83990000  1100
20230118 TV2 -9200 -208160000 113565000  200
20230118 TV2 -9400 -212710000 109015000 1600 1600
20230118 TV2 "acum_busd" "acum_busd_val" "acum_val_bu" "sd" "sum_vol"
20230119 TV2 -100 -2265000 0 100 100
20230119 TV2 1400 31990000 217695000  1100
20230119 TV2 1400 32020000 222285000 100 100
20230119 TV2 1400 32300000 281815000 500 800
20230119 TV2 1400 32365000 304590000 1000 1000
20230119 TV2 1500 34300000 222285000 100 100
20230119 TV2 1500 34575000 284090000  100
20230119 TV2 -1600 -34880000 418850000 8000 8000
20230119 TV2 1600 36580000 222285000  200
20230119 TV2 1600 36835000 274975000 600 600
20230119 TV2 1600 36850000 286365000  100
20230119 TV2 -1800 -40685000 31770000  200
20230119 TV2 -18600 -419080000 418850000 17000 17000
20230119 TV2 -1900 -43000000 4540000 2000 2200
20230119 TV2 1900 43120000 115575000  3700
20230119 TV2 1900 43495000 233760000  500
20230119 TV2 1900 43645000 268135000 300 300
20230119 TV2 1900 43675000 293190000  300
20230119 TV2 -2000 -45215000 27240000 1100 1100
20230119 TV2 -2200 -49730000 135975000  100
20230119 TV2 2200 50390000 245235000 100 100
20230119 TV2 2200 50485000 268135000 1000 1300
20230119 TV2 2200 50485000 274975000  300
20230119 TV2 -2300 -52000000 133705000  200
20230119 TV2 2300 52680000 245235000 100 600
20230119 TV2 2400 55075000 304590000  500
20230119 TV2 -2500 -56540000 129165000 5000 5600
20230119 TV2 2900 66420000 261265000  700
20230119 TV2 300 7020000 192725000  2500
20230119 TV2 6400 146625000 418850000  5000
20230119 TV2 -900 -20300000 27240000  1000
20230119 TV2 "acum_busd" "acum_busd_val" "acum_val_bu" "sd" "sum_vol"
20230127 TV2 1000 22950000 22950000  1000
20230127 TV2 10500 242155000 787660000 5000 7200
20230127 TV2 10600 244495000 801400000 500 500
20230127 TV2 10700 246785000 803690000  100
20230127 TV2 11000 253605000 799110000  500
20230127 TV2 1100 25245000 25245000  100
20230127 TV2 11100 255895000 801400000  100
20230127 TV2 1200 27535000 27535000  100
20230127 TV2 1200 30760000 906515000 900 900
20230127 TV2 1300 29945000 64145000 1500 1500
20230127 TV2 13300 306025000 737280000  5000
20230127 TV2 13500 310925000 872390000 200 200
20230127 TV2 13700 315485000 872390000  3000
20230127 TV2 1400 32225000 66425000  100
20230127 TV2 2100 51235000 906515000 2600 2600
20230127 TV2 2200 50435000 50435000  1000
20230127 TV2 2400 55005000 55005000  200
20230127 TV2 -2500 -55525000 247905000  1500
20230127 TV2 2800 64145000 64145000  400
20230127 TV2 -3700 -83255000 68685000  100
20230127 TV2 3700 86170000 462630000 1400 1400
20230127 TV2 -3800 -85515000 66425000 4700 4700
20230127 TV2 -4000 -89725000 213705000 300 1100
20230127 TV2 -4100 -92005000 252465000  200
20230127 TV2 4100 96605000 872390000 1700 1700
20230127 TV2 -4200 -94285000 247905000 1700 1700
20230127 TV2 -4300 -96565000 247905000 100 100
20230127 TV2 4400 102165000 478625000  700
20230127 TV2 -4500 -101170000 195465000  500
20230127 TV2 -4700 -105730000 181785000  100
20230127 TV2 4700 110255000 906515000 900 2400
20230127 TV2 -4800 -108010000 179505000  400
20230127 TV2 -5000 -112570000 184065000 400 500
20230127 TV2 5100 118160000 462630000  9200
20230127 TV2 -5200 -117130000 170385000  2000
20230127 TV2 5400 125065000 501525000  1000
20230127 TV2 5800 135365000 872390000 1700 1700
20230127 TV2 6100 141095000 517555000  700
20230127 TV2 -7200 -162330000 125185000 500 1500
20230127 TV2 -7500 -169135000 82245000  300
20230127 TV2 7500 174125000 872390000 6000 6000
20230127 TV2 -7700 -173655000 102585000  900
20230127 TV2 -7800 -175915000 75465000  200
20230127 TV2 -8000 -180435000 70945000  100
20230127 TV2 -8100 -182695000 68685000 4400 4400
20230127 TV2 8300 191630000 622885000 1000 1000
20230127 TV2 -8600 -193995000 82245000 1100 1100
20230127 TV2 900 20875000 66425000 500 500
20230127 TV2 9100 209860000 618315000 500 500
20230127 TV2 9300 214430000 622885000  200
20230127 TV2 9600 221260000 618315000 900 5300
20230127 TV2 "acum_busd" "acum_busd_val" "acum_val_bu" "sd" "sum_vol"
20230130 TV2 1000 -190853400 622311600  200
20230130 TV2 -1000 -237608400 836906600  300
20230130 TV2 -1100 -115058000 25322000  2000
20230130 TV2 1100 -188478400 773066600 800 1300
20230130 TV2 1100 -188478400 787226600  500
20230130 TV2 1100 -188518400 754146600 1000 1000
20230130 TV2 -1200 -117343000 25322000 100 100
20230130 TV2 12700 84561600 234116600 100 14200
20230130 TV2 -1300 -121910700 25324300  100
20230130 TV2 1300 -183098400 891416600  2300
20230130 TV2 -1300 -244718400 829796600  800
20230130 TV2 -1400 -121913000 25322000 200 200
20230130 TV2 14900 136091600 285646600  2200
20230130 TV2 1500 -179048400 692816600 2500 5500
20230130 TV2 1500 -179058400 763606600  400
20230130 TV2 1600 -176798400 605881600 100 100
20230130 TV2 1700 -174328400 768336600  200
20230130 TV2 1700 -174453400 605881600 500 500
20230130 TV2 1700 -174453400 615261600 300 300
20230130 TV2 18000 208436600 544551600 5500 6000
20230130 TV2 18400 217916600 558736600 200 7700
20230130 TV2 18800 227356600 568176600  400
20230130 TV2 1900 -169778400 598831600 7000 7500
20230130 TV2 -1900 -258908400 810876600  1000
20230130 TV2 19500 244251600 421946600 1200 7000
20230130 TV2 2000 -167418400 615261600  400
20230130 TV2 2000 -167428400 601181600  100
20230130 TV2 -2000 -45200000 0 1600 1600
20230130 TV2 2100 -164918400 706946600  600
20230130 TV2 2100 -164918400 754146600 1600 1600
20230130 TV2 -2100 -263638400 810876600 200 200
20230130 TV2 2200 -162728400 605881600  200
20230130 TV2 -2200 -263928400 1191451600  600
20230130 TV2 -2300 -266278400 1118601600  400
20230130 TV2 -2300 -266278400 1177351600  2500
20230130 TV2 23300 333746600 539821600 1200 1900
20230130 TV2 23800 345521600 523216600  4300
20230130 TV2 2700 -149223400 1092756600 1100 1100
20230130 TV2 -2700 -275678400 1109201600  200
20230130 TV2 -2800 -278028400 1177351600 500 500
20230130 TV2 -2900 -280373400 1104506600  500
20230130 TV2 -2900 -282558400 787226600 4000 4000
20230130 TV2 -3000 -67850000 0 1000 1000
20230130 TV2 -3100 -115104000 25276000  100
20230130 TV2 -3200 -115106300 25273700  1300
20230130 TV2 -3400 -292123400 1092756600 6100 6100
20230130 TV2 3700 -127158400 754146600 400 400
20230130 TV2 3800 -123373400 1092756600 1500 1500
20230130 TV2 -400 -9040000 0 400 400
20230130 TV2 4100 -117718400 754146600  2000
20230130 TV2 -4500 -115136200 25243800  1300
20230130 TV2 -4800 -325028400 1118601600 2500 2500
20230130 TV2 -4900 -115395400 2284600  100
20230130 TV2 -5000 -113150000 0 2000 2000
20230130 TV2 -5000 -115397700 2282300  200
20230130 TV2 500 -202638400 773066600 600 600
20230130 TV2 -5200 -117680000 0 200 200
20230130 TV2 5300 -88123400 1092756600 300 300
20230130 TV2 5600 -80628400 1374751600  7800
20230130 TV2 5600 -81058400 1092756600 1000 1000
20230130 TV2 -5800 -138093100 2286900 1000 1100
20230130 TV2 6000 -71688400 1071496600 200 200
20230130 TV2 600 -200278400 775426600  100
20230130 TV2 6200 -66948400 1071496600 2700 10300
20230130 TV2 6200 -66948400 1076236600  200
20230130 TV2 6600 -57508400 1092756600 300 1000
20230130 TV2 800 -195553400 617611600 1000 1100
20230130 TV2 8500 -14638400 582346600 300 400
20230130 TV2 8500 -14693400 568176600 10300 10300
20230130 TV2 8700 -9943400 579976600 300 800
20230130 TV2 8900 -5218400 598831600 300 1000
20230130 TV2 "acum_busd" "acum_busd_val" "acum_val_bu" "sd" "sum_vol"
20230131 TV2 100 -66153000 166057000 200 6000
20230131 TV2 -10800 -322010600 1021938000 9000 11500
20230131 TV2 1100 -52376200 962188000 100 100
20230131 TV2 11300 170990400 962130400 400 400
20230131 TV2 11700 180670400 962130400 300 300
20230131 TV2 12000 187945400 962130400 700 700
20230131 TV2 1200 -52373800 962188000  500
20230131 TV2 12100 190380400 937835400 500 500
20230131 TV2 12600 202505400 937835400 3800 4300
20230131 TV2 -12600 -364835600 1072128000 1500 3600
20230131 TV2 12700 204955400 962130400 400 400
20230131 TV2 -1300 -138624600 304700400 600 600
20230131 TV2 13100 214675400 962130400  1000
20230131 TV2 -13200 -379250600 1021938000 2400 2400
20230131 TV2 -13300 -381550600 1162948000  2800
20230131 TV2 -14800 -417400600 1096028000  1000
20230131 TV2 -15700 -438910600 1096028000 900 900
20230131 TV2 -15800 -441300600 1072128000 3200 3200
20230131 TV2 15900 282725400 925685400 1000 1000
20230131 TV2 -16100 -448470600 1096028000 400 400
20230131 TV2 -16600 -526828400 1237090200  100
20230131 TV2 -16700 -526830800 1237087800  200
20230131 TV2 16800 199575600 1987446600  22600
20230131 TV2 16900 307075400 925685400 1300 1300
20230131 TV2 -16900 -526835600 1237083000  1000
20230131 TV2 -16900 -534013400 1253855200  700
20230131 TV2 -1700 -148354600 277970400  100
20230131 TV2 -17600 -550778400 1237090200 1000 1000
20230131 TV2 -17900 -538822600 1225096000  1000
20230131 TV2 -1800 -150774600 277970400 100 100
20230131 TV2 -1800 -150784600 275540400 4500 4500
20230131 TV2 18200 338795400 925685400 100 100
20230131 TV2 18300 341240400 925685400 2000 2000
20230131 TV2 -18900 -538846600 1225072000  1000
20230131 TV2 19900 380110400 884035400  10400
20230131 TV2 -19900 -538870600 1225048000  1200
20230131 TV2 20300 390040400 925685400 900 900
20230131 TV2 -21100 -567550600 1196368000  600
20230131 TV2 21200 412000400 925685400 100 100
20230131 TV2 21300 414440400 925685400 200 200
20230131 TV2 21500 419320400 925685400 100 1800
20230131 TV2 -21700 -581890600 1182028000  600
20230131 TV2 -22300 -596200600 1167718000 9200 9400
20230131 TV2 2700 -41884600 275540400 1500 1500
20230131 TV2 3000 -34734600 197475400  2900
20230131 TV2 -4100 -95940000 0 4100 4100
20230131 TV2 4200 -5569600 275540400 2000 2700
20230131 TV2 -4200 -98280000 0 100 100
20230131 TV2 -4300 -167110600 962188000 4800 4800
20230131 TV2 -4700 -109980000 0 500 500
20230131 TV2 500 -52390600 962188000 300 300
20230131 TV2 -5200 -121685000 0 500 500
20230131 TV2 -5500 -128275000 99170000  1400
20230131 TV2 5500 26195400 258405400  2500
20230131 TV2 -5600 -131045000 0 400 400
20230131 TV2 -5800 -351864400 1436006600 100 600
20230131 TV2 -5900 -137885000 42300000 100 1900
20230131 TV2 -6200 -359096800 1428771800  3400
20230131 TV2 -6900 -161505000 65940000 2000 3000
20230131 TV2 7000 67145400 962130400 4300 4300
20230131 TV2 -700 -124044600 304700400  1100
20230131 TV2 700 -52385800 962176000 8200 10100
20230131 TV2 7400 74195400 565920400 2000 12700
20230131 TV2 -7600 -177845000 0 2000 2000
20230131 TV2 7900 86420400 578145400  500
20230131 TV2 800 -52383400 962188000 100 100
20230131 TV2 900 -52381000 962188000 200 200
20230131 TV2 9500 125560400 629485400 500 2600
20230131 TV2 -9600 -359178400 1428690200  7300
20230131 TV2 "acum_busd" "acum_busd_val" "acum_val_bu" "sd" "sum_vol"
20230201 TV2 -1100 -26940000 0 600 600
20230201 TV2 -11200 -271530000 63195000 3100 3900
20230201 TV2 -12200 -295630000 63195000 1000 1000
20230201 TV2 -13300 -468308600 104281800  100
20230201 TV2 -13400 -470713600 101876800  9200
20230201 TV2 -13500 -473093600 104308200  1000
20230201 TV2 -1400 -34235000 2465000 100 200
20230201 TV2 -1400 -34260000 0 300 300
20230201 TV2 -14100 -487473600 152108200 1800 3800
20230201 TV2 -14300 -492253600 104308200 800 800
20230201 TV2 -14400 -470722600 104284200 1200 1400
20230201 TV2 -14500 -473117600 104284200 100 100
20230201 TV2 -14500 -497013600 152108200 400 400
20230201 TV2 -16400 -542228600 154493200 2000 2100
20230201 TV2 -17300 -375203200 63243000 7100 9100
20230201 TV2 -17700 -384823200 65648000  100
20230201 TV2 -17800 -387228200 63243000 500 500
20230201 TV2 -18100 -582588600 154493200 1700 1700
20230201 TV2 -18200 -384835200 65648000 500 500
20230201 TV2 -18500 -401660600 80126000 1600 3600
20230201 TV2 -18600 -394455200 65648000 400 400
20230201 TV2 -18900 -401670200 80078000  500
20230201 TV2 -19300 -411290200 65648000 700 700
20230201 TV2 -19400 -413695200 68053000 200 300
20230201 TV2 -19700 -401689400 80126000 1200 1200
20230201 TV2 -20200 -632358600 154493200 2100 2100
20230201 TV2 -20400 -636443600 242113200  2600
20230201 TV2 -20900 -648808600 154493200 700 700
20230201 TV2 -21100 -653033600 242113200 700 700
20230201 TV2 -22100 -459009400 89706000  4100
20230201 TV2 -22200 -461404400 87311000  300
20230201 TV2 -22300 -463819400 80126000 2600 2600
20230201 TV2 -22400 -466164400 89706000 300 300
20230201 TV2 -22500 -468549400 89706000 100 100
20230201 TV2 -22500 -468589400 80126000 200 200
20230201 TV2 -22600 -470934400 101656000  100
20230201 TV2 -22600 -470934400 89706000 100 100
20230201 TV2 -22700 -473324400 99266000  400
20230201 TV2 -23000 -698063600 180493200  600
20230201 TV2 -23100 -482884400 89706000 500 500
20230201 TV2 -23600 -712253600 166303200 3200 3700
20230201 TV2 -26400 -778448600 242113200 5300 5300
20230201 TV2 -3100 -75465000 36605000 1100 2300
20230201 TV2 -3200 -77965000 7335000 2000 2200
20230201 TV2 -3300 -80345000 36605000 200 200
20230201 TV2 -36000 -998650500 442009000 3300 13700
20230201 TV2 -3600 -87665000 36605000 300 300
20230201 TV2 -36500 -1019251300 444308200 1000 1500
20230201 TV2 -37100 -1030023600 288923200 12700 14700
20230201 TV2 -38000 -1054051300 451268200  10200
20230201 TV2 -38000 -1054051300 451268200 1800 2100
20230201 TV2 -3800 -92525000 36605000 200 200
20230201 TV2 -400 -9840000 0 400 400
20230201 TV2 -42200 -1062603700 288923200 5100 5100
20230201 TV2 -4300 -104675000 36605000 500 500
20230201 TV2 -43100 -1076445600 288943900 1800 2700
20230201 TV2 -4500 -109535000 36605000 200 200
20230201 TV2 -4800 -116795000 36605000 300 300
20230201 TV2 -500 -12300000 0 100 100
20230201 TV2 -5400 -131315000 36605000 600 600
20230201 TV2 -7400 -179715000 36605000 2000 2000
20230201 TV2 -8400 -203910000 36605000 1000 1000
20230201 TV2 -8600 -208725000 39035000  100
20230201 TV2 -8700 -211155000 36605000 300 300
20230201 TV2 -8900 -215985000 43875000  200
20230201 TV2 -9100 -220825000 39035000 500 500
20230201 TV2 "acum_busd" "acum_busd_val" "acum_val_bu" "sd" "sum_vol"
20230202 TV2 -1000 -23000000 78715000  300
20230202 TV2 -100 -2165000 71770000 1100 1200
20230202 TV2 -10300 -133738500 85660000 4100 4100
20230202 TV2 -11500 -139774200 198426600  2500
20230202 TV2 -11900 -93989400 193733800  200
20230202 TV2 -1200 -27605000 85660000 500 500
20230202 TV2 -1200 -27630000 71770000 500 500
20230202 TV2 -12100 -133779900 85660000 1800 1800
20230202 TV2 -12100 -98629400 189093800  100
20230202 TV2 -12200 -100949400 186773800  1800
20230202 TV2 -12500 -139797200 198426600 1000 1000
20230202 TV2 -1300 -29945000 71770000 100 100
20230202 TV2 -13400 -103244700 193733800 1500 1500
20230202 TV2 -13600 -133814400 85660000 1500 1500
20230202 TV2 -14000 -139831700 198369100  500
20230202 TV2 -14000 -139831700 198426600 1500 2500
20230202 TV2 -14000 -142694400 145028800  100
20230202 TV2 -14000 -156560600 131148800 3000 5600
20230202 TV2 -14100 -145009400 142713800  100
20230202 TV2 -14200 -147324400 140398800 600 1100
20230202 TV2 -14500 -139843200 198357600  600
20230202 TV2 -14600 -128407000 198343800  200
20230202 TV2 -14800 -133017000 193733800 1400 1400
20230202 TV2 -1500 -34525000 13890000  100
20230202 TV2 -1500 -34575000 0 1500 1500
20230202 TV2 -15100 -139857000 198343800 500 500
20230202 TV2 -1600 -36840000 11575000  500
20230202 TV2 -2100 -48415000 0 600 600
20230202 TV2 -21500 -311631700 198426600  100
20230202 TV2 -21500 -311631700 198426600  300
20230202 TV2 -21500 -311631700 198426600 7500 7500
20230202 TV2 -600 -13740000 71770000 500 500
20230202 TV2 -6200 -133644200 85660000 5000 5000
20230202 TV2 -700 -16055000 71770000 100 100
20230202 TV2 -700 -16055000 85660000  100
20230202 TV2 -800 -18370000 83345000  200
20230202 TV2 900 21035000 69450000  2400
20230202 TV2 "acum_busd" "acum_busd_val" "acum_val_bu" "sd" "sum_vol"
20230203 TV2 0 0 4640000 200 400
20230203 TV2 0 0 9280000 200 200
20230203 TV2 -13800 -91740400 81138800  100
20230203 TV2 -13900 -91742700 81136500 7800 7900
20230203 TV2 -14000 -91745000 81138800 200 200
20230203 TV2 -15900 -89486000 83443800  100
20230203 TV2 -16000 -91791000 81138800 2000 2000
20230203 TV2 -16000 -91791000 81138800  500
20230203 TV2 -16700 -32970000 403286100  9000
20230203 TV2 -17100 -50487700 145411100  100
20230203 TV2 -17200 -50490000 145408800  400
20230203 TV2 -17200 -50490000 145411100 100 100
20230203 TV2 -17600 -59670000 136228800 1000 2100
20230203 TV2 -17700 -61965000 145411100 500 500
20230203 TV2 -17700 -62015000 110983800  1200
20230203 TV2 -18900 -89555000 83443800 3000 3000
20230203 TV2 200 4630000 16225000 100 100
20230203 TV2 200 4640000 9280000  200
20230203 TV2 -25100 -230550000 191786100  2000
20230203 TV2 -25300 -235860000 145411100 7600 7600
20230203 TV2 -25700 -244470000 191786100 600 600
20230203 TV2 -26800 -270060000 145411100 1500 1500
20230203 TV2 -26900 -272345000 145411100 100 100
20230203 TV2 -27100 -276925000 145411100 200 200
20230203 TV2 300 6945000 16225000  300
20230203 TV2 -3700 -87042700 27834200 100 300
20230203 TV2 -3800 -87045000 27829600  100
20230203 TV2 -3900 -87047300 27827300  100
20230203 TV2 -4000 -87049600 27825000 3500 3500
20230203 TV2 -500 -11430000 27825000 1200 1200
20230203 TV2 -6000 -33848500 81134200  1200
20230203 TV2 -6100 -36168500 81134200 100 100
20230203 TV2 -6200 -38488500 81134200 100 100
20230203 TV2 700 16230000 27825000  500
20230203 TV2 -7200 -61688500 53294200  100
20230203 TV2 -7300 -64008500 50974200  400
20230203 TV2 -7700 -73288500 41694200  100
20230203 TV2 -7800 -75598500 39384200  500
20230203 TV2 -8300 -87148500 27834200 4600 4600
20230203 TV2 "acum_busd" "acum_busd_val" "acum_val_bu" "sd" "sum_vol"
20230206 TV2 -12300 -136577200 129685000  200
20230206 TV2 -12500 -141217200 125045000  600
20230206 TV2 -1300 121707800 387970000  11000
20230206 TV2 -13100 -155077200 111185000  300
20230206 TV2 -13200 -178156500 44290000 5000 5000
20230206 TV2 -13400 -162007200 104255000  700
20230206 TV2 -14100 -178177200 88085000 2800 4700
20230206 TV2 -1600 -20866100 14100000 1400 1400
20230206 TV2 -1800 -25526100 14100000 200 200
20230206 TV2 -1900 -27821100 18795000 100 200
20230206 TV2 -1900 -27836100 16450000  100
20230206 TV2 -1900 -27856100 14100000 100 100
20230206 TV2 -2000 -30186100 14100000 100 100
20230206 TV2 -2000 -30206100 44290000  700
20230206 TV2 -200 11753900 14100000  600
20230206 TV2 -2100 -32481100 18795000 200 200
20230206 TV2 -2100 -32516100 44290000 100 100
20230206 TV2 -2200 -34826100 44290000 100 100
20230206 TV2 -2300 -37141100 23455000  200
20230206 TV2 -2400 -39471100 18795000 300 300
20230206 TV2 -2500 -41791100 28085000  100
20230206 TV2 -2500 -41801100 18795000 100 100
20230206 TV2 -2600 -44101100 23455000 300 300
20230206 TV2 -2600 -44106100 25770000  100
20230206 TV2 -2700 -46411100 28085000 200 200
20230206 TV2 -2700 -46421100 23455000 100 100
20230206 TV2 -600 138297800 404560000  700
20230206 TV2 -700 -16100 0 700 700
20230206 TV2 -800 -2346100 0 100 100
20230206 TV2 -8200 -62656500 44290000 6000 6000
20230206 TV2 "acum_busd" "acum_busd_val" "acum_val_bu" "sd" "sum_vol"
20230207 TV2 10900 259110000 294480000 700 10000
20230207 TV2 2200 52779999.99999999 71700000 100 100
20230207 TV2 2300 55129999.99999999 71700000 200 200
20230207 TV2 2300 55149999.99999999 74070000  100
20230207 TV2 2500 59839999.99999999 71700000 100 100
20230207 TV2 2600 62209999.99999999 71700000 200 200
20230207 TV2 26700 490636400 526006400  15800
20230207 TV2 26900 490641200 526011200  200
20230207 TV2 2700 64529999.99999999 64529999.99999999  2700
20230207 TV2 2800 66949999.99999999 71700000 200 500
20230207 TV2 29400 550516200 585886200  2500
20230207 TV2 30600 587268800 967261200 1700 1700
20230207 TV2 30700 589588800 969581200  100
20230207 TV2 30700 589588800 969581200  1400
20230207 TV2 32300 626708800 967261200 800 800
20230207 TV2 33100 645348800 967261200 400 400
20230207 TV2 33500 654668800 967261200 4000 4000
20230207 TV2 37100 734891200 770261200  7700
20230207 TV2 37500 747238800 967261200 1900 2600
20230207 TV2 38700 775348800 950816200 200 200
20230207 TV2 38900 780048800 950816200 200 200
20230207 TV2 39100 782691200 818061200  2000
20230207 TV2 39100 784738800 950816200 100 100
20230207 TV2 39200 787083800 950816200 1200 1200
20230207 TV2 40400 815653800 950816200 1000 1000
20230207 TV2 41400 837366200 950816200 3200 3700
20230207 TV2 44100 903271200 938641200  5000
20230207 TV2 "acum_busd" "acum_busd_val" "acum_val_bu" "sd" "sum_vol"
20230208 TV2 0 -10000 16275000 200 200
20230208 TV2 1100 25660000 72195000 300 300
20230208 TV2 1100 25675000 79185000 300 300
20230208 TV2 1400 32650000 72195000 200 200
20230208 TV2 1400 32650000 79185000  300
20230208 TV2 1400 32670000 100070000 100 100
20230208 TV2 1500 34980000 100070000  800
20230208 TV2 -1600 37256400 123170000 3800 3800
20230208 TV2 1600 37310000 72195000 100 2100
20230208 TV2 1700 39600000 107000000  300
20230208 TV2 1700 44215400 111620000 200 200
20230208 TV2 1900 44220000 111620000  200
20230208 TV2 200 4640000 16275000 400 400
20230208 TV2 2200 55765400 123170000  500
20230208 TV2 -300 -6965000 25595000  300
20230208 TV2 -3900 9931100 136955000 200 500
20230208 TV2 -4000 7541100 130010000  300
20230208 TV2 -4000 7806100.000000002 164920000  400
20230208 TV2 -4100 5456100.000000002 164920000 100 100
20230208 TV2 -4300 701100 123170000 2700 2700
20230208 TV2 -4400 -1593899.9999999981 155520000  100
20230208 TV2 -4500 -3918899.999999998 153195000  300
20230208 TV2 -4500 -3953899.999999998 139275000 700 800
20230208 TV2 -4700 -8568899.999999998 146235000  300
20230208 TV2 -4800 -10878899.999999998 146235000 100 100
20230208 TV2 -5000 -15468899.999999998 164920000 900 900
20230208 TV2 -5000 -15528899.999999998 139275000 500 500
20230208 TV2 -5200 -20108900 164920000 200 200
20230208 TV2 600 13945000 16275000 100 100
20230208 TV2 -600 -13955000 18605000  100
20230208 TV2 700 16275000 16275000  700
20230208 TV2 -700 -16285000 16275000 700 700
20230208 TV2 700 16420000 81510000 200 1000
20230208 TV2 800 18715000 79185000 300 300
20230208 TV2 -8200 -89408900 164920000 3000 3000
20230208 TV2 900 21040000 81510000  100
20230208 TV2 "acum_busd" "acum_busd_val" "acum_val_bu" "sd" "sum_vol"
20230209 TV2 -1500 -34350000 0 800 800
20230209 TV2 -200 -4580000 0 200 200
20230209 TV2 -2900 -77803500 50441500  200
20230209 TV2 -3000 -77805800 50441500 100 100
20230209 TV2 -3100 -77808100 50436900  200
20230209 TV2 -3300 -77812700 50432300  100
20230209 TV2 -3400 -77815000 50430000  1000
20230209 TV2 -3400 -77815000 50441500 400 400
20230209 TV2 -4000 -91600000 0 2500 2500
20230209 TV2 -4400 -100715000 50441500 1000 1000
20230209 TV2 -4400 -100765000 27480000  1200
20230209 TV2 -5500 -130480400 50446100  200
20230209 TV2 -5600 -128245000 0 1600 1600
20230209 TV2 -5600 -132770400 50446100 100 100
20230209 TV2 -5700 -130485000 50441500 1300 1300
20230209 TV2 -700 -16030000 0 500 500
20230209 TV2 -7100 -169328100 59688400  400
20230209 TV2 -7200 -169330400 59688400 100 100
20230209 TV2 -7400 -166992300 64338400  100
20230209 TV2 -7400 -167007300 62018400  100
20230209 TV2 -7500 -169312300 62018400 100 100
20230209 TV2 -7500 -169337300 59688400 300 300
20230209 TV2 -7500 -178568100 50448400  100
20230209 TV2 -7600 -178570400 50446100 2000 2000
20230209 TV2 "acum_busd" "acum_busd_val" "acum_val_bu" "sd" "sum_vol"
20230210 TV2 0 0 0  100
20230210 TV2 100 2340000 2340000  100
20230210 TV2 10500 193595600 455699100 100 100
20230210 TV2 10600 195885600 455699100 6700 6700
20230210 TV2 1300 -36423300 46854900 200 200
20230210 TV2 1400 -22664800 46843400 1000 1000
20230210 TV2 1500 -31833300 46854900 100 100
20230210 TV2 1600 -29538300 46854900 300 300
20230210 TV2 16900 349436400 455689900 1100 1100
20230210 TV2 1700 39780000 39780000  1000
20230210 TV2 17300 349445600 455699100  400
20230210 TV2 17400 335621700 439554900  17000
20230210 TV2 17500 196069300 467351200 1200 1700
20230210 TV2 18000 205231600 467335100  7500
20230210 TV2 18000 349461700 455689900 100 100
20230210 TV2 18100 351756700 455689900  700
20230210 TV2 18200 205236200 467339700  200
20230210 TV2 1900 -22653300 46854900  500
20230210 TV2 -200 -4245000 46710000  200
20230210 TV2 2400 -22641800 46843400  5000
20230210 TV2 -2500 -253930700 467351200 20000 20000
20230210 TV2 -2600 -22756800 46728400  500
20230210 TV2 -3100 -22768300 46716900  300
20230210 TV2 -3400 -22775200 46710000 3000 3000
20230210 TV2 400 -57078300 46854900 900 900
20230210 TV2 -400 -8865000 42090000  100
20230210 TV2 -400 -8865000 46710000 200 200
20230210 TV2 -500 -11175000 39780000 1200 1200
20230210 TV2 700 16380000 16380000  600
20230210 TV2 700 16545000 39780000 1000 1000
20230210 TV2 "acum_busd" "acum_busd_val" "acum_val_bu" "sd" "sum_vol"
20230213 TV2 0 50000 2300000 100 200
20230213 TV2 -1000 -22900000 2300000 1000 1000
20230213 TV2 -19400 -436715000 195550000  100
20230213 TV2 -19500 -438965000 193300000  200
20230213 TV2 -19600 -442500000 144200000  4800
20230213 TV2 -19700 -443465000 188800000  1000
20230213 TV2 -20700 -466065000 166200000  900
20230213 TV2 -21300 -478635000 195550000 1900 1900
20230213 TV2 -21600 -485865000 146400000  100
20230213 TV2 -21700 -488065000 144200000 2100 2100
20230213 TV2 -24400 -546180000 40520000  200
20230213 TV2 -24600 -550500000 36200000 15000 15000
20230213 TV2 -27300 -610635000 197750000  100
20230213 TV2 -27400 -612835000 195550000 6100 6100
20230213 TV2 -28600 -638895000 249975000  500
20230213 TV2 -29100 -649795000 239075000  1500
20230213 TV2 -29600 -660595000 249975000 1000 1000
20230213 TV2 -29900 -667190000 197750000 2600 2600
20230213 TV2 -30100 -671540000 206450000  400
20230213 TV2 -30500 -680240000 197750000 600 3900
20230213 TV2 -30600 -682420000 206450000 500 500
20230213 TV2 -3100 -70250000 36200000  1500
20230213 TV2 -3500 -79400000 2300000 2500 2500
20230213 TV2 -3600 -81505000 36200000 500 500
20230213 TV2 -36200 -803250000 249975000 6600 6600
20230213 TV2 -3700 -83755000 36200000 100 100
20230213 TV2 -37700 -835350000 282675000  1500
20230213 TV2 -38000 -841875000 287075000 500 700
20230213 TV2 -38500 -852775000 287075000 500 500
20230213 TV2 -39100 -865855000 287075000 600 600
20230213 TV2 -39100 -865855000 287075000  8700
20230213 TV2 -39200 -868050000 249975000 3000 3000
20230213 TV2 -4500 -101795000 36200000 800 800
20230213 TV2 -4500 -101900000 2300000 1000 1000
20230213 TV2 -4600 -104150000 2300000 100 100
20230213 TV2 -5000 -113070000 36200000 500 500
20230213 TV2 -5700 -128855000 36200000 700 700
20230213 TV2 -5800 -131110000 36200000 100 100
20230213 TV2 -6900 -155915000 36200000 1100 1100
20230213 TV2 -7900 -178465000 36200000 1000 1000
20230213 TV2 -9600 -216800000 36200000 1700 1700
20230213 TV2 "acum_busd" "acum_busd_val" "acum_val_bu" "sd" "sum_vol"
20230214 TV2 100 2425000 13380000 100 100
20230214 TV2 -14000 -302710000 190570000  500
20230214 TV2 -14500 -313610000 179670000 8400 8900
20230214 TV2 -14600 -315790000 190570000 600 600
20230214 TV2 -15000 -324510000 190570000 400 400
20230214 TV2 200 4610000 13380000 200 200
20230214 TV2 2800 61335000 74480000  2500
20230214 TV2 300 6835000 19980000 100 100
20230214 TV2 3500 76595000 89740000  700
20230214 TV2 3600 78795000 91940000  100
20230214 TV2 400 8980000 13380000 200 200
20230214 TV2 400 9025000 19980000  300
20230214 TV2 4600 100795000 135940000 1000 1000
20230214 TV2 4700 103025000 142540000 200 200
20230214 TV2 4900 107395000 142540000  300
20230214 TV2 -5600 -119955000 142540000 5000 5000
20230214 TV2 5600 122795000 135940000  2000
20230214 TV2 -600 -11900000 142540000 5300 5300
20230214 TV2 600 13380000 13380000  600
20230214 TV2 -6400 -137235000 142540000 800 800
20230214 TV2 -6600 -141390000 168770000 300 1300
20230214 TV2 -6800 -145895000 142540000 400 400
20230214 TV2 -6900 -148060000 142540000 100 100
20230214 TV2 -7100 -152340000 146920000  100
20230214 TV2 -7200 -154530000 144730000 400 500
20230214 TV2 -7300 -156700000 146920000 200 200
20230214 TV2 "acum_busd" "acum_busd_val" "acum_val_bu" "sd" "sum_vol"
20230216 TV2 -10000 -219365000 280995000 300 300
20230216 TV2 -1000 -21960000 33150000  1000
20230216 TV2 -1100 -23545000 280995000 3200 3200
20230216 TV2 -1100 -24310000 0 200 200
20230216 TV2 -2000 -44060000 11050000 1400 1400
20230216 TV2 2100 47015000 280995000 100 100
20230216 TV2 2200 49225000 280995000 600 600
20230216 TV2 2300 51435000 269945000 1600 3000
20230216 TV2 2800 62485000 280995000  500
20230216 TV2 -3400 -74165000 280995000 2300 2300
20230216 TV2 3900 86635000 269945000 4400 4400
20230216 TV2 -4600 -99865000 409335000  400
20230216 TV2 -5000 -108765000 400435000  500
20230216 TV2 -5500 -119890000 389310000  2000
20230216 TV2 -600 -13260000 11050000  500
20230216 TV2 -6300 -137775000 409335000 1700 1700
20230216 TV2 -7100 -155275000 345085000  100
20230216 TV2 -7200 -157485000 342875000  100
20230216 TV2 -7300 -159695000 340665000  100
20230216 TV2 -7400 -161905000 338455000  2300
20230216 TV2 -7500 -164115000 345085000 400 400
20230216 TV2 7700 170310000 225420000  8700
20230216 TV2 7800 172560000 258820000 700 700
20230216 TV2 8300 183685000 269945000  500
20230216 TV2 8500 188135000 258820000 200 200
20230216 TV2 8700 192585000 258820000 500 500
20230216 TV2 -900 -19890000 0 900 900
20230216 TV2 9200 203710000 258820000  1500
20230216 TV2 -9700 -212735000 287625000  300
20230216 TV2 -9700 -212765000 280995000  4800
20230216 TV2 -9700 -212765000 280995000 6300 6300
20230216 TV2 "acum_busd" "acum_busd_val" "acum_val_bu" "sd" "sum_vol"
20230217 TV2 -100 -1625000 227900000  400
20230217 TV2 100 2235000 2235000  100
20230217 TV2 -1100 -24110000 145370000 600 600
20230217 TV2 1100 24650000 78170000  500
20230217 TV2 -1200 -26755000 26765000  500
20230217 TV2 -1600 -35675000 15615000 2000 2000
20230217 TV2 -1700 -37905000 15615000 100 100
20230217 TV2 1700 38330000 145370000 2000 2000
20230217 TV2 -1900 -41785000 187740000  100
20230217 TV2 -2000 -44015000 185510000  500
20230217 TV2 2100 47455000 276980000  2200
20230217 TV2 2100 47455000 276980000  4900
20230217 TV2 2200 49330000 111770000 400 400
20230217 TV2 2400 53770000 107290000  1300
20230217 TV2 -2500 -55165000 174360000  1200
20230217 TV2 2600 58250000 111770000  200
20230217 TV2 -3100 -68605000 147600000 2100 2200
20230217 TV2 3200 71730000 134170000  1000
20230217 TV2 -3700 -81925000 147600000 600 600
20230217 TV2 3700 82930000 145370000  500
20230217 TV2 400 8925000 15615000 300 300
20230217 TV2 -500 -10565000 218960000  1400
20230217 TV2 -500 -10730000 145370000 1000 1000
20230217 TV2 500 11570000 145370000 400 400
20230217 TV2 600 13475000 66995000  1800
20230217 TV2 700 15615000 15615000  600
20230217 TV2 900 20490000 145370000 800 800
20230217 TV2 "acum_busd" "acum_busd_val" "acum_val_bu" "sd" "sum_vol"
20230220 TV2 -10900 -243560000 745525000 2800 3100
20230220 TV2 -10900 -243595000 667125000  3800
20230220 TV2 -11000 -245800000 745525000 100 100
20230220 TV2 -1100 -24455000 87435000  200
20230220 TV2 -1100 -24530000 0 1100 1100
20230220 TV2 -11200 -250240000 765730000 100 500
20230220 TV2 -11200 -250915000 103185000 100 300
20230220 TV2 -11300 -253165000 98685000 2200 2700
20230220 TV2 -11400 -254760000 671605000 700 900
20230220 TV2 -11500 -256975000 756750000  500
20230220 TV2 -11700 -261525000 582005000 5000 5000
20230220 TV2 -12000 -268200000 745525000 1000 1000
20230220 TV2 1200 26950000 67160000 700 700
20230220 TV2 -1300 -28965000 82925000  700
20230220 TV2 -13200 -295240000 765730000 2000 2000
20230220 TV2 -14500 -324245000 582005000 2800 2800
20230220 TV2 -14500 -324295000 357955000  2600
20230220 TV2 -14700 -328715000 582005000 200 200
20230220 TV2 -1600 -35730000 87435000 500 500
20230220 TV2 -1600 -35770000 67160000 1000 1000
20230220 TV2 -16800 -376085000 199075000 700 4200
20230220 TV2 -17100 -382535000 299715000  1700
20230220 TV2 -18000 -402785000 259395000  900
20230220 TV2 -18600 -416225000 234755000  300
20230220 TV2 -18800 -420615000 261635000 900 1000
20230220 TV2 -18800 -420705000 234755000 200 200
20230220 TV2 -18900 -422915000 228065000  1300
20230220 TV2 -18900 -422945000 239235000  200
20230220 TV2 1900 42630000 67160000  3000
20230220 TV2 -19100 -427425000 234755000 300 300
20230220 TV2 -19600 -438525000 121025000  800
20230220 TV2 -2000 -44730000 67160000 400 400
20230220 TV2 -20200 -451905000 199075000 3400 3400
20230220 TV2 -20400 -456365000 103185000 9200 9200
20230220 TV2 -3000 -67300000 87435000 1400 1400
20230220 TV2 -600 -13370000 67160000 1500 1500
20230220 TV2 -6700 -149525000 582005000  500
20230220 TV2 -7200 -160775000 570755000 2200 6700
20230220 TV2 -8000 -179300000 87435000  1700
20230220 TV2 -8000 -179300000 87435000 5000 5000
20230220 TV2 -8100 -181535000 87435000 100 100
20230220 TV2 -8400 -187560000 738805000  1000
20230220 TV2 900 20230000 67160000 300 300
20230220 TV2 -9400 -209960000 716405000  2000
20230220 TV2 -9500 -212295000 469955000  5000
20230220 TV2 -9600 -215135000 87435000 1500 1500
20230220 TV2 "acum_busd" "acum_busd_val" "acum_val_bu" "sd" "sum_vol"
