20221212 TVD -19800 -161090000 826530000 299970000 461060000
20221213 TVD 5900 42870000.00000001 576340000 302690000 259820000
20221214 TVD -1400 -9450000 515900000 233070000 242520000
20221215 TVD -40900 -341820000 663500000 143860000 485680000
20221216 TVD 45700 379850000 3787610000 2009040000 1629190000
20221219 TVD -93900 -891400000 3239100000 1138720000 2030120000
20221220 TVD -106900 -921710000 2395100000 648420000 1570130000
20221221 TVD -19200 -172100000 1950020000 835580000 1007680000
20221222 TVD -36800 -288430000 1107500000 367650000 656080000
20221223 TVD 33300 274070000 816760000 520540000 246470000
20221226 TVD 4200 32020000 920950000 408030000 376010000
20221227 TVD 1700 17030000 646090000 295110000 278080000
20221228 TVD 15200 124450000 446980000 236710000 112260000
20221229 TVD -2900 -22040000 387460000 182710000 204750000
20221230 TVD -21800 -174270000 260150000 42940000 217210000
20230103 TVD -13200 -111590000 840100000 277390000 388980000
20230104 TVD -17200 -145820000 783260000 311050000 456870000
20230105 TVD 29600 259420000 1491020000 793400000 533980000
20230106 TVD -40700 -356500000 1393970000 493950000 850450000
20230109 TVD -34400 -297030000 866400000 223700000 520730000
20230110 TVD 9200 81360000 404150000 213320000 131960000
20230111 TVD -25300 -221800000 419830000 77910000 299710000
20230112 TVD 8000 73030000 475230000 261670000 188640000
20230113 TVD -72900 -644720000 864570000 85450000 730170000
20230116 TVD -7000 -63260000 525800000 230380000 293640000
20230117 TVD -8300 -69670000 1290030000 579030000 648700000
20230118 TVD 70400 674510000 4854160000 2693930000 2019420000
20230119 TVD 158700 1717800000 6236020000 3891020000 2173220000
20230127 TVD -595800 -7030410000 7030410000 0 7030410000
20230130 TVD -60300 -779830000 8263650000 3622700000 4402530000
20230131 TVD 17100 307730000 14118920000 7002290000 6694560000
20230201 TVD 149000 2056970000 7572080000 4642770000 2585800000
20230202 TVD 279700 3868470000 10307460000 7041160000 3172690000
20230203 TVD 26900 427010000 8792200000 4528670000 4101660000
20230206 TVD -66300 -866280000 4893250000 1921270000 2787550000
20230207 TVD -109100 -1449230000 5534870000 1891920000 3341150000
20230208 TVD 460400 6790690000 22027150000 14129000000 7338310000
20230209 TVD -14000 -186170000 6088500000 2887170000 3073340000
20230210 TVD -293900 -4028960000 13014560000 4346530000 8375490000
