20221212 TVN -47200 -243180000
20221213 TVN -40300 25007000
20221214 TVN 63500 338720000
20221215 TVN -31800 -164180000
20221216 TVN 230700 1300590000
20221219 TVN 71900 808693200
20221220 TVN -186600 -994932200
20221221 TVN -115900 -581555000
20221222 TVN -28800 -144900000
20221223 TVN -25500 -128350000
20221226 TVN -145900 -530317000
20221227 TVN 73400 344676500
20221228 TVN 9400 48159999.999999985
20221229 TVN -9700 50164000
20221230 TVN 6000 40490500
20230103 TVN 103700 558270000
20230104 TVN -18200 -91830000
20230105 TVN 25200 135780000
20230106 TVN -37000 -193370000
20230109 TVN -18300 -94590000
20230110 TVN 12200 66360000
20230111 TVN 12800 74070000
20230112 TVN -24200 -126630000
20230113 TVN -120100 -639740000
20230116 TVN 75800 415980000
20230117 TVN -44600 -219570000
20230118 TVN -44600 -242380000
20230119 TVN -83700 -454320000
20230127 TVN -74600 -405050000
20230130 TVN -1500 -10510000
20230131 TVN 22600 45386000
20230201 TVN -83500 -868337800
20230202 TVN -69000 -376690000
20230203 TVN -64600 -350710000
20230206 TVN 9600 56580000
20230207 TVN -24900 -130170000
20230208 TVN 73200 405340000
20230209 TVN -13900 -74240000
20230210 TVN -70300 -378980000
20230213 TVN -39600 -205940000
