20221212 TXM 0 0
20221215 TXM -1900 -6410000
20221219 TXM 0 0
20221220 TXM -400 -1570000
20221222 TXM 100 360000
20221223 TXM 100 380000
20221226 TXM 100 400000
20221227 TXM 100 420000
20230104 TXM 500 1800000
20230105 TXM 0 0
20230106 TXM -8800 -28160000
20230113 TXM -1100 -3500000
20230116 TXM 2000 6230000
20230117 TXM 400 1240000
20230118 TXM -2200 -6600000
20230119 TXM 2400 7310000
20230130 TXM 300 960000
20230201 TXM 2400 8320000
20230202 TXM 0 0
20230203 TXM -300 -960000
20230206 TXM 2400 7940000
20230207 TXM 100 350000
