20221212 UIC 500 15404000 15404000 0 500
20221213 UIC 100 4590000.000000001 12093900 300 700
20221214 UIC 400 15600 15600 0 600
20221215 UIC -300 -11550000 0 300 300
20221216 UIC 100 3829999.9999999995 3829999.9999999995 0 100
20221220 UIC 0 0 0 0 400
20221221 UIC -600 -21500 3800 700 800
20221222 UIC -2400 -54207400 0 2400 3100
20221223 UIC 0 40880400 40920000 1100 2800
20221226 UIC -1500 3682399.9999999986 7377999.999999999 2200 3400
20221227 UIC -500 -17710000 10650000 800 1200
20221228 UIC -300 -10200 10800 600 1000
20221229 UIC 0 0 0 0 2500
20221230 UIC -100 -3600 0 100 200
20230104 UIC 300 11400 11400 0 300
20230105 UIC 100 3845000.0000000005 3845000.0000000005 0 100
20230106 UIC 100 3800 3800 0 100
20230109 UIC 400 15200 15200 0 400
20230111 UIC -600 -21715000 0 600 600
20230112 UIC 700 25310000.000000007 36200000.00000001 300 1300
20230116 UIC 200 7440000.000000001 7440000.000000001 0 200
20230117 UIC -300 -10490000 11375000 600 1000
20230119 UIC 200 7635000 7635000 0 700
20230130 UIC -1600 -69308600 11400 1900 2200
20230131 UIC -1500 -62047400 7600 1700 2400
20230201 UIC -1300 -80200800 3829200.0000000005 2300 3400
20230202 UIC -600 -21320000 22485000 1200 2400
20230203 UIC 500 18815000 51460000 900 2300
20230206 UIC -100 -3670000.0000000005 0 100 100
20230207 UIC -400 -10923700 3705899.9999999995 1200 3100
20230208 UIC 900 36761400 36765000 100 1100
20230209 UIC 800 29690000 51590000 600 2000
20230210 UIC -100 -3650000 0 100 200
20230213 UIC 1100 40190000 47440000 200 1500
20230214 UIC -4300 -152860000 3650000 4400 4500
20230216 UIC -100 -3570000 0 100 100
20230217 UIC 600 21600000 21600000 0 600
20230220 UIC 500 18160000 43440000 700 1900
