20221212 VEC 100 1250000 1250000 1250000 
20221212 VEC "acum_busd" "acum_busd_val" "acum_val" "val_bu" "val_sd"
20221213 VEC -1000 -12670000 94380000 5250000 1250000
20221213 VEC -100 1190000 181040000 28000000 
20221213 VEC -1200 -15370000 97080000  2700000
20221213 VEC 12400 164690000 349740000 45500000 
20221213 VEC 12400 164690000 351040000  
20221213 VEC 12400 164690000 364540000  
20221213 VEC -1300 -16670000 87880000 1410000 28600000
20221213 VEC 13700 182240000 382090000 17550000 
20221213 VEC -1400 -18010000 116040000 4050000 
20221213 VEC -1400 -18010000 121440000  
20221213 VEC -1500 -19310000 122740000  1300000
20221213 VEC -1700 -22060000 111990000 4110000 10800000
20221213 VEC -2100 -26810000 153040000 8100000 
20221213 VEC -2700 -34910000 140940000 1300000 
20221213 VEC -2700 -34910000 144940000  
20221213 VEC -2800 -36210000 139640000  16900000
20221213 VEC 500 6500000 45750000  
20221213 VEC 500 6500000 6500000 6500000 
20221213 VEC 800 10520000 57870000 4020000 
20221213 VEC 8900 119190000 299040000 104000000 
20221213 VEC 8900 119190000 304240000  
20221213 VEC 900 15190000 195040000 14000000 
20221213 VEC "acum_busd" "acum_busd_val" "acum_val" "val_bu" "val_sd"
20221214 VEC 1100 14750000 133750000  18900000
20221214 VEC 2500 33650000 114850000  13600000
20221214 VEC 3500 47250000 101250000  
20221214 VEC 3500 47250000 74250000  2700000
20221214 VEC 3700 49950000 71550000 44550000 
20221214 VEC 4000 54560000 269380000  30590000
20221214 VEC 400 5400000 27000000 4050000 10800000
20221214 VEC 5000 68060000 282880000 13500000 
20221214 VEC 5300 72110000 286930000 4050000 
20221214 VEC 6100 82250000 201250000 67500000 
20221214 VEC 6300 85150000 238790000  13300000
20221214 VEC 7100 95750000 214750000 13500000 
20221214 VEC 7300 98450000 217450000 2700000 
20221214 VEC 7300 98450000 225490000  
20221214 VEC 8200 111260000 326080000 39150000 
20221214 VEC 900 12150000 12150000 12150000 
20221214 VEC 9100 123410000 338230000 12150000 
20221214 VEC "acum_busd" "acum_busd_val" "acum_val" "val_bu" "val_sd"
20221215 VEC 2000 28000000 28000000 28000000 
20221215 VEC 2000 28000000 41500000  
20221215 VEC 2400 33400000 46900000 5400000 
20221215 VEC 3000 41500000 87400000  9450000
20221215 VEC 3700 50950000 64450000 17550000 
20221215 VEC 3700 50950000 77950000  
20221215 VEC 4800 65800000 111700000 24300000 
20221215 VEC 5000 68500000 114400000 2700000 
20221215 VEC 5000 68500000 115760000  
20221215 VEC 5000 68500000 129460000  
20221215 VEC 5100 69870000 130830000 1370000 
20221215 VEC "acum_busd" "acum_busd_val" "acum_val" "val_bu" "val_sd"
20221216 VEC 0 0 13600000  
20221216 VEC -600 -8140000 24500000 1380000 9520000
20221216 VEC "acum_busd" "acum_busd_val" "acum_val" "val_bu" "val_sd"
20221219 VEC -1400 -19120000 31350000 2740000 
20221219 VEC -1600 -21860000 28610000  10960000
20221219 VEC 200 2700000 2700000 2700000 
20221219 VEC 200 2700000 4050000  
20221219 VEC -2100 -27980000 110930000 4080000 44220000
20221219 VEC -2400 -31910000 117540000  3930000
20221219 VEC -2400 -31910000 131140000  
20221219 VEC -4200 -56390000 171940000 6800000 5440000
20221219 VEC -4300 -57750000 159700000 1360000 
20221219 VEC -4400 -59110000 158340000  27200000
20221219 VEC -4500 -60450000 186920000 1380000 
20221219 VEC -4600 -61830000 185540000 4080000 
20221219 VEC -4900 -65910000 181460000  9520000
20221219 VEC -6000 -80670000 257420000 1380000 
20221219 VEC -6100 -82050000 208520000  21600000
20221219 VEC -6100 -82050000 256040000  
20221219 VEC -800 -10900000 17650000  13600000
20221219 VEC 900 12160000 62630000 31280000 
20221219 VEC "acum_busd" "acum_busd_val" "acum_val" "val_bu" "val_sd"
20221220 VEC 0 0 10480000 5240000 
20221220 VEC -100 -1310000 11790000  1310000
20221220 VEC 1600 20960000 102180000  
20221220 VEC 1600 20960000 62880000 13100000 
20221220 VEC 1600 20960000 75980000  
20221220 VEC 1600 20960000 89080000  
20221220 VEC 200 2620000 31440000 11790000 7860000
20221220 VEC 3300 43320000 176740000 1300000 13000000
20221220 VEC 3600 47160000 128380000 26200000 
20221220 VEC 3600 47160000 141480000  
20221220 VEC 3600 47160000 154580000  
20221220 VEC 3700 48470000 155890000 1310000 
20221220 VEC -400 -5240000 5240000  5240000
20221220 VEC 4200 55020000 162440000 6550000 
20221220 VEC 600 7860000 36680000 5240000 
20221220 VEC 600 7860000 49780000  
20221220 VEC "acum_busd" "acum_busd_val" "acum_val" "val_bu" "val_sd"
20221221 VEC -1000 -12930000 39110000 1370000 
20221221 VEC -1100 -14300000 35140000 2600000 23400000
20221221 VEC -1100 -14300000 37740000  
20221221 VEC 400 5200000 5200000 5200000 
20221221 VEC 500 6500000 6500000 1300000 
20221221 VEC 500 6500000 9140000  
20221221 VEC "acum_busd" "acum_busd_val" "acum_val" "val_bu" "val_sd"
20221222 VEC 0 5600000 142120000 1430000 
20221222 VEC -1000 -13000000 13000000  13000000
20221222 VEC -100 4160000 143560000  1440000
20221222 VEC -100 4170000 140690000 42900000 
20221222 VEC -1900 -24930000 512300000 2980000 
20221222 VEC -2100 -27910000 509320000  44700000
20221222 VEC 300 10100000 166820000  1460000
20221222 VEC -3100 -38730000 97790000 13900000 
20221222 VEC 400 11560000 165360000 14600000 
20221222 VEC 400 11590000 168310000 1490000 
20221222 VEC -4100 -52630000 83890000 12330000 
20221222 VEC 4400 68940000 674710000  34270000
20221222 VEC -5000 -64960000 70240000 2640000 
20221222 VEC -5000 -64960000 71560000  
20221222 VEC -5000 -65000000 65000000  52000000
20221222 VEC -5200 -67600000 67600000  2600000
20221222 VEC -600 -3040000 150760000  7200000
20221222 VEC -600 -5560000 749210000  74500000
20221222 VEC 6700 103210000 640440000 128140000 
20221222 VEC 7400 113970000 296610000  12960000
20221222 VEC 7500 115430000 303910000  1460000
20221222 VEC 7600 116890000 299530000 2920000 
20221222 VEC 7600 116890000 302450000  1460000
20221222 VEC 7700 118350000 300990000 1460000 
20221222 VEC 8300 126930000 283650000 115340000 
20221222 VEC 8400 128570000 317050000 13140000 
20221222 VEC 8500 130030000 318510000 1460000 
20221222 VEC 900 16790000 460150000  113240000
20221222 VEC "acum_busd" "acum_busd_val" "acum_val" "val_bu" "val_sd"
20221223 VEC 12000 198900000 231980000 71380000 11620000.000000002
20221223 VEC 14000 232100000 442800000  49800000.00000001
20221223 VEC 16800 278580000 311660000 79680000 
20221223 VEC 17000 281900000 393000000  16600000
20221223 VEC 18000 298500000 353160000  4980000
20221223 VEC 18000 298500000 376400000  3320000.0000000005
20221223 VEC 18200 301820000 373080000  1660000.0000000002
20221223 VEC 18300 303480000 348180000  4980000
20221223 VEC 18300 303480000 371420000  1660000.0000000002
20221223 VEC 18400 305140000 369760000  4980000
20221223 VEC 18600 308460000 341540000 29880000.000000004 
20221223 VEC 18600 308460000 343200000  
20221223 VEC 18700 310120000 364780000 11620000 
20221223 VEC 5700 94320000 580580000  34860000
20221223 VEC 600 9600000 9600000 9600000 
20221223 VEC 7800 129180000 545720000  8300000
20221223 VEC 8300 137480000 537420000  11620000.000000002
20221223 VEC 8400 139140000 148980000 1660000.0000000002 3320000.0000000005
20221223 VEC 8500 140800000 144000000 132800000.00000001 1600000
20221223 VEC 9000 149100000 525800000  83000000
20221223 VEC "acum_busd" "acum_busd_val" "acum_val" "val_bu" "val_sd"
20221226 VEC 10000 171000000 171000000 171000000 
20221226 VEC 11700 203620000 392320000 126970000 94350000
20221226 VEC 11900 214090000 995830000  21600000
20221226 VEC 12000 209290000 462250000 3779999.9999999995 22680000
20221226 VEC 12800 230290000 1015630000  1800000
20221226 VEC 12900 232090000 1013830000 18000000 
20221226 VEC 13000 228190000 435790000 34020000 9450000
20221226 VEC 13100 235690000 974230000  18000000
20221226 VEC 13600 245010000 1030350000 14719999.999999998 
20221226 VEC 13600 245010000 1034030000  
20221226 VEC 14100 253690000 956230000  18000000
20221226 VEC 14200 251090000 504050000 41800000 
20221226 VEC 14700 271190000 1506910000  18000000
20221226 VEC 14700 271190000 1517710000  
20221226 VEC 14700 271190000 1571710000  
20221226 VEC 14800 273070000 1577190000  1800000
20221226 VEC 14900 274870000 1575390000 3679999.9999999995 
20221226 VEC 14900 274870000 1578990000 1800000 
20221226 VEC 15100 268040000 724060000 18900000 99640000
20221226 VEC 15100 271690000 938230000  18000000
20221226 VEC 15400 273900000 530640000 24700000 1889999.9999999998
20221226 VEC 15500 285510000 1485230000  9000000
20221226 VEC 15600 281810000 1070830000 36800000 
20221226 VEC 15700 289190000 1488910000 3679999.9999999995 
20221226 VEC 16000 294510000 1476230000  46800000
20221226 VEC 16100 286840000 742860000 18800000 
20221226 VEC 16100 289690000 920230000  30600000
20221226 VEC 17500 313590000 570330000 39690000 
20221226 VEC 17600 315480000 572220000 1889999.9999999998 
20221226 VEC 17800 320290000 884230000  32400000
20221226 VEC 17800 320290000 889630000  
20221226 VEC 18600 341310000 1429430000  144000000
20221226 VEC 18700 335830000 592570000 20350000 
20221226 VEC 18800 337680000 594420000 1850000 
20221226 VEC 19400 348780000 605520000 11100000 
20221226 VEC 19600 352690000 851830000  5580000
20221226 VEC 19700 354520000 810540000 67680000 
20221226 VEC 19700 354520000 842500000  
20221226 VEC 19800 356400000 844380000 1880000 
20221226 VEC 19900 358270000 846250000 1870000 
20221226 VEC 20900 379860000 1168880000 98050000 
20221226 VEC 22700 413160000 1213280000 38850000 5550000
20221226 VEC 24700 450160000 1250280000 37000000 
20221226 VEC 26600 485310000 1285430000 35150000 
20221226 VEC "acum_busd" "acum_busd_val" "acum_val" "val_bu" "val_sd"
20221227 VEC 12000 224900000 224900000 132200000 
20221227 VEC 12000 224900000 243900000  
20221227 VEC 12300 231430000 331530000  36000000
20221227 VEC 14100 263750000 282750000 38850000 
20221227 VEC 14300 267430000 286430000 3679999.9999999995 
20221227 VEC 14300 267430000 295530000  
20221227 VEC 5000 92700000 92700000 92700000 
20221227 VEC 7400 143230000 419730000  25200000
20221227 VEC 7600 146830000 423330000 3600000 
20221227 VEC 8000 153990000 430490000 7159999.999999999 
20221227 VEC 8800 168430000 394530000  9000000
20221227 VEC 9300 177430000 385530000  54000000
20221227 VEC "acum_busd" "acum_busd_val" "acum_val" "val_bu" "val_sd"
20221228 VEC -1000 -17000000 17000000  8500000
20221228 VEC -10400 -176800000 272000000  78200000
20221228 VEC -10400 -176800000 273700000  
20221228 VEC -4000 -68000000 146200000 17000000 
20221228 VEC -4000 -68000000 163200000  
20221228 VEC -4800 -81600000 115600000 17000000 
20221228 VEC -4800 -81600000 119000000  
20221228 VEC -4800 -81600000 124100000  
20221228 VEC -4800 -81600000 125800000  
20221228 VEC -4900 -83300000 127500000  1700000
20221228 VEC -5000 -85000000 129200000  1700000
20221228 VEC -500 -8500000 8500000  8500000
20221228 VEC -5800 -98600000 193800000  30600000
20221228 VEC -5800 -98600000 98600000  81600000
20221228 VEC "acum_busd" "acum_busd_val" "acum_val" "val_bu" "val_sd"
20221229 VEC -10400 -175720000 604400000  17000000
20221229 VEC -10400 -175720000 621400000  
20221229 VEC -1600 -27200000 68000000  20400000
20221229 VEC 200 3400000 30600000 17000000 13600000
20221229 VEC -2100 -35600000 110600000  25500000
20221229 VEC -2100 -35600000 127600000  
20221229 VEC -2200 -37300000 129300000  1700000
20221229 VEC -2200 -37300000 163300000  
20221229 VEC -400 -6800000 47600000 3400000 13600000
20221229 VEC -5800 -97880000 240780000  60580000
20221229 VEC -5800 -97880000 277960000  
20221229 VEC -5900 -99220000 405500000 17200000 
20221229 VEC -5900 -99220000 422500000  
20221229 VEC -5900 -99220000 473500000 17000000 
20221229 VEC -600 -10100000 85100000 17100000 
20221229 VEC -6200 -104640000 284720000  6759999.999999999
20221229 VEC -6400 -107720000 448000000 8500000 17000000
20221229 VEC -6900 -116220000 456500000  8500000
20221229 VEC -6900 -116220000 490500000  17000000
20221229 VEC -6900 -116420000 330500000 8500000 
20221229 VEC -6900 -116420000 337300000  
20221229 VEC -6900 -116420000 354300000  
20221229 VEC -6900 -116420000 371300000  
20221229 VEC -6900 -116420000 388300000  
20221229 VEC -7200 -121540000 301620000  16900000
20221229 VEC -7300 -123230000 303310000  1689999.9999999998
20221229 VEC -7400 -124920000 305000000  1689999.9999999998
20221229 VEC -7400 -124920000 322000000  
20221229 VEC -8000 -134920000 512600000 1700000 20400000
20221229 VEC -8400 -141720000 519400000  6800000
20221229 VEC -8400 -141720000 544900000  
20221229 VEC -8400 -141720000 570400000  
20221229 VEC -9400 -158720000 587400000  17000000
20221229 VEC "acum_busd" "acum_busd_val" "acum_val" "val_bu" "val_sd"
20221230 VEC 100 1700000 5100000 3400000 1700000
20221230 VEC 2500 44100000 74700000  8500000
20221230 VEC 2700 47500000 78100000 3400000 
20221230 VEC 3000 52600000 66200000  5100000
20221230 VEC 3300 57700000 61100000 56000000 
20221230 VEC 3700 64500000 95100000 17000000 
20221230 VEC 4200 73000000 103600000 8500000 
20221230 VEC "acum_busd" "acum_busd_val" "acum_val" "val_bu" "val_sd"
20230103 VEC 1200 20750000 49740000 10200000 
20230103 VEC 1300 22650000 99240000  6800000
20230103 VEC 1400 24350000 100940000 1700000 
20230103 VEC 1700 29250000 58240000 8500000 
20230103 VEC 1700 29450000 92440000 17200000 
20230103 VEC 500 8850000 14040000 8850000 
20230103 VEC 500 8850000 37840000  
20230103 VEC 500 9050000 116240000  15300000
20230103 VEC 600 10550000 39540000 1700000 
20230103 VEC 700 12250000 75240000  17000000
20230103 VEC "acum_busd" "acum_busd_val" "acum_val" "val_bu" "val_sd"
20230104 VEC -100 -1680000 10180000  
20230104 VEC -100 -1680000 1680000  1680000
20230104 VEC -1900 -31840000 50600000  35290000
20230104 VEC 200 3450000 15310000 5130000 
20230104 VEC "acum_busd" "acum_busd_val" "acum_val" "val_bu" "val_sd"
20230105 VEC -1000 -16000000 16000000  8000000
20230105 VEC -11300 -180800000 180800000  128000000
20230105 VEC -1300 -20800000 20800000  4800000
20230105 VEC -3300 -52800000 52800000  32000000
20230105 VEC -500 -8000000 8000000  8000000
20230105 VEC "acum_busd" "acum_busd_val" "acum_val" "val_bu" "val_sd"
20230106 VEC 1000 17000000 17000000 17000000 
20230106 VEC 3600 61200000 64600000  1700000
20230106 VEC 3700 62900000 62900000 45900000 
20230106 VEC 4000 68000000 71400000 6800000 
20230106 VEC 5600 95200000 98600000 27200000 
20230106 VEC 5700 97200000 110200000  4800000
20230106 VEC 6000 102000000 105400000 6800000 
20230106 VEC 6200 105500000 118500000 8300000 
20230106 VEC "acum_busd" "acum_busd_val" "acum_val" "val_bu" "val_sd"
20230109 VEC -1100 -17600000 17600000  3200000
20230109 VEC 2000 32000000 83200000 57600000 8000000
20230109 VEC 2100 33600000 84800000 1600000 
20230109 VEC 2300 36800000 88000000 3200000 
20230109 VEC 2300 36800000 89590000  
20230109 VEC -900 -14400000 14400000  14400000
20230109 VEC "acum_busd" "acum_busd_val" "acum_val" "val_bu" "val_sd"
20230110 VEC -200 -3000000 3000000  3000000
20230110 VEC -200 -3000000 6000000  
20230110 VEC -600 -9300000 18700000 3200000 
20230110 VEC -700 -11000000 14000000  8000000
20230110 VEC -800 -12500000 15500000  1500000
20230110 VEC "acum_busd" "acum_busd_val" "acum_val" "val_bu" "val_sd"
20230111 VEC 0 0 15900000  
20230111 VEC -100 -1510000 17410000  1510000
20230111 VEC -10100 -153730000 175870000  9160000
20230111 VEC -2800 -42280000 58180000  40770000
20230111 VEC -3400 -51400000 70340000 1520000 
20230111 VEC -3500 -52920000 68820000  10640000
20230111 VEC -4300 -65000000 87140000 1600000 
20230111 VEC -4400 -66540000 88680000  1540000
20230111 VEC -4400 -66600000 85540000  15200000
20230111 VEC -9500 -144570000 166710000  78030000
20230111 VEC "acum_busd" "acum_busd_val" "acum_val" "val_bu" "val_sd"
20230112 VEC 0 0 16600000  
20230112 VEC -100 -1500000 18100000  1500000
20230112 VEC -1100 -16600000 33200000  15100000
20230112 VEC "acum_busd" "acum_busd_val" "acum_val" "val_bu" "val_sd"
20230113 VEC 0 0 16700000  
20230113 VEC "acum_busd" "acum_busd_val" "acum_val" "val_bu" "val_sd"
20230116 VEC 1000 17900000 17900000 17900000 
20230116 VEC 1000 17900000 34620000  
20230116 VEC 1000 17900000 43670000  
20230116 VEC 1000 17900000 58670000  
20230116 VEC -13700 -197750000 274320000  95550000
20230116 VEC -13800 -199220000 287550000 5880000 
20230116 VEC -14200 -205100000 281670000  7350000
20230116 VEC -200 120000 76450000  17780000
20230116 VEC -20500 -296310000 393460000 4410000 101500000
20230116 VEC -20500 -296310000 407960000  
20230116 VEC -31500 -453610000 565260000  157300000
20230116 VEC -32700 -470870000 582520000  17260000
20230116 VEC -400 -2820000 79390000  2940000
20230116 VEC -42400 -609460000 729930000 1470000 
20230116 VEC -42500 -610890000 731360000  1430000
20230116 VEC -42500 -610930000 728460000 2940000 
20230116 VEC -42700 -613870000 725520000  143000000
20230116 VEC -45500 -653790000 774260000  42900000
20230116 VEC -5700 -80200000 156770000  77380000
20230116 VEC -6700 -94900000 171470000  14700000
20230116 VEC -7200 -102200000 178770000  7300000
20230116 VEC "acum_busd" "acum_busd_val" "acum_val" "val_bu" "val_sd"
20230117 VEC -100 -1280000 1280000  1280000
20230117 VEC 900 14620000 17180000 15900000 
20230117 VEC 900 14620000 18560000  
20230117 VEC "acum_busd" "acum_busd_val" "acum_val" "val_bu" "val_sd"
20230118 VEC -1000 -12350000 365530000 100800000 
20230118 VEC -100 890000 386170000 1490000 
20230118 VEC -100 890000 392130000  
20230118 VEC -200 -600000 377280000 7400000 
20230118 VEC -200 -600000 384680000  
20230118 VEC -3500 -49700000 49700000  42600000
20230118 VEC -500 -7100000 7100000  7100000
20230118 VEC -7000 -99050000 99050000  49350000
20230118 VEC -700 -8000000 369880000 4350000 
20230118 VEC -8000 -113150000 113150000  14100000
20230118 VEC -8000 -113150000 264730000  
20230118 VEC "acum_busd" "acum_busd_val" "acum_val" "val_bu" "val_sd"
20230119 VEC 0 0 14900000  
20230119 VEC 1100 15950000 30850000 11600000 
20230119 VEC 1200 17400000 32300000 1450000 
20230119 VEC 1500 21750000 36650000 4350000 
20230119 VEC 300 4350000 19250000 4350000 
20230119 VEC "acum_busd" "acum_busd_val" "acum_val" "val_bu" "val_sd"
20230127 VEC 0 0 29200000  
20230127 VEC 2000 29200000 58400000 21900000 
20230127 VEC 500 7300000 36500000 7300000 
20230127 VEC 6000 88000000 117200000 58800000 
20230127 VEC 6500 95650000 157190000  14700000
20230127 VEC 6600 96820000 126020000 8820000 
20230127 VEC 6700 98650000 160190000 3000000 
20230127 VEC 7500 110350000 142490000  1470000
20230127 VEC 7600 111820000 141020000 15000000 
20230127 VEC 7700 113550000 175090000 14900000 
20230127 VEC 8100 119510000 181050000 5960000 
20230127 VEC 8900 131510000 193050000 12000000 
20230127 VEC "acum_busd" "acum_busd_val" "acum_val" "val_bu" "val_sd"
20230130 VEC -1000 -14700000 14700000  14700000
20230130 VEC -1000 -14700000 17640000  
20230130 VEC -1800 -26070000 51060000 7350000 
20230130 VEC -2000 -29100000 32040000  14400000
20230130 VEC -2100 -30180000 183710000 44400000 
20230130 VEC -2300 -33420000 36360000  4320000
20230130 VEC -2300 -33420000 43710000  
20230130 VEC -2900 -42020000 195550000  11840000
20230130 VEC -3600 -52530000 109860000 16170000 42630000
20230130 VEC -3600 -52530000 117260000  
20230130 VEC -4600 -67230000 131960000  14700000
20230130 VEC -5100 -74580000 139310000  7350000
20230130 VEC "acum_busd" "acum_busd_val" "acum_val" "val_bu" "val_sd"
20230131 VEC 10600 164930000 682540000 133560000 
20230131 VEC 12700 198320000 715930000 33390000 
20230131 VEC 14700 230320000 752700000 32000000 
20230131 VEC 1700 23390000 392480000  7950000
20230131 VEC 1800 24990000 394080000 1600000 
20230131 VEC 1800 27150000 101850000  
20230131 VEC 1800 27150000 94350000  7450000
20230131 VEC 2000 28190000 397280000 3200000 
20230131 VEC 2000 28210000 451020000 18960000 
20230131 VEC 2200 31340000 384530000  12560000
20230131 VEC 2200 31370000 548980000  17380000
20230131 VEC 2300 34600000 79400000  14900000
20230131 VEC 2800 42150000 154350000  7500000
20230131 VEC 2800 42150000 158850000  
20230131 VEC 3000 43900000 340370000  3200000
20230131 VEC 3000 43900000 371970000  
20230131 VEC 300 4500000 4500000 4500000 
20230131 VEC 3200 47100000 337170000  12800000
20230131 VEC 3200 47170000 514220000 1580000 6320000
20230131 VEC 3300 48750000 531600000 9480000 7900000
20230131 VEC 3300 49500000 49500000 45000000 
20230131 VEC 3300 49500000 64500000  
20230131 VEC 3300 49650000 146850000  7500000
20230131 VEC 3500 51910000 506320000 7900000 11060000
20230131 VEC 3700 55070000 487360000 31600000 4740000
20230131 VEC 3800 57150000 139350000 30000000 
20230131 VEC 4000 59900000 324370000  3200000
20230131 VEC 4200 63100000 321170000  1600000
20230131 VEC 4300 64700000 310090000  16000000
20230131 VEC 4300 64700000 319570000  
20230131 VEC 4300 64800000 181500000 22650000 
20230131 VEC 4300 64800000 242300000  
20230131 VEC 4300 64800000 265550000  
20230131 VEC 4800 72700000 286090000 14220000 6320000
20230131 VEC 5300 80700000 294090000 8000000 
20230131 VEC 600 6090000 425740000 3180000 6320000
20230131 VEC 600 6090000 428900000  
20230131 VEC 800 9230000 416240000  18960000
20230131 VEC 800 9250000 432060000 3160000 
20230131 VEC "acum_busd" "acum_busd_val" "acum_val" "val_bu" "val_sd"
20230201 VEC 15400 254000000 260600000  1650000
20230201 VEC 15500 255650000 258950000 255650000 
20230201 VEC 15700 259100000 265700000 5100000 
20230201 VEC 33500 591880000 1814510000  47000000
20230201 VEC 35200 618050000 1746680000  7800000
20230201 VEC 35500 622880000 1751510000 4830000 
20230201 VEC 35700 625850000 1738880000  40560000
20230201 VEC 36500 612700000 619300000 353600000 
20230201 VEC 36500 638880000 1767510000 16000000 
20230201 VEC 37100 623280000 636720000 14000000 3420000.0000000005
20230201 VEC 38300 666410000 1698320000  4710000
20230201 VEC 38600 671120000 1693610000  7850000
20230201 VEC 39100 678970000 1685760000  23700000
20230201 VEC 40600 702670000 1654160000  79000000
20230201 VEC 43100 728730000 775420000  8750000
20230201 VEC 43600 737480000 757920000 114200000 
20230201 VEC 43700 739230000 794670000 10500000 
20230201 VEC 43700 739230000 810150000  
20230201 VEC 43900 742730000 822250000 3500000 
20230201 VEC 44100 746210000 825730000 3479999.9999999995 
20230201 VEC 44300 749690000 829210000 3479999.9999999995 
20230201 VEC 44900 760130000 839650000 10440000 
20230201 VEC 44900 760130000 874250000  
20230201 VEC 45200 775150000 1490040000  79000000
20230201 VEC 45400 768830000 882950000 8700000 
20230201 VEC 45600 781670000 1575160000 37920000 31400000
20230201 VEC 46700 794840000 1253140000 8300000.000000001 49750000
20230201 VEC 47700 811440000 1269740000 16600000 
20230201 VEC 48400 823090000 1165490000  16400000
20230201 VEC 49200 834950000 949070000 66120000 
20230201 VEC 49200 836290000 1195090000 13200000 
20230201 VEC 49400 839490000 1149090000  19800000
20230201 VEC 49500 840170000 954290000 5219999.999999999 
20230201 VEC 49700 843650000 957770000 3479999.9999999995 
20230201 VEC 50000 848870000 990830000 19140000 13920000
20230201 VEC 50200 854150000 1411040000  32000000
20230201 VEC 50400 855930000 1042530000 8500000 10260000
20230201 VEC 50400 855930000 1075930000  
20230201 VEC 50500 857630000 1077630000 1700000 
20230201 VEC 50500 857630000 1111030000  
20230201 VEC 50500 857630000 1127630000  
20230201 VEC 50500 857690000 1023770000  8600000
20230201 VEC 50600 859290000 1129290000 1660000.0000000002 
20230201 VEC 51000 866290000 1015170000  1730000
20230201 VEC 51100 868020000 1013440000 20880000 1730000
20230201 VEC 51600 876190000 1354390000  1650000
20230201 VEC 51700 877840000 1336140000 66400000 
20230201 VEC 52200 886150000 1375780000  4890000
20230201 VEC 52500 891040000 1370890000 14850000 
20230201 VEC "acum_busd" "acum_busd_val" "acum_val" "val_bu" "val_sd"
20230202 VEC -12100 -179610000 828510000 7300000 57050000
20230202 VEC -12800 -189420000 1061560000 100020000 36200000
20230202 VEC -17200 -253240000 925340000  73630000
20230202 VEC -17300 -254620000 1135460000 4350000 69550000
20230202 VEC -1800 -28540000 305920000 36000000 9060000
20230202 VEC -18200 -267670000 1148510000  13050000
20230202 VEC -18900 -277750000 1193300000  10080000
20230202 VEC -2200 -33660000 653060000 58120000 45000000
20230202 VEC -22100 -323570000 1273920000 10150000 55970000
20230202 VEC -25700 -375610000 1844110000 7100000 
20230202 VEC -26200 -382710000 1837010000 4260000 
20230202 VEC -26500 -386970000 1832750000 8520000 
20230202 VEC -2700 -41990000 186770000 54720000 45300000
20230202 VEC -27100 -395490000 1824230000 1420000 
20230202 VEC -27200 -396910000 1822810000 4260000 
20230202 VEC -27500 -401170000 1818550000 1420000 
20230202 VEC -27600 -402590000 1817130000 11360000 
20230202 VEC -28000 -408340000 1418020000 11540000 96310000
20230202 VEC -28400 -413950000 1805770000 28400000 
20230202 VEC 300 2960000 337420000 31500000 
20230202 VEC -30400 -442350000 1777370000 28400000 
20230202 VEC -3100 -46780000 549940000 81390000 131130000
20230202 VEC -31800 -462300000 1524540000  53960000
20230202 VEC -31900 -463650000 1545910000 10010000 11360000
20230202 VEC -32400 -470750000 1748970000 7100000 
20230202 VEC -32900 -477850000 1741870000 4260000 
20230202 VEC -3300 -51410000 86750000 9420000 
20230202 VEC -33200 -482110000 1737610000 1420000 
20230202 VEC -33300 -483530000 1736190000 38340000 
20230202 VEC -36000 -521870000 1697850000 1420000 
20230202 VEC -3600 -55480000 260860000 30300000 43790000
20230202 VEC -36100 -523290000 1696430000 45440000 105080000
20230202 VEC -3900 -60830000 77330000 8250000 
20230202 VEC -4400 -69080000 69080000  69080000
20230202 VEC -8700 -129860000 764160000  96200000
20230202 VEC "acum_busd" "acum_busd_val" "acum_val" "val_bu" "val_sd"
20230203 VEC -12300 -158790000 436470000  41700000
20230203 VEC -14000 -182250000 459930000  23460000
20230203 VEC -17300 -227790000 505470000  45540000
20230203 VEC -17500 -230590000 516470000 2720000 
20230203 VEC -17700 -233310000 513750000 1380000 
20230203 VEC -17800 -234690000 512370000  6900000
20230203 VEC -18500 -244100000 559460000 14740000 13400000
20230203 VEC -18600 -245440000 531320000  14850000
20230203 VEC -18900 -249980000 653900000 32500000 
20230203 VEC -21400 -282480000 621400000 1380000 
20230203 VEC -21500 -283860000 620020000 10400000 
20230203 VEC -21800 -287660000 603020000  43560000
20230203 VEC -21900 -288380000 705200000  38400000
20230203 VEC -21900 -288380000 784310000  
20230203 VEC -22300 -294260000 609620000  6600000
20230203 VEC -23200 -304760000 800690000  16380000
20230203 VEC -24200 -317360000 813290000  12600000
20230203 VEC -3200 -40210000 315210000  112700000
20230203 VEC -33200 -431010000 1005060000 39060000 
20230203 VEC -33400 -433380000 929310000  116020000
20230203 VEC -33500 -434790000 1031520000 11340000 15120000
20230203 VEC -33500 -434790000 1044120000  
20230203 VEC -35800 -464000000 1073330000  29210000
20230203 VEC -36300 -470070000 966000000  36690000
20230203 VEC -36800 -476700000 1086030000  12700000
20230203 VEC -36900 -477980000 1087310000  1280000
20230203 VEC -37000 -479260000 1088590000  1280000
20230203 VEC -38000 -492060000 1101390000  12800000
20230203 VEC -41000 -530160000 1139490000  38100000
20230203 VEC -41100 -531430000 1140760000  1270000
20230203 VEC -44800 -578050000 1210240000  46620000
20230203 VEC 5800 72490000 202510000  5010000
20230203 VEC 6200 77500000 197500000 137500000 60000000
20230203 VEC -6200 -77710000 352710000  37500000
20230203 VEC -8800 -110390000 388070000 1340000 
20230203 VEC -8900 -111730000 386730000  34020000
20230203 VEC -9300 -117090000 394770000  6700000
20230203 VEC "acum_busd" "acum_busd_val" "acum_val" "val_bu" "val_sd"
20230206 VEC -10600 -124770000 267550000  22040000
20230206 VEC -10900 -128280000 271060000  3510000
20230206 VEC -13600 -159600000 302380000  31320000
20230206 VEC 1800 19040000 484500000 117160000 
20230206 VEC -3000 -35400000 35400000  35400000
20230206 VEC -6400 -75660000 204280000  
20230206 VEC -6400 -75660000 75660000  40260000
20230206 VEC -8300 -98120000 363860000 61480000 
20230206 VEC -8600 -101620000 230240000  25960000
20230206 VEC -8700 -102730000 245510000 7080000 
20230206 VEC -9300 -109810000 238430000  8189999.999999999
20230206 VEC "acum_busd" "acum_busd_val" "acum_val" "val_bu" "val_sd"
20230207 VEC 0 0 1210000  
20230207 VEC 0 0 3610000 1200000 
20230207 VEC -100 -1200000 2410000  1200000
20230207 VEC 100 1210000 4820000 1210000 
20230207 VEC -1400 -16040000 22070000  17250000
20230207 VEC -1500 -17210000 61850000  1170000
20230207 VEC -3500 -40210000 84850000  23000000
20230207 VEC -3800 -43590000 102490000  
20230207 VEC -3800 -43590000 90590000 1180000 
20230207 VEC -3900 -44750000 103650000  1160000
20230207 VEC -3900 -44770000 89410000  4560000
20230207 VEC "acum_busd" "acum_busd_val" "acum_val" "val_bu" "val_sd"
20230208 VEC 1000 11700000 11700000 11700000 
20230208 VEC -11600 -133050000 183000000  61560000
20230208 VEC -11800 -135310000 185260000  2260000
20230208 VEC -12000 -137380000 206820000 5750000 
20230208 VEC -12000 -137380000 211420000  
20230208 VEC -12000 -137380000 212570000  
20230208 VEC -12200 -139830000 189780000  4520000
20230208 VEC -12200 -139830000 193170000  
20230208 VEC -12500 -143130000 201070000 2300000 
20230208 VEC -12700 -145430000 198770000  5600000
20230208 VEC -3000 -34700000 69700000  46400000
20230208 VEC -3900 -45050000 80050000  10350000
20230208 VEC -4900 -56550000 91550000  11500000
20230208 VEC -6100 -70350000 105350000  13800000
20230208 VEC -6100 -70350000 120300000  
20230208 VEC -6200 -71490000 121440000  1140000
20230208 VEC "acum_busd" "acum_busd_val" "acum_val" "val_bu" "val_sd"
20230209 VEC -10200 -114040000 176740000  11000000
20230209 VEC -11100 -123940000 186640000  9900000
20230209 VEC -11100 -123940000 192190000  
20230209 VEC -12200 -136040000 204290000  12100000
20230209 VEC -12700 -141540000 209790000  5500000
20230209 VEC -15700 -174540000 242790000  33000000
20230209 VEC -17600 -195250000 281930000 1090000 
20230209 VEC -17700 -196340000 264590000  21800000
20230209 VEC -17700 -196340000 270040000 1090000 
20230209 VEC -17800 -197430000 265680000  1090000
20230209 VEC -18600 -205950000 292630000  10700000
20230209 VEC -1900 -21660000 21660000  21660000
20230209 VEC -21700 -239500000 326180000  33550000
20230209 VEC -2600 -29640000 29640000  7980000
20230209 VEC -3100 -35340000 35340000  5700000
20230209 VEC -5600 -63440000 63440000  28100000
20230209 VEC -7500 -84340000 147040000  
20230209 VEC -7500 -84340000 84340000  20900000
20230209 VEC -9100 -101940000 164640000  17600000
20230209 VEC -9200 -103040000 165740000  1100000
20230209 VEC "acum_busd" "acum_busd_val" "acum_val" "val_bu" "val_sd"
20230210 VEC -10100 -106040000 239380000  21100000
20230210 VEC -10600 -111290000 244630000  5250000
20230210 VEC -11700 -122840000 256180000  11550000
20230210 VEC -12100 -127080000 260420000  4240000
20230210 VEC -12200 -128140000 261480000  1060000
20230210 VEC -12200 -128140000 273140000  
20230210 VEC -13200 -138540000 283540000  10400000
20230210 VEC -13300 -139580000 284580000  1040000
20230210 VEC -2600 -27550000 86450000  22050000
20230210 VEC -42000 -427030000 794630000 1050000 
20230210 VEC -42100 -428080000 793580000 63000000 
20230210 VEC -42500 -432280000 799880000  5250000
20230210 VEC -42600 -433330000 800930000  1050000
20230210 VEC -43400 -441730000 809330000  8400000
20230210 VEC -44000 -449980000 636980000 21000000 331400000
20230210 VEC -47600 -485980000 672980000  36000000
20230210 VEC -48100 -491080000 730580000  5100000
20230210 VEC -500 -5500000 18200000  
20230210 VEC -500 -5500000 63350000  
20230210 VEC -500 -5500000 7700000 1100000 6600000
20230210 VEC -5600 -59050000 117950000  31500000
20230210 VEC -6200 -65350000 124250000  6300000
20230210 VEC -6400 -67450000 126350000  2100000
20230210 VEC -6600 -69550000 128450000  2100000
20230210 VEC -7100 -74740000 149510000 2160000 
20230210 VEC -7200 -75790000 150560000  1050000
20230210 VEC -7300 -76900000 147350000 1050000 
20230210 VEC -7400 -77950000 145250000 4200000 
20230210 VEC -7400 -77950000 146300000  
20230210 VEC -7500 -78940000 153710000  3150000
20230210 VEC -7700 -81040000 155810000  2100000
20230210 VEC -7700 -81100000 140000000  11550000
20230210 VEC -7800 -82150000 141050000  1050000
20230210 VEC -8100 -84940000 215070000 13910000 
20230210 VEC -8100 -84940000 218280000  
20230210 VEC -8700 -91540000 166310000  10500000
20230210 VEC -8900 -93640000 168410000  2100000
20230210 VEC -9000 -94690000 169460000  1050000
20230210 VEC -9000 -94690000 172610000  
20230210 VEC -9400 -98850000 176770000  4160000
20230210 VEC -9400 -98850000 188320000  
20230210 VEC -9400 -98850000 201160000  
20230210 VEC "acum_busd" "acum_busd_val" "acum_val" "val_bu" "val_sd"
