20221212 VNA -8100 -242670000
20221213 VNA 600 18000000
20221214 VNA 5500 164750000
20221215 VNA 1000 30200000
20221219 VNA 100 2940000
20221221 VNA 900 27000000
20221222 VNA 200 5950000
20221223 VNA -2000 -54200000
20221226 VNA -100 -2650000
20221227 VNA -1200 -30920000
20221228 VNA 1900 57010000
20221229 VNA 100 2900000
20221230 VNA -1300 -37700000
20230103 VNA -300 -7890000
20230104 VNA 900 25230000
20230105 VNA 2800 75970000
20230106 VNA 1600 43870000
20230109 VNA -100 -2790000
20230110 VNA -3100 -83510000
20230111 VNA 2200 61340000
20230112 VNA 100 2860000
20230113 VNA -1400 -39330000
20230116 VNA 400 11280000
20230117 VNA 600 16980000
20230118 VNA 3300 99210000
20230119 VNA 900 27000000
20230127 VNA 1000 29800000
20230130 VNA 100 2720000
20230131 VNA 8500 266870000
20230201 VNA 12300 398420000
20230202 VNA -400 -11580000
20230203 VNA -300 -8770000
20230207 VNA 100 3000000
