20221212 VNE 249700 2299713000 3469780000 2853224000 553511000
20221213 VNE 47900 447677999.99999976 5026038000 2716766000 2269088000
20221214 VNE 154400 1434038000 2411560000 1913609000 479571000
20221215 VNE 115100 1057823000 2876029000 1966926000 909103000
20221216 VNE 64900 599716000 2699902000 1216949000 617233000
20221219 VNE -51100 -468653000 1011951000 266622000 735275000
20221220 VNE 117700 1069399000 4395215000 2676043000 1606644000
20221221 VNE -55900 -480719000.0000001 3312832000 1221985000 1702704000
20221222 VNE 391800 3530791000 4520051000 3948208000 417417000
20221223 VNE 201500 1839117000 2689470000 2256601000 417484000
20221226 VNE 318600 2907276000 4541383000 3719374000 812098000
20221227 VNE -70200 -629767000 2612658000 974757000 1604524000
20221228 VNE 44100 415495999.9999999 2563759000 1442852000 1027356000
20221229 VNE 211400 1925747000 2191381000 2058564000 132817000
20221230 VNE 285000 2588588000 3304290000 2946439000 357851000
20230103 VNE 40900 373886000 583449000 478214000 104328000
20230104 VNE 343400 3152121000 4323066000 3734377000 582256000
20230105 VNE 117500 1126804000 5572721000 3305327000 2178523000
20230106 VNE 45800 447139000 1988794000 1166445000 719306000
20230109 VNE -41700 -375238000 1675546000 650154000 1025392000
20230110 VNE 88700 850055000 2222759000 1470377000 620322000
20230111 VNE 354000 3461956000 7437072000 4613193000 1151237000
20230112 VNE 468500 4550622000 5297362000 4758318000 207696000
20230113 VNE 149700 1504634000 5579674000 3320940000 1816306000
20230116 VNE 91100 898682000 1938164000 1377322000 478640000
20230117 VNE 271300 2655541000 5373700000 3939815000 1284274000
20230118 VNE 119400 1165742000 3543159000 2181789000 1016047000
20230119 VNE 51800 547340000 4077928000 2282713000 1735373000
20230127 VNE -75000 -704930000 2445396000 870233000 1575163000
20230130 VNE 89700 904818000 4813617000 2841525000 1936707000
20230131 VNE -78800 -726402000 3167250000 1180693000 1907095000
20230201 VNE -43500 -406825000 2528486000 1046353000 1453178000
20230202 VNE 9400 114615000 3464187000 1741485000 1626870000
20230203 VNE 54300 540478000 4145642000 2343060000 1802582000
20230206 VNE 92800 899129000 2975635000 1937382000 1038253000
20230207 VNE 160400 1555790000 6317985000 3916238000 2360448000
20230208 VNE 124600 1215652000 4340683000 2612570000 1396918000
20230209 VNE 109800 1071011000 4887090000 2740671000 1669660000
20230210 VNE 316800 3107825000 6428661000 4511550000 1403725000
