20221212 VNF -900 -3186600
20221213 VNF 100 1040000
20221214 VNF 11500 119748000
20221215 VNF 10300 24720000
20221216 VNF -1900 -18470000
20221219 VNF 13000 122230000
20221220 VNF 2700 26610000.000000004
20221221 VNF 3200 60733000.00000001
20221222 VNF 5900 57780000
20221223 VNF -10300 -90204500
20221227 VNF 1000 9290000
20221228 VNF 400 3730000
20221229 VNF 12400 115340000
20230103 VNF 2400 22720000
20230104 VNF 2500 24240000
20230106 VNF -200 -1739999.9999999988
20230109 VNF -3400 -30600
20230110 VNF -1100 -10210000
20230111 VNF 5500 52200000
20230112 VNF 2500 24150000
20230113 VNF -2400 -22810000
20230116 VNF 0 -949000
20230117 VNF -1000 -9600000
20230118 VNF 100 969999.9999999999
20230119 VNF -1900 -18240000
20230127 VNF 400 3860000
20230130 VNF -800 -6809999.999999999
20230131 VNF 8100 -19749000
20230201 VNF -15300 -145190000
20230202 VNF -100 -960000
20230203 VNF 15300 -37184500
20230206 VNF 38300 344700
20230207 VNF 4200 37800
20230208 VNF 29700 -621800
20230209 VNF 3100 -9752200
20230210 VNF 500 4500
20230213 VNF -3000 -25500000
