20221212 VNL 15800 341250000
20221213 VNL -500 -12107900
20221214 VNL -3100 -63625000
20221215 VNL 700 14630000
20221216 VNL -100 -2065000
20221219 VNL 700 2093100
20221220 VNL -1300 -26740000
20221221 VNL 11000 161991300
20221222 VNL -600 -17858700
20221223 VNL 400 8335000
20221226 VNL -1400 -28150000
20221227 VNL 1200 24860000
20221228 VNL 1300 -18074000
20221229 VNL -700 2079000
20221230 VNL 4200 22942000
20230103 VNL 3100 64300000
20230104 VNL -2600 -56065800
20230105 VNL 100 2165000
20230106 VNL 8300 91301100
20230109 VNL -5600 -114715000
20230110 VNL 100 2130000
20230111 VNL 300 -1916600
20230112 VNL 300 6420000
20230113 VNL 4100 83600000
20230116 VNL 500 9970000
20230117 VNL 3700 82809100
20230118 VNL -2100 -42870000
20230119 VNL 1600 34340000
20230127 VNL -1500 -28462100
20230130 VNL -7800 -8748200
20230131 VNL -100 -46653000
20230201 VNL 2300 47685000
20230202 VNL -5500 -90393000
20230203 VNL -1700 -35188000
20230206 VNL 2800 38257000
20230207 VNL 700 -7928000
20230208 VNL -4100 -84886000
20230209 VNL -700 -14010000
20230210 VNL 200 2082100
20230213 VNL -200 -3790000
