20221212 VNM -1013300 -79777620000 248804540000 84410720000 164188340000
20221213 VNM 145400 11586070000 281522320000 135232240000 123646170000
20221214 VNM -407700 -31675430000 274548990000 100152060000 131827490000
20221215 VNM -346700 -26647490000 202979430000 88087840000 114735330000
20221216 VNM 862900 67477560000 234552280000 150776570000 83299010000
20221219 VNM -263600 -20368420000 188201650000 82839160000 103207580000
20221220 VNM 500300 39595890000 236658120000 125859590000 86263700000
20221221 VNM -304500 -24182310000 184547890000 79462370000 103644680000
20221222 VNM -258500 -20231030000 124030250000 40132360000 60363390000
20221223 VNM 52700 4246440000 120383290000 48592780000 44346340000
20221226 VNM -421200 -31878870000 127056260000 47473700000 79352570000
20221227 VNM 119200 9522370000 122015710000 65615110000 56092740000
20221228 VNM 74400 5879240000 91777170000 42995780000 37116540000
20221229 VNM 8300 983380000 103065050000 51985490000 51002110000
20221230 VNM -305700 -23118809999.999996 92314630000 34536140000 57654950000
20230103 VNM 492400 38339050000 116080720000 70243770000 31904720000
20230104 VNM -133300 -10473900000 86031020000 31446860000 41920760000
20230105 VNM 953200 76704880000 198774320000 129637960000 52933080000
20230106 VNM -558600 -44921700000 102222760000 25755170000 70676870000
20230109 VNM 192900 15493620000 75949080000 41477380000 25983760000
20230110 VNM 200 82850000 97007030000 44389820000 44306970000
20230111 VNM -107900 -8395820000 123245440000 52381620000 60777440000
20230112 VNM -197300 -15690990000 54656470000 19442920000 35133910000
20230113 VNM 416400 33644410000 116919550000 70212460000 36568050000
20230116 VNM -45100 -3568770000 52237410000 19179020000 22747790000
20230117 VNM 323400 26221010000 134661510000 80384910000 54163900000
20230118 VNM 512900 41705110000 105403070000 67098890000 25393780000
20230119 VNM 486700 39684700000 212775650000 125617820000 85933120000
20230127 VNM 258400 21230210000 188040790000 104230510000 83000300000
20230130 VNM -314700 -24992090000 128470060000 44302920000 69295010000
20230131 VNM -267700 -20695730000 372847610000 162143250000 182838980000
20230201 VNM -430900 -33169060000 140093320000 53071940000 86241000000
20230202 VNM 325300 25190960000 115318310000 65400760000 40209800000
20230203 VNM -465300 -35436430000 141656410000 45536110000 80972540000
20230206 VNM 483900 37390900000 146806360000 91983180000 54592280000
20230207 VNM -406700 -31128550000 98094280000 33425280000 64553830000
20230208 VNM 240500 18357110000 117946930000 63983590000 45626480000
20230209 VNM -297700 -22315300000 119858250000 43192460000 65507760000
20230210 VNM -449000 -33562000000 92966890000 29413310000 62975310000
