20221212 VNS 500 9000000 19490000 12500000 3500000
20221213 VNS 15500 270575000 445075000 357825000 87250000
20221214 VNS 0 675000 17175000 8925000 8250000
20221215 VNS -5300 -87070000 111780000 12355000 99425000
20221216 VNS -4700 -81090000 125110000 22010000 103100000
20221219 VNS 700 12510000 22290000 12510000 0
20221220 VNS -1300 -21324999.999999996 58855000 18765000 40090000
20221221 VNS 65700 1060935000 1347065000 1204000000 143065000
20221222 VNS 600 10415000 10415000 10415000 0
20221223 VNS 300 4905000.000000001 18245000 11575000 6670000
20221226 VNS 21300 380845000 412345000 396595000 15750000
20221227 VNS 4500 74185000 136695000 105440000 31255000
20221228 VNS 200 3490000 3490000 3490000 0
20221229 VNS -4400 -74475000 91825000 8.675e+06 83150000
20221230 VNS 100 1840000.0000000005 8560000 3480000 1.64e+06
20230103 VNS 400 6955000 6955000 6955000 0
20230104 VNS 0 0 5190000 0 0
20230105 VNS 100 1700000 18700000 10200000 8500000
20230106 VNS 5500 93800000 113600000 103700000 9900000
20230109 VNS 100 1770000 1770000 1770000 0
20230110 VNS 200 3520000 3520000 3520000 0
20230112 VNS 0 0 6905000 0 0
20230113 VNS 1500 26150000 26150000 26150000 0
20230116 VNS 3100 54280000 106780000 80530000 26250000
20230117 VNS 1700 30570000 168820000 98820000 68250000
20230118 VNS 3000 50895000 306295000 178595000 127700000
20230119 VNS 17900 322790000 506930000 414860000 9.207e+07
20230127 VNS -6200 -112975000 574065000 224070000 337045000
20230130 VNS -11000 -204530000 737460000 199645000 404175000
20230131 VNS -8000 -147010000 517960000 185475000 332485000
20230201 VNS -7000 -126310000 437740000 150255000 276565000
20230202 VNS 4900 89895000 203175000 145615000 55720000
20230203 VNS 200 3670000.0000000005 3670000.0000000005 3.67e+06 0
20230206 VNS 1000 18530000 18530000 18530000 0
20230207 VNS -7000 -124515000 177125000 25400000 149915000
20230208 VNS 700 12700000 12700000 12700000 0
20230209 VNS -100 -1825000 1825000 0 1825000
20230210 VNS -300 -5430000.000000002 49255000.00000001 1.448e+07 1.991e+07
