20230201 VNZ -100 -33600 0 100 100
20230202 VNZ -100 -38640000 0 100 100
20230203 VNZ -100 -44430000 0 100 100
20230206 VNZ -100 -51090000 0 100 100
20230207 VNZ -100 -58750000 0 100 100
20230208 VNZ -100 -67560000 0 100 100
20230209 VNZ -100 -77690000 0 100 100
20230210 VNZ -300 -268020000 0 300 300
20230213 VNZ -3000 -3082200000 1027400000 4000 6100
20230214 VNZ -5600 -6616400000 0 5600 5600
20230216 VNZ 5500 8416910000 9596660000 900 10600
20230217 VNZ 400 484800000 609800000 100 800
20230220 VNZ 3900 4080970000 4604180000 500 5800
