20230223 VOS -13100 -120322000 516452000 700 17100
20230223 VOS -17200 -160196000 597724000  6000
20230223 VOS -18200 -169876000 607404000 2000 3000
20230223 VOS -19100 -181666000 72648000 10500 10600
20230223 VOS -21300 -202639000 72648000 2200 2200
20230223 VOS -23200 -218244000 539676000  2200
20230223 VOS -2500 -23438000 59212000 8700 14900
20230223 VOS -25400 -239540000 518380000  200
20230223 VOS -25600 -241468000 516452000 12500 12500
20230223 VOS -28800 -272550000 357415000 3200 10100
20230223 VOS -29000 -274572000 290909000 100 1900
20230223 VOS -30200 -286116000 290909000 1200 1200
20230223 VOS -30700 -290882000 610313000 12800 13100
20230223 VOS -30700 -290910000 273609000  500
20230223 VOS -31200 -295710000 268809000  500
20230223 VOS -31700 -300510000 264009000 800 1700
20230223 VOS -31800 -301470000 255369000 100 1100
20230223 VOS -32100 -305334000 79325000 11500 12200
20230223 VOS -32500 -308242000 290909000 2300 2300
20230223 VOS -32700 -310115000 245769000  10100
20230223 VOS -3500 -33034000 60172000 1100 1200
20230223 VOS -36900 -351012000 924076000  12000
20230223 VOS -41700 -397140000 645131000 1200 4600
20230223 VOS -42800 -406975000 148909000  300
20230223 VOS -43100 -409839000 146045000 2800 7700
20230223 VOS -43200 -411649000 645131000 1500 1500
20230223 VOS -43900 -418420000 612247000  200
20230223 VOS -44100 -420354000 610313000 13400 13400
20230223 VOS -45200 -429873000 99299000 1000 3000
20230223 VOS -45200 -430931000 645131000 2000 2000
20230223 VOS -46200 -439391000 80279000 14200 14300
20230223 VOS -47900 -456612000 804106000  1000
20230223 VOS -48000 -457570000 804106000 100 100
20230223 VOS -48200 -459699000 743635000 2000 7000
20230223 VOS -48500 -462367000 943281000 100 200
20230223 VOS -48500 -462372000 942316000 13500 15400
20230223 VOS -48900 -466192000 808896000 1400 1900
20230223 VOS -48900 -466212000 794506000 2500 7500
20230223 VOS -49500 -472127000 743635000 1300 1300
20230223 VOS -51000 -486467000 743635000 1500 1500
20230223 VOS -51200 -488379000 695835000  1000
20230223 VOS -51200 -488424000 948111000 3200 3700
20230223 VOS -51400 -490295000 746506000 700 1000
20230223 VOS -51500 -491283000 645131000 6300 6300
20230223 VOS -52000 -496112000 1061033000 500 1000
20230223 VOS -52000 -496137000 1051383000  10000
20230223 VOS -52000 -496137000 1056208000 500 1000
20230223 VOS -52200 -497975000 686239000 5000 9300
20230223 VOS -55500 -529714000 1061033000 3500 3500
20230223 VOS -59800 -571410000 950045000  200
20230223 VOS -60000 -573344000 948111000 8800 8800
20230223 VOS -60800 -581070000 950045000 1000 1000
20230223 VOS -62000 -592650000 954870000  500
20230223 VOS -62500 -597475000 950045000 1700 1700
20230223 VOS -8700 -82683000 71692000 6400 7600
20230223 VOS "acum_busd" "acum_busd_val" "acum_val_bu" "sd" "sum_vol"
