20221212 VPD -10200 -203422000 100712600 1000 1000
20221212 VPD -1100 23798000 23850000 2000 2000
20221212 VPD -1200 23795400 23850000 100 100
20221212 VPD 1800 100658000 100712600  3000
20221212 VPD -18200 -407422000 100712600 8000 8000
20221212 VPD -21200 -483922000 100712600 3000 3000
20221212 VPD -21500 -491572000 100712600 300 300
20221212 VPD -21600 -494117000 100712600 100 100
20221212 VPD -3200 -25862000 100712600 5000 5000
20221212 VPD 78600 2191243000 2786072600  100200
20221212 VPD -8700 -165012000 100712600 5500 5500
20221212 VPD 900 23850000 23850000  900
20221212 VPD -9200 -177872000 100712600 500 500
20221212 VPD "acum_busd" "acum_busd_val" "acum_val_bu" "sd" "sum_vol"
20221213 VPD -10000 -218801600 53470000 500 500
20221213 VPD -10700 -227591600 319870000 2100 2200
20221213 VPD 112800 1971164300 2518625900  41700
20221213 VPD -1200 -31775000 50920000 1500 1500
20221213 VPD -14400 -328781600 159870000  4000
20221213 VPD -15300 -353981600 53470000 5300 5300
20221213 VPD -15400 -356531600 53470000 100 100
20221213 VPD -16400 -382581600 53470000 1000 1000
20221213 VPD 1800 48240000 48240000  1800
20221213 VPD -18400 -435181600 53470000 2000 2000
20221213 VPD 1900 50920000 50920000  100
20221213 VPD 19100 570383400 1117845000  25500
20221213 VPD -2700 -71670000 50920000 1500 1500
20221213 VPD 300 8200000 50920000 1600 1600
20221213 VPD 36100 1027613400 1575075000  17000
20221213 VPD -4300 -114230000 50920000 1600 1600
20221213 VPD -5000 -132010000 50920000 700 1000
20221213 VPD -5100 -132012600 50920000 100 100
20221213 VPD -6400 -112651600 434810000  4300
20221213 VPD -6600 -132051600 50920000 1500 1500
20221213 VPD 71100 1970038400 2517500000  35000
20221213 VPD -8400 -168781600 319870000  6000
20221213 VPD -8600 -174041600 319870000 200 200
20221213 VPD -9300 -200901600 50920000 2700 2700
20221213 VPD -9500 -206001600 53470000 300 400
20221213 VPD "acum_busd" "acum_busd_val" "acum_val_bu" "sd" "sum_vol"
20221214 VPD -100 -2650000 0 100 100
20221214 VPD -10800 -277940000 2680000 1500 1500
20221214 VPD -12800 -329540000 2680000 2000 2000
20221214 VPD -13300 -342440000 2680000 500 500
20221214 VPD -20300 -522480000 2680000 7000 7000
20221214 VPD -20500 -525100700 688309300 100 7100
20221214 VPD 2500 -524479700 688930300  23000
20221214 VPD -25300 -650480000 2680000 5000 5000
20221214 VPD -27000 -694085000 2680000 1700 1700
20221214 VPD -27400 -686490000 524245000  10000
20221214 VPD -30300 -778730000 2680000 3300 5100
20221214 VPD -36800 -944330000 15580000  200
20221214 VPD -37000 -949490000 10420000  200
20221214 VPD -37100 -947460000 257935000 100 4300
20221214 VPD -37200 -954650000 5260000  100
20221214 VPD -37300 -952800000 257935000 200 200
20221214 VPD -37300 -957230000 2680000 7000 7000
20221214 VPD -39900 -1023090000 146395000  2800
20221214 VPD -40700 -1043580000 146395000 800 800
20221214 VPD -40800 -1046630000 15580000 4000 4000
20221214 VPD -41200 -1056330000 146395000 500 500
20221214 VPD -41500 -1064505000 15580000 700 700
20221214 VPD -42700 -1094910000 74575000  1200
20221214 VPD -43900 -1125690000 43795000  500
20221214 VPD -44400 -1138515000 30970000  300
20221214 VPD -44700 -1146210000 23275000  200
20221214 VPD -44800 -1148775000 15580000 3300 3400
20221214 VPD -44900 -1151340000 18145000  100
20221214 VPD -45000 -1153905000 15580000 200 200
20221214 VPD -5400 -138940000 0 5300 5300
20221214 VPD -7500 -192800000 2680000 2200 2300
20221214 VPD -8800 -226340000 2680000 1300 1300
20221214 VPD -9300 -239240000 2680000 500 500
20221214 VPD "acum_busd" "acum_busd_val" "acum_val_bu" "sd" "sum_vol"
20221215 VPD 1000 26900000 26900000  1000
20221215 VPD -1500 -24618000 55225000  600
20221215 VPD -18500 -460018000 55225000 17000 17000
20221215 VPD -2100 -40063000 26900000 2600 2600
20221215 VPD -2100 -40068000 39775000  300
20221215 VPD -2400 -47793000 32050000  200
20221215 VPD -2600 -52943000 26900000 500 500
20221215 VPD 500 26887000 26900000  500
20221215 VPD 500 26887000 26900000 500 500
20221215 VPD 59600 217158000 732401000  53000
20221215 VPD 6500 213032000 728275000  25000
20221215 VPD 6600 215727000 730970000  100
20221215 VPD "acum_busd" "acum_busd_val" "acum_val_bu" "sd" "sum_vol"
20221216 VPD 1100 29645000 29645000  300
20221216 VPD -27400 -687818000 29645000 19000 19000
20221216 VPD -31400 -789868000 29645000 4000 4000
20221216 VPD -37200 -937968000 29645000 5800 5800
20221216 VPD -39200 -988973000 29645000 2000 2000
20221216 VPD -4400 -98618000 29645000 5500 5500
20221216 VPD -44200 -1116513000 29645000 5000 5000
20221216 VPD -44300 -1119063000 29645000 100 100
20221216 VPD -47300 -1195563000 29645000 3000 3000
20221216 VPD -47500 -1200663000 29645000 200 200
20221216 VPD -50800 -1277553200 85370000  1000
20221216 VPD -51100 -1287368200 29645000 3600 3600
20221216 VPD -51800 -1304178200 58745000  2000
20221216 VPD -52800 -1330628200 32295000  100
20221216 VPD -52800 -1330728200 29645000 1700 1700
20221216 VPD -52900 -1333278200 29645000 100 100
20221216 VPD -64500 -1644713200 85370000 13700 13700
20221216 VPD 800 21560000 21560000  800
20221216 VPD -8400 -201218000 29645000 4000 4000
20221216 VPD "acum_busd" "acum_busd_val" "acum_val_bu" "sd" "sum_vol"
20221219 VPD 0 550000 13350000 500 500
20221219 VPD 126500 2540870100 2804350100  33000
20221219 VPD 141500 2948030100 3211510100  15000
20221219 VPD 1566100 42323925100 42729365100  1203900
20221219 VPD -1600 -34207400 229272600  5000
20221219 VPD 181500 4035775100 4299255100  40000
20221219 VPD -2000 -50500000 13350000 2000 2600
20221219 VPD 23400 636442600 899922600  15000
20221219 VPD 24400 663242600 926722600  1000
20221219 VPD -2500 -63275000 13350000 500 500
20221219 VPD 29400 797242600 1060722600  5000
20221219 VPD 34400 931327600 1194807600  5000
20221219 VPD 356000 8806015100 9211455100 5500 185500
20221219 VPD 362200 8975895100 9381335100  10000
20221219 VPD 46400 1254062600 1517542600  12000
20221219 VPD 500 13350000 13350000  500
20221219 VPD 54500 1471997600 1735477600  10000
20221219 VPD -5600 -142325000 13350000 3100 3100
20221219 VPD -5700 -144905000 13350000 100 100
20221219 VPD -6400 -162697400 95662600  3000
20221219 VPD -6500 -167932400 13352600  100
20221219 VPD -6600 -167817400 95662600 200 200
20221219 VPD -6600 -167935000 13350000 900 900
20221219 VPD -6900 -178257400 15957600  100
20221219 VPD -7000 -180862400 13352600 500 500
20221219 VPD 73500 1868248700 2131728700  19000
20221219 VPD -7900 -203922400 15957600 1000 1000
20221219 VPD -8300 -214222400 15957600 400 400
20221219 VPD 8400 233897600 497377600  10000
20221219 VPD -9300 -239842400 15957600 1000 1000
20221219 VPD 93500 1901056300 2164536300  20000
20221219 VPD -9400 -242402400 15957600 100 100
20221219 VPD "acum_busd" "acum_busd_val" "acum_val_bu" "sd" "sum_vol"
20221220 VPD 100100 2873190000 5231684800 200 1000
20221220 VPD 100200 2876140000 5234634800  100
20221220 VPD 100700 2890890000 5249384800  500
20221220 VPD 100800 2893840000 5252334800  100
20221220 VPD 102800 2952840000 5311334800  2000
20221220 VPD 104100 2991190000 5349684800  1300
20221220 VPD 108100 3109240000 5497184800 1000 6000
20221220 VPD 109000 3135845000 5556184800 1000 1000
20221220 VPD 109600 3153490000 5541434800  1500
20221220 VPD 110000 3165295000 5556184800 100 600
20221220 VPD 112800 3247835000 5679954800 400 4600
20221220 VPD 112800 3247855000 5682904800 100 100
20221220 VPD 112900 3250785000 5682904800  100
20221220 VPD 113000 3253715000 5688764800  200
20221220 VPD 114100 3285945000 5720994800  1100
20221220 VPD 114700 3303525000 5738574800  600
20221220 VPD 115800 3335975000 5771024800  1100
20221220 VPD 116000 3341875000 5776924800  200
20221220 VPD 116000 3563907500 6620722200 3000 3000
20221220 VPD 116600 3359575000 5794624800  600
20221220 VPD 117200 3377275000 5812324800  600
20221220 VPD 117300 3380780000 5918394800 300 300
20221220 VPD 117400 3384590000 6094724800 200 200
20221220 VPD 117600 3389540000 5918394800 2800 2800
20221220 VPD 117600 3390410000 6094724800 1700 1800
20221220 VPD 117700 3392025000 5827074800  500
20221220 VPD 117800 3394995000 5841824800 400 900
20221220 VPD 117800 3396230000 6106364800  400
20221220 VPD 117900 3398670000 5997654800 2100 5800
20221220 VPD 118200 3406775000 5853604800  400
20221220 VPD 118400 3633987500 6690802200  2400
20221220 VPD 119000 3651207500 6620722200 3300 3800
20221220 VPD 119100 3434190000 6088864800 1900 5000
20221220 VPD 119300 3440050000 6094724800  200
20221220 VPD 120400 3471565000 5918394800  2200
20221220 VPD 121000 3710057500 6883522200 3300 4300
20221220 VPD 121500 3683318100 6591454800 2100 2100
20221220 VPD 121800 3674625500 6606122200 600 600
20221220 VPD 121900 3683329700 6591466400  400
20221220 VPD 122100 3683335500 6591472200  200
20221220 VPD 122400 3692145500 6606122200 200 700
20221220 VPD 123200 3553910000 6264044800  5400
20221220 VPD 123300 3777067500 6854322200 700 6300
20221220 VPD 123600 3683379000 6591454800 10000 10000
20221220 VPD 124000 3797677500 6971142200  3000
20221220 VPD 125000 3606470000 6316604800  1800
20221220 VPD 125300 3615230000 6325364800  300
20221220 VPD 125300 3837277500 7560922200 15400 15400
20221220 VPD 125900 3853217500 7035412200 300 2500
20221220 VPD 126000 3856137500 7038332200  100
20221220 VPD 126700 3656110000 6366244800  1400
20221220 VPD 126900 3661950000 6372084800  200
20221220 VPD 127500 3899937500 7082132200  1500
20221220 VPD 130100 3975857500 7158052200  2600
20221220 VPD 130700 3772910000 6483044800  3800
20221220 VPD 131900 3808070000 6518204800  1200
20221220 VPD 133600 3858025000 6591454800 300 300
20221220 VPD 133900 3866770000 6591454800 500 900
20221220 VPD 134000 3869600000 6579734800  2100
20221220 VPD 134800 4113097500 7350772200 1900 8500
20221220 VPD 136500 4162777500 7438282200 1300 2300
20221220 VPD 136800 4171497500 7409172200  2000
20221220 VPD 140300 4273737500 7549242200  3800
20221220 VPD 140700 4285417500 7560922200  400
20221220 VPD 18100 437335800 514425800  12600
20221220 VPD 18500 421104800 560929800 2200 4800
20221220 VPD -2400 -63640000 13450000 2900 2900
20221220 VPD 28900 728979800 874684800 200 10800
20221220 VPD 500 13450000 13450000  500
20221220 VPD 5500 81585800 158675800  8000
20221220 VPD 71900 2001799800 3020644800 6400 9600
20221220 VPD 72000 2004759800 2168164800 600 44300
20221220 VPD 74400 2112285000 4210564800 15300 21800
20221220 VPD 75100 2096519800 2925924800 6800 8200
20221220 VPD 75700 2114454800 3207124800 2500 8800
20221220 VPD 78200 2224765000 4323044800  3800
20221220 VPD 78800 2242625000 4465124800 4200 9000
20221220 VPD 79500 2226934800 3319604800  3800
20221220 VPD 80500 2256359800 2884484800 3300 5100
20221220 VPD 81000 2271604800 3953044800 12500 13500
20221220 VPD 82000 2300759800 2831204800 800 1000
20221220 VPD 82600 2318519800 2825284800 5300 6100
20221220 VPD 83200 2336724800 4018164800  2200
20221220 VPD 83500 2381745000 4604244800  4700
20221220 VPD 85700 2410279800 2573684800  13700
20221220 VPD 86000 2455745000 4728564800 1700 2800
20221220 VPD 86600 2473505000 4696004800  3100
20221220 VPD 87100 2451719800 2801604800 4000 4000
20221220 VPD 87100 2451894800 3606724800 2100 11800
20221220 VPD 88600 2532755000 4835124800 1000 4600
20221220 VPD 91000 2603820000 4920964800 500 3400
20221220 VPD 91100 2570119800 2801604800 2300 10000
20221220 VPD 92500 2611734800 3923444800 5300 16000
20221220 VPD 99200 2846540000 5163684800  8200
20221220 VPD 99500 2855490000 5208084800 1200 2700
20221220 VPD "acum_busd" "acum_busd_val" "acum_val_bu" "sd" "sum_vol"
20221221 VPD 10000 298880000 298880000  10000
20221221 VPD 10300 307760000 307760000  300
20221221 VPD 10600 316640000 316640000  300
20221221 VPD -1900 -51460000 358040000  200
20221221 VPD -19700 -569775000 402015000 10500 11000
20221221 VPD -200 -1510000 349190000 6300 6300
20221221 VPD -2100 -57360000 352140000  100
20221221 VPD -21200 -616280000 620347900  5300
20221221 VPD -21900 -633795000 402015000 2200 2200
20221221 VPD -22000 -636715000 410750000  300
20221221 VPD -2200 -60310000 349190000 1900 1900
20221221 VPD -22300 -645450000 402015000 400 400
20221221 VPD -22900 -662900000 419487900  300
20221221 VPD -23000 -665810000 413665000 1100 1200
20221221 VPD -23100 -668630000 419487900 200 200
20221221 VPD -23100 -668720000 413665000 100 100
20221221 VPD -23200 -668722900 413665000 100 100
20221221 VPD -24000 -694370000 419487900 900 900
20221221 VPD -24100 -697230000 419487900 100 100
20221221 VPD -24600 -711555000 419487900 500 500
20221221 VPD -25100 -725855000 419487900 500 500
20221221 VPD -25600 -740140000 470887900 100 1700
20221221 VPD -25900 -748735000 425207900  200
20221221 VPD -26100 -754445000 425207900 200 200
20221221 VPD -26100 -754455000 419487900 1000 1000
20221221 VPD -26500 -765740000 470887900 900 900
20221221 VPD -26600 -768720000 425207900 500 500
20221221 VPD -27100 -782970000 425207900 500 500
20221221 VPD -300 -4450000 349190000 100 100
20221221 VPD -5900 -168145000 387440000  1000
20221221 VPD 6100 183455000 349190000 900 900
20221221 VPD -6900 -197545000 358040000 5000 5000
20221221 VPD 6900 207085000 337360000 3700 4400
20221221 VPD 7000 210050000 349190000 300 700
20221221 VPD -9700 -278800000 387440000 3800 3800
20221221 VPD 9900 295885000 316640000 700 700
20221221 VPD "acum_busd" "acum_busd_val" "acum_val_bu" "sd" "sum_vol"
20221222 VPD -10000 -220390900 460575800  200
20221222 VPD -1000 14168000 76190000 900 900
20221222 VPD -100 19767600 76190000  1000
20221222 VPD 100 2880000 2880000  100
20221222 VPD -10200 -225640900 455325800  100
20221222 VPD -10300 -228265900 452700800  3300
20221222 VPD -10800 -254652000 76190000 2000 2000
20221222 VPD -1100 11378000 76190000 100 100
20221222 VPD -1100 -8432400 47990000  200
20221222 VPD -11300 -268252000 76190000 500 500
20221222 VPD -11700 -279132000 76190000 400 400
20221222 VPD -1300 -14072400 42350000  100
20221222 VPD -13600 -314890900 366075800  500
20221222 VPD -1400 -16892400 39530000  100
20221222 VPD -14100 -328015900 352950800  2300
20221222 VPD -1500 -19702400 36720000 1000 1000
20221222 VPD -16400 -388390900 292575800  2000
20221222 VPD -16500 -408582000 100940000  500
20221222 VPD -17000 -422332000 87190000  100
20221222 VPD -1700 -47900000 2880000 1800 1800
20221222 VPD -17100 -425082000 84440000  100
20221222 VPD -17200 -427832000 81690000  200
20221222 VPD -17400 -433332000 76190000 5700 6300
20221222 VPD -1800 -8152000 76190000 700 700
20221222 VPD -18400 -440890900 240075800  500
20221222 VPD -18900 -454015900 226950800  1400
20221222 VPD -20300 -490765900 190200800  500
20221222 VPD -20800 -503890900 177075800  800
20221222 VPD -21600 -524890900 156075800  1100
20221222 VPD -22700 -553765900 127200800  300
20221222 VPD -23000 -561640900 119325800  600
20221222 VPD 23100 648484100 1329450800  31200
20221222 VPD -23600 -577390900 103575800 7600 8300
20221222 VPD 27100 753484100 1434450800  4000
20221222 VPD -2800 -35952000 76190000 1000 1000
20221222 VPD 28100 779734100 1460700800  1000
20221222 VPD 28500 790234100 1471200800  400
20221222 VPD 29700 821734100 1502700800  1200
20221222 VPD 30200 834859100 1515825800  500
20221222 VPD 30700 847984100 1528950800  500
20221222 VPD 31000 855859100 1536825800  300
20221222 VPD 31000 855859100 1536825800  300
20221222 VPD -4600 -85652000 76190000 1800 1800
20221222 VPD -500 -14060000 36720000  100
20221222 VPD -600 -16880000 33900000  100
20221222 VPD -700 -19700000 31080000  1000
20221222 VPD -8100 -170515900 510450800  200
20221222 VPD -8300 -175765900 505200800  1000
20221222 VPD -8800 -200252000 76190000 4200 4200
20221222 VPD -9300 -202015900 478950800  100
20221222 VPD -9400 -204640900 476325800  100
20221222 VPD -9500 -207265900 473700800  100
20221222 VPD -9600 -209890900 471075800  100
20221222 VPD -9700 -212515900 468450800  100
20221222 VPD -9800 -215140900 465825800  200
20221222 VPD "acum_busd" "acum_busd_val" "acum_val_bu" "sd" "sum_vol"
20221223 VPD 10000 104524100 1037876600 1300 1300
20221223 VPD 10000 144262500 953835000  100
20221223 VPD 10400 114444100 997496600 1300 1300
20221223 VPD 10600 119494100 1002546600  200
20221223 VPD 11000 129629100 1027796600 200 200
20221223 VPD 11200 134669100 1027796600 200 200
20221223 VPD 11300 137194100 1037876600 100 500
20221223 VPD 11400 139709100 1027796600 200 200
20221223 VPD 11600 144744100 1027796600  1000
20221223 VPD 11700 147294100 997496600 1400 1900
20221223 VPD -12100 -384528400 1295841600 4000 4000
20221223 VPD 12600 169964100 984656600 200 3400
20221223 VPD -12600 -396758400 1300761600  100
20221223 VPD -12700 -399218400 1298301600 700 800
20221223 VPD -14700 -448213400 1300761600 2100 2100
20221223 VPD -14900 -453113400 1300761600 200 200
20221223 VPD 20200 486402500 948682500 7200 7500
20221223 VPD 20900 511005000 511005000  20900
20221223 VPD 22000 484005000 948732500 200 2200
20221223 VPD 22100 461980000 948757500 900 1900
20221223 VPD -22900 -649243400 1760521600  100
20221223 VPD -23000 -651688400 1758076600  200
20221223 VPD -23200 -656578400 1753186600  1300
20221223 VPD -24500 -688363400 1721401600  6200
20221223 VPD -26400 -734818400 1760521600 3500 3500
20221223 VPD -26700 -742213400 1300761600 11800 11800
20221223 VPD 27100 659987500 946227500 5000 7200
20221223 VPD -27200 -754463400 1300761600 500 500
20221223 VPD -2800 -156283400 1278596600 8900 8900
20221223 VPD 29100 711330000 838645000 5200 5600
20221223 VPD -29700 -815503400 1552696600  2400
20221223 VPD 29900 730890000 894880000 1500 3900
20221223 VPD -30700 -839953400 1569811600  500
20221223 VPD -3100 -163693400 1278596600 300 300
20221223 VPD -31200 -852178400 1557586600  100
20221223 VPD -31300 -854623400 1555141600 1700 1800
20221223 VPD -32100 -874183400 1494016600  200
20221223 VPD -32300 -879073400 1489126600  1200
20221223 VPD -3300 -168623400 1278596600 200 200
20221223 VPD 3300 -32213400 1150571600 2000 2000
20221223 VPD -33500 -908413400 1459786600  2200
20221223 VPD 33900 828865000 828865000  13000
20221223 VPD 3400 -32210900 1150574100  100
20221223 VPD -35700 -962203400 1405996600  800
20221223 VPD -36500 -981763400 1386436600  1900
20221223 VPD -38400 -1028218400 1339981600  600
20221223 VPD -39000 -1042888400 1325311600 12800 13800
20221223 VPD 3900 -32198400 1150586600  500
20221223 VPD 3900 -4615900 1178196600 100 100
20221223 VPD 4000 -4613400 1178196600 1000 1000
20221223 VPD 4100 10434100 1193256600 400 600
20221223 VPD 4300 5424100 1188236600  400
20221223 VPD 4500 -18703400 1057676600 1500 2100
20221223 VPD 5000 -4588400 1178196600  1100
20221223 VPD 5200 -1008400 1080291600 200 1100
20221223 VPD 5300 17186600 1150571600 2200 2200
20221223 VPD -5300 -217823400 1285991600 2300 2600
20221223 VPD 5400 3481600 1042886600 200 200
20221223 VPD 5600 8411600 1042886600 100 100
20221223 VPD 5700 10876600 1042886600 100 100
20221223 VPD 5800 13361600 1042886600 1200 1200
20221223 VPD 6100 63581600 1278596600 100 100
20221223 VPD -6200 -239948400 1293386600 1200 1500
20221223 VPD 6200 66056600 1278596600 200 200
20221223 VPD 6400 71006600 1278596600 300 300
20221223 VPD 6700 78431600 1278596600 400 400
20221223 VPD 7000 42911600 1042886600 100 100
20221223 VPD 7100 45361600 1042886600 2000 2000
20221223 VPD 7100 88341600 1278596600 100 100
20221223 VPD 7200 90821600 1278596600 100 100
20221223 VPD 7300 93296600 1278596600 200 3600
20221223 VPD 7500 56721600 1150571600 500 3300
20221223 VPD -8100 -286528400 1295841600 2000 2100
20221223 VPD 9000 91986600 1040381600 1100 1200
20221223 VPD 9100 94491600 1042886600  100
20221223 VPD 9500 153855000 948757500 12600 12600
20221223 VPD 9600 139202500 948775000 600 1300
20221223 VPD 9800 139207500 948780000  200
20221223 VPD 9900 141732500 951305000  100
20221223 VPD "acum_busd" "acum_busd_val" "acum_val_bu" "sd" "sum_vol"
20221226 VPD -10300 -240610000 198540000 1000 1000
20221226 VPD -10400 -242920000 198540000 100 100
20221226 VPD -13400 -312080000 198540000 3000 3000
20221226 VPD -13500 -314385000 198540000 100 100
20221226 VPD -16500 -383535000 198540000 3000 3000
20221226 VPD -17100 -397290000 205530000  300
20221226 VPD -17400 -404280000 198540000 900 900
20221226 VPD -18600 -431865000 205530000 1500 1500
20221226 VPD -20600 -477965000 205530000 2000 2000
20221226 VPD -2100 -51425000 56175000  300
20221226 VPD -21500 -448075600 249207300 100 900
20221226 VPD -21800 -454955600 230887300 2400 3600
20221226 VPD -22200 -464115600 230887300 400 400
20221226 VPD -2400 -58610000 48990000  200
20221226 VPD -2600 -63500000 44100000  200
20221226 VPD -2600 -63550000 12250000 3100 3600
20221226 VPD -2800 -68400000 39200000  1100
20221226 VPD -28600 -609955600 249207300 7100 7300
20221226 VPD -2900 -70900000 12250000 300 300
20221226 VPD -30100 -644155600 249207300 1500 1500
20221226 VPD -35800 -1005481000 320346900  600
20221226 VPD -36000 -1010051000 320346900 200 200
20221226 VPD -36400 -1005494800 320333100  11400
20221226 VPD -37500 -1044276000 320346900 1500 1500
20221226 VPD -38000 -1055676000 320346900 500 500
20221226 VPD -38700 -1071591000 324906900 200 400
20221226 VPD -38700 -1071601000 320346900 700 700
20221226 VPD -38900 -1076141000 324906900 200 200
20221226 VPD -3900 -95350000 12250000 1000 1000
20221226 VPD -41700 -1139841000 324906900 2800 2800
20221226 VPD -42100 -917305600 249207300 12000 12000
20221226 VPD -4300 -101910000 182260000  100
20221226 VPD -4300 -101915000 177605000 300 3300
20221226 VPD -4400 -104240000 179930000  100
20221226 VPD -4500 -106565000 177605000 200 200
20221226 VPD -45500 -1226291000 324906900 3800 3800
20221226 VPD -45900 -1235391000 324906900 400 400
20221226 VPD -4700 -111180000 189240000  300
20221226 VPD -47100 -1031055600 249207300 5000 5000
20221226 VPD -47500 -1040005600 274412300  300
20221226 VPD -47500 -1040005600 278982300  200
20221226 VPD -47600 -1042430600 249207300 500 500
20221226 VPD -47700 -1044575600 274412300 200 200
20221226 VPD -47800 -1046845600 278982300 300 300
20221226 VPD -47800 -1046890600 267527300  100
20221226 VPD -47900 -1049180600 265237300  100
20221226 VPD -48000 -1051470600 262947300  200
20221226 VPD -48000 -1051520600 253777300 100 300
20221226 VPD -48100 -1053805600 249207300 500 500
20221226 VPD -48200 -1056060600 258357300 400 600
20221226 VPD -5000 -118160000 182260000  300
20221226 VPD -5000 -118160000 182260000 700 700
20221226 VPD -51400 -1360516000 324906900 5500 5500
20221226 VPD -5200 -122790000 189240000 500 500
20221226 VPD -5200 -123475000 77055000 4000 5200
20221226 VPD -6500 -152830000 198540000  100
20221226 VPD -6600 -155155000 196215000  100
20221226 VPD -6700 -157480000 193890000 1700 1900
20221226 VPD -7000 -165140000 107405000  300
20221226 VPD -7200 -169875000 77055000 2000 2000
20221226 VPD -7300 -172160000 100385000  600
20221226 VPD -7700 -181515000 77055000 500 500
20221226 VPD -7900 -186170000 86375000 100 500
20221226 VPD -8100 -190840000 77055000 400 400
20221226 VPD -8200 -193170000 77055000 100 100
20221226 VPD -9300 -217510000 198540000 2800 2800
20221226 VPD "acum_busd" "acum_busd_val" "acum_val_bu" "sd" "sum_vol"
20221227 VPD 0 0 0  500
20221227 VPD 0 -46506600 203136600  1000
20221227 VPD -1000 -46528600 203114600 100 100
20221227 VPD -1100 -91141800 96456200  300
20221227 VPD -1200 -93346800 96456200 100 100
20221227 VPD -1400 -91148400 96449600  3000
20221227 VPD 1500 -13291600 242981600  600
20221227 VPD -1500 -46539600 203101400  100
20221227 VPD -1500 -60111400 129731200  1000
20221227 VPD -1600 -34880000 0 1600 1600
20221227 VPD -1600 -46541800 203099200 100 6100
20221227 VPD -1800 -100208400 35096600  2300
20221227 VPD 1800 18191400.000000015 393941600  5400
20221227 VPD 1900 -4411600 260741600 400 400
20221227 VPD 2300 4468400 260741600  800
20221227 VPD 2400 6748400 271901600  500
20221227 VPD -2500 -82361400 107481200 1800 2000
20221227 VPD -2600 -100226000 35112000  200
20221227 VPD -2800 -100230400 35107600 1500 2000
20221227 VPD -2900 -73219000 158631200 2100 2100
20221227 VPD -3000 -65400000 0 1400 1400
20221227 VPD -3000 -65400000 2185000  100
20221227 VPD -3100 -67585000 0 100 100
20221227 VPD -3100 -67585000 2185000 100 100
20221227 VPD -3600 -103848600 271901600 6000 6000
20221227 VPD -3700 -40024600 202901200  700
20221227 VPD -3800 -40026800 202918800 600 1400
20221227 VPD -4000 -40031200 202901200 300 400
20221227 VPD -400 -35661400 154181200  1100
20221227 VPD -4100 -133076000 2229000  2000
20221227 VPD -4200 -40035600 202918800 400 400
20221227 VPD -4400 -152472800 35125200  100
20221227 VPD -4400 -55489600 187436200 500 1500
20221227 VPD -4500 -152475000 35123000 2400 3100
20221227 VPD -4900 -66614600 165286200  300
20221227 VPD -4900 -73263000 158631200 2000 2000
20221227 VPD -500 -37881400 154181200 100 100
20221227 VPD -5200 -73269600 158631200 300 300
20221227 VPD -6100 -133120000 2185000 3000 3000
20221227 VPD -6500 -40086200 202918800 2300 2300
20221227 VPD -7500 -44483800 202967200  500
20221227 VPD -7600 -40110400 202960600  100
20221227 VPD -7700 -40112600 202958400  100
20221227 VPD -7700 -42300400 202960600 100 100
20221227 VPD -7800 -40114800 202956200 300 2000
20221227 VPD -7800 -44490400 202960600 100 100
20221227 VPD 800 -28826600 227446600 300 500
20221227 VPD -800 -44531400 158631200 500 700
20221227 VPD 900 -26611600 229661600  100
20221227 VPD 900 -26616600 223026600  900
20221227 VPD -900 -46526400 203114600  600
20221227 VPD -900 -86731800 103071200  300
20221227 VPD -9200 -40145600 202918800 2700 3000
20221227 VPD "acum_busd" "acum_busd_val" "acum_val_bu" "sd" "sum_vol"
20221228 VPD -1000 19123600 300108000 500 500
20221228 VPD -100 39953600 288508000  100
20221228 VPD -1100 16918600 355893000  100
20221228 VPD -1200 14583600 353558000 100 600
20221228 VPD -1200 14588600 355893000 100 100
20221228 VPD -1300 12213600 341908000 1000 1100
20221228 VPD -1500 7573600 341908000 200 200
20221228 VPD -1600 5253600 341908000 100 100
20221228 VPD 1700 16593000 81133000  1000
20221228 VPD 1700 34934600 99493000 800 1600
20221228 VPD 1800 41925000 81110000 1700 2200
20221228 VPD -1800 588600 360573000 800 1000
20221228 VPD 1800 83893600 286163000 200 200
20221228 VPD 2000 88543600 286163000 300 300
20221228 VPD -200 37608600 286163000 2000 2000
20221228 VPD -200 37683600 318668000  800
20221228 VPD 2100 90818600 281463000 1900 1900
20221228 VPD 2200 92888600 157493000 2000 2200
20221228 VPD 2300 95518600 286163000  200
20221228 VPD 2700 104538600 180693000 500 500
20221228 VPD 2700 62640000 62640000  2700
20221228 VPD 3000 69560000 69560000  300
20221228 VPD 300 49233600 300108000 100 600
20221228 VPD 3200 116088600 180693000  1000
20221228 VPD 4000 135468600 281463000 1000 1000
20221228 VPD 4000 88294600 152853000  2300
20221228 VPD -400 33093600 339588000  200
20221228 VPD 5000 159008600 281463000  4300
20221228 VPD -500 30673600 300108000 800 800
20221228 VPD -600 28443600 334938000  200
20221228 VPD 700 16570000 81110000 1100 1100
20221228 VPD -700 26093600 330278000 1000 1500
20221228 VPD 700 58238600 180693000 2000 2000
20221228 VPD -7700 -136291400 360573000 5900 5900
20221228 VPD -800 23783600 330278000 100 100
20221228 VPD "acum_busd" "acum_busd_val" "acum_val_bu" "sd" "sum_vol"
20221229 VPD -10800 -85478900 44425600 7900 7900
20221229 VPD -11200 -94463900 53685600  200
20221229 VPD -11300 -96883900 44425600 500 500
20221229 VPD -11400 -99093900 49055600 300 500
20221229 VPD 2000 -55269400 28255600 200 300
20221229 VPD 2000 -55274400 23630600 100 100
20221229 VPD 2100 -52959400 25945600  100
20221229 VPD 2100 -52964400 23630600 1000 1000
20221229 VPD 2200 -50649400 32875600  200
20221229 VPD 2500 -43719400 44425600 200 200
20221229 VPD 2700 -39099400 44425600  500
20221229 VPD 2800 -36724400 16670600 200 300
20221229 VPD 2900 -34419400 14365600 100 100
20221229 VPD -2900 -73783700 44425600 2000 2000
20221229 VPD 3000 -32114400 14365600 700 700
20221229 VPD 3100 -29764400 23630600  300
20221229 VPD 3700 -15874400 14365600 500 500
20221229 VPD 4200 -4274400 14365600 100 100
20221229 VPD 4200 -4304400 12005600 500 500
20221229 VPD 4300 -1944400 14365600  100
20221229 VPD 4400 105600 105600  4400
20221229 VPD 4700 7345600 12005600 200 700
20221229 VPD -8300 -27283900 123135600  1000
20221229 VPD -900 -69132300 44425600 3400 3400
20221229 VPD -9200 -48163900 99985600  2000
20221229 VPD -9300 -50433900 99985600 100 100
20221229 VPD "acum_busd" "acum_busd_val" "acum_val_bu" "sd" "sum_vol"
20221230 VPD 0 2212700 33920000 100 100
20221230 VPD 0 75000 13580000 400 400
20221230 VPD -1000 -2270700 52370000  200
20221230 VPD 100 2215000 33920000 500 500
20221230 VPD 100 2285000 6750000  300
20221230 VPD -1100 -9236100 36240000  100
20221230 VPD -1200 -11556100 33920000 400 400
20221230 VPD -1200 -6850700 47790000 400 400
20221230 VPD -2000 -24975700 52370000 1000 1000
20221230 VPD -200 -4465000 0 200 200
20221230 VPD -200 -94600 33920000 200 200
20221230 VPD -2300 -31770700 52370000 300 300
20221230 VPD -2800 -43095700 52370000 500 500
20221230 VPD 400 9115000 13580000  300
20221230 VPD -5000 -92775700 52370000 2200 2200
20221230 VPD 600 13665000 33920000 300 1200
20221230 VPD -600 2313900 47790000  500
20221230 VPD -700 -11544600 33920000 500 500
20221230 VPD -7400 -146775700 52370000 2400 2400
20221230 VPD -800 -11546900 33920000 100 100
20221230 VPD -800 2309300 47790000 200 200
20221230 VPD "acum_busd" "acum_busd_val" "acum_val_bu" "sd" "sum_vol"
20230103 VPD -10100 -155503200 355442100 200 200
20230103 VPD -10600 -167098200 381127100  1000
20230103 VPD -10700 -169483200 355442100 600 600
20230103 VPD -11600 -190448200 357777100  100
20230103 VPD -11700 -192783200 355442100 1000 1000
20230103 VPD 1300 29690000 36440000  600
20230103 VPD -1700 40356800 310987100  1000
20230103 VPD -2000 33351800 310987100 300 300
20230103 VPD 2300 52490000 59240000  1000
20230103 VPD -2400 -71303900 137192200  2700
20230103 VPD -2500 21676800 310987100 500 500
20230103 VPD 2500 57080000 68400000 200 600
20230103 VPD -2700 16936800 278227100  700
20230103 VPD -2700 16956800 287587100 200 600
20230103 VPD 2700 59377300 70697300  200
20230103 VPD -2900 12266800 278227100 200 200
20230103 VPD 2900 59381900 70701900  200
20230103 VPD 300 6990000 13740000 300 300
20230103 VPD 3100 59386500 70706500  200
20230103 VPD 3300 57128400 75362200 400 400
20230103 VPD -3400 -123944000 137222100  1000
20230103 VPD 3400 54808000 70718000 200 400
20230103 VPD 3400 57130700 75353000 100 100
20230103 VPD 3400 59393400 70713400  300
20230103 VPD -3400 656800 261947100  1200
20230103 VPD -3500 -1673200 310987100 1000 1000
20230103 VPD 3500 57133000 73043000  100
20230103 VPD 3500 57133000 75353000 100 100
20230103 VPD 3600 59443000 75353000  100
20230103 VPD 3700 57137600 75362200 100 100
20230103 VPD 3800 57139900 75362200  400
20230103 VPD -3900 -123955500 137222100 500 500
20230103 VPD -4000 -11733200 538842100  2700
20230103 VPD -4100 -110233900 75362200 7400 7400
20230103 VPD -4400 -123967000 137199100  100
20230103 VPD -4500 -123969300 137196800  200
20230103 VPD -4600 -27163200 234127100  4000
20230103 VPD -4700 -123973900 137192200 2300 2300
20230103 VPD -4700 -29693200 310987100 1200 1200
20230103 VPD -5100 -133133900 75362200 1000 1000
20230103 VPD 600 13740000 13740000  600
20230103 VPD -6300 -66838200 343742100  1400
20230103 VPD -6400 -69118200 355442100 500 1000
20230103 VPD -6400 -69168200 343742100 100 100
20230103 VPD -6500 -71453200 355442100 100 100
20230103 VPD -6700 -75723200 474852100  1400
20230103 VPD -7000 -83128200 355442100 500 500
20230103 VPD 700 16070000 22820000  400
20230103 VPD -7700 -99593200 310987100 3000 3000
20230103 VPD -7800 -121742500 139527100 4000 4100
20230103 VPD -8100 -108528200 442047100 100 2700
20230103 VPD -8400 -121756300 139527100 600 600
20230103 VPD -8600 -119458200 141832100 100 200
20230103 VPD -8600 -121760900 139527100 200 200
20230103 VPD -9900 -150843200 355442100 2900 2900
20230103 VPD "acum_busd" "acum_busd_val" "acum_val_bu" "sd" "sum_vol"
20230104 VPD 1000 24470000 97820000 100 100
20230104 VPD 100 2425000 2425000  100
20230104 VPD 1100 26900000 97820000 200 300
20230104 VPD 1200 29320000 95370000 2100 2200
20230104 VPD -1400 -31397400 134275000  100
20230104 VPD -1500 -33817400 134275000 100 100
20230104 VPD -1500 -33832400 131840000  1300
20230104 VPD -1500 -36280000 97820000 2500 2500
20230104 VPD -1600 -36237400 134275000 100 100
20230104 VPD 1600 39000000 39000000  800
20230104 VPD -1900 -43497400 134275000 300 300
20230104 VPD 200 4850000 4850000  100
20230104 VPD -2100 -48302400 165760000  900
20230104 VPD -2400 -55552400 182710000  100
20230104 VPD -2500 -57982400 180280000  600
20230104 VPD -2700 -62797400 182710000 300 300
20230104 VPD -2700 -65440000 97820000 1200 1200
20230104 VPD -2800 -65212400 182710000 100 100
20230104 VPD -2800 -65422400 100250000  100
20230104 VPD 2800 68400000 78200000 400 2000
20230104 VPD -2900 -67697400 143955000  100
20230104 VPD -2900 -67852400 97820000 200 200
20230104 VPD -3000 -70107400 143955000 100 100
20230104 VPD -3000 -70117400 141535000  300
20230104 VPD -3100 -118196800 182801200  3600
20230104 VPD -3100 -72502400 165760000 1000 1000
20230104 VPD 3200 78200000 92900000 100 100
20230104 VPD -3300 -77377400 134275000 1400 1400
20230104 VPD -3300 -77377400 134275000  600
20230104 VPD 3300 80650000 92900000 100 100
20230104 VPD -3400 -79702400 182710000 600 600
20230104 VPD 3400 83100000 92900000  600
20230104 VPD -3500 -156003000 275784000  1000
20230104 VPD -3500 -156003000 275784000  3600
20230104 VPD -4100 -118220800 182801200 1000 1000
20230104 VPD -4300 -123000800 182801200 200 300
20230104 VPD -4400 -103802400 182710000 1000 1000
20230104 VPD -4500 -156027000 275760000  1200
20230104 VPD -4600 -108622400 182710000 200 200
20230104 VPD -5000 -118242400 182710000  200
20230104 VPD -5000 -118242400 182710000 400 400
20230104 VPD -5500 -118254400 182710000 500 500
20230104 VPD -5600 -118256800 182710000 100 100
20230104 VPD -5700 -156055800 275731200  900
20230104 VPD 600 14555000 14555000  400
20230104 VPD -6600 -177565800 254221200  100
20230104 VPD -6700 -118283200 182714800 1300 1500
20230104 VPD -6700 -179955800 251831200  200
20230104 VPD -6900 -184715800 247071200  2500
20230104 VPD -7300 -194230800 187571200  200
20230104 VPD -7400 -196610800 187571200 100 100
20230104 VPD -7500 -199000800 182801200 3200 3200
20230104 VPD 800 19410000 19410000  200
20230104 VPD -9400 -244215800 187571200 2000 2000
20230104 VPD "acum_busd" "acum_busd_val" "acum_val_bu" "sd" "sum_vol"
20230105 VPD 0 -9160200 98463400  100
20230105 VPD -1000 -33060200 98463400 600 600
20230105 VPD -100 -11555200 96068400  700
20230105 VPD -100 -2309800 4800  200
20230105 VPD 100 26646200 41059800 500 500
20230105 VPD 1100 26670200 41059800  900
20230105 VPD 1300 36260400 81714000  500
20230105 VPD 1300 36260400 81714000  800
20230105 VPD -200 -13945200 81728400  600
20230105 VPD 200 4935200 7249800  300
20230105 VPD 300 12330400 81714000 100 100
20230105 VPD -300 -2314600 0 300 300
20230105 VPD -300 -7139800 7249800 500 500
20230105 VPD 300 7350200 21739800  600
20230105 VPD -3600 -95200200 98463400 2600 2600
20230105 VPD -400 14696200 41059800 500 500
20230105 VPD 400 14720400 81714000 400 400
20230105 VPD -400 -18720200 98463400 400 400
20230105 VPD -500 12306200 41059800 100 100
20230105 VPD 500 36241200 81694800 100 100
20230105 VPD 600 26658200 41059800 500 500
20230105 VPD 600 38636200 81694800 300 300
20230105 VPD -700 -11569600 81714000 1000 1000
20230105 VPD -700 -25895200 81728400 500 500
20230105 VPD -700 7576200 43449800  100
20230105 VPD -800 -13959600 81714000 100 100
20230105 VPD 800 24285400 81714000 500 500
20230105 VPD -800 5186200 41059800 300 300
20230105 VPD 900 45821200 81694800  1600
20230105 VPD "acum_busd" "acum_busd_val" "acum_val_bu" "sd" "sum_vol"
20230106 VPD 0 130000 9580000  400
20230106 VPD -100 -2260000 9580000 100 100
20230106 VPD -100 -2330000 0 100 100
20230106 VPD -10900 -160800800 153524200 1000 1000
20230106 VPD -11900 -160824800 153524200 1000 1000
20230106 VPD -1200 -28525000 14360000  200
20230106 VPD 1200 -42623000 112520400 1000 1000
20230106 VPD -1400 -33305000 14360000 200 200
20230106 VPD -1400 -33305000 9580000 500 500
20230106 VPD -1500 -35635000 40650000 1200 1700
20230106 VPD 1600 -18737400 112470000 1300 1300
20230106 VPD -1900 -35474600 119779200  300
20230106 VPD -1900 -45145000 54990000  600
20230106 VPD -200 -4695000 0 100 100
20230106 VPD 2200 -42599000 112520400 500 500
20230106 VPD -2200 -42704600 112549200  1200
20230106 VPD -2500 -59485000 40650000 1000 1000
20230106 VPD 2700 -42587000 112520400 1000 3100
20230106 VPD 2900 12332600 112470000 100 100
20230106 VPD -2900 -35498600 119779200 1000 1000
20230106 VPD 3000 12335000 112470000  4900
20230106 VPD -300 -7060000 0 100 100
20230106 VPD -3300 -1796800 153524200  100
20230106 VPD -3400 -4211800 151109200  1300
20230106 VPD -3400 -42733400 112520400 4200 4200
20230106 VPD -3500 -6616800 153524200 200 200
20230106 VPD -400 -9430000 9580000 300 300
20230106 VPD -400 -9450000 0 100 100
20230106 VPD -4200 -35529800 119779200 1300 1300
20230106 VPD -4700 -35541800 119779200 500 500
20230106 VPD -800 -18965000 28700000  600
20230106 VPD 800 -42632600 112520400 400 400
20230106 VPD -8300 -122296800 153524200 4800 4800
20230106 VPD -900 -21380000 9580000 500 500
20230106 VPD -9900 -160776800 153524200 1600 1600
20230106 VPD "acum_busd" "acum_busd_val" "acum_val_bu" "sd" "sum_vol"
20230109 VPD -14400 -334441900 202195000  2000
20230109 VPD -14500 -337631900 152255000  200
20230109 VPD -14700 -342391900 147495000  2000
20230109 VPD -15000 -349331900 152255000 500 500
20230109 VPD -15500 -361031900 152255000 500 500
20230109 VPD -16000 -373761900 99775000 7500 7500
20230109 VPD -16200 -378431900 99775000 200 200
20230109 VPD -16400 -382041900 154595000 1000 1100
20230109 VPD -16500 -385441900 99775000 300 300
20230109 VPD -16700 -390111900 99775000 200 200
20230109 VPD -200 3498100 97380000  100
20230109 VPD -2100 -42386900 0 1800 1800
20230109 VPD -300 1103100 94985000  3000
20230109 VPD -300 -6900 0 300 300
20230109 VPD -3300 -70446900 23435000  100
20230109 VPD -3400 -72841900 21040000  500
20230109 VPD -3600 -77536900 0 1500 1500
20230109 VPD -3600 -77781900 97380000 3400 3400
20230109 VPD -3900 -84541900 9340000 700 1100
20230109 VPD -5400 -120801900 97380000 1800 1800
20230109 VPD -8500 -194886900 99775000  100
20230109 VPD -8600 -197281900 97380000 3200 3200
20230109 VPD "acum_busd" "acum_busd_val" "acum_val_bu" "sd" "sum_vol"
20230110 VPD 100 2400 2400  100
20230110 VPD -10600 -227488300 2400 700 700
20230110 VPD -11500 -248433300 16487400  700
20230110 VPD -11600 -250788300 2400 1000 1000
20230110 VPD -11700 -253148300 2400 100 100
20230110 VPD -12200 -264918300 2400 500 500
20230110 VPD -2900 -48528300 2400 3000 3000
20230110 VPD -3400 -60078300 2400 500 500
20230110 VPD -3500 -62388300 2400 100 100
20230110 VPD -5500 -108798300 2400 2000 2000
20230110 VPD -6300 -127378300 2400 800 800
20230110 VPD -6400 -129703300 2400 100 100
20230110 VPD -6900 -141328300 2400 500 500
20230110 VPD -7900 -164578300 2400 1000 1000
20230110 VPD -8400 -176228300 2400 500 500
20230110 VPD -9900 -211178300 2400 1500 1500
20230110 VPD "acum_busd" "acum_busd_val" "acum_val_bu" "sd" "sum_vol"
20230111 VPD -100 -202315000 205000 800 800
20230111 VPD -2500 -260705000 7495000  100
20230111 VPD -2600 -263135000 5065000  200
20230111 VPD -2800 -267995000 205000 2000 2000
20230111 VPD 3700 -109595000 205000 500 500
20230111 VPD 4200 -97395000 205000 1400 1400
20230111 VPD -5000 -330550400 48586600  200
20230111 VPD -5200 -335370400 43766600  800
20230111 VPD 5600 -63235000 205000 1800 1800
20230111 VPD -6000 -354730400 24406600  300
20230111 VPD -6100 -357495400 7516600  900
20230111 VPD -6300 -361990400 17146600  100
20230111 VPD -6400 -364400400 14736600  200
20230111 VPD -6500 -357505000 7495000 4000 4000
20230111 VPD -6600 -357507400 7495000 100 100
20230111 VPD -6600 -369240400 9896600  100
20230111 VPD -6600 -369245400 7516600 500 500
20230111 VPD -6700 -357509800 7495000 100 100
20230111 VPD -6700 -371620400 7516600 100 100
20230111 VPD -6900 -357514600 7495000 200 200
20230111 VPD -7000 -357517000 7495000 100 100
20230111 VPD 700 -182795000 205000 3000 3000
20230111 VPD 7400 -19315000 205000 800 800
20230111 VPD -800 -219395000 205000 700 700
20230111 VPD 8200 205000 205000  8200
20230111 VPD "acum_busd" "acum_busd_val" "acum_val_bu" "sd" "sum_vol"
20230112 VPD -1100 -2113000 4840000  400
20230112 VPD -1300 -6953000 0 1300 1300
20230112 VPD -1500 -11333000 7220000  100
20230112 VPD -1600 -13713000 4840000 500 500
20230112 VPD -1600 -13713000 7220000 100 100
20230112 VPD -2300 -30373000 7220000 700 700
20230112 VPD -2800 -42273000 9600000 600 700
20230112 VPD -3300 -54788000 143815000  1600
20230112 VPD -4200 -75593000 21500000  500
20230112 VPD -4700 -87493000 21500000 500 500
20230112 VPD -4700 -87493000 9600000 1900 1900
20230112 VPD -4900 -92388000 106215000  1200
20230112 VPD -5300 -101643000 40295000  100
20230112 VPD -5400 -103998000 37940000  200
20230112 VPD -5600 -108698000 33240000  300
20230112 VPD -5700 -111043000 21500000 1000 1000
20230112 VPD -5800 -113393000 21500000 100 100
20230112 VPD -5800 -113468000 63895000  100
20230112 VPD -5800 -113518000 40295000 500 500
20230112 VPD -5900 -115748000 26190000 300 500
20230112 VPD -5900 -115828000 61535000  100
20230112 VPD -5900 -115828000 63895000 100 100
20230112 VPD -6000 -118188000 59175000  800
20230112 VPD -6100 -120588000 78015000  500
20230112 VPD -6300 -125258000 66265000  100
20230112 VPD -6300 -125293000 40295000 500 500
20230112 VPD -6400 -127628000 63895000 500 500
20230112 VPD -6600 -132338000 66265000 300 300
20230112 VPD -6800 -137068000 40295000 500 500
20230112 VPD "acum_busd" "acum_busd_val" "acum_val_bu" "sd" "sum_vol"
20230113 VPD 100 2380000 2380000  100
20230113 VPD 1100 2404000 2404000  1000
20230113 VPD 1200 -7144000 4831000 500 600
20230113 VPD 1200 -9426600 45543400 100 100
20230113 VPD 1200 -9456600 28813400 800 800
20230113 VPD 1300 -4749000 7226000  100
20230113 VPD 1300 -7036600 45543400 300 300
20230113 VPD 1600 133400 45543400  700
20230113 VPD 1600 2416000 2416000  500
20230113 VPD 1600 53400 12028400  300
20230113 VPD 1800 4863400 16838400  200
20230113 VPD 2000 9663400 28813400 200 200
20230113 VPD 2200 14443400 28813400 100 100
20230113 VPD 2300 16838400 28813400  500
20230113 VPD -2500 -99944200 47935800 3000 3000
20230113 VPD 300 -30936600 45543400 900 900
20230113 VPD -3500 -123749200 47935800 1000 1000
20230113 VPD -3700 -128509200 47935800 200 200
20230113 VPD 400 -28546600 47933400  100
20230113 VPD -4100 -138024200 69380800  900
20230113 VPD -4100 -138049200 47935800  100
20230113 VPD -4100 -138049200 47935800 400 400
20230113 VPD -5000 -159469200 47935800 900 900
20230113 VPD 500 -28544200 47935800  100
20230113 VPD -5200 -164259200 69380800 1100 1100
20230113 VPD -6000 -183199200 71770800  100
20230113 VPD -6100 -185589200 69380800 900 900
20230113 VPD 900 -16596600 28813400 300 300
20230113 VPD "acum_busd" "acum_busd_val" "acum_val_bu" "sd" "sum_vol"
20230116 VPD -100 -2350000 0 100 100
20230116 VPD -10100 -236965000 0 1500 1500
20230116 VPD -10100 -236985000 11675000 300 300
20230116 VPD -10400 -244020000 11675000 300 300
20230116 VPD -1800 -42225000 0 1000 1000
20230116 VPD -2000 -46920000 0 200 200
20230116 VPD -2100 -49270000 0 100 100
20230116 VPD -2300 -53970000 0 200 200
20230116 VPD -5500 -129170000 0 3200 3200
20230116 VPD -800 -18775000 0 700 700
20230116 VPD -8600 -201865000 0 3100 3100
20230116 VPD -9700 -227620000 11675000 100 600
20230116 VPD -9800 -229960000 11675000 100 100
20230116 VPD "acum_busd" "acum_busd_val" "acum_val_bu" "sd" "sum_vol"
20230117 VPD -100 -1740000 70350000  3000
20230117 VPD 1100 26525000 117335000  500
20230117 VPD -1500 -34800000 0 1500 1500
20230117 VPD -3000 -69750000 0  100
20230117 VPD -3000 -69750000 0 1500 1500
20230117 VPD -3100 -71710000 122085000 3900 3900
20230117 VPD -3100 -72090000 0 100 100
20230117 VPD -400 -8735000 82075000  100
20230117 VPD -400 -8735000 82075000  800
20230117 VPD -500 -11080000 79730000  1200
20230117 VPD -500 -11080000 79730000  200
20230117 VPD 600 14715000 105525000  1000
20230117 VPD 600 14800000 117335000 500 500
20230117 VPD -700 -15770000 75040000  100
20230117 VPD -800 -18115000 72695000  100
20230117 VPD 800 19550000 122085000  300
20230117 VPD -900 -20460000 70350000 800 800
20230117 VPD "acum_busd" "acum_busd_val" "acum_val_bu" "sd" "sum_vol"
20230118 VPD 0 0 2345000  100
20230118 VPD -100 -2345000 0 100 100
20230118 VPD 3800 89175000 126770000 1000 1000
20230118 VPD 3900 91525000 129120000  100
20230118 VPD 4300 100900000 164410000 300 300
20230118 VPD 4400 103260000 166770000  100
20230118 VPD 4400 103285000 145570000 200 200
20230118 VPD 4600 107975000 145570000  700
20230118 VPD 4600 107980000 164410000 400 400
20230118 VPD 4600 107990000 152620000 100 1000
20230118 VPD 4700 110335000 152620000  300
20230118 VPD 4700 110340000 154970000  100
20230118 VPD 4800 112675000 126770000 200 200
20230118 VPD 4800 112700000 157330000  100
20230118 VPD 4900 114905000 117250000  4900
20230118 VPD 4900 115060000 159690000  100
20230118 VPD 5000 117375000 126770000 300 300
20230118 VPD 5000 117420000 164410000 100 100
20230118 VPD 5100 119665000 122010000  200
20230118 VPD 5100 119780000 164410000  200
20230118 VPD 5300 124425000 126770000  200
20230118 VPD "acum_busd" "acum_busd_val" "acum_val_bu" "sd" "sum_vol"
20230119 VPD 1000 23985000 71325000  1300
20230119 VPD 100 2390000 2390000  100
20230119 VPD 100 2490000 26180000 100 100
20230119 VPD 1100 26180000 26180000  600
20230119 VPD 200 4770000 4770000  100
20230119 VPD 200 4850000 26180000 900 900
20230119 VPD 200 4960000 40450000 500 500
20230119 VPD 2700 64465000 116545000  1900
20230119 VPD -300 -6890000 40450000 500 500
20230119 VPD 300 7150000 7150000  100
20230119 VPD 3700 88265000 140345000  1000
20230119 VPD 4100 97785000 157005000 300 300
20230119 VPD 4400 104925000 157005000  700
20230119 VPD 500 11900000 11900000  200
20230119 VPD 600 14485000 157005000 3500 3500
20230119 VPD 700 16760000 40450000  600
20230119 VPD 800 19245000 71325000 200 200
20230119 VPD "acum_busd" "acum_busd_val" "acum_val_bu" "sd" "sum_vol"
20230127 VPD 0 4965200 4970000  100
20230127 VPD 0 5885200 22220000 700 700
20230127 VPD -10000 -232099800 144790000 100 100
20230127 VPD -100 -2400 0 100 100
20230127 VPD -100 2485200 2490000  100
20230127 VPD -100 3545200 22220000 100 100
20230127 VPD -10200 -236809800 144790000 200 200
20230127 VPD -10300 -239169800 144790000 100 100
20230127 VPD -10500 -243889800 144790000 200 200
20230127 VPD -10900 -250962200 147210000  500
20230127 VPD -10900 -250962200 147210000 500 600
20230127 VPD -200 -4800 0 100 100
20230127 VPD 200 9905200 9910000  400
20230127 VPD -2400 -51629800 130240000 6000 6000
20230127 VPD 300 12375200 12380000  100
20230127 VPD -3400 -75979800 130240000 1000 1000
20230127 VPD 3600 94470200 130240000 100 100
20230127 VPD 3700 96805200 130240000 600 5000
20230127 VPD -4800 -109979800 144790000  600
20230127 VPD -5200 -119679800 144790000 400 400
20230127 VPD -5400 -124529800 130240000 2000 2000
20230127 VPD 600 19755200 19760000  300
20230127 VPD 700 22215200 22220000  100
20230127 VPD -9900 -229744800 144790000 4700 4700
20230127 VPD "acum_busd" "acum_busd_val" "acum_val_bu" "sd" "sum_vol"
20230130 VPD 0 0 0  400
20230130 VPD -1000 -19269800 36316000 600 1200
20230130 VPD 1300 36275200 36316000  1000
20230130 VPD 1800 12161200 12166000  1000
20230130 VPD -200 -4800 0 200 200
20230130 VPD 300 12125200 12130000  700
20230130 VPD 300 12125200 12166000 1500 1500
20230130 VPD -3300 -12072200 43576000  100
20230130 VPD -3400 -12074600 43576000 100 100
20230130 VPD -3400 -14492200 41156000  100
20230130 VPD -3500 -12077000 43576000 100 100
20230130 VPD -3500 -16912200 38736000  100
20230130 VPD -3600 -12079400 43576000 100 100
20230130 VPD -3600 -19332200 36316000 2600 2600
20230130 VPD -400 -4779800 36316000 1000 1000
20230130 VPD -4800 -12108200 43576000 1200 1200
20230130 VPD -5400 -12122600 43576000 600 600
20230130 VPD -5700 -12129800 43576000 300 300
20230130 VPD 600 19370200 36316000 700 700
20230130 VPD -6600 -7326200 48406000  200
20230130 VPD -6800 -12156200 43576000 1100 1100
20230130 VPD -6800 -7331000 48420400  600
20230130 VPD -7000 -7335800 48406000 400 400
20230130 VPD -7400 -7345400 48406000 400 400
20230130 VPD 800 12137200 12142000  500
20230130 VPD "acum_busd" "acum_busd_val" "acum_val_bu" "sd" "sum_vol"
20230131 VPD -10000 2177600 2444000  100
20230131 VPD -10100 2175200 2441600 1100 1100
20230131 VPD -13600 50243200 50644000 5500 5500
20230131 VPD -16900 50164000 50644000 3300 3300
20230131 VPD -1700 2376800 2420000  100
20230131 VPD -1800 2374400 2441600 1000 1000
20230131 VPD -1800 -43200 0 1100 1100
20230131 VPD -18500 57348400 57902800  300
20230131 VPD -18800 50118400 50672800  1100
20230131 VPD -19900 50092000 50646400  100
20230131 VPD -20000 50089600 50644000 3100 3100
20230131 VPD -200 -4800 0 200 200
20230131 VPD -2800 2350400 2441600 1000 1000
20230131 VPD -3700 2328800 2441600 900 900
20230131 VPD -3900 2324000 2441600 200 200
20230131 VPD -4300 2314400 2441600 400 400
20230131 VPD -5100 2295200 2441600 800 800
20230131 VPD -700 -16800 0 500 500
20230131 VPD -7100 2247200 2441600 2000 2000
20230131 VPD -7900 2228000 2441600 800 800
20230131 VPD -8000 50377600 50644000  2000
20230131 VPD -800 2398400 2441600  900
20230131 VPD -8100 50375200 50644000 100 100
20230131 VPD -8900 2204000 2441600 1000 1000
20230131 VPD -9000 2201600 2441600 100 100
20230131 VPD "acum_busd" "acum_busd_val" "acum_val_bu" "sd" "sum_vol"
20230201 VPD 0 0 0  9400
20230201 VPD -1300 -31170000 19440000  800
20230201 VPD -1400 -33580000 26750000  100
20230201 VPD -1500 -36020000 24310000  100
20230201 VPD -1600 -38460000 21870000 400 500
20230201 VPD -19500 -471880000 119090000 13900 13900
20230201 VPD -2100 -50610000 0 2100 2100
20230201 VPD -2400 -57880000 26750000 1000 1000
20230201 VPD -24500 -592380000 119090000 5000 5000
20230201 VPD -3300 -79750000 34040000 1200 1500
20230201 VPD -34000 -669831200 140600000  900
20230201 VPD -3400 -82180000 34040000 100 100
20230201 VPD -34900 -691341200 119090000 10400 10400
20230201 VPD -3700 -89470000 116660000  2000
20230201 VPD -4300 -104050000 34040000 900 900
20230201 VPD -4500 -108910000 48620000  100
20230201 VPD -4600 -111340000 46190000  500
20230201 VPD -4700 -113670000 116660000 1000 1000
20230201 VPD -5100 -123490000 34040000 800 800
20230201 VPD -5300 -128250000 116660000 600 600
20230201 VPD -5400 -130670000 116660000 100 100
20230201 VPD -5600 -135500000 119090000  100
20230201 VPD -5700 -137930000 116660000 300 300
20230201 VPD -5700 -138070000 68060000  500
20230201 VPD -6200 -150220000 55910000  300
20230201 VPD -6500 -157510000 48620000 2000 2000
20230201 VPD "acum_busd" "acum_busd_val" "acum_val_bu" "sd" "sum_vol"
20230202 VPD 0 -14350600 14400  200
20230202 VPD 0 -14350600 38400 300 800
20230202 VPD -10000 -225004400 40800  100
20230202 VPD 100 -14348200 16800  100
20230202 VPD -100 -2390000 0 100 100
20230202 VPD -10100 -225006800 38400 200 200
20230202 VPD -1300 -14381800 38400 900 900
20230202 VPD -200 -14355400 26400 700 700
20230202 VPD -200 -14355400 9600  400
20230202 VPD -200 -4785000 0 100 100
20230202 VPD -2100 -68492600 156555100  500
20230202 VPD -2400 -75342600 191355100  600
20230202 VPD -2600 -68505100 156542600 100 500
20230202 VPD -2900 -68512600 156532600  500
20230202 VPD -3000 -90222600 176475100 200 1000
20230202 VPD -3000 -90542600 156555100 900 900
20230202 VPD -3300 -97892600 156555100 300 300
20230202 VPD -3400 -80792600 144252600  2700
20230202 VPD -3600 -105242600 156555100 300 300
20230202 VPD -400 -14360200 38400 400 400
20230202 VPD 500 -14338600 26400  400
20230202 VPD -600 -14365000 0 400 400
20230202 VPD -6100 -146942600 78102600  800
20230202 VPD -6900 -166502600 58542600  1100
20230202 VPD -7400 -160476800 38400 6100 6100
20230202 VPD -8000 -193342600 31702600  900
20230202 VPD -8100 -177206800 38400 700 700
20230202 VPD -8900 -215302600 9742600  300
20230202 VPD -9100 -201106800 38400 1000 1000
20230202 VPD -9200 -222577600 2467600  100
20230202 VPD -9300 -205886800 38400 200 200
20230202 VPD -9300 -224987600 57600  700
20230202 VPD -9900 -220226800 38400 600 600
20230202 VPD "acum_busd" "acum_busd_val" "acum_val_bu" "sd" "sum_vol"
20230203 VPD 1200 29155000 36400000  1000
20230203 VPD 1300 31525000 68030000 1000 1400
20230203 VPD 1800 43735000 50980000  600
20230203 VPD 1900 46165000 58270000 200 500
20230203 VPD 200 4855000 12100000  500
20230203 VPD 300 7125000 68030000 200 200
20230203 VPD -300 -7245000 0 300 300
20230203 VPD -300 -9897500 75487500 800 800
20230203 VPD 400 7127500 68032500  100
20230203 VPD 500 12005000 68030000 800 800
20230203 VPD 500 9702500 75487500 100 100
20230203 VPD 600 12142500 75487500 100 100
20230203 VPD 700 14582500 75487500  300
20230203 VPD "acum_busd" "acum_busd_val" "acum_val_bu" "sd" "sum_vol"
20230206 VPD -100 -2450000 0 100 100
20230206 VPD -11000 -48496000 9824000 11200 12200
20230206 VPD -2200 -48284800 10035200  8800
20230206 VPD -300 -7350000 0 200 200
20230206 VPD -3100 -69929800 10035200 900 900
20230206 VPD -400 -9800000 0 100 100
20230206 VPD -400 -9800000 9800000  400
20230206 VPD -500 -12205000 9800000 100 100
20230206 VPD -800 -19420000 9800000 300 300
20230206 VPD -800 -19600000 0 400 400
20230206 VPD "acum_busd" "acum_busd_val" "acum_val_bu" "sd" "sum_vol"
20230207 VPD 100 12015400 12025000  300
20230207 VPD 100 2405000 2405000  100
20230207 VPD -11100 -257344600 31265000  200
20230207 VPD -11200 -259749600 31265000 100 100
20230207 VPD -11300 -262154600 26455000  100
20230207 VPD -11400 -264559600 24050000 1500 1500
20230207 VPD -14400 -259826400 31265000 3200 3400
20230207 VPD -15900 -259862400 31265000 1500 1500
20230207 VPD -1600 -28869600 24050000 1000 1000
20230207 VPD -17000 -259888800 31265000 1100 1100
20230207 VPD -18000 -259912800 31265000 1000 1000
20230207 VPD -1800 -33679600 24050000 200 200
20230207 VPD -200 4800400 4810000 400 500
20230207 VPD -2200 -43299600 24050000 400 400
20230207 VPD -3200 -67349600 24050000 1000 1000
20230207 VPD 500 21635400 21645000  400
20230207 VPD -500 -2414600 24050000 1100 1100
20230207 VPD 600 24040400 24050000  100
20230207 VPD -600 -4819600 24050000 100 100
20230207 VPD -6800 -153929600 24050000 3600 3600
20230207 VPD -7300 -165954600 24050000 500 500
20230207 VPD -8300 -190004600 24050000 1000 1000
20230207 VPD -9400 -216459600 24050000 1100 1100
20230207 VPD -9900 -228484600 24050000 500 500
20230207 VPD "acum_busd" "acum_busd_val" "acum_val_bu" "sd" "sum_vol"
20230208 VPD -100 -2405000 0 100 100
20230208 VPD -100 -2405000 2405000  100
20230208 VPD -1100 -31260200 2429000 200 200
20230208 VPD -1600 -26467000 2405000 1200 1200
20230208 VPD -1700 -26469400 2405000 100 100
20230208 VPD -200 -4810000 0 100 100
20230208 VPD -200 -4810000 2405000 100 100
20230208 VPD -2100 -31284200 2429000 1000 1000
20230208 VPD -300 -7215000 2405000 100 100
20230208 VPD -400 -9620000 2405000 100 100
20230208 VPD -700 -26445400 2429000  1000
20230208 VPD -800 -28850400 2429000 100 100
20230208 VPD -900 -31255400 2429000 100 100
20230208 VPD "acum_busd" "acum_busd_val" "acum_val_bu" "sd" "sum_vol"
20230209 VPD -100 -2310000 0 100 100
20230209 VPD -10300 -293127100 64400 2200 2200
20230209 VPD -3900 -143447100 64400  2600
20230209 VPD -4900 -166747100 64400 1000 1000
20230209 VPD -5900 -190097100 64400 1000 1000
20230209 VPD -6500 -143506900 4600 6600 6800
20230209 VPD -6600 -206477100 64400 700 700
20230209 VPD -6700 -208817100 64400 100 100
20230209 VPD -7500 -227567100 64400 800 800
20230209 VPD -8100 -241667100 64400 600 600
20230209 VPD -9200 -293100700 90800  1100
20230209 VPD "acum_busd" "acum_busd_val" "acum_val_bu" "sd" "sum_vol"
20230210 VPD 1100 12034400 14426400  200
20230210 VPD 1100 12034400 14426400  800
20230210 VPD 1600 12046400 14407200 700 700
20230210 VPD 2000 -21440400 14481600  1500
20230210 VPD -200 -19100600 14426400 500 500
20230210 VPD 2300 12063200 14407200 1000 1000
20230210 VPD 2500 12068000 14388000 100 2700
20230210 VPD 300 12015200 14407200 1300 1300
20230210 VPD -300 -21495600 14426400 100 100
20230210 VPD 300 -7125600 14426400 100 100
20230210 VPD 3300 12087200 14407200  800
20230210 VPD 400 -4730600 14426400 700 700
20230210 VPD 500 -21476400 14445600  800
20230210 VPD "acum_busd" "acum_busd_val" "acum_val_bu" "sd" "sum_vol"
20230213 VPD 0 655000 131700000 1000 1400
20230213 VPD -100 -1745000 136560000  200
20230213 VPD -1100 -26045000 136560000 1000 1000
20230213 VPD 1100 27385000 121980000 400 400
20230213 VPD -1200 -28475000 136560000 100 100
20230213 VPD 1500 37105000 121980000 1000 1000
20230213 VPD 2400 58940000 114610000 100 100
20230213 VPD 2500 61375000 114610000 100 100
20230213 VPD 2500 61390000 117060000  100
20230213 VPD 2500 61440000 121980000 100 100
20230213 VPD 2600 63805000 114610000 100 100
20230213 VPD 2600 63875000 121980000 100 100
20230213 VPD 2700 66235000 114610000 100 100
20230213 VPD 2700 66310000 121980000  200
20230213 VPD 2800 68665000 114610000 600 600
20230213 VPD -300 -6605000 131700000 300 300
20230213 VPD -3200 -77075000 136560000 2000 2000
20230213 VPD 3400 83245000 114610000 500 500
20230213 VPD -3500 -84365000 136560000 300 300
20230213 VPD 3900 95395000 114610000 300 500
20230213 VPD 4000 97985000 109610000  4400
20230213 VPD -400 -9300000 0 400 400
20230213 VPD -400 -9300000 2325000 100 200
20230213 VPD 600 15235000 121980000 500 500
20230213 VPD -7900 -191225000 162850000  100
20230213 VPD -8000 -193560000 165285000  100
20230213 VPD -8000 -193615000 160460000  1100
20230213 VPD -8100 -195995000 162850000  1200
20230213 VPD -8100 -195995000 162850000 200 200
20230213 VPD -8200 -198245000 136560000 4700 4700
20230213 VPD -8700 -210345000 136560000 500 500
20230213 VPD -9000 -217515000 136560000 300 300
20230213 VPD "acum_busd" "acum_busd_val" "acum_val_bu" "sd" "sum_vol"
20230214 VPD 100 2480000 2480000  100
20230214 VPD -1400 -33795000 14880000 2000 2000
20230214 VPD -2400 -57595000 14880000 1000 1000
20230214 VPD -2700 -64790000 14880000 300 300
20230214 VPD 300 7440000 7440000  200
20230214 VPD 600 14880000 14880000  300
20230214 VPD "acum_busd" "acum_busd_val" "acum_val_bu" "sd" "sum_vol"
20230216 VPD -2100 -50320000 11550000 2600 3100
20230216 VPD -2200 -52690000 11550000 100 100
20230216 VPD -4000 -95025000 35875000  1000
20230216 VPD -4200 -99805000 35875000 200 200
20230216 VPD -4400 -104595000 35875000 200 200
20230216 VPD -4800 -114570000 11550000 2600 2600
20230216 VPD -5000 -119350000 11550000 200 200
20230216 VPD "acum_busd" "acum_busd_val" "acum_val_bu" "sd" "sum_vol"
20230217 VPD 300 7280000 9680000 100 100
20230217 VPD 400 9680000 9680000  400
20230217 VPD -700 -16720000 9680000 1000 1000
20230217 VPD "acum_busd" "acum_busd_val" "acum_val_bu" "sd" "sum_vol"
20230220 VPD -1300 -31185000 0 800 800
20230220 VPD 1600 39275000 116160000 100 100
20230220 VPD 1700 41685000 116160000 700 5800
20230220 VPD -1900 -45075000 116160000 1000 1000
20230220 VPD -200 -4825000 0 200 200
20230220 VPD -2300 -55235000 0 1000 1000
20230220 VPD -2400 -57125000 116160000 500 500
20230220 VPD -2400 -57640000 0 100 100
20230220 VPD -300 -7240000 0 100 100
20230220 VPD -400 -8925000 116160000 1000 1000
20230220 VPD 4600 113765000 287050000  7000
20230220 VPD -500 -12055000 0 200 300
20230220 VPD 600 15175000 116160000 1000 1000
20230220 VPD -900 -20975000 116160000 500 500
20230220 VPD "acum_busd" "acum_busd_val" "acum_val_bu" "sd" "sum_vol"
