20221212 VPH -35200 -168615000
20221213 VPH 40200 198158000
20221214 VPH -16000 -77209000
20221215 VPH 3200 16172000
20221216 VPH -12300 -56730000
20221219 VPH -124100 -580741000
20221220 VPH -80000 -346497000
20221221 VPH -69900 -293456000
20221222 VPH 18500 77588000
20221223 VPH 22200 91286000
20221226 VPH -168100 -639018000
20221227 VPH -3000 -5802000
20221228 VPH 16300 66497000
20221229 VPH -9800 -35079000
20221230 VPH 38500 153186000
20230103 VPH 18700 79318000
20230104 VPH -50900 -207730000
20230105 VPH -18900 -77147000
20230106 VPH -70200 -288633000
20230109 VPH -53300 -218786000
20230110 VPH -15000 -60220000
20230111 VPH -16100 -64865000
20230112 VPH 18200 75251000
20230113 VPH -46300 -185197000
20230116 VPH -48600 -194092000
20230117 VPH -76900 -306884000
20230118 VPH 800 4072000
20230119 VPH -28000 -114816000
20230127 VPH -33000 -137225000
20230130 VPH 7200 30687000
20230131 VPH -12800 -54699000
20230201 VPH -26700 -110272000
20230202 VPH -29800 -121556000
20230203 VPH 4300 19972000
20230206 VPH 17500 73936000
20230207 VPH -38400 -157156000
