20230223 VPI 103700 5341650000 10605530000 2800 16800
20230223 VPI 15900 820650000 820650000  15900
20230223 VPI 19000 980610000 1078650000 1900 6900
20230223 VPI 20500 1057770000 1764690000 11800 17600
20230223 VPI 21300 1098970000 1805890000  800
20230223 VPI 23700 1222570000 1929490000  2400
20230223 VPI 29900 1543050000 1641090000  10900
20230223 VPI 33800 1741510000 3351320000 16400 20600
20230223 VPI 34600 1783920000 2490840000  10900
20230223 VPI 35000 1803430000 3413240000  1200
20230223 VPI 41300 2128630000 4857330000 4500 8800
20230223 VPI 41500 2138810000 4635450000 14300 25600
20230223 VPI 44500 2293740000 4053080000 2900 15300
20230223 VPI 45200 2329480000 5058180000  3900
20230223 VPI 46000 2371040000 3134610000 1000 1200
20230223 VPI 46800 2412220000 3124290000 100 12400
20230223 VPI 58400 3009840000 5893340000 3000 19200
20230223 VPI 60200 3103030000 6321620000 6500 9600
20230223 VPI 62600 3226320000 7104940000 100 100
20230223 VPI 62700 3231470000 7104940000 100 100
20230223 VPI 62800 3236620000 7104940000 12600 27800
20230223 VPI 63600 3278160000 6161660000  5200
20230223 VPI 67800 3494640000 7373260000  5200
20230223 VPI 71800 3700800000 8203680000 12100 28200
20230223 VPI 79300 4087050000 8589930000  7500
20230223 VPI 80900 4169450000 8857730000 3600 8800
20230223 VPI 81500 4200350000 8888630000  600
20230223 VPI 83100 4282750000 8971030000  1600
20230223 VPI 84700 4365150000 9053430000  1600
20230223 VPI 86800 4473300000 9166730000 100 100
20230223 VPI 86900 4478450000 9166730000  2200
20230223 VPI 89000 4586190000 9454570000 3400 9000
20230223 VPI 92500 4766090000 9886330000 4900 9100
20230223 VPI 93200 4802070000 9670450000  4200
20230223 VPI "acum_busd" "acum_busd_val" "acum_val_bu" "sd" "sum_vol"
