20230223 VRE -10900 -308255000 1305345000 1400 6500
20230223 VRE -11200 -314985000 2390800000  1600
20230223 VRE -125600 -3513145000 3946035000 36500 42000
20230223 VRE -12800 -360105000 2345680000  13100
20230223 VRE -130700 -3653835000 4045755000 8700 12300
20230223 VRE -14600 -412780000 1161270000 1600 11000
20230223 VRE -152000 -4241475000 4092760000 23000 24700
20230223 VRE -155100 -4326345000 5872365000 7200 28000
20230223 VRE -157400 -4389520000 6095190000 10400 18500
20230223 VRE -161600 -4505945000 4098280000 9800 10000
20230223 VRE -16600 -469780000 90560000 19800 23000
20230223 VRE -168700 -4701000000 5300365000 4400 33000
20230223 VRE -170100 -4737960000 6180430000 15800 18900
20230223 VRE -171600 -4781400000 4153380000 12000 14000
20230223 VRE -18000 -508470000 1322325000 7700 8300
20230223 VRE -192900 -5366700000 4513885000 1500 3000
20230223 VRE -192900 -5366775000 4472635000 32900 44500
20230223 VRE -199300 -5538000000 6248970000 31700 34200
20230223 VRE -20100 -568790000 132980000 5000 6500
20230223 VRE -205100 -5693690000 7113080000 6500 15800
20230223 VRE -207900 -5770890000 6857795000 700 8000
20230223 VRE -21000 -591425000 1843715000  9000
20230223 VRE -212200 -5889030000 6597400000 1800 6500
20230223 VRE -214000 -5937105000 7383845000  4300
20230223 VRE -214500 -5951825000 6657680000 4500 6700
20230223 VRE -215100 -5968775000 6468385000 23800 31800
20230223 VRE -21800 -613905000 1948060000 4500 8200
20230223 VRE -218300 -6054710000 7266240000 18800 24400
20230223 VRE -22200 -627360000 901630000 7200 28000
20230223 VRE -222500 -6169110000 7408460000 9400 10300
20230223 VRE -24400 -687225000 1948060000 2600 2600
20230223 VRE -25900 -729525000 1976260000 2500 3500
20230223 VRE -259800 -7187425000 7798235000  11400
20230223 VRE -271200 -7498075000 7487585000 51600 54500
20230223 VRE -284700 -7864185000 8121915000 36800 48700
20230223 VRE -30000 -845225000 1589915000 600 4600
20230223 VRE -30500 -861525000 147080000 10900 11400
20230223 VRE -33400 -941100000 1477150000 700 6200
20230223 VRE -34000 -958200000 1322325000 16000 16000
20230223 VRE -34700 -977870000 1322325000 700 700
20230223 VRE -35700 -1007905000 175230000 6200 7200
20230223 VRE -35800 -1010465000 315980000  2600
20230223 VRE -37400 -1051985000 2424605000 27400 28600
20230223 VRE -38200 -1076220000 1322325000 3500 3500
20230223 VRE -38400 -1083655000 242790000 5100 7500
20230223 VRE -48000 -1349845000 2424605000 10600 10600
20230223 VRE -54900 -1543735000 2545435000  2100
20230223 VRE -56000 -1574985000 3720625000 600 1500
20230223 VRE -56300 -1583390000 3695450000 100 3600
20230223 VRE -57000 -1602745000 2486425000 11200 13400
20230223 VRE -59700 -1678420000 3597625000  2200
20230223 VRE -60100 -1689530000 3751420000 5200 6300
20230223 VRE -60700 -1706390000 3524935000 300 11300
20230223 VRE -61900 -1739910000 3536135000 1600 2000
20230223 VRE -68100 -1912710000 3762600000 8400 8800
20230223 VRE -69200 -1944460000 2833885000 2300 9200
20230223 VRE -70100 -1969615000 2847860000 1400 1900
20230223 VRE -71400 -2005980000 3216960000 100 5900
20230223 VRE -71700 -2014630000 2573485000 17800 18800
20230223 VRE -73800 -2073430000 2640685000  1900
20230223 VRE -75700 -2126630000 2587485000 4500 5000
20230223 VRE -77000 -2162605000 2895460000 8600 10300
20230223 VRE -77100 -2165295000 3054850000  1800
20230223 VRE -78800 -2212685000 2934665000 3200 4600
20230223 VRE -78900 -2215605000 3004540000  2000
20230223 VRE -80900 -2271505000 2948640000 2600 3100
20230223 VRE -85600 -2400960000 3770970000 17800 18100
20230223 VRE -94600 -2651550000 3793250000 9800 10600
20230223 VRE "acum_busd" "acum_busd_val" "acum_val_bu" "sd" "sum_vol"
