20221212 VTK -100 -3000000 3000000  3000000
20221212 VTK 100 3110000 9110000 6110000 
20221212 VTK "acum_busd" "acum_busd_val" "acum_val" "val_bu" "val_sd"
20221213 VTK 1800 59600000 79400000  9900000
20221213 VTK 2000 66200000 66200000 41880000 
20221213 VTK 2000 66200000 86000000 6600000 
20221213 VTK 2100 69500000 69500000 3300000 
20221213 VTK 2300 76100000 95900000 9900000 
20221213 VTK 600 18240000 18240000 18240000 
20221213 VTK 700 21280000 21280000 3040000 
20221213 VTK 800 24320000 24320000 3040000 
20221213 VTK "acum_busd" "acum_busd_val" "acum_val" "val_bu" "val_sd"
20221214 VTK 100 3600000 3600000 3600000 
20221214 VTK 300 10700000 10700000 7100000 
20221214 VTK 400 14250000 14250000 3550000 
20221214 VTK "acum_busd" "acum_busd_val" "acum_val" "val_bu" "val_sd"
20221216 VTK 0 0 3180000  
20221216 VTK 0 0 6360000  
20221216 VTK -100 -3170000 9530000  3170000
20221216 VTK "acum_busd" "acum_busd_val" "acum_val" "val_bu" "val_sd"
20221219 VTK 0 0 35000000  
20221219 VTK 0 200000 41800000  3300000
20221219 VTK 100 3500000 38500000 3500000 
20221219 VTK 100 3700000 45300000 3500000 
20221219 VTK 1300 45700000 87300000 35000000 
20221219 VTK 2300 80700000 122300000 35000000 
20221219 VTK 300 10700000 52300000 7000000 
20221219 VTK 3800 133200000 174800000 52500000 
20221219 VTK 3900 137100000 205900000  13600000
20221219 VTK 4300 150700000 192300000 17500000 
20221219 VTK "acum_busd" "acum_busd_val" "acum_val" "val_bu" "val_sd"
20221220 VTK 0 0 3490000  
20221220 VTK -1300 -44030000 85170000 3390000 
20221220 VTK -1300 -44070000 75130000 3479999.9999999995 
20221220 VTK -1300 -44070000 78430000  
20221220 VTK -1400 -47420000 81780000  3350000
20221220 VTK -1400 -47550000 71650000  26960000.000000004
20221220 VTK -200 -6980000 20940000  6980000
20221220 VTK -300 -10470000 24430000  3490000
20221220 VTK -500 -17210000 31170000  6740000.000000001
20221220 VTK -600 -20590000 34550000  3379999.9999999995
20221220 VTK -600 -20590000 37930000  
20221220 VTK -600 -20590000 41310000  
20221220 VTK -600 -20590000 44690000  
20221220 VTK "acum_busd" "acum_busd_val" "acum_val" "val_bu" "val_sd"
20221221 VTK 0 0 3410000  
20221221 VTK -100 -3050000 27160000  6700000
20221221 VTK 100 3650000 20460000  6700000
20221221 VTK 300 10350000 13760000 10350000 
20221221 VTK -700 -23000000 47110000  19950000
20221221 VTK -700 -23000000 53810000  
20221221 VTK "acum_busd" "acum_busd_val" "acum_val" "val_bu" "val_sd"
20221222 VTK 200 6800000 6800000 6800000 
20221222 VTK "acum_busd" "acum_busd_val" "acum_val" "val_bu" "val_sd"
20221223 VTK 200 6800000 6800000 6800000 
20221223 VTK "acum_busd" "acum_busd_val" "acum_val" "val_bu" "val_sd"
20221226 VTK 100 3390000 3390000 3390000 
20221226 VTK 100 3390000 6690000  
20221226 VTK "acum_busd" "acum_busd_val" "acum_val" "val_bu" "val_sd"
20221227 VTK 0 0 3300000  
20221227 VTK 0 0 6650000  
20221227 VTK "acum_busd" "acum_busd_val" "acum_val" "val_bu" "val_sd"
20221228 VTK -100 -3329999.9999999995 3329999.9999999995  3329999.9999999995
20221228 VTK "acum_busd" "acum_busd_val" "acum_val" "val_bu" "val_sd"
20221229 VTK 100 3450000 3450000 3450000 
20221229 VTK "acum_busd" "acum_busd_val" "acum_val" "val_bu" "val_sd"
20221230 VTK 0 190000 21290000 3590000 
20221230 VTK -100 -3400000 17700000 3600000 
20221230 VTK -1300 -46610000 190490000 61200000 
20221230 VTK -1600 -57440000 201320000  10830000
20221230 VTK -200 -7000000 10500000  
20221230 VTK -200 -7000000 14100000  
20221230 VTK -200 -7000000 7000000  7000000
20221230 VTK -3000 -107810000 129290000  108000000
20221230 VTK "acum_busd" "acum_busd_val" "acum_val" "val_bu" "val_sd"
20230103 VTK 200 6800000 6800000 6800000 
20230103 VTK 400 13960000 13960000 7159999.999999999 
20230103 VTK "acum_busd" "acum_busd_val" "acum_val" "val_bu" "val_sd"
20230104 VTK 0 0 3600000  
20230104 VTK -100 -3500000 7100000  3500000
20230104 VTK -200 -7000000 10600000  3500000
20230104 VTK -200 -7000000 14100000  
20230104 VTK -300 -10500000 17600000  3500000
20230104 VTK -400 -14000000 21100000  3500000
20230104 VTK -700 -24500000 31600000  10500000
20230104 VTK "acum_busd" "acum_busd_val" "acum_val" "val_bu" "val_sd"
20230105 VTK 0 0 7159999.999999999 3579999.9999999995 3579999.9999999995
20230105 VTK 0 9999.999999998137 50129999.99999999  14320000
20230105 VTK 0 9999.999999998137 71610000  
20230105 VTK 0 9999.999999998137 78770000  
20230105 VTK -1000 -35790000 121730000 3579999.9999999995 
20230105 VTK -1000 -35790000 139630000 3579999.9999999995 
20230105 VTK 100 3579999.9999999995 10739999.999999998 3579999.9999999995 
20230105 VTK -1100 -39370000 118150000  39380000
20230105 VTK -1100 -39370000 132470000 3579999.9999999995 
20230105 VTK -1200 -42950000 128890000  7159999.999999999
20230105 VTK -1200 -42950000 146790000  7159999.999999999
20230105 VTK 300 10739999.999999998 17899999.999999996 7159999.999999999 
20230105 VTK -3600 -128840000 297180000 7180000 
20230105 VTK -3800 -136000000 304340000  7159999.999999999
20230105 VTK -3800 -136020000 290000000 3590000 
20230105 VTK -3800 -136030000 275670000 10740000 
20230105 VTK -3900 -139610000 279250000  3579999.9999999995
20230105 VTK -3900 -139610000 286410000  
20230105 VTK -4000 -143160000 311500000  7159999.999999999
20230105 VTK 400 14329999.999999998 21489999.999999996 3590000 
20230105 VTK 400 14329999.999999998 35809999.99999999  
20230105 VTK -4100 -146770000 264930000 7159999.999999999 
20230105 VTK -4300 -153810000 322150000  10650000
20230105 VTK -4300 -153930000 257770000  110979999.99999999
20230105 VTK -4600 -164460000 332800000  10650000
20230105 VTK -5300 -189310000 357650000  24850000
20230105 VTK "acum_busd" "acum_busd_val" "acum_val" "val_bu" "val_sd"
20230106 VTK 0 2840000.000000001 346140000 7440000.000000001 
20230106 VTK -100 -930000.0000000033 394450000 3720000.0000000005 
20230106 VTK -100 -930000.0000000033 431450000  
20230106 VTK -2000 -72000000 72000000  72000000
20230106 VTK -200 -4600000 301500000 18600000 
20230106 VTK -200 -4600000 338700000  
20230106 VTK -200 -4650000.000000004 390730000  26040000.000000004
20230106 VTK -2700 -97200000 205200000  
20230106 VTK -2700 -97200000 97200000  25200000
20230106 VTK -3900 -138110000 706700000  137180000
20230106 VTK 500 21390000 364690000 18550000 
20230106 VTK -700 -23200000 279200000 74000000 
20230106 VTK -700 -23200000 282900000  
20230106 VTK -7100 -253630000 822220000  115520000
20230106 VTK -7100 -253630000 931120000  
20230106 VTK "acum_busd" "acum_busd_val" "acum_val" "val_bu" "val_sd"
20230109 VTK 10300 401040000 1054800000 50700000 
20230109 VTK 11600 451740000 1105500000 50700000 
20230109 VTK 12000 467340000 1121100000 15600000 
20230109 VTK 12000 468290000 1852370000 3900000 30560000
20230109 VTK 12200 475140000 1128900000 7800000 
20230109 VTK 12300 479520000 1794840000  11460000
20230109 VTK 12400 482940000 1136700000 7800000 
20230109 VTK 12600 490980000 1783380000 7700000 19270000
20230109 VTK 12700 494950000 1817910000  3820000.0000000005
20230109 VTK 12800 498540000 1191300000  19500000
20230109 VTK 12800 498770000 1814090000 19250000 
20230109 VTK 12900 502550000 1756410000 15600000 156000000
20230109 VTK 13300 518040000 1171800000 35100000 
20230109 VTK 13300 518080000 1241960000  3890000
20230109 VTK 13400 521970000 1238070000  11670000
20230109 VTK 13500 525880000 1249760000 7800000 
20230109 VTK 13700 533640000 1226400000 35100000 
20230109 VTK 13900 541470000 1288630000  11640000
20230109 VTK 14000 545370000 1292530000 3900000 
20230109 VTK 14200 553110000 1276990000 27230000 
20230109 VTK 14500 565130000 1428970000  19340000
20230109 VTK 14600 568870000 1386230000 3900000 15600000
20230109 VTK 14900 580570000 1366730000  19500000
20230109 VTK 15000 584470000 1409630000 19500000 3900000
20230109 VTK 15400 600070000 1347230000 54700000 
20230109 VTK 16400 639040000 1580900000 11700000 27300000
20230109 VTK 16500 642930000 1506770000 77800000 
20230109 VTK 16500 642950000 1584810000 3910000 
20230109 VTK 16800 654640000 1541900000 19510000 7800000
20230109 VTK 1900 72930000 605670000  46680000
20230109 VTK 1900 72930000 621230000  7780000
20230109 VTK -200 -7400000 307940000 3850000 30720000
20230109 VTK -200 -7400000 330980000 11520000 11520000
20230109 VTK 2100 80710000 613450000 7780000 
20230109 VTK -2700 -103850000 119450000 7800000 92400000
20230109 VTK 3000 115920000 454300000 123320000 
20230109 VTK 300 11790000 258010000  11460000
20230109 VTK 3100 119610000 558990000  23340000
20230109 VTK 3400 131280000 523980000  27159999.999999996
20230109 VTK 3500 135330000 683630000 62400000 
20230109 VTK 3700 142950000 535650000 11670000 
20230109 VTK 4100 158440000 496820000 42520000 
20230109 VTK 4500 174330000 722630000 39000000 
20230109 VTK -500 -19250000 19250000  19250000
20230109 VTK 500 19470000 265690000 7680000 
20230109 VTK 5400 209430000 757730000 35100000 
20230109 VTK 5400 209430000 761630000  
20230109 VTK 600 23250000 246550000 127100000 
20230109 VTK 6600 256470000 808670000 47040000 
20230109 VTK 6700 260390000 812590000 3920000.0000000005 
20230109 VTK 6800 264310000 816510000 3920000.0000000005 
20230109 VTK 6900 268230000 820430000 3920000.0000000005 
20230109 VTK 7200 279960000 879080000  23460000
20230109 VTK 7800 303420000 855620000 35190000 
20230109 VTK 8100 315240000 922200000  3920000.0000000005
20230109 VTK 8200 319160000 918280000 39200000 
20230109 VTK 8800 342540000 949500000 27300000 
20230109 VTK 9000 350340000 1004100000 3900000 23400000
20230109 VTK 9100 354240000 961200000 11700000 
20230109 VTK 9500 369840000 976800000 15600000 
20230109 VTK "acum_busd" "acum_busd_val" "acum_val" "val_bu" "val_sd"
20230110 VTK 1300 28860000 203230000 24310000 
20230110 VTK 1500 33260000 207630000 4400000 
20230110 VTK 1700 37660000 212030000 4400000 
20230110 VTK 1700 37660000 233930000  
20230110 VTK -1800 -40540000 74210000 4460000 
20230110 VTK -1900 -42760000 76430000  2220000
20230110 VTK -2000 -44980000 78650000  2220000
20230110 VTK -2000 -44990000 83080000 2210000 
20230110 VTK -2000 -45000000 45000000  45000000
20230110 VTK -2000 -45000000 49500000 2250000 
20230110 VTK -2000 -45000000 58500000  
20230110 VTK -2000 -45000000 69750000  
20230110 VTK 200 4550000 178920000 22100000 
20230110 VTK -2100 -47200000 80870000  2220000
20230110 VTK -2100 -47250000 47250000  2250000
20230110 VTK -2600 -57390000 112680000 4300000 
20230110 VTK -2800 -61690000 108380000 4300000 
20230110 VTK -3000 -65990000 104080000  21000000
20230110 VTK -800 -17550000 156820000 41990000 2150000
20230110 VTK "acum_busd" "acum_busd_val" "acum_val" "val_bu" "val_sd"
20230111 VTK -1000 -22120000 121350000  11050000
20230111 VTK -100 -2190000 46080000  6540000
20230111 VTK -100 -2190000 63680000  8800000
20230111 VTK -100 -2190000 92540000 6660000 6660000
20230111 VTK -1500 -33170000 132400000  11050000
20230111 VTK 200 4350000 37350000 8760000 
20230111 VTK 200 4350000 39540000  
20230111 VTK -200 -4410000 28590000 2190000 
20230111 VTK -2400 -52970000 152200000  19800000
20230111 VTK -2900 -63970000 163200000  11000000
20230111 VTK -300 -6600000 26400000 4400000 
20230111 VTK 300 6610000 54880000 8800000 
20230111 VTK -500 -11000000 11000000  11000000
20230111 VTK -500 -11000000 22000000  
20230111 VTK -500 -11070000 101420000  8880000
20230111 VTK -500 -11070000 110300000  
20230111 VTK "acum_busd" "acum_busd_val" "acum_val" "val_bu" "val_sd"
20230112 VTK 0 0 2200000  
20230112 VTK 100 2200000 4400000 2200000 
20230112 VTK 1200 26860000 68810000 6900000 
20230112 VTK 1700 38610000 80560000 11750000 
20230112 VTK 2000 45600000 87550000 6990000 
20230112 VTK -200 -4400000 15400000  8800000
20230112 VTK 200 4400000 6600000 2200000 
20230112 VTK 700 15500000 39500000  2100000
20230112 VTK 800 17600000 37400000 22000000 
20230112 VTK 800 17710000 41710000 2210000 
20230112 VTK 800 17710000 43920000  
20230112 VTK 900 19960000 46170000 2250000 
20230112 VTK 900 19960000 48410000  
20230112 VTK 900 19960000 61910000  
20230112 VTK "acum_busd" "acum_busd_val" "acum_val" "val_bu" "val_sd"
20230113 VTK -1100 -25600000 43890000  11200000
20230113 VTK -1200 -27840000 46130000  2240000
20230113 VTK -1300 -30080000 48370000  2240000
20230113 VTK -1500 -34560000 52850000  4480000
20230113 VTK -1700 -39040000 57330000  4480000
20230113 VTK -1800 -41280000 59570000  2240000
20230113 VTK -1900 -43520000 61810000  2240000
20230113 VTK -1900 -43520000 64050000  
20230113 VTK -2000 -45740000 75270000 4500000 
20230113 VTK -2000 -45760000 66290000  2240000
20230113 VTK -2200 -50240000 70770000  4480000
20230113 VTK -2500 -56940000 86470000  11200000
20230113 VTK -2500 -56940000 99910000  
20230113 VTK -600 -14400000 14400000  14400000
20230113 VTK -600 -14400000 16940000  
20230113 VTK -600 -14400000 28190000  
20230113 VTK -600 -14400000 32690000  
20230113 VTK "acum_busd" "acum_busd_val" "acum_val" "val_bu" "val_sd"
20230116 VTK 0 0 4400000  
20230116 VTK 2000 47000000 51400000 47000000 
20230116 VTK "acum_busd" "acum_busd_val" "acum_val" "val_bu" "val_sd"
20230117 VTK 0 350000 61230000 6780000 
20230117 VTK 1000 22950000 83830000 22600000 
20230117 VTK 100 2320000 2320000 2320000 
20230117 VTK 100 2320000 4640000  
20230117 VTK 200 4670000 6990000 2350000 
20230117 VTK -300 -6430000 54450000 9040000 
20230117 VTK 300 6970000 9290000 2300000 
20230117 VTK -400 -8690000 38630000 6840000 22500000
20230117 VTK -500 -10950000 40890000  2260000
20230117 VTK -700 -15470000 45410000  4520000
20230117 VTK "acum_busd" "acum_busd_val" "acum_val" "val_bu" "val_sd"
20230118 VTK 100 2300000 2300000 2300000 
20230118 VTK -400 -8700000 13300000  11000000
20230118 VTK -600 -13050000 39950000 2250000 
20230118 VTK -600 -13050000 44350000  
20230118 VTK -700 -15300000 28700000 2200000 
20230118 VTK -700 -15300000 37700000  
20230118 VTK -800 -17500000 26500000 2200000 
20230118 VTK -900 -19700000 24300000  11000000
20230118 VTK "acum_busd" "acum_busd_val" "acum_val" "val_bu" "val_sd"
20230119 VTK 400 9900000 40700000 25300000 
20230119 VTK 400 9900000 47300000  
20230119 VTK -500 -11000000 11000000  11000000
20230119 VTK -700 -15400000 15400000  4400000
20230119 VTK -800 -16500000 73700000  26400000
20230119 VTK "acum_busd" "acum_busd_val" "acum_val" "val_bu" "val_sd"
20230127 VTK 100 2230000 2230000 2230000 
20230127 VTK 1300 28990000 46830000 33450000 
20230127 VTK 1500 33450000 55750000  2230000
20230127 VTK 1600 35670000 57970000 2220000 
20230127 VTK 1600 35680000 53520000 6690000 
20230127 VTK 1800 40110000 62410000 4440000 
20230127 VTK 2000 44550000 66850000 4440000 
20230127 VTK -200 -4460000 13380000 2230000 
20230127 VTK 2100 46760000 69060000 2210000 
20230127 VTK 2600 57760000 80060000 11000000 
20230127 VTK 2700 59960000 82260000 2200000 
20230127 VTK -300 -6690000 11150000  8920000
20230127 VTK 3200 70960000 93260000 11000000 
20230127 VTK 3200 70960000 99830000  
20230127 VTK 3300 73140000 102010000 2180000 
20230127 VTK 3400 75320000 104190000 2180000 
20230127 VTK 3500 77490000 106360000 2170000 
20230127 VTK 3600 79660000 108530000 2170000 
20230127 VTK "acum_busd" "acum_busd_val" "acum_val" "val_bu" "val_sd"
20230130 VTK 100 2210000 2210000 2210000 
20230130 VTK 500 11090000 15430000  2170000
20230130 VTK 600 13260000 13260000 11050000 
20230130 VTK 700 15430000 19770000 4340000 
20230130 VTK 800 17600000 21940000 2170000 
20230130 VTK 900 19770000 24110000 2170000 
20230130 VTK 900 19770000 26280000  
20230130 VTK "acum_busd" "acum_busd_val" "acum_val" "val_bu" "val_sd"
20230131 VTK 100 2190000 10950000  4380000
20230131 VTK 200 4380000 4380000 4380000 
20230131 VTK 300 6570000 6570000 2190000 
20230131 VTK 400 8760000 17520000 6570000 
20230131 VTK "acum_busd" "acum_busd_val" "acum_val" "val_bu" "val_sd"
20230201 VTK -100 -2150000 2150000  2150000
20230201 VTK 100 2150000 8600000 4300000 
20230201 VTK 1800 38870000 45320000 36720000 
20230201 VTK 1900 41070000 47520000 2200000 
20230201 VTK 2200 48170000 103250000  16800000
20230201 VTK 2300 49910000 60680000  2160000
20230201 VTK 2400 52070000 58520000 11000000 
20230201 VTK 3000 64970000 82170000  2140000
20230201 VTK 3000 64970000 86450000  
20230201 VTK 3100 67110000 77880000 17200000 
20230201 VTK "acum_busd" "acum_busd_val" "acum_val" "val_bu" "val_sd"
20230203 VTK -300 -6330000 6330000  6330000
20230203 VTK -400 -8430000 8430000  2100000
20230203 VTK -500 -10530000 10530000  2100000
20230203 VTK -500 -10530000 16950000  
20230203 VTK "acum_busd" "acum_busd_val" "acum_val" "val_bu" "val_sd"
20230206 VTK 500 10500000 10500000 10500000 
20230206 VTK 700 14700000 14700000 4200000 
20230206 VTK 700 14700000 21000000  
20230206 VTK "acum_busd" "acum_busd_val" "acum_val" "val_bu" "val_sd"
20230207 VTK -300 -6180000 6180000  6180000
20230207 VTK -800 -16480000 16480000  10300000
20230207 VTK -800 -16480000 18530000  
20230207 VTK -800 -16480000 20570000  
20230207 VTK "acum_busd" "acum_busd_val" "acum_val" "val_bu" "val_sd"
20230208 VTK 100 2060000 2060000 2060000 
20230208 VTK 100 2060000 6120000  
20230208 VTK -1100 -21350000 45020000  7880000
20230208 VTK -200 -3670000 19490000 3820000.0000000005 9550000
20230208 VTK -200 -3670000 21450000  
20230208 VTK -700 -13470000 35170000 1960000.0000000002 
20230208 VTK -700 -13470000 37140000  
20230208 VTK -800 -15430000 33210000  11760000
20230208 VTK "acum_busd" "acum_busd_val" "acum_val" "val_bu" "val_sd"
20230209 VTK -100 -1970000 1970000  1970000
20230209 VTK -3800 -74390000 113790000 19700000 92120000
20230209 VTK -3800 -74390000 115760000  
20230209 VTK "acum_busd" "acum_busd_val" "acum_val" "val_bu" "val_sd"
20230210 VTK 700 14000000 14000000 14000000 
20230210 VTK 700 14000000 33500000  
20230210 VTK "acum_busd" "acum_busd_val" "acum_val" "val_bu" "val_sd"
