20221212 VTO 29800 226264000
20221213 VTO -37000 -275930000
20221214 VTO -52200 -391800000
20221215 VTO -5700 -41592000
20221216 VTO 21900 166104000
20221219 VTO 21600 163575000
20221220 VTO -40100 -298181000
20221221 VTO -73700 -542341000
20221222 VTO -6700 -47910000
20221223 VTO 2500 18552000
20221226 VTO -31500 -227386000
20221227 VTO -33200 -237636000
20221228 VTO 52800 390508000
20221229 VTO -20200 -148800000
20221230 VTO -15900 -115971000
20230103 VTO 45300 343829000
20230104 VTO -152000 -1257940000
20230105 VTO -92500 -759083000
20230106 VTO -85200 -697777000
20230109 VTO 130700 1014726000
20230110 VTO 170800 1339172000
20230111 VTO -36700 -289946000
20230112 VTO -6100 -47500000
20230113 VTO 1600 12400000
20230116 VTO -18200 -140591000
20230117 VTO 40800 328974000
20230118 VTO -18000 -142196000
20230119 VTO 107900 862666000
20230127 VTO 26400 223784000
20230130 VTO -39900 -318841999.99999994
20230131 VTO -21900 -172954000.00000003
20230201 VTO -175800 -1420337000
20230202 VTO -95100 -741149000
20230203 VTO -68900 -529057000
20230206 VTO 2800 21558000
20230207 VTO -54200 -421700000
