20230223 VTO 100 830000 830000  100
20230223 VTO -18900 -155692000 17290000  1500
20230223 VTO -18900 -155692000 17290000  2000
20230223 VTO -19300 -158984000 13175000 1400 2900
20230223 VTO -19400 -159807000 13175000 100 100
20230223 VTO -19400 -159807000 830000 12500 12500
20230223 VTO -21900 -180382000 17290000 3000 3000
20230223 VTO -2900 -23888000 830000 3000 3000
20230223 VTO -31200 -256867000 17290000 9300 9300
20230223 VTO -36200 -298017000 27989000 6300 7600
20230223 VTO -39000 -321001000 52739000 5800 8800
20230223 VTO -39200 -322647000 52739000 200 200
20230223 VTO -41800 -344045000 52739000 2600 2600
20230223 VTO -42800 -352275000 52739000 1000 1000
20230223 VTO -45500 -374523000 54387000 2900 3100
20230223 VTO -6900 -56848000 830000 4000 4000
20230223 VTO -85500 -703171000 113473000  800
20230223 VTO -85600 -703969000 132356000  2000
20230223 VTO -86300 -709747000 106897000  100
20230223 VTO -86400 -710569000 106075000  1400
20230223 VTO -87600 -720389000 115936000  300
20230223 VTO -87600 -720437000 94567000 1100 3200
20230223 VTO -87700 -721189000 148756000 4100 6100
20230223 VTO -87800 -722031000 113473000 2300 2300
20230223 VTO -87800 -722077000 94567000 200 500
20230223 VTO -87900 -722852000 113473000 100 100
20230223 VTO -88600 -728647000 77347000  800
20230223 VTO -89400 -735207000 70787000  2000
20230223 VTO -91400 -751607000 54387000 45900 45900
20230223 VTO -93800 -771145000 151216000  100
20230223 VTO -93900 -771965000 150396000 6400 6600
20230223 VTO "acum_busd" "acum_busd_val" "acum_val_bu" "sd" "sum_vol"
