20221212 XMC -800 -9526000 7564000 2300 7000
20221213 XMC -3900 38817700 40360000 9100 17400
20221214 XMC 500 3750000 3750000 0 1000
20221215 XMC 200 1600 1600 0 200
20221216 XMC -400 -3040000 0 400 400
20221219 XMC -15800 -7563600 700 15900 18000
20221220 XMC 0 0 0 0 3000
20221221 XMC 2800 23390000 48000000 3600 13200
20221222 XMC -2400 -17040000 0 2400 2400
20221223 XMC 600 4620000 5390000 100 800
20221226 XMC -100 2996500 3000000 500 900
20221227 XMC 100 750000 750000 0 100
20221229 XMC 100 750000 750000 0 600
20221230 XMC 100 7583000 8950000 1200 2500
20230103 XMC 1000 4532800 4539800 1000 4300
20230104 XMC -4300 -30450000 6480000 5200 6600
20230105 XMC 200 2129300 3550000 300 1500
20230106 XMC 1800 12920000 12920000 0 1900
20230109 XMC -1300 -8220000 10500000 2800 5500
20230110 XMC 1100 7810000 7810000 0 1200
20230111 XMC -12100 -101929700 3470300 15500 20400
20230112 XMC 11800 84375800 93900000 2000 15800
20230113 XMC 0 0 0 0 2400
20230116 XMC 0 0 0 0 200
20230117 XMC -300 -1770000 3750000 800 1300
20230118 XMC 0 0 0 0 2600
20230119 XMC 1100 3694200 3697000 400 2600
20230127 XMC -12000 -51881500 26267500 18000 24600
20230130 XMC -16600 -136678400 88501600 27800 41800
20230131 XMC -7900 -26964899.999999993 31801500 13100 18900
20230201 XMC 600 -6795700 145324300 19100 50600
20230202 XMC -5500 -38942400 4610000 6100 11600
20230203 XMC -5700 -43890000 3080000 6100 6600
20230206 XMC -2300 -13140700 24873800 9000 15900
20230207 XMC -600 -4380000 3650000 1100 1600
20230208 XMC -9800 -33975000 1560000 10000 10300
20230209 XMC 2100 15170000 26690000 1600 5500
20230210 XMC -5500 -39610000 20160000 8300 11200
20230213 XMC -2900 -20730000 2160000 3200 3700
20230214 XMC -12000 -83930000 4970000 12700 13400
20230216 XMC 6000 44410000 44410000 0 6100
20230217 XMC -2100 -14490000 77750000 12600 31600
20230220 XMC -2400 -16740000 22550000 5300 9000
