20230130 ABS 250600 1672494000 12956670000 7004614000 5332120000
20230131 ABS -78400 -520190000 9126962000 3946790000 4466980000
20230201 ABS -299200 -1966527000 9257918000 3546105000 5512632000
20230202 ABS 2400 20342000 5597390000 2668519000 2648177000
20230203 ABS -125900 -750066000 3429042000 1084197000 1834263000
20230206 ABS 67900 411347000 2430546000 1341964000 930617000
20230207 ABS -205900 -1223927000 3536859000 1020642000 2244569000
20230208 ABS 48800 310110000 4484479000 2374978000 2064868000
20230209 ABS 42900 271929000 5265253000 2733779000 2461850000
20230210 ABS -49000 -298129000 3373868000 1252295000 1550424000
