20230130 BIC 8100 219340000 353575000 283725000 64385000
20230131 BIC 2100 56845000 1047995000 120645000 63800000
20230201 BIC 3400 95105000 538965000 276680000 181575000
20230202 BIC -100 -2670000 114260000 55795000 58465000
20230203 BIC 3200 86605000 210105000 148355000 61750000
20230206 BIC -2000 -52230000 130115000 32330000 84560000
20230207 BIC -2200 -57170000 107980000 24085000 81255000
20230208 BIC -900 -23845000 118875000 47515000 71360000
20230209 BIC 7500 199045000 416405000 201645000 2600000
20230210 BIC -1200 -32450000 71750000 0 32450000
