20230206 BII -238900 -519200000.0000001 490160000 458800 696100
20230207 BII -218800 -463520000 152240000 287000 369200
20230208 BII 90300 204930000 499260000 136400 364100
20230209 BII -78400 -172230000 392140000 256600 463300
20230210 BII -49000 -96040000 278100000 175400 358100
20230213 BII -301400 -607020000 237720000 414600 527800
20230214 BII -38100 -68420000 163380000 115900 193700
20230216 BII -220300 -450560000 243900000 335600 453500
20230217 BII -205800 -429260000 423460000 406100 608500
20230220 BII 639300 1441970000 2843450000 609700 1912800
