20230130 BOT 27500 98740000 1153160000 625950000 527210000
20230131 BOT 43100 156610000 948410000 550470000 393860000
20230201 BOT -105200 -348410000 888050000 268500000 616910000
20230202 BOT -148400 -473060000 723640000 120650000 593710000
20230203 BOT -97300 -304170000 358270000 26890000 331060000
20230206 BOT -23500 -74060000 275060000 97300000 171360000
20230207 BOT -23100 -69270000 300650000 113290000 182560000
20230208 BOT 41700 134450000 1204730000 669590000 535140000
20230209 BOT 12000 40440000 297460000 168950000 128510000
20230210 BOT -137800 -410700000 613540000 93320000 504020000
