20230130 BSR 648900 11236110000 209034490000 110108990000 98872880000
20230131 BSR 1416300 24058040000 174529270000 99017270000 74959230000
20230201 BSR -3547700 -58517280000 226393470000 83857420000 142374700000
20230202 BSR -2149200 -34059020000 176874460000 70963610000 105022630000
20230203 BSR 299900 5002670000 75677810000 40316190000 35313520000
20230206 BSR 1268600 20377900000 85922390000 53107440000 32729540000
20230207 BSR 1337600 22211930000 132255650000 77232160000 55020230000
20230208 BSR 421900 6860470000 79589130000 43224800000 36364330000
20230209 BSR 4495300 74821230000 299183410000 186898290000 112077060000
20230210 BSR -1908800 -31222760000 85532960000 27131340000 58354100000
