20230130 BVG -9800 -21000000 77800000 28400000 49400000
20230131 BVG 26900 59720000 131200000 95460000 35740000
20230201 BVG -53600 -115210000 235950000 58300000 173510000
20230202 BVG -18900 -41440000 132440000 45500000 86940000
20230203 BVG 18200 38690000 116700000 63650000 24960000
20230206 BVG 1300 2750000 17430000 6520000 3770000
20230207 BVG -3600 -7500000 27150000 9510000 17010000
20230208 BVG -7500 -15370000 74400000 19120000 34490000
20230209 BVG -2400 -4990000 21580000 2100000 7090000
20230210 BVG 2100 5200000 52130000 26880000 21680000
