20230206 BVH 202800 10022035000 17937570000 165400 593700
20230207 BVH -182000 -9120005000 4279095000 277100 466700
20230208 BVH 59600 1955590000 11188575000 197900 481300
20230209 BVH -20800 -1018230000 3014995000 81700 153200
20230210 BVH -101900 957960000 10089870000 331000 560400
20230213 BVH -149200 -7282825000 3828875000 227100 359400
20230214 BVH -46700 -2281105000 3082305000 109400 172500
20230216 BVH 55800 2789060000 10146195000 147100 402600
20230217 BVH 271500 13796085000 26189750000 245000 761500
20230220 BVH 147400 7536690000 17183340000 190000 569400
