20230130 CAP 5200 374700000 935300000 597720000 223020000
20230131 CAP 6800 489270000 748020000 503610000 14340000
20230201 CAP 11600 827230000 2019650000 1341320000 514090000
20230202 CAP -200 -13680000 254630000 77950000 91630000
20230203 CAP 2800 197730000 466080000 275320000 77590000
20230206 CAP 5000 359390000 660140000 409430000 50040000
20230207 CAP 8500 616600000 667110000 638220000 21620000
20230208 CAP 0 2040000 354510000 160110000 158070000
20230209 CAP 600 43430000 108500000 57890000 14460000
20230210 CAP 400 29120000 174600000 29120000 0
