20230130 CHP -3800 -88250000 965265000 437310000 525560000
20230131 CHP -35600 -845685000 908095000 31205000 876890000
20230201 CHP -13600 -327125000 370925000 21900000 349025000
20230202 CHP -1700 -40845000 270330000 4860000 45705000
20230203 CHP -3400 -81490000 100910000 9710000 91200000
20230206 CHP 10300 247290000 252090000 249690000 2400000
20230207 CHP -4000 -94845000 251035000 23815000 118660000
20230208 CHP -14900 -354750000 459470000 52360000 407110000
20230209 CHP -1000 -23900000 71300000 23700000 47600000
20230210 CHP 4100 97570000 264190000 180880000 83310000
