20230130 CIP 5700 10830000 19950000 15390000 4560000
20230131 CIP -6600 -12530000 12930000 200000 12730000
20230201 CIP -6700 -12720000 13120000 200000 12920000
20230202 CIP -2000 -3790000 7990000 200000 3990000
20230203 CIP -3200 -6470000 68780000 31050000 37520000
20230206 CIP -54900 -131760000 131760000 0 131760000
20230207 CIP -53800 -145260000 145260000 0 145260000
20230208 CIP -123300 -382230000 382230000 0 382230000
20230209 CIP 26000 86310000 92110000 86590000 280000
20230210 CIP 5800 16770000 19770000 18270000 1500000
