20230206 CMG 700 38297400 72184400 1800 11800
20230207 CMG 93100 3951253600 4441502000 12000 117100
20230208 CMG -14300 -574315000 364315000 23100 32100
20230209 CMG -4200 -188562400 101167800 7500 13800
20230210 CMG -8400 -334009100 75030000 10200 18000
20230213 CMG -20200 -805380000 152575000 24000 36100
20230214 CMG 100 4905000 134795000 3200 10600
20230216 CMG -1300 -49910000 149065000 4900 13500
20230217 CMG -26800 -1088635000 73095000 28600 37800
20230220 CMG -17000 -691785000 223275000 22400 44300
