20230206 CMX -104000 -887172000 1350350000 261300 520900
20230207 CMX 125300 791498400 4485019900 430600 1044500
20230208 CMX -2900 -19365000 1436040000 167300 489600
20230209 CMX -373400 -3702557600 20202370200 2557900 4789000
20230210 CMX -351800 -3464873000 6389275000 1011100 2014000
20230213 CMX -1265300 -11613262000 10873949000 2446600 3687700
20230214 CMX -283900 -2592998000 3159374000 628900 991400
20230216 CMX 142400 1361625000 7401064000 631700 1570000
20230217 CMX -279700 -2699728000 4354045000 726800 1198200
20230220 CMX 120500 1212698000 5332857000 428400 1025000
