20230130 CRC -19800 -112188000 172160000 29986000 142174000
20230131 CRC 7300 42157000 186060000 99972000 57815000
20230201 CRC 48300 285546000 870424000 568693000 283147000
20230202 CRC -25600 -148008000 159063000 5234000 153242000
20230203 CRC -2700 -15523000 28239000 6358000 21881000
20230206 CRC -5100 -28437000 147545000 50151000 78588000
20230207 CRC -12900 -71743000 134347000 21451000 93194000
20230208 CRC -3500 -18846000 137970000 59562000 78408000
20230209 CRC 600 3390000 26854000 15122000 11732000
20230210 CRC -3900 -21407000 44855000 11724000 33131000
