20230206 CSV -16900 -531857000 2111849000 100400 183900
20230207 CSV -161400 -4450162000 803372000 196700 250500
20230208 CSV -33000 -1367528000 2054812000 115500 207200
20230209 CSV -73200 -2146036000 1051414000 109400 155000
20230210 CSV -26600 -769535000 1382600000 73700 126400
20230213 CSV -66400 -1869945000 2445550000 152500 251000
20230214 CSV 116500 3374590000 4361730000 34100 187400
20230216 CSV -8400 -231005000 2176450000 82300 156200
20230217 CSV -24300 -714260000 796580000 51300 84500
20230220 CSV 53000 1590255000 3077745000 49900 157500
