20230130 CTC -18900 -35870000 446930000 205310000 241180000
20230131 CTC 6400 18730000 214030000 116380000 97650000
20230201 CTC -56500 -116320000 520300000 201990000 318310000
20230202 CTC -75400 -143170000 230830000 42730000 185900000
20230203 CTC -35100 -65370000 251230000 92930000 158300000
20230206 CTC -46600 -93160000 94840000 840000 94000000
20230207 CTC -34100 -66540000 83280000 7420000 73960000
20230208 CTC -28800 -54600000 59400000 2400000 57000000
20230209 CTC 28500 57000000 59000000 57000000 0
20230210 CTC 2300 6000000 59200000 32600000 26600000
