20230130 DIG 3058400 51877950000 301380065000 170973385000 119095435000
20230131 DIG 2221500 38750605000 235712155000 132048305000 93297700000
20230201 DIG -3513500 -59133940000 336380930000 123370890000 182504830000
20230202 DIG -3619000 -56587565000 206923485000 71011005000 127598570000
20230203 DIG -1150700 -17701095000 147424655000 60342175000 78043270000
20230206 DIG 478700 7678555000 84319865000 43362505000 35683950000
20230207 DIG -3900000 -59497800000 142107785000 41076335000 100574135000
20230208 DIG -331800 -4579880000 127208245000 59976690000 64556570000
20230209 DIG -116500 -1627120000 74253480000 34262045000 35889165000
20230210 DIG -1648700 -23493685000 109454545000 42896895000 66390580000
