20230130 DSN 1700 92410000 393750000 232250000 139840000
20230131 DSN 17400 943690000 1504550000 1224120000 280430000
20230201 DSN -1700 -88390000 380530000 135290000 223680000
20230202 DSN -800 -39970000 556770000 258400000 298370000
20230203 DSN -2000 -105220000 213020000 53900000 159120000
20230206 DSN 200 10690000 170170000 90430000 79740000
20230207 DSN -800 -41820000 181100000 69640000 111460000
20230208 DSN 1400 75630000 240560000 155420000 79790000
20230209 DSN 4300 227180000 846630000 534280000 307100000
20230210 DSN 7800 398190000 622020000 491720000 93530000
