20230130 DXP -9300 -86850000 1366660000 616460000 703310000
20230131 DXP 54100 529170000 751250000 633560000 104390000
20230201 DXP -59700 -590320000 966260000 185490000 775810000
20230202 DXP -43700 -423050000 697430000 137190000 560240000
20230203 DXP -22500 -222560000 639170000 139790000 362350000
20230206 DXP -100 -920000 410120000 193270000 194190000
20230207 DXP -10900 -109000000 222170000 39870000 148870000
20230208 DXP -18900 -183520000 860190000 178320000 361840000
20230209 DXP -500 -4980000 98190000 2030000 7010000
20230210 DXP -3600 -34460000 227310000 93030000 127490000
