20230130 EVS -7800 -86110000 722870000 318380000 404490000
20230131 EVS -15900 -178120000 383390000 92420000 270540000
20230201 EVS 6700 60340000 4499240000 2046720000 1986380000
20230202 EVS 17600 211330000 918750000 557140000 345810000
20230203 EVS -1400 -12480000 1089330000 403620000 416100000
20230206 EVS -9200 -100080000 882130000 374120000 474200000
20230207 EVS -54900 -602360000 970230000 85040000 687400000
20230208 EVS -7700 -79070000 717610000 314390000 393460000
20230209 EVS 3000 33750000 323770000 178220000 144470000
20230210 EVS 5200 53530000 492620000 257450000 203920000
