20230130 FOX 3500 207800000 608460000 384530000 176730000
20230131 FOX 1700 98710000 295910000 168310000 69600000
20230201 FOX 1400 81350000 539300000 278400000 197050000
20230202 FOX 400 22760000 150360000 80760000 58000000
20230203 FOX -3100 -179070000 300390000 17310000 196380000
20230206 FOX 300 18280000 223090000 80390000 62110000
20230207 FOX -600 -32440000 201380000 22860000 55300000
20230208 FOX -9400 -522730000 764090000 45520000 568250000
20230209 FOX -900 -50220000 89950000 5680000 55900000
20230210 FOX -100 -5300000 185500000 90100000 95400000
