20230206 GEG 110800 562170500 7629368000 492000 1095400
20230207 GEG -237400 -2586345500 3753179500 545300 891000
20230208 GEG -122700 -1760480000 4978315000 462800 876400
20230209 GEG 2500 44505000 2999260000 201800 429500
20230210 GEG -40400 -762149000 5000068500 436500 832800
20230213 GEG -324700 -4642700000 3109160000 539500 828400
20230214 GEG -244700 -3417765000 2472160000 419700 594800
20230216 GEG 164100 2390165000 4962315000 178400 575800
20230217 GEG -48000 -703620000 4568705000 358400 673600
20230220 GEG 377900 5705140000 10683505000 334200 1046300
