20230130 GEX -2637200 -38013060000 280355935000 109637265000 147650325000
20230131 GEX 570600 8630400000 196321200000 98095265000 89464865000
20230201 GEX -4305100 -60681065000 288331485000 98390220000 159071285000
20230202 GEX -2718200 -36797210000 174249375000 65042940000 101840150000
20230203 GEX -1037200 -13990650000 96079145000 38075140000 52065790000
20230206 GEX 467700 6470795000 96171565000 48983580000 42512785000
20230207 GEX -3566000 -49070435000 207636590000 73391625000 122462060000
20230208 GEX -500500 -6660415000 92766525000 40447395000 47107810000
20230209 GEX -373200 -5011865000 69367440000 30918240000 35930105000
20230210 GEX 101900 1771335000 139004380000 64247520000 62476185000
