20230206 GSP -14300 -49265000 11229000 15400 18200
20230207 GSP -11800 -1862000 213569000 34200 56600
20230208 GSP 9400 -19476000 85624000 11800 33400
20230209 GSP -2100 -158952000 132285000 34400 68800
20230210 GSP -3200 -32757000 6026000 3900 4800
20230213 GSP -46000 -455406000 96480000 55800 65600
20230214 GSP 2900 29134000 65854000 3800 10700
20230216 GSP -39900 -416595000 1234230000 152600 275300
20230217 GSP 157900 1752645000 3562580000 164900 487700
20230220 GSP -31800 -352110000 733400000 97100 162400
