20230130 HAX -171900 -3131105000 10313755000 3420375000 6551480000
20230131 HAX -57400 -1034380000 9568965000 3759845000 4794225000
20230201 HAX -129300 -2377305000 20026835000 7512170000 9889475000
20230202 HAX -100700 -1792100000 7853420000 2801465000 4593565000
20230203 HAX -123300 -2173275000 8830855000 3165125000 5338400000
20230206 HAX -66800 -1186400000 2515110000 664355000 1850755000
20230207 HAX -141100 -2495600000 6693610000 2091825000 4587425000
20230208 HAX 16200 289045000 5087035000 2551870000 2262825000
20230209 HAX -38800 -675040000 2842495000 1063540000 1738580000
20230210 HAX -45900 -776420000 5193025000 2204870000 2981290000
