20230206 HII 21800 95262000 263996000 38600 99000
20230207 HII -1100 -4658999.999999993 150353000 35500 69900
20230208 HII -122000 -513332000 195755000 167200 234600
20230209 HII 109800 468304000 651988000 43000 195800
20230210 HII 182200 799232000 1082277000 64800 313600
20230213 HII -18000 -76826000 61900000 32700 58600
20230214 HII -19200 -79641000 40582000 28900 39100
20230216 HII -109300 -447443000 151530000 145200 183100
20230217 HII 24100 100822000 282102000 43500 112200
20230220 HII 63200 271437000 524787000 59600 210200
