20230130 HLD -9700 -262180000 930790000 238120000 500300000
20230131 HLD -9100 -252950000 340990000 44020000 296970000
20230201 HLD -12000 -330860000 445020000 47410000 378270000
20230202 HLD -5900 -158200000 334890000 35050000 193250000
20230203 HLD 700 18420000 134900000 52930000 34510000
20230206 HLD 3500 92880000 219340000 145550000 52670000
20230207 HLD -200 -3170000 458170000 162750000 165920000
20230208 HLD -1000 -25230000 201860000 54260000 79490000
20230209 HLD -2000 -50800000 140150000 0 50800000
20230210 HLD -400 -8120000 328040000 153520000 161640000
