20230127 HMR 2100 14690000 14690000 14690000 0
20230130 HMR -11700 -77020000 105360000 6720000 83740000
20230131 HMR -300 -1980000 1980000 0 1980000
20230201 HMR -22000 -145040000 196230000 7420000 152460000
20230202 HMR 100 680000 680000 680000 0
20230203 HMR 1000 6800000 6800000 6800000 0
20230206 HMR -900 -5930000 20470000 670000 6600000
20230207 HMR -4800 -31180000 36540000 2010000 33190000
20230208 HMR -1600 -10360000 13040000 1340000 11700000
20230209 HMR -100 -640000 3320000 1340000 1980000
