20230109 HNF 100 1960000.0000000002 1960000.0000000002 1.96e+06 0
20230119 HNF 0 0 2010000.0000000002 0 0
20230127 HNF 200 4109999.999999999 104550000 12150000 8.04e+06
20230130 HNF -8200 -163500000 281600000 2.211e+07 185610000
20230131 HNF -1100 -19750000 129470000 41170000 60920000
20230201 HNF -3400 -66870000 66870000 0 66870000
20230202 HNF 1000 19700000 80770000 39400000 19700000
20230206 HNF -2000 -39200000 78600000 19700000 58900000
20230207 HNF 400 7880000 7880000 7880000 0
20230209 HNF 1400 27440000 27440000 27440000 0
