20230206 HPG 2112400 37242749300 221039491500 9536400 22282300
20230207 HPG -8791900 -187914017900 263183180900 24302600 43379400
20230208 HPG 2261300 9915621400 267901812500 15356000 33812500
20230209 HPG 1032200 10491161500 155187159100 7022500 16343900
20230210 HPG -549700 -11010305000 155077855000 8111100 15828700
20230213 HPG -4031600 -80212840000 137381815000 10901600 18741800
20230214 HPG 1715100 35448530000 186912100000 7383800 17294600
20230216 HPG 7072900 149135620000 314826745000 7911100 23914900
20230217 HPG -2438000 -51324270000 92017960000 6786500 12287900
20230220 HPG 6011700 129639950000 327483540000 9183800 24741700
