20230118 HTV -5400 -56135000 103955000 23380000 79515000
20230119 HTV -1000 -10600000 16960000 0 10600000
20230127 HTV -900 -9045000 19645000 5300000 14345000
20230130 HTV 1400 14885000 46685000 30785000 15900000
20230131 HTV -200 -2070000 4200000 0 2070000
20230201 HTV -200 -2160000 7550000 2160000 4320000
20230202 HTV 200 2165000 3270000 2165000 0
20230207 HTV -3700 -38830000 40970000 1070000 39900000
20230208 HTV 700 7350000 7350000 7350000 0
20230210 HTV -600 -6155000 8315000 1080000 7235000
