20230130 IDI -385700 -4901460000 78376525000 34493420000 39394880000
20230131 IDI 206300 3113990000 67682570000 35367505000 32253515000
20230201 IDI -1452100 -19013915000 103779555000 42074865000 61088780000
20230202 IDI -1530700 -18393025000 80179770000 28750970000 47143995000
20230203 IDI -585200 -6853090000 33322265000 13060535000 19913625000
20230206 IDI 353300 4306825000 40964110000 22476205000 18169380000
20230207 IDI 372900 4767330000 67641690000 36003790000 31236460000
20230208 IDI -341400 -4050945000 38887540000 16642930000 20693875000
20230209 IDI 2504700 31915625000 116039870000 72790130000 40874505000
20230210 IDI -673200 -8355415000 47380425000 18874735000 27230150000
