20230130 IJC 78700 1336955000 65044500000 32497760000 31160805000
20230131 IJC -108800 -1440360000 31646060000 14973315000 16413675000
20230201 IJC -877300 -12338060000 52888290000 16207970000 28546030000
20230202 IJC -504100 -6795605000 33571385000 12364025000 19159630000
20230203 IJC -93300 -1076240000 15852335000 7284035000 8360275000
20230206 IJC -248700 -2926575000 16764525000 6918975000 9845550000
20230207 IJC -842400 -9966175000 19372665000 4671490000 14637665000
20230208 IJC 114500 1443190000 14965190000 7937490000 6494300000
20230209 IJC -248600 -2874835000 12288035000 4165150000 7039985000
20230210 IJC -1019400 -11572165000 25078645000 6038240000 17610405000
