20230206 ITC -8200 -59077000 691216000 96200 184700
20230207 ITC -33500 -258748000 496175000 97500 179200
20230208 ITC 24000 184800000 570455000 50600 127000
20230209 ITC -33100 -253291000 230065000 63200 93500
20230210 ITC -14500 -108212000 793415000 118800 236400
20230213 ITC -16100 -113047000 598889000 96400 187200
20230214 ITC -15400 -112555000 211524000 43500 72500
20230216 ITC 11700 91713000 353716000 33700 81800
20230217 ITC -39100 -301576000 640620000 120600 202200
20230220 ITC -112100 -946225000 1998780000 354000 598800
