20230206 JVC -71500 -224160000 367250000 187000 311500
20230207 JVC -428500 -1355765000 287660000 518500 611100
20230208 JVC -97500 -303280000 452202000 241700 394900
20230209 JVC -263300 -815438000 286536000 355300 463300
20230210 JVC -37000 -113448000 503420000 198300 359700
20230213 JVC -523600 -1530244000 424655000 666600 809600
20230214 JVC -131000 -385176000 195146000 196700 263500
20230216 JVC 7100 21839000 245450000 74300 159600
20230217 JVC -122900 -368779000 166375000 178000 233400
20230220 JVC 240500 745206000 1363917000 200300 651300
