20230130 KSF -31200 -1952300000 2690560000 350250000 2302550000
20230131 KSF 38300 2362260000 4011900000 3123030000 760770000
20230201 KSF 31400 1940490000 3505930000 2660810000 720320000
20230202 KSF 20300 1232160000 2741550000 1965880000 733720000
20230203 KSF 39300 2355630000 3097430000 2726530000 370900000
20230206 KSF 39500 2331650000 2964480000 2615780000 284130000
20230207 KSF 38000 2187630000 3223850000 2705740000 518110000
20230208 KSF 21000 1193200000 2251340000 1388630000 195430000
20230209 KSF 32700 1747730000 3842890000 2520700000 772970000
20230210 KSF 500 44120000 1852790000 583150000 539030000
