20230206 LMH 418800 2464590000 3053400000 105100 632100
20230207 LMH 451700 2587660000 3231670000 116700 685100
20230208 LMH 1179600 6874720000 7141880000 47100 1279900
20230209 LMH 665000 2394196000 3011096000 109900 891400
20230210 LMH 811000 4694450000 5528450000 150800 1115900
20230213 LMH 127800 717280000 1303850000 109700 350500
20230214 LMH 602700 3408490000 3807680000 73100 749500
20230216 LMH 379500 2118620000 2498900000 70200 523300
20230217 LMH 869900 4836720000 5445550000 111900 1095900
20230220 LMH 1956700 11063450000 12508030000 260700 2483900
