20230206 MBB -1356800 -25171215000 47570085000 3899500 6636500
20230207 MBB -2770000 -51350780000 45745490000 5222000 7675200
20230208 MBB 417500 7827970000 51162395000 2354100 5590000
20230209 MBB 792900 14821305000 61565225000 2527900 6332800
20230210 MBB -2338400 -42939115000 33680360000 4162100 5991700
20230213 MBB -2250700 -40245320000 63215125000 5765100 9869700
20230214 MBB -1731700 -31039425000 39409820000 3920000 6124000
20230216 MBB -181000 -3193400000 41584180000 2459700 4742200
20230217 MBB -1258400 -22866595000 30721475000 2936900 4793200
20230220 MBB 3213300 59782835000 108680505000 2644100 8602000
