20230130 MHC 14100 58047000 157495000 107771000 49724000
20230131 MHC 23500 94858000 198297000 141565000 46707000
20230201 MHC 43800 184073000 697428000 439498000 255425000
20230202 MHC -24300 -96495000 255811000 78858000 175353000
20230203 MHC -20700 -82391000 117119000 17165000 99556000
20230206 MHC 6200 24494000 142228000 83361000 58867000
20230207 MHC -16700 -65345000 123769000 29212000 94557000
20230208 MHC -12400 -48617000 57289000 4336000 52953000
20230209 MHC 1400 5616000 11092000 8354000 2738000
20230210 MHC 5100 20381000 74243000 47312000 26931000
