20230130 MSH -800 -25115000 1117195000 502055000 527170000
20230131 MSH -6200 -202550000.00000006 1554820000 676135000 878685000
20230201 MSH -53900 -1900765000 7461895000 2778805000 4679570000
20230202 MSH -18400 -630245000 1257605000 313680000 943925000
20230203 MSH -15500 -524475000 1376215000 405830000 930305000
20230206 MSH -58700 -1947585000 2329425000 184260000 2131845000
20230207 MSH -44300 -1463615000 1991135000 260455000 1724070000
20230208 MSH -21000 -688450000 2024390000 667970000 1356420000
20230209 MSH -7600 -250250000 1332710000 541230000 791480000
20230210 MSH -4800 -157900000 860490000 351295000 509195000
