20230206 NAG 47800 -636092600 9307927400 507400 1141700
20230207 NAG -122100 -2350700000 5240310000 389000 660300
20230208 NAG 274500 2109292000 7177414000 351900 1010000
20230209 NAG 75300 2252686000 7425120000 445700 981900
20230210 NAG 42100 1666518000 14609590000 672000 1392100
20230213 NAG -255400 -5037700000 5234870000 519200 813100
20230214 NAG 220900 4374170000 8996670000 236500 759900
20230216 NAG -328800 -6472990000 6284750000 647700 1011600
20230217 NAG -116200 -2239650000 6898960000 471500 830900
20230220 NAG 7800 231340000 8623290000 440200 891900
