20230130 NCT -300 -25770000 495230000 234730000 260500000
20230131 NCT -2000 -173830000 348910000 87540000 261370000
20230201 NCT -18300 -1601210000 2195690000 297240000 1898450000
20230202 NCT -4400 -383180000 453100000 34960000 418140000
20230203 NCT -300 -26170000 113370000 43600000 69770000
20230206 NCT 200 17590000 332090000 174840000 157250000
20230207 NCT -1500 -131390000 192780000 26310000 157700000
20230208 NCT -1400 -122780000 561280000 219250000 342030000
20230209 NCT -2300 -201870000 228190000 8760000 210630000
20230210 NCT -1000 -87460000 122760000 17650000 105110000
