20230130 NSC 3100 216160000 1441270000 728930000 512770000
20230131 NSC 18800 1320650000 1773250000 1522030000 201380000
20230201 NSC 3800 273410000 572430000 358570000 85160000
20230202 NSC -200 -13440000 486140000 154700000 168140000
20230203 NSC -800 -55640000 62610000 0 55640000
20230206 NSC 100 7050000 56060000 7050000 0
20230207 NSC 1200 84620000 252620000 147620000 63000000
20230208 NSC 0 79999.99999999907 14060000 7070000 6.99e+06
20230209 NSC 4600 322530000 484290000 392850000 70320000
20230210 NSC -300 -21040000.000000007 77360000 28160000 4.92e+07
