20230206 NSH -2400 -9330000 39720000 10900 22900
20230207 NSH -37100 -165670000 23330000 42200 47600
20230208 NSH 4300 21530000 101200000 17700 40200
20230209 NSH -3500 -14650000 36050000 11500 20800
20230210 NSH -11800 -53030000 3220000 12500 13200
20230213 NSH -3400 -13510000 103250000 26800 52000
20230214 NSH 10700 49190000 108320000 12900 42700
20230216 NSH -40600 -179070000 73810000 57000 76800
20230217 NSH -9500 -41230000 23470000 14700 27000
20230220 NSH 23500 112370000 477580000 78900 185300
