20230130 NTP 4100 139590000 1044290000 568310000 428720000
20230131 NTP 8700 292500000.00000006 2432460000 873600000 581100000
20230201 NTP 4700 169580000 2511840000 1223190000 1053610000
20230202 NTP -7900 -262280000 581620000 136400000 398680000
20230203 NTP -2500 -82540000 129240000 13360000 95900000
20230206 NTP -700 -23000000 329270000 6580000 29580000
20230207 NTP -700 -22730000.00000003 544250000 2.5256e+08 275290000
20230208 NTP -8700 -277390000 796330000 240020000 517410000
20230209 NTP -1000 -30570000 321990000 145710000 176280000
20230210 NTP 6800 217940000 701990000 326600000 108660000
