20230130 OIL -61600 -514350000 9928690000 4490450000 5004800000
20230131 OIL -137000 -1215740000 8733760000 3687710000 4903450000
20230201 OIL -338900 -3056410000 14060770000 5424950000 8481360000
20230202 OIL -130900 -1144830000 7969940000 3412110000 4556940000
20230203 OIL -184200 -1627670000 3479830000 915400000 2543070000
20230206 OIL -161300 -1394170000 5641210000 2114720000 3508890000
20230207 OIL -254000 -2226770000 4625670000 1195930000 3422700000
20230208 OIL -84800 -733830000 5973950000 2588380000 3322210000
20230209 OIL 128800 1169940000 6177740000 3651150000 2481210000
20230210 OIL -109600 -966390000 2814610000 924110000 1890500000
