20230130 PAN -112000 -1950440000 46364400000 22131650000 24082090000
20230131 PAN -265700 -4495425000 30133825000 12737890000 17233315000
20230201 PAN -840700 -14278975000 69621350000 22948825000 37227800000
20230202 PAN -142900 -2249495000 31112360000 14165720000 16415215000
20230203 PAN -321600 -5208015000 18774880000 6182105000 11390120000
20230206 PAN 29500 475485000 13697780000 6982785000 6507300000
20230207 PAN -668100 -10651395000 27653750000 8433695000 19085090000
20230208 PAN -197400 -3085345000 14103610000 5281880000 8367225000
20230209 PAN -2800 -30694999.99999988 16870885000 8166440000 8197135000
20230210 PAN -220000 -3499405000 13759205000 5129900000 8629305000
