20230130 PDB -1500 -15360000 130630000 32180000 47540000
20230131 PDB -2700 -28190000 52290000 4250000 32440000
20230201 PDB -5200 -53750000 86670000 5160000 58910000
20230202 PDB 200 2390000 79390000 6390000 4000000
20230203 PDB 3000 31200000 61540000 31200000 0
20230206 PDB -500 -4850000 33690000 10300000 15150000
20230207 PDB -1100 -10810000 74990000 11330000 22140000
20230208 PDB -1100 -11190000.000000002 56070000 1.53e+07 26490000
20230209 PDB -500 -5100000 7180000 0 5100000
20230210 PDB -1700 -17150000 19210000 1030000 18180000
