20230206 PGB -14000 -534172100 440619800 51100 93700
20230207 PGB -5100 -174904500 202891100 22700 42500
20230208 PGB -21100 -292521000 262820000 35200 51500
20230209 PGB 4400 120920400 252101800 9600 23600
20230210 PGB -6500 -267909800 65912000 19200 35600
20230213 PGB 6700 123160000 447330000 18600 45200
20230214 PGB -9900 -173110000 108340000 16000 23200
20230216 PGB -11700 -208990000 3630000 11900 12100
20230217 PGB 38100 683570000 1056630000 19900 78900
20230220 PGB -5000 -87440000 252840000 18500 32900
