20230130 PGT 2000 7140000 20900000 12460000 5320000
20230131 PGT -1400 -4590000 12950000 3000000 7590000
20230201 PGT 2500 9220000 24580000 16900000 7680000
20230202 PGT 3300 10310000 60530000 35420000 25110000
20230203 PGT -5400 -17870000 52210000 12240000 30110000
20230206 PGT -3600 -11200000 61660000 10180000 21380000
20230207 PGT -700 -2200000 4200000 1000000 3200000
20230208 PGT 100 700000 17820000 7660000 6960000
20230209 PGT 1900 6860000 49100000 26380000 19520000
20230210 PGT -6000 -18420000 58280000 14660000 33080000
