20230206 PHR 36800 1698542600 5107996500 92000 221100
20230207 PHR -86800 -3523009500 7902472700 279800 474300
20230208 PHR -9500 -1691194600 5218891400 186100 399900
20230209 PHR 34700 2145688800 5798858800 109300 268800
20230210 PHR 38500 1603393400 9582799000 205500 450100
20230213 PHR -195500 -7924870000 10870205000 463000 785500
20230214 PHR -76500 -3074515000 3927040000 173100 278500
20230216 PHR 196600 8274125000 14568200000 150100 509700
20230217 PHR -76000 -3147840000 10742750000 332500 592500
20230220 PHR 185400 7839295000 21776380000 325700 836800
