20230130 PPH 14500 304620000 1232100000 757910000 453290000
20230131 PPH -164500 -3973110000 6655190000 1338640000 5311750000
20230201 PPH -6100 -144790000 2457640000 981530000 1126320000
20230202 PPH 4000 104110000 1775500000 843900000 739790000
20230203 PPH 24800 582300000 2496160000 1373930000 791630000
20230206 PPH 14500 339410000 1522540000 894860000 555450000
20230207 PPH -20300 -469520000 802300000 118000000 587520000
20230208 PPH 10500 244080000 897910000 522690000 278610000
20230209 PPH 87800 2073230000 3702210000 2872510000 799280000
20230210 PPH -5800 -135610000 536610000 135140000 270750000
