20230130 PTL 20500 68924000 345856000 207390000 138466000
20230131 PTL 28600 108180000 1030846000 569513000 461333000
20230201 PTL 19400 97291000 1392270000 724084000 626793000
20230202 PTL -9300 -32281000 400550000 173170000 205451000
20230203 PTL -36400 -146071000 515819000 184874000 330945000
20230206 PTL -116700 -504144000 504144000 0 504144000
20230207 PTL -310700 -1435434000 1511202000 37884000 1473318000
20230208 PTL 509400 2558429000 5008635000 3771171000 1212742000
20230209 PTL -150700 -706634000 2145412000 679804000 1386438000
20230210 PTL -30100 -119069000 1287830000 573906000 692975000
