20230130 PV2 37600 83320000 200160000 140420000 57100000
20230131 PV2 11900 28420000 194970000 106520000 78100000
20230201 PV2 23600 56350000 110410000 79310000 22960000
20230202 PV2 -7800 -16300000 69570000 25060000 41360000
20230203 PV2 17900 38670000 90310000 61970000 23300000
20230206 PV2 7000 14940000 24960000 19740000 4800000
20230207 PV2 -300 -150000 19050000 9450000 9600000
20230208 PV2 18900 39920000 49120000 44520000 4600000
20230209 PV2 8000 16850000 18850000 17850000 1000000
20230210 PV2 -13800 -26750000 62450000 17850000 44600000
