20230206 PVD 503900 10329219200 33409286100 1282900 3088500
20230207 PVD -570600 -11014325000 19608040000 1579300 2588100
20230208 PVD 211600 4770448800 33233295000 1494900 3300300
20230209 PVD 1487700 28423239000 70618988000 2096800 6237800
20230210 PVD -698100 -14249095000 21588250000 1753000 2889700
20230213 PVD -1443500 -29031155000 56624625000 4198600 7262600
20230214 PVD -168200 -3340485000 27548760000 1495600 2826400
20230216 PVD 1809600 39580395000 89219105000 2263600 6707900
20230217 PVD 51700 1251200000 43242385000 1910900 3873700
20230220 PVD 501700 11327960000 52726245000 1861700 4600000
