20230206 PVS 518700 1662731500 47223355100 2345900 5223700
20230207 PVS -984000 -23447022400 38383320000 2858500 4745200
20230208 PVS 228700 5486310000 34407200000 1231500 2767400
20230209 PVS 1594200 51980342800 118849807600 3349600 8713900
20230210 PVS -863900 -15283106400 23017983600 1898900 3135500
20230213 PVS -730300 -17256800000 66569920000 3491400 6542600
20230214 PVS 256600 6429830000 46424390000 1630500 3523900
20230216 PVS 3449700 88599010000 206873870000 4593000 13066600
20230217 PVS 164800 4436520000 54003160000 1897300 4286800
20230220 PVS 1491400 39646910000 107243080000 2572800 7205900
