20230206 SAM -7600 -34146600 847293600 149800 295500
20230207 SAM -245600 -1369685400 629704200 364700 483800
20230208 SAM -24800 117171000 1199628800 267600 525800
20230209 SAM -92400 -582291800 376606200 172000 333200
20230210 SAM -59100 -351502000 702622000 178200 297300
20230213 SAM -167400 -952998000 1304983000 396100 788800
20230214 SAM -13500 -79664000 744905000 142300 271100
20230216 SAM 24000 143356000 732777000 99700 229400
20230217 SAM -77100 -456965000 614131000 180400 313200
20230220 SAM 615800 3813164000 5975753000 352600 1324000
