20230130 SBV 12100 132960000 146140000 134050000 1090000
20230131 SBV 5400 59640000 179620000 119630000 59990000
20230201 SBV 8800 96580000 179470000 132550000 35970000
20230202 SBV -3700 -39990000 122930000 41470000 81460000
20230203 SBV 4200 46175000 106645000 70960000 24785000
20230206 SBV 7400 80095000 123185000 96265000 16170000
20230207 SBV 9200 100080000 100080000 100080000 0
20230208 SBV 2200 23455000 133545000 74685000 51230000
20230209 SBV -10500 -112425000 134275000 5475000 117900000
20230210 SBV 8800 95525000 134765000 109695000 14170000
