20230130 SDA 18200 128950000 793920000 440700000 311750000
20230131 SDA 9500 67600000 172790000 119100000 51500000
20230201 SDA 9900 67610000 581700000 278540000 210930000
20230202 SDA -2200 -8550000 437760000 204420000 212970000
20230203 SDA -22900 -149640000 310180000 77300000 226940000
20230206 SDA -7600 -50010000 75740000 5950000 55960000
20230207 SDA 800 9070000 360090000 169810000 160740000
20230208 SDA -6800 -42640000 203690000 79880000 122520000
20230209 SDA -6800 -41510000 134480000 43560000 85070000
20230210 SDA -8000 -51120000 67970000 7780000 58900000
