20230130 SGB -200 -2640000 56770000 26400000 29040000
20230131 SGB 5000 64500000 64500000 64500000 0
20230201 SGB 6000 79720000 133810000 90280000 10560000
20230202 SGB -3700 -47740000 50380000 1320000 49060000
20230203 SGB 1400 18380000 137110000 21000000 2620000
20230206 SGB -4500 -58170000 63370000 2600000 60770000
20230207 SGB -2000 -25780000 84320000 22070000 47850000
20230208 SGB -2600 -33600000 106400000 36400000 70000000
20230209 SGB -12400 -161150000 161150000 0 161150000
20230210 SGB -9300 -118420000 853740000 233480000 351900000
