20230206 SHB -642000 -6590945000 33394880000 3839000 7036000
20230207 SHB -5762700 -59144700000 50114405000 10621800 15619200
20230208 SHB -475600 -2183394000 48248695000 5215100 10445500
20230209 SHB 887000 9090590000 29989745000 2057500 5341900
20230210 SHB 959700 9840780000 41909985000 3167800 7295300
20230213 SHB -4892800 -48273125000 51747409000 10145600 16373000
20230214 SHB -160700 -1541518000 26829551000 2876700 5663000
20230216 SHB -891600 -8868470000 22700674000 3154400 6448000
20230217 SHB 364000 3848810000 53401875000 4906600 10178200
20230220 SHB 5161500 53450965000 102426155000 4735600 14633500
