20230130 SMB 2100 89390000 148610000 119000000 2.961e+07
20230131 SMB -2200 -91540000 192920000 50690000 142230000
20230201 SMB 200 12870000 844970000 428920000 416050000
20230202 SMB -2200 -91875000 104615000 4245000 96120000
20230203 SMB -1500 -61605000 209715000 71950000 133555000
20230206 SMB -400 -16640000 67440000 25400000 42040000
20230207 SMB -1300 -54685000 88355000 16835000 71520000
20230208 SMB -900 -37760000 46240000 4240000 42000000
20230209 SMB 100 4220000 12660000 8440000 4220000
20230210 SMB 100 4220000 12620000 8420000 4200000
