20230130 SPI 15500 38760000 64760000 39000000 240000
20230131 SPI -9200 -21620000 43660000 11020000 32640000
20230201 SPI 37100 90120000 96120000 92520000 2400000
20230202 SPI 100 790000 113950000 53460000 52670000
20230203 SPI 100 230000 32430000 13800000 13570000
20230206 SPI -5900 -13570000 37950000 9660000 23230000
20230207 SPI -2500 -5750000 15870000 690000 6440000
20230208 SPI -11600 -26660000 50850000 940000 27600000
20230209 SPI 800 1920000 2160000 1920000 0
20230210 SPI -34900 -80189999.99999999 117030000 11060000 91250000
