20230130 SRF 100 1126000 3084000 2105000 979000
20230131 SRF 100 1168000 3142000 2155000 987000
20230201 SRF 400 5222000 32588000 18905000 13683000
20230202 SRF 11400 105448000 372826000 239137000 133689000
20230203 SRF 20800 200425000 359034000 272897000 72472000
20230206 SRF 100 1150000 1150000 1150000 0
20230207 SRF 21300 227945000 272955000 250450000 22505000
20230208 SRF 14600 145794000 155756000 150775000 4.981e+06
20230209 SRF -1400 -13699000 33583000 5862000 19561000
20230210 SRF 1400 13568000 47784000 29726000 16158000
