20230130 TCI -95500 -788560000 2979740000 1091340000 1879900000
20230131 TCI -39800 -318320000 1465160000 565220000 883540000
20230201 TCI -11700 -71919999.99999994 2205130000 1031170000 1103090000
20230202 TCI -123900 -999699999.9999998 3478280000 1239290000 2238990000
20230203 TCI -38400 -312220000 364700000 18040000 330260000
20230206 TCI 49300 416990000 2194760000 1297670000 880680000
20230207 TCI -28900 -228010000 908070000 305240000 533250000
20230208 TCI -44700 -337220000 753680000 208230000 545450000
20230209 TCI -19000 -142920000 389320000 123200000 266120000
20230210 TCI -100 4490000 1212450000 588030000 583540000
