20230130 THT -48400 -600160000 1061440000 218240000 818400000
20230131 THT -59500 -736800000 2717000000 784990000 1521790000
20230201 THT -42500 -532760000 1648050000 392640000 925400000
20230202 THT 27500 347720000 1029960000 649850000 302130000
20230203 THT -6300 -79320000 564670000 184800000 264120000
20230206 THT -30800 -360330000 1089220000 320120000 680450000
20230207 THT -7500 -88960000 380530000 112520000 201480000
20230208 THT 45900 580360000 2065880000 1298490000 718130000
20230209 THT 65600 845360000 1683410000 1259950000 414590000
20230210 THT -30600 -372770000 824430000 212090000 584860000
