20230130 TIN 300 3360000 16320000 9840000 6480000
20230131 TIN -1300 -13240000 36040000 11400000 24640000
20230201 TIN -1300 -13340000 34810000 10200000 23540000
20230202 TIN -1200 -12260000 13300000 0 12260000
20230203 TIN -1200 -11940000 14060000 1060000 13000000
20230206 TIN 300 3110000 7130000 4110000 1000000
20230207 TIN 300 3510000 11750000 7630000 4120000
20230208 TIN -700 -7140000 9200000 0 7140000
20230209 TIN 100 1150000 7350000 3210000 2060000
20230210 TIN 1700 17990000 28570000 21200000 3210000
