20230206 TIP 19900 349770000 489200000 8100 36600
20230207 TIP -7300 -268028900 72698400 26700 46100
20230208 TIP -11400 -108918300 162713200 30500 49600
20230209 TIP -800 -61485700 139427900 12700 24700
20230210 TIP -27800 -466915000 15235000 28700 29600
20230213 TIP -14600 -236190000 254520000 30000 45400
20230214 TIP 200 4345000 70495000 4100 8400
20230216 TIP 7300 124830000 254670000 7700 22700
20230217 TIP -900 -14130000 126785000 8300 15700
20230220 TIP 20000 349450000 594325000 14200 48400
