20230130 TNS -12500 -39680000 139520000 49920000 89600000
20230131 TNS 3100 10060000 137460000 71360000 61300000
20230201 TNS -65200 -201410000 231330000 7460000 208870000
20230202 TNS -800 -2360000 66640000 32140000 34500000
20230203 TNS 1000 3210000 15390000 9300000 6090000
20230206 TNS 7900 22920000 35970000 23790000 870000
20230207 TNS -12400 -34160000 69540000 17690000 51850000
20230208 TNS 15500 44960000 47260000 46110000 1150000
20230209 TNS 3600 10800000 11380000 11090000 290000
20230210 TNS 600 1850000 7450000 4650000 2800000
