20230206 TVN 9600 56580000 272260000 39900 93700
20230207 TVN -24900 -130170000 429510000 103400 181900
20230208 TVN 73200 405340000 860650000 85600 244400
20230209 TVN -13900 -74240000 185600000 47800 81700
20230210 TVN -70300 -378980000 36820000 77000 83700
20230213 TVN -38600 -200540000 134800000 64000 90700
20230214 TVN 6000 33630000 226120000 36000 78000
20230216 TVN 23100 131360000 624870000 90800 211000
20230217 TVN 17300 97660000 212590000 21200 59700
20230220 TVN -33500 -179960000 294990000 86400 139300
