20230130 UIC -1600 -57920000 80720000 11400000 69320000
20230131 UIC -1500 -54455000 87980000 7600000 62055000
20230201 UIC -1300 -46035000 125775000 37995000 84030000
20230202 UIC -600 -21320000 88190000 22485000 43805000
20230203 UIC 500 18815000 84105000 51460000 32645000
20230206 UIC -100 -3670000.0000000005 3670000.0000000005 0 3.67e+06
20230207 UIC -400 -14620000 114160000 29580000 44200000
20230208 UIC 900 33165000 40365000 36765000 3600000
20230209 UIC 800 29690000 73490000 51590000 21900000
20230210 UIC -100 -3650000 7275000 0 3650000
