20230130 VCB -193000 -17426660000 95317230000 38527650000 55954310000
20230131 VCB 71700 6523060000 129020750000 63338050000 56814990000
20230201 VCB 60700 6090770000 103525020000 54520480000 48429710000
20230202 VCB 376300 34189190000 88892760000 58983890000 24794700000
20230203 VCB 429800 39696210000 82069250000 60781580000 21085370000
20230206 VCB 471000 44780830000 109155730000 76396920000 31616090000
20230207 VCB -273900 -25665530000 112440870000 35812660000 61478190000
20230208 VCB 315600 30101260000 84206690000 54682610000 24581350000
20230209 VCB 222800 21161440000 71474490000 40101200000 18939760000
20230210 VCB 128100 12131850000 60783530000 36288760000 24156910000
