20230130 VCS -250300 -14082780000 22724480000 3189830000 17272610000
20230131 VCS -30100 -1653160000 10345340000 3637380000 5290540000
20230201 VCS -61700 -3406140000 10787720000 2964290000 6370430000
20230202 VCS -41500 -2222990000 9027180000 2459520000 4682510000
20230203 VCS -42500 -2261760000 6010360000 1315100000 3576860000
20230206 VCS -24800 -1285200000 4731600000 1461530000 2746730000
20230207 VCS 11300 601300000 4217930000 2297490000 1696190000
20230208 VCS -4300 -218340000 2675070000 954180000 1172520000
20230209 VCS 14500 768720000 2244230000 1406150000 637430000
20230210 VCS -5300 -272050000 1045560000 363110000 635160000
