20230111 VDP -200 -7070000 14165000 0 7070000
20230112 VDP 2000 76000000 76000000 76000000 0
20230116 VDP 200 7590000.000000001 11190000 7.59e+06 0
20230118 VDP -100 -3600000 3600000 0 3600000
20230119 VDP 200 7590000.000000001 7590000.000000001 7.59e+06 0
20230201 VDP -100 -3529999.9999999995 3529999.9999999995 0 3.53e+06
20230203 VDP 100 4625000 18025000 11325000 6700000
20230206 VDP 400 14384999.999999998 14384999.999999998 1.4385e+07 0
20230207 VDP 100 3800000.000000001 10880000 7.34e+06 3540000
20230208 VDP 0 0 3550000 0 0
