20230130 VFS 13000 293340000 3869130000 1352870000 1059530000
20230131 VFS -8800 -186810000 2255270000 1013350000 1200160000
20230201 VFS 13900 393770000 2074560000 1044880000 651110000
20230202 VFS -19500 -505790000 1859590000 671860000 1177650000
20230203 VFS 21700 604200000 765750000 676970000 72770000
20230206 VFS 44200 1190920000 1306270000 1244560000 53640000
20230207 VFS -68400 -1819270000 3877560000 1021360000 2840630000
20230208 VFS 130500 3787360000 4173470000 3959640000 172280000
20230209 VFS 52900 1519860000 2765330000 2128330000 608470000
20230210 VFS 64400 1837290000 2219750000 2028520000 191230000
