20230206 VKC 19400 32980000 105620000 45400 110200
20230207 VKC -207100 -331350000 17770000 218200 229300
20230208 VKC -81400 -130120000 15940000 91300 103200
20230209 VKC -12800 -20160000 5440000 16000 22200
20230210 VKC -72400 -115680000 9280000 78100 83800
20230213 VKC 262800 395300000 430550000 23500 309800
20230214 VKC 340100 476140000 552160000 54300 448900
20230216 VKC -178800 -213730000 332030000 454800 730800
20230217 VKC -198200 -232060000 71570000 253300 308400
20230220 VKC -100300 -116160000 54600000 142300 196100
