20230130 VNL -7800 -156800000 498830000 171015000 327815000
20230131 VNL -100 -4695000 242085000 118695000 123390000
20230201 VNL 2300 47685000 125605000 86645000 38960000
20230202 VNL -5500 -108375000 160475000 26050000 134425000
20230203 VNL -1700 -33190000 84570000 25690000 58880000
20230206 VNL 2800 60235000 510645000 285440000 225205000
20230207 VNL 700 14050000 33930000 23990000 9940000
20230208 VNL -4100 -80890000 96850000 7980000 88870000
20230209 VNL -700 -14010000 124640000 55315000 69325000
20230210 VNL 200 4180000 20000000 10105000 5925000
