20230130 VNS -11000 -204530000 737460000 199645000 404175000
20230131 VNS -8000 -147010000 517960000 185475000 332485000
20230201 VNS -7000 -126310000 437740000 150255000 276565000
20230202 VNS 4900 89895000 203175000 145615000 55720000
20230203 VNS 200 3670000.0000000005 3670000.0000000005 3.67e+06 0
20230206 VNS 1000 18530000 18530000 18530000 0
20230207 VNS -7000 -124515000 177125000 25400000 149915000
20230208 VNS 700 12700000 12700000 12700000 0
20230209 VNS -100 -1825000 1825000 0 1825000
20230210 VNS -300 -5430000.000000002 49255000.00000001 1.448e+07 1.991e+07
