20230119 VSE 3200 19200000 30000000 24600000 5400000
20230127 VSE -9100 -55200000 57660000 620000 55820000
20230130 VSE 5400 34040000 37700000 35870000 1830000
20230131 VSE -5500 -33550000 34160000 0 33550000
20230201 VSE -16300 -98280000 127120000 13800000 112080000
20230202 VSE 1000 6100000 6100000 6100000 0
20230203 VSE -500 -2950000 3520000 0 2950000
20230206 VSE 500 3050000 21660000 9050000 6000000
20230207 VSE 400 2470000 11330000 6600000 4130000
20230210 VSE -400 -2400000 2400000 0 2400000
