20230206 VTD -7700 -79100000 232680000 29700 57600
20230207 VTD -31100 -323630000 122870000 42700 55500
20230208 VTD -9100 -92140000 148650000 23300 41700
20230209 VTD -27700 -105902000 143570000 41700 56100
20230210 VTD 8000 124757000 311300000 22600 53500
20230213 VTD -16200 -157230000 182170000 34300 55500
20230214 VTD -10600 -103800000 21000000 12700 15200
20230216 VTD -16200 -161760000 78180000 23900 31600
20230217 VTD -11400 -113780000 146430000 25800 40400
20230220 VTD -6200 -61750000 180440000 23500 41100
