20230127 VTK 3600 79660000 108530000 90810000 11150000
20230130 VTK 900 19770000 26280000 21940000 2170000
20230131 VTK 400 8760000 17520000 13140000 4380000
20230201 VTK 2200 48170000 103250000 71420000 23250000
20230203 VTK -500 -10530000 16950000 0 10530000
20230206 VTK 700 14700000 21000000 14700000 0
20230207 VTK -800 -16480000 20570000 0 16480000
20230208 VTK -1100 -21350000 45020000 7840000 29190000
20230209 VTK -3800 -74390000 115760000 19700000 94090000
20230210 VTK 700 14000000 33500000 14000000 0
