"adjRatio","buyCount","buyForeignQuantity","buyForeignValue","buyQuantity","currentForeignRoom","date","dealVolume","priceAverage","priceBasic","priceClose","priceHigh","priceLow","priceOpen","propTradingNetDealValue","propTradingNetPTValue","propTradingNetValue","putthroughValue","putthroughVolume","sellCount","sellForeignQuantity","sellForeignValue","sellQuantity","symbol","totalValue"
1,0,0,0,77400,78989900,"2022-12-26T00:00:00",47300,9.08985,9.7,8.7,9.9,8.7,9.7,,,,0,0,0,0,0,126000,"AAS",429949905
1,66,0,0,85064,78989900,"2022-12-23T00:00:00",53400,9.7,9.8,9.5,9.9,9.5,9.8,0,0,0,0,0,76,0,0,140500,"AAS",517649988
1,132,0,0,85589,78989900,"2022-12-22T00:00:00",59500,9.8,9.9,9.9,10,9.7,10,0,0,0,0,0,125,0,0,172857,"AAS",585989915
1,162,0,0,186668,78989900,"2022-12-21T00:00:00",156800,9.9,10.3,9.9,10.4,9.5,10.3,0,0,0,0,0,144,0,0,284500,"AAS",1556649248
1,151,0,0,132214,78989000,"2022-12-20T00:00:00",85100,10.3,10.9,10.2,10.8,9.9,10.8,0,0,0,0,0,129,0,0,270500,"AAS",873280031
1,177,100,1086686,299585,78989000,"2022-12-19T00:00:00",255600,10.9,10.6,10.7,12.1,10.5,12.1,0,0,0,0,0,204,0,0,371200,"AAS",2777569416
1,154,0,0,210833,78989100,"2022-12-16T00:00:00",161900,10.6,10.7,10.7,10.8,10.4,10.7,0,0,0,0,0,126,900,9571905,245300,"AAS",1721879355
1,107,0,0,191462,78989100,"2022-12-15T00:00:00",122400,10.7,10.8,10.7,10.9,10.6,10.8,0,0,0,0,0,130,0,0,299403,"AAS",1311310368
1,109,0,0,137054,78989100,"2022-12-14T00:00:00",86800,10.8,10.6,10.8,11.1,10.6,10.6,0,0,0,0,0,168,0,0,262601,"AAS",939249780
1,101,100,1055922,137544,78989100,"2022-12-13T00:00:00",81900,10.6,10.7,10.8,11.3,10.2,11.3,0,0,0,0,0,134,0,0,194600,"AAS",864800118
1,162,2900,31015152,224646,78987900,"2022-12-12T00:00:00",189300,10.7,10.7,10.4,11.6,10.4,11.6,0,0,0,0,0,177,0,0,405100,"AAS",2024540784
1,141,2100,22439571,161256,78990700,"2022-12-09T00:00:00",97300,10.7,11.1,10.6,11.5,10.5,11.5,0,0,0,0,0,140,0,0,238700,"AAS",1039700123
1,140,1300,14373502,261481,78992800,"2022-12-08T00:00:00",179000,11.1,10.4,11.1,11.5,10.3,11.4,0,0,0,0,0,220,1300,14373502,294116,"AAS",1979120660
1,162,0,0,164030,78994100,"2022-12-07T00:00:00",106800,10.4,11.1,10.3,12.7,10,12.7,0,0,0,0,0,178,100,1038820,294387,"AAS",1109459760
1,281,2200,24425368,314694,78992900,"2022-12-06T00:00:00",262800,11.1,11.6,10.8,13.2,10.2,13.2,0,0,0,0,0,212,0,0,483033,"AAS",2917721232
1,191,0,0,249202,78995100,"2022-12-05T00:00:00",154900,11.6,11.1,11.6,12.6,11.4,12.6,0,0,0,0,0,194,0,0,299732,"AAS",1798399843
1,203,11000,121768020,454605,78995100,"2022-12-02T00:00:00",324700,11.1,11,11.3,12.5,10.5,12.5,0,0,0,0,0,191,1200,13283784,440272,"AAS",3594370554
1,292,200,2200272,370178,79006000,"2022-12-01T00:00:00",302300,11,10.5,10.9,11.6,10.3,10.5,0,0,0,0,0,219,0,0,531865,"AAS",3325711128
1,199,200,2107136,254032,79006200,"2022-11-30T00:00:00",129500,10.5,10.3,10.8,11.7,10.2,11.7,0,0,0,0,0,167,0,0,216500,"AAS",1364370560
1,236,0,0,290132,79006400,"2022-11-29T00:00:00",216900,10.3,9.8,10.5,11.1,9.7,10.7,0,0,0,0,0,166,100,1029299,332600,"AAS",2232549531
1,212,0,0,430174,79006400,"2022-11-28T00:00:00",299500,9.8,8.8,10.1,10.1,8.2,9.5,0,0,0,0,0,208,0,0,299500,"AAS",2940239420
1,139,1100,9700526,186453,79006400,"2022-11-25T00:00:00",93800,8.8,8.4,9,9.2,7.8,9.2,0,0,0,0,0,170,0,0,179100,"AAS",827190308
1,135,33200,277435468,145958,79007500,"2022-11-24T00:00:00",108700,8.4,8.6,8.5,9.8,8.1,9.8,0,0,0,0,0,118,0,0,208000,"AAS",908350463
1,133,32100,274788519,154881,79040400,"2022-11-23T00:00:00",102500,8.6,8.8,8.3,10.1,7.5,10.1,0,0,0,0,0,133,0,0,226515,"AAS",877439975
1,169,1700,14968959,195459,79072500,"2022-11-22T00:00:00",108200,8.8,8.5,8.8,9.3,8.3,9.3,0,0,0,0,0,142,0,0,254200,"AAS",952730214
1,173,0,0,782356,79072200,"2022-11-21T00:00:00",131300,8.5,8.1,8.5,9.2,6.9,9.2,0,0,0,5105700000,549000,159,300,2545521,759801,"AAS",6219789691
1,180,0,0,884612,79072200,"2022-11-18T00:00:00",229900,8.1,7.8,8.5,8.8,7.7,8.8,0,0,0,5001800000,562000,182,0,0,863947,"AAS",6862730148
1,221,200,1569134,382960,79072100,"2022-11-17T00:00:00",238900,7.8,7.1,8.1,8.1,7.3,8.1,0,0,0,0,0,110,2000,15691340,238907,"AAS",1874330563
1,207,1000,7066020,369830,79072300,"2022-11-16T00:00:00",298100,7.1,7.3,8.1,8.1,6.3,6.4,0,0,0,0,0,175,0,0,350035,"AAS",2106380562
1,78,2600,18997264,207901,79073300,"2022-11-15T00:00:00",176200,7.3,7.9,6.9,8.8,6.8,8.8,0,0,0,0,0,103,100,730664,247687,"AAS",1287429968
1,101,600,4736844,117401,79075900,"2022-11-14T00:00:00",78000,7.9,8.8,7.8,8.7,7.6,8.7,0,0,0,0,0,109,0,0,154188,"AAS",615789720
1,63,1100,9635791,66800,79076500,"2022-11-11T00:00:00",31100,8.8,8.8,8.5,10.1,8.5,10.1,0,0,0,0,0,87,0,0,96060,"AAS",272430091
1,104,1500,13220415,163310,79077600,"2022-11-10T00:00:00",153600,8.8,10,8.7,10.8,8.5,10.8,0,0,0,0,0,143,0,0,239318,"AAS",1353770496
1,54,0,0,69492,79079100,"2022-11-09T00:00:00",44700,10,9.7,9.8,11,9.7,11,0,0,0,0,0,96,0,0,105442,"AAS",445179816
1,59,0,0,135517,79079100,"2022-11-08T00:00:00",42900,9.7,9.6,9.8,11,9.5,11,0,0,0,0,0,77,0,0,121962,"AAS",415150164
1,105,0,0,124706,79079100,"2022-11-07T00:00:00",120200,9.6,10.8,9.5,12.3,9.2,12.3,0,0,0,0,0,119,0,0,223138,"AAS",1148259782
1,83,200,2154498,84756,79079100,"2022-11-04T00:00:00",34900,10.8,11.3,10.5,12.2,10.5,12.2,0,0,0,0,0,83,0,0,85400,"AAS",375959901
1,61,0,0,54666,79079300,"2022-11-03T00:00:00",34000,11.3,11.5,11.3,13.2,11.2,13.2,0,0,0,0,0,105,0,0,153700,"AAS",385770120
1,76,500,5774280,61524,79079300,"2022-11-02T00:00:00",41800,11.5,11.7,11.6,12.8,11.4,12.8,0,0,0,0,0,107,0,0,138510,"AAS",482729808
1,88,0,0,100545,79079800,"2022-11-01T00:00:00",78300,11.7,11.7,11.7,13,11.4,13,0,0,0,0,0,129,0,0,180314,"AAS",918130140
1,82,0,0,101913,79079800,"2022-10-31T00:00:00",56000,11.7,11.8,11.8,13.5,11.3,13.5,0,0,0,0,0,121,0,0,147007,"AAS",653680160
1,72,16000,188768800,109600,79079700,"2022-10-28T00:00:00",87300,11.8,11.3,11.8,12.9,11.5,12.9,0,0,0,0,0,143,0,0,177508,"AAS",1029969765
1,98,20000,225711000,180998,79095700,"2022-10-27T00:00:00",88600,11.3,10.6,11.5,12.1,10.7,12.1,-77000,0,-77000,0,0,145,0,0,205107,"AAS",999899730
1,73,24800,262904552,116190,79115700,"2022-10-26T00:00:00",70800,10.6,10.4,10.5,11.9,10.3,11.9,0,0,0,0,0,106,100,1060099,128607,"AAS",750550092
1,115,5500,57385020,155102,79140500,"2022-10-25T00:00:00",98700,10.4,11.2,10.4,12.8,9.8,12.8,0,0,0,0,0,115,0,0,192100,"AAS",1029800268
1,96,20000,224275400,160300,79146000,"2022-10-24T00:00:00",96600,11.2,12.1,10.8,13.9,10.8,13.9,0,0,0,0,0,98,0,0,170507,"AAS",1083250182
1,92,68900,832532480,179301,79166000,"2022-10-21T00:00:00",140500,12.1,12.6,11.9,14.4,11.5,14.4,0,0,0,0,0,128,0,0,198700,"AAS",1697689600
1,53,0,0,70908,79234900,"2022-10-20T00:00:00",61500,12.6,12.7,12.6,14.6,12.5,14.6,0,0,0,21600000,2000,100,0,0,142000,"AAS",798389895
1,63,0,0,49516,79234900,"2022-10-19T00:00:00",21300,12.7,12.7,12.6,13,12.5,13,0,0,0,34560000,3200,112,0,0,98200,"AAS",305890050
1,116,0,0,198537,79234900,"2022-10-18T00:00:00",123300,12.7,12.2,12.7,12.8,12.5,12.5,0,0,0,72800000,7000,176,0,0,218112,"AAS",1638140354
1,107,0,0,164603,79234800,"2022-10-17T00:00:00",101800,12.2,12.3,12.5,12.6,12,12.3,0,0,0,0,0,119,0,0,168611,"AAS",1242760148
1,103,0,0,158242,79234800,"2022-10-14T00:00:00",104600,12.3,11.6,12.4,12.5,12,12.2,0,0,0,0,0,132,0,0,211100,"AAS",1282779882
1,91,0,0,82306,79234800,"2022-10-13T00:00:00",51500,11.6,11.8,12,12,11.5,11.5,0,0,0,0,0,76,100,1162369,100420,"AAS",598620035
1,93,0,0,130595,79234800,"2022-10-12T00:00:00",65800,11.8,11.5,11.9,12.1,11.3,11.5,0,0,0,0,0,115,0,0,112727,"AAS",775339824
1,90,0,0,110586,79234800,"2022-10-11T00:00:00",56600,11.5,12.2,11.3,12.5,11,12.5,0,0,0,0,0,112,0,0,180208,"AAS",653610008
1,110,0,0,211022,79234800,"2022-10-10T00:00:00",120000,12.2,12.3,12.4,12.4,11.8,12.1,0,0,0,0,0,83,0,0,156327,"AAS",1465359600
1,128,0,0,140205,79234800,"2022-10-07T00:00:00",103200,12.3,13.1,12.1,12.9,11.9,12.6,0,0,0,0,0,123,0,0,175865,"AAS",1264820232
1,66,0,0,96438,79234800,"2022-10-06T00:00:00",27900,13.1,13.3,12.9,13.5,12.8,13.5,0,0,0,0,0,89,0,0,112301,"AAS",366369966
1,111,0,0,262227,79234800,"2022-10-05T00:00:00",108300,13.3,13,13.5,13.6,13,13.1,0,0,0,596000000,40000,92,0,0,184834,"AAS",2034880298
1,122,0,0,1847723,79234800,"2022-10-04T00:00:00",87600,13,13.5,12.9,13.8,12,12.5,0,0,0,26350000000,1700000,107,0,0,1912718,"AAS",27488949796
1,102,0,0,123850,79234800,"2022-10-03T00:00:00",59100,13.5,14.3,13.1,14.5,12.5,13.8,0,0,0,0,0,105,0,0,172398,"AAS",796909719
1,167,0,0,198514,79234800,"2022-09-30T00:00:00",122000,14.3,15,14.3,14.9,13.7,14.7,0,0,0,0,0,113,0,0,222786,"AAS",1742660200
1,86,0,0,100011,79234800,"2022-09-29T00:00:00",56400,15,15,14.8,15.4,14.7,15.4,0,0,0,0,0,94,0,0,164628,"AAS",848439864
1,101,0,0,112010,79234800,"2022-09-28T00:00:00",47400,15,15.1,15.1,15.2,14.8,15.1,0,0,0,0,0,84,0,0,106838,"AAS",712200168
1,90,0,0,120666,79234700,"2022-09-27T00:00:00",50000,15.1,15.1,15.1,15.5,15,15.5,0,0,0,0,0,93,0,0,103581,"AAS",757120000
1,229,6900,104270385,185675,79234700,"2022-09-26T00:00:00",119300,15.1,16.2,15,16,14.6,16,0,0,0,0,0,117,0,0,213000,"AAS",1802819845
1,95,0,0,81081,79241600,"2022-09-23T00:00:00",47600,16.2,16,16,16.5,16,16.2,0,0,0,0,0,117,100,1623866,147625,"AAS",772960216
1,191,0,0,217874,79241600,"2022-09-22T00:00:00",128100,16,15.9,16.4,16.6,15.7,15.8,0,0,0,0,0,150,0,0,183003,"AAS",2048420199
1,127,0,0,172994,79241600,"2022-09-21T00:00:00",85700,15.9,16.1,15.9,16.2,15.8,16.2,0,0,0,0,0,91,0,0,145000,"AAS",1364889909
1,136,500,8024885,110454,79241600,"2022-09-20T00:00:00",65300,16.1,16.3,16.2,16.4,15.8,16.4,0,0,0,0,0,85,0,0,109503,"AAS",1048049981
1,205,0,0,199040,79242100,"2022-09-19T00:00:00",137300,16.3,16.9,16,16.7,15.9,16.6,0,0,0,0,0,128,0,0,199881,"AAS",2231749715
1,173,0,0,218729,79242100,"2022-09-16T00:00:00",133700,16.9,17.2,16.8,17.2,16.7,17.2,0,0,0,0,0,128,0,0,223011,"AAS",2257590013
1,128,0,0,177202,79242100,"2022-09-15T00:00:00",32500,17.2,17,17.1,17.4,17,17.4,0,0,0,926250000,47500,126,0,0,180527,"AAS",1484620150
1,212,1000,17008530,352407,79242100,"2022-09-14T00:00:00",239100,17,17.3,17.2,17.3,16.6,17.2,0,0,0,0,0,170,0,0,310800,"AAS",4066739523
1,134,1000,17250720,122863,79243100,"2022-09-13T00:00:00",62300,17.3,17.5,17.2,17.5,17,17.5,0,0,0,0,0,114,0,0,178206,"AAS",1074719856
1,120,0,0,104808,79244100,"2022-09-12T00:00:00",78100,17.5,17.2,17.4,17.7,17.3,17.6,0,0,0,0,0,132,0,0,178822,"AAS",1367790292
1,204,0,0,189820,79244100,"2022-09-09T00:00:00",112200,17.2,17.4,17.5,17.6,16.9,17.5,0,0,0,0,0,140,0,0,183600,"AAS",1930379682
1,192,0,0,163708,79244100,"2022-09-08T00:00:00",139400,17.4,17.9,17.4,17.8,17.1,17.8,0,0,0,0,0,158,0,0,243802,"AAS",2427649606
1,376,3300,59108643,344242,79244100,"2022-09-07T00:00:00",298800,17.9,18.7,17.3,18.5,17.2,18.4,0,0,0,0,0,242,0,0,472708,"AAS",5352018948
1,299,0,0,259304,79247400,"2022-09-06T00:00:00",228600,18.7,19.1,18.6,19.1,18.5,19.1,0,0,0,0,0,257,0,0,448190,"AAS",4277860380
1,195,6700,127792182,155204,79247400,"2022-09-05T00:00:00",125100,19.1,19.2,19.1,19.3,18.9,19.2,0,0,0,0,0,181,0,0,246212,"AAS",2386089846
1,150,0,0,149725,79254100,"2022-08-31T00:00:00",88000,19.2,19.3,19.3,19.4,19,19.2,0,0,0,0,0,210,0,0,217806,"AAS",1689950240
1,194,1400,27028540,152335,79254100,"2022-08-30T00:00:00",85200,19.3,19.3,19.1,19.8,19.1,19.8,0,0,0,0,0,167,0,0,262032,"AAS",1644879720
1,374,3000,57872550,558763,79255400,"2022-08-29T00:00:00",418400,19.3,19.9,19.5,19.7,18.9,19.7,0,0,0,0,0,310,0,0,545002,"AAS",8071291640
1,351,2000,39767260,333747,79258400,"2022-08-26T00:00:00",265800,19.9,20.2,19.8,20.1,19.7,20.1,0,0,0,0,0,292,0,0,548000,"AAS",5285068854
1,294,5000,100965600,298406,79259000,"2022-08-25T00:00:00",206300,20.2,20.1,20.1,20.3,20,20.2,0,0,0,0,0,314,100,2019312,461500,"AAS",4165840656
1,283,3000,60205320,341466,79264000,"2022-08-24T00:00:00",230700,20.1,19.5,20.2,20.2,19.9,19.9,0,0,0,0,0,315,0,0,508277,"AAS",4629789108
1,438,0,0,508553,79267000,"2022-08-23T00:00:00",352600,19.5,19.9,19.8,19.9,19.3,19.6,0,0,0,0,0,282,1400,27347880,489300,"AAS",6887758920
1,386,0,0,360844,79267000,"2022-08-22T00:00:00",302600,19.9,20.2,19.7,20.2,19.7,20.2,0,0,0,0,0,294,0,0,585497,"AAS",6035260168
1,222,0,0,354340,79267000,"2022-08-19T00:00:00",232600,20.2,20.2,20.2,20.4,20,20.1,0,0,0,0,0,357,0,0,555596,"AAS",4700238914
1,352,0,0,496906,79267000,"2022-08-18T00:00:00",316800,20.2,20.2,20.3,20.4,19.9,20.2,0,0,0,0,0,341,0,0,641800,"AAS",6413711040
1,359,500,10117595,440237,79267000,"2022-08-17T00:00:00",360600,20.2,20,20.2,20.5,19.9,20.1,0,0,0,0,0,420,0,0,821506,"AAS",7296809514
1,370,1600,31988480,480451,79267500,"2022-08-16T00:00:00",304100,20,20.1,20.2,20.3,19.8,20.1,0,0,0,0,0,354,0,0,668706,"AAS",6079810480
1,490,0,0,414379,79269100,"2022-08-15T00:00:00",287600,20.1,20.2,20.2,20.4,19.9,20.3,0,0,0,0,0,361,0,0,699901,"AAS",5782128976
1,283,0,0,293236,79269100,"2022-08-12T00:00:00",166200,20.2,20.2,20.3,20.5,19.8,19.8,0,0,0,0,0,258,0,0,482558,"AAS",3349169328
1,835,25900,522118359,1055105,79269100,"2022-08-11T00:00:00",818800,20.2,20.5,20.1,20.9,19.8,20.7,0,0,0,0,0,399,0,0,1223800,"AAS",16506197388
1,1099,26500,542141240,1505332,79295000,"2022-08-10T00:00:00",1271100,20.5,20.8,20.7,21.3,19.9,21,0,0,0,0,0,406,0,0,1628944,"AAS",26004367176
1,419,1700,35440223,576359,79321500,"2022-08-09T00:00:00",350100,20.8,20.6,21,21.5,20.5,20.7,0,0,0,0,0,254,0,0,591478,"AAS",7298601219
1,1207,29200,600428796,1497374,79323200,"2022-08-08T00:00:00",1291900,20.6,21.1,20.6,21.7,20,21.3,0,0,0,0,0,391,0,0,1525496,"AAS",26564861697
1,653,7800,164571654,732952,79352400,"2022-08-05T00:00:00",647500,21.1,21.8,21.3,21.8,20.7,21.5,0,0,0,0,0,206,0,0,763552,"AAS",13661557175
1,212,200,4351086,819764,79360200,"2022-08-04T00:00:00",207300,21.8,21.4,21.6,22.2,21.4,21.4,0,0,0,10000000000,500000,153,0,0,828672,"AAS",14509900639
1,702,2000,42753120,3834782,79351800,"2022-08-03T00:00:00",852100,21.4,22.4,21.1,22.4,21,22.4,0,0,0,58000000000,2900000,273,0,0,3857607,"AAS",76214966776
1,164,0,0,3432064,79353800,"2022-08-02T00:00:00",108700,22.4,21.6,22.3,22.6,22.1,22.1,0,0,0,62400000000,3200000,121,0,0,3421104,"AAS",64830079808
1,188,45100,975746618,503274,79352800,"2022-08-01T00:00:00",386300,21.6,21.1,22.1,22.2,21.1,21.1,0,0,0,0,0,186,8600,186062548,493635,"AAS",8357670034
1,91,25000,526309250,182659,79397900,"2022-07-29T00:00:00",95100,21.1,21,21.1,21.3,20.9,21.1,0,0,0,0,0,113,0,0,217234,"AAS",2002080387
1,80,20000,419584600,3616349,79422900,"2022-07-28T00:00:00",140100,21,20.6,21.2,21.5,20.7,20.7,0,0,0,64600000000,3400000,92,1000,20979230,3612306,"AAS",67539190123
1,83,17300,356975639,180659,79441900,"2022-07-27T00:00:00",76100,20.6,20.5,20.8,20.8,20.3,20.5,0,0,0,0,0,74,0,0,141705,"AAS",1570280123
1,149,109000,2237181400,360756,79459200,"2022-07-26T00:00:00",310200,20.5,20.1,20.5,21,20.3,20.3,0,0,0,0,0,139,0,0,393329,"AAS",6366730920
1,95,15000,301482150,97226,79568200,"2022-07-25T00:00:00",67000,20.1,20,20.3,20.6,19.9,20,0,0,0,0,0,96,1000,20098810,127142,"AAS",1346620270
1,67,5000,99851550,60962,79583200,"2022-07-22T00:00:00",38400,20,20,20,20.4,19.5,20,0,0,0,0,0,80,0,0,117342,"AAS",766859904
1,102,0,0,125409,79588200,"2022-07-21T00:00:00",101400,20,19.9,19.9,20.6,19.7,20.4,0,0,0,0,0,102,0,0,191449,"AAS",2026510434
1,81,0,0,97260,79588200,"2022-07-20T00:00:00",79000,19.9,19.4,19.9,20.2,19,19,0,0,0,0,0,115,0,0,182709,"AAS",1574699890
1,76,0,0,77804,79587800,"2022-07-19T00:00:00",34800,19.4,19.9,19.5,19.8,19.2,19.8,0,0,0,0,0,79,0,0,96103,"AAS",673819872
1,61,0,0,82406,79585800,"2022-07-18T00:00:00",32600,19.9,19.7,20.1,20.2,19.7,19.7,0,0,0,0,0,87,0,0,98654,"AAS",649899908
1,59,11600,228453184,81607,79585800,"2022-07-15T00:00:00",41700,19.7,19.2,19.8,19.9,19.5,19.8,0,0,0,0,0,104,400,7877696,124903,"AAS",821249808
1,172,3000,57709050,414607,79597200,"2022-07-14T00:00:00",217900,19.2,17.8,19.9,19.9,17.6,17.6,0,0,0,0,0,124,2000,38472700,348106,"AAS",4191600665
1,65,8000,142414000,98512,79600200,"2022-07-13T00:00:00",40100,17.8,17.2,17.8,17.9,17.5,17.5,0,0,0,0,0,97,0,0,117403,"AAS",713850175
1,77,0,0,201913,79608200,"2022-07-12T00:00:00",57400,17.2,17,17.6,17.6,16.9,17.2,0,0,0,0,0,101,200,3436864,101831,"AAS",986379968
1,96,0,0,98140,79608200,"2022-07-11T00:00:00",56600,17,16.9,17.1,17.4,16.8,17.1,0,0,0,0,0,88,0,0,135913,"AAS",960649726
1,77,0,0,112538,79608200,"2022-07-08T00:00:00",34200,16.9,16.4,17,17.3,16.7,17,0,0,0,0,0,78,0,0,100703,"AAS",577499832
1,89,100,1635974,78615,79608200,"2022-07-07T00:00:00",46700,16.4,16.7,16.4,19.2,16.2,19.2,0,0,0,0,0,97,0,0,147657,"AAS",763999858
1,125,100,1672637,103069,79608300,"2022-07-06T00:00:00",58400,16.7,17.6,16.3,17.7,16.3,17.3,0,0,0,0,0,103,0,0,121282,"AAS",976820008
1,90,0,0,69033,79608400,"2022-07-05T00:00:00",33600,17.6,18,17.8,18.3,17.3,17.7,0,0,0,0,0,84,0,0,109272,"AAS",590299920
1,50,0,0,36233,79608400,"2022-07-04T00:00:00",19400,18,17.1,18.1,18.1,17.2,17.2,0,0,0,0,0,82,0,0,87913,"AAS",349859988
1,92,0,0,110708,79608400,"2022-07-01T00:00:00",33600,17.1,17.8,17.5,17.9,16.5,17.6,0,0,0,0,0,70,0,0,75186,"AAS",575139936
1,43,0,0,23600,79608400,"2022-06-30T00:00:00",18800,17.8,18.1,17.6,19.5,17.6,19.5,0,0,0,0,0,74,0,0,84710,"AAS",335479984
1,72,0,0,94801,79608400,"2022-06-29T00:00:00",66800,18.1,18.3,18,18.4,18,18.3,0,0,0,0,0,86,0,0,127200,"AAS",1212110048
1,53,0,0,50612,79608400,"2022-06-28T00:00:00",21800,18.3,17.5,18.3,18.8,17.6,17.6,0,0,0,0,0,79,0,0,89105,"AAS",397930006
1,81,0,0,146413,79608400,"2022-06-27T00:00:00",60700,17.5,17,18,18,17,17,0,0,0,0,0,82,0,0,102105,"AAS",1061349819
1,57,0,0,59010,79608400,"2022-06-24T00:00:00",41700,17,16.8,16.7,17.3,16.7,16.8,0,0,0,0,0,65,0,0,86685,"AAS",707089803
1,48,0,0,87414,79608400,"2022-06-23T00:00:00",17300,16.8,17.1,16.8,17.2,16.7,17.2,0,0,0,0,0,64,0,0,88208,"AAS",291229930
1,63,12800,218731520,144202,79608400,"2022-06-22T00:00:00",68100,17.1,15.8,17.1,18.1,16,18.1,0,0,0,0,0,69,0,0,134534,"AAS",1163720040
1,61,40000,633668000,224917,79621200,"2022-06-21T00:00:00",132600,15.8,15.7,16,16.5,14.5,16,0,0,0,0,0,105,0,0,189314,"AAS",2100609420
1,75,10000,157185200,81248,79661200,"2022-06-20T00:00:00",48600,15.7,17.4,15,20,15,20,0,0,0,0,0,94,0,0,97151,"AAS",763920072
1,109,32000,555448320,137811,79671200,"2022-06-17T00:00:00",137800,17.4,20.1,17.1,20.1,17.1,20.1,0,0,0,0,0,110,0,0,229480,"AAS",2391899328
1,103,5000,100511450,63996,79703200,"2022-06-16T00:00:00",56700,20.1,20.3,19.1,21.8,19.1,21,0,0,0,0,0,92,0,0,111705,"AAS",1139799843
1,66,0,0,65109,79708200,"2022-06-15T00:00:00",36400,20.3,22,20.7,22.3,19.6,22.3,0,0,0,0,0,70,0,0,102234,"AAS",740389832
1,66,0,0,77610,79708200,"2022-06-14T00:00:00",47600,22,22.7,22,22.7,21.4,22.7,0,0,0,0,0,73,0,0,91036,"AAS",1046640224
1,92,1500,34010850,75801,79708200,"2022-06-13T00:00:00",43300,22.7,24.3,21.8,24.2,21.5,24,0,0,0,0,0,86,0,0,115504,"AAS",981779870
1,59,0,0,78610,79709600,"2022-06-10T00:00:00",61400,24.3,24.7,24.2,25,23.9,24.7,0,0,0,0,0,82,0,0,127603,"AAS",1491250044
1,41,0,0,65009,79709600,"2022-06-09T00:00:00",42900,24.7,24.7,24.6,25,24.6,25,0,0,0,0,0,98,0,0,124780,"AAS",1059070155
1,83,0,0,97705,79709600,"2022-06-08T00:00:00",61900,24.7,24.4,24.9,28,24.4,28,0,0,0,0,0,126,100,2474669,163721,"AAS",1531820111
1,87,4000,97749560,88554,79709600,"2022-06-07T00:00:00",68200,24.4,25.2,24.6,25.2,23.8,25.2,0,0,0,0,0,115,0,0,152064,"AAS",1666629998
1,71,16000,402610240,89924,79713600,"2022-06-06T00:00:00",62400,25.2,25,25,25.5,25,25,0,0,0,0,0,126,0,0,167428,"AAS",1570179936
1,57,59800,1494432498,125705,79729600,"2022-06-03T00:00:00",101200,25,24.8,25,25.5,24.5,24.8,0,0,0,0,0,160,0,0,186300,"AAS",2529039612
1,77,15900,393840615,76010,79789400,"2022-06-02T00:00:00",65000,24.8,24.2,24.5,27.6,24.5,27.6,0,0,0,0,0,166,0,0,167406,"AAS",1610040250
1,58,34300,830821117,95285,79805300,"2022-06-01T00:00:00",64900,24.2,24,24.3,24.6,24,24,0,0,0,0,0,111,0,0,122811,"AAS",1572020131
1,129,3000,72119520,87105,79839600,"2022-05-31T00:00:00",73300,24,24.5,24.3,24.8,23.2,24.8,0,0,0,0,0,136,0,0,137205,"AAS",1762120272
1,92,11700,287071668,176124,79842600,"2022-05-30T00:00:00",81300,24.5,24.4,24.6,27.8,23.8,27.8,0,0,0,0,0,127,0,0,133808,"AAS",1994780052
1,82,10600,258587212,62009,79854300,"2022-05-27T00:00:00",50200,24.4,24.4,24.4,25,24.1,24.5,0,0,0,0,0,123,0,0,145508,"AAS",1224630004
1,114,0,0,87548,79864900,"2022-05-26T00:00:00",60000,24.4,23.5,24.4,27,23.5,27,0,0,0,0,0,141,0,0,155332,"AAS",1462879800
1,156,0,0,168101,79864900,"2022-05-25T00:00:00",113300,23.5,23.3,24,24.2,23.2,23.3,0,0,0,0,0,113,0,0,183124,"AAS",2664079550
1,104,5000,116519250,81793,79864900,"2022-05-24T00:00:00",46700,23.3,23.9,23.8,24.2,22.6,24.2,0,0,0,0,0,91,0,0,91016,"AAS",1088289795
1,64,7000,167217680,48227,79869900,"2022-05-23T00:00:00",27200,23.9,24,23.4,24.7,23.2,23.7,0,0,0,0,0,90,0,0,118047,"AAS",649760128
1,106,0,0,72991,79876900,"2022-05-20T00:00:00",44400,24,24.1,24,25,23.5,24.1,0,0,0,0,0,105,0,0,137923,"AAS",1064629860
1,85,0,0,75890,79876900,"2022-05-19T00:00:00",50700,24.1,25,24.5,24.8,23.3,24.7,0,0,0,0,0,81,0,0,114903,"AAS",1223019876
1,74,0,0,93211,79876900,"2022-05-18T00:00:00",66800,25,24.2,24.9,25.5,24.2,24.2,0,0,0,0,0,97,0,0,162640,"AAS",1666979972
1,111,0,0,188120,79876900,"2022-05-17T00:00:00",48900,24.2,23.3,24.7,24.8,22.3,23.5,0,0,0,0,0,103,0,0,178050,"AAS",1182710070
1,82,12000,279736200,545899,79876900,"2022-05-16T00:00:00",89000,23.3,22.2,23,24.1,20,22.2,,,,9840000000,410000,91,0,0,614090,"AAS",11914710150
1,105,0,0,96720,79888900,"2022-05-13T00:00:00",66400,22.2,23.6,21.4,23.6,21.3,23.3,,,,0,0,113,0,0,148092,"AAS",1474240024
1,107,0,0,99918,79888900,"2022-05-12T00:00:00",58400,23.6,24.3,23.2,25,22.8,24.4,,,,0,0,97,0,0,132102,"AAS",1380390288
1,117,10000,243218800,161117,79888900,"2022-05-11T00:00:00",96900,24.3,23.8,24.8,25.2,23.8,24,,,,0,0,84,0,0,162100,"AAS",2356790172
1,100,0,0,103270,79898900,"2022-05-10T00:00:00",66800,23.8,24.9,24.5,24.7,22,24.1,,,,0,0,82,0,0,97085,"AAS",1592099844
1,134,12100,300827780,202612,79898900,"2022-05-09T00:00:00",202600,24.9,28.3,24.1,28.2,24.1,28.2,,,,0,0,111,0,0,267875,"AAS",5037000680
1,110,2000,56652720,127046,79911000,"2022-05-06T00:00:00",101300,28.3,29.8,27.6,29.8,27.6,29.8,,,,0,0,105,0,0,202846,"AAS",2869460268
1,67,0,0,70609,79913000,"2022-05-05T00:00:00",38800,29.8,30.3,29.5,30.6,29.4,30,,,,0,0,114,0,0,166317,"AAS",1157159948
1,60,0,0,32310,79913000,"2022-05-04T00:00:00",22100,30.3,31,29.8,31.4,29.8,31,,,,0,0,107,0,0,169194,"AAS",669170099
1,82,0,0,160262,79913000,"2022-04-29T00:00:00",87600,31,31.2,31.3,31.8,30.7,30.7,,,,0,0,141,0,0,243864,"AAS",2714580336
1,61,0,0,130325,79913000,"2022-04-28T00:00:00",106700,31.2,30.3,30.7,31.8,30.6,30.7,,,,0,0,121,0,0,228214,"AAS",3328639875
1,50,0,0,61308,79913000,"2022-04-27T00:00:00",14400,30.3,29.5,30.7,33.9,30,33.9,,,,0,0,82,0,0,130029,"AAS",436549968
1,108,0,0,159836,79913000,"2022-04-26T00:00:00",77800,29.5,30.1,30.3,30.5,28,29.1,,,,0,0,128,0,0,166738,"AAS",2295950354
1,84,7100,213429905,104002,79913000,"2022-04-25T00:00:00",83400,30.1,30.8,29.1,31.4,28.5,30.6,,,,0,0,102,0,0,201311,"AAS",2507049870
1,99,100,3083719,138110,79920100,"2022-04-22T00:00:00",105400,30.8,30.2,30.5,31.6,30.3,31,,,,0,0,129,0,0,229472,"AAS",3250239826
1,116,0,0,226028,79920200,"2022-04-21T00:00:00",181700,30.2,30.4,31.3,32,28.5,30.4,,,,0,0,169,0,0,286912,"AAS",5482450453
1,117,0,0,154519,79920200,"2022-04-20T00:00:00",126600,30.4,31.9,30.6,31.6,29.5,31.6,,,,0,0,145,0,0,222514,"AAS",3849930054
1,117,3000,95587830,160714,79920200,"2022-04-19T00:00:00",130800,31.9,33.3,31.8,33.8,30.6,33.3,,,,0,0,146,0,0,272397,"AAS",4167629388
1,132,0,0,205709,79923100,"2022-04-18T00:00:00",142900,33.3,34.5,33,34.5,31.4,34.5,,,,0,0,189,0,0,262535,"AAS",4758600009
1,231,5000,172554050,351609,79919400,"2022-04-15T00:00:00",264500,34.5,35.5,33.7,35.6,33.2,35.6,,,,0,0,254,0,0,549898,"AAS",9128109245
1,122,0,0,250918,79918100,"2022-04-14T00:00:00",115200,35.5,34.2,35,37.6,35,37.6,,,,0,0,262,100,3552795,537308,"AAS",4093000000
1,242,0,0,664334,79918000,"2022-04-13T00:00:00",508300,34.2,34.1,36,39.2,32.2,34.1,,,,0,0,343,3700,126625248,738313,"AAS",17395571232
1,226,1000,34135480,339109,79912100,"2022-04-12T00:00:00",293400,34.1,35.2,33,35.7,32.8,35.2,,,,0,0,234,6300,215053524,469938,"AAS",10015000000
1,151,0,0,460646,79913100,"2022-04-08T00:00:00",327000,35.2,35.1,35.2,35.8,34.8,35,,,,0,0,244,100,3522095,513430,"AAS",11517250650
1,276,3700,129827191,605772,79890900,"2022-04-07T00:00:00",474400,35.1,34.8,34.8,35.7,34,34.8,,,,0,0,322,5900,207021737,634870,"AAS",16645951192
1,240,6300,219435741,451033,79834500,"2022-04-06T00:00:00",294800,34.8,35.4,34.8,35.4,34.2,35.4,,,,0,0,242,0,0,552115,"AAS",10268199436
1,363,0,0,881761,79840800,"2022-04-05T00:00:00",704700,35.4,33.4,35,36.1,34.6,35,,,,0,0,465,22200,785274828,1244778,"AAS",24927169878
1,444,0,0,2448561,79840800,"2022-04-04T00:00:00",1589200,33.4,30.1,34.6,34.6,30.9,30.9,,,,0,0,594,60100,2007758897,1589424,"AAS",53090356724
1,184,0,0,427524,79840800,"2022-04-01T00:00:00",260800,30.1,30.9,30.9,30.9,29.4,30.9,,,,0,0,169,0,0,432931,"AAS",7862000000
1,106,0,0,236420,79840800,"2022-03-31T00:00:00",167400,30.9,31.2,30.3,31.2,30.3,31.2,,,,0,0,163,0,0,373719,"AAS",5169040812
1,172,0,0,397310,79840800,"2022-03-30T00:00:00",243200,31.2,31.5,30.9,31.6,30.6,31.5,,,,0,0,194,0,0,506424,"AAS",7581000000
1,98,0,0,288728,79840800,"2022-03-29T00:00:00",204400,31.5,31,31.6,31.8,31,31,,,,0,0,188,0,0,449042,"AAS",6443550568
1,222,2000,62056860,413293,79840800,"2022-03-28T00:00:00",283200,31,31.7,31,31.9,30.2,31.8,,,,0,0,201,0,0,550427,"AAS",8787251376
1,172,18600,590283648,323472,79842800,"2022-03-25T00:00:00",183300,31.7,31.9,31.7,32,31.5,32,,,,0,0,188,0,0,418374,"AAS",5817150144
1,121,0,0,230224,79840800,"2022-03-24T00:00:00",116000,31.9,32,31.9,32.2,31.1,31.1,,,,0,0,238,0,0,472336,"AAS",3703139920
1,131,0,0,223204,79840800,"2022-03-23T00:00:00",125400,32,32.1,31.9,32.1,31.9,32,,,,0,0,262,0,0,469707,"AAS",4008000000
1,181,5000,160649450,385869,798408000,"2022-03-22T00:00:00",182000,32.1,31.5,31.9,32.8,31.6,31.6,,,,0,0,340,20600,661875734,874213,"AAS",5847639980
1,150,0,0,343334,79845800,"2022-03-21T00:00:00",164000,31.5,31.5,31.6,31.7,31.4,31.6,,,,0,0,218,0,0,376632,"AAS",5171000000
1,142,2000,63028440,239749,798458000,"2022-03-18T00:00:00",116700,31.5,31.6,31.5,31.7,31.4,31.7,,,,0,0,180,0,0,335708,"AAS",3677709474
1,158,0,0,368261,79847800,"2022-03-17T00:00:00",268500,31.6,31.5,31.5,31.9,31.4,31.6,,,,0,0,200,0,0,483825,"AAS",8485000000
1,117,0,0,246451,798478000,"2022-03-16T00:00:00",141200,31.5,31.4,31.8,31.9,31.3,31.5,,,,0,0,188,0,0,413133,"AAS",4454250016
1,196,0,0,287295,798478000,"2022-03-15T00:00:00",183700,31.4,31.9,31.4,32,31,32,,,,0,0,201,0,0,490450,"AAS",5775680471
1,246,0,0,413283,798320000,"2022-03-14T00:00:00",307800,31.9,32.6,31.9,32.6,31.1,32.6,,,,0,0,281,0,0,496242,"AAS",9810509400
1,227,0,0,514398,798320000,"2022-03-11T00:00:00",400400,32.6,32.8,32.3,32.9,32.3,32.7,,,,0,0,413,0,0,763897,"AAS",13058401356
1,318,22200,727836990,702470,798314000,"2022-03-10T00:00:00",469500,32.8,31.6,32.7,33.4,32,32,,,,0,0,547,15800,518010110,1028200,"AAS",15392768775
1,366,0,0,1209413,798476000,"2022-03-09T00:00:00",927100,31.6,31.7,32.1,32.1,30,31.8,,,,0,0,479,0,0,1205944,"AAS",29304546293
1,366,0,0,766785,798467000,"2022-03-08T00:00:00",618000,31.7,31.3,31.8,32,31.2,31.4,,,,0,0,524,600,19022076,1027134,"AAS",19592738280
1,382,0,0,1410191,798466000,"2022-03-07T00:00:00",1035800,31.3,31.4,31.4,32.1,29.5,31.1,,,,0,0,528,6000,188042160,1555714,"AAS",32462344888
1,395,14300,448887010,822758,798441000,"2022-03-04T00:00:00",636800,31.4,30.5,31,32,30.6,30.6,0,0,0,0,0,558,900,28251630,1441283,"AAS",19989597760
1,184,23000,702599630,568729,798164000,"2022-03-03T00:00:00",347000,30.5,30.4,30.7,30.8,30.3,30.5,,,,0,0,305,100,3054781,797403,"AAS",10600090070
1,257,24800,752932464,805386,798389000,"2022-03-02T00:00:00",604500,30.4,30.6,30.5,30.8,29.8,30.7,0,0,0,0,0,389,2500,75900450,1159825,"AAS",18352728810
1,162,5700,174643041,742201,798637000,"2022-03-01T00:00:00",412500,30.6,30.7,30.8,30.8,30.4,30.7,0,0,0,0,0,352,42000,1286843460,847542,"AAS",12638641125
1,196,3000,91967130,406503,797984000,"2022-02-28T00:00:00",221500,30.7,30.6,30.5,30.9,30.4,30.7,0,0,0,0,0,387,500,15327855,801543,"AAS",6790239765
1,456,9500,290853425,1478839,798014000,"2022-02-25T00:00:00",1060900,30.6,29.1,30.8,33.4,29,29.2,0,0,0,0,0,912,0,0,1678093,"AAS",32480673535
1,306,42000,1221809400,1393337,798109000,"2022-02-24T00:00:00",1153700,29.1,29.2,29.3,29.6,28,29.3,0,0,0,0,0,535,71000,2065439700,1548982,"AAS",33561940590
1,118,0,0,370724,798489000,"2022-02-23T00:00:00",161400,29.2,29,29.1,29.3,29,29.1,0,0,0,0,0,236,0,0,548067,"AAS",4707029250
1,447,0,0,1045438,798489000,"2022-02-22T00:00:00",690800,29,29.5,29.1,29.8,28.5,29.8,0,0,0,0,0,292,0,0,1073442,"AAS",20041648484
1,531,45000,1325752650,2001027,798489000,"2022-02-21T00:00:00",1488200,29.5,28.1,29.9,30.3,28.4,28.5,0,0,0,0,0,656,4000,117844680,1862532,"AAS",43844113194
1,226,26000,731071640,820221,798939000,"2022-02-18T00:00:00",558000,28.1,27.9,28.3,28.5,27.7,28,0,0,0,0,0,321,0,0,856895,"AAS",15689922120
1,95,0,0,528437,799199000,"2022-02-17T00:00:00",174200,27.9,27.9,27.9,28.1,27.8,28,0,0,0,0,0,246,0,0,470498,"AAS",4864449642
1,106,3700,103165139,520853,79919900,"2022-02-16T00:00:00",208800,27.9,27.7,27.9,28.5,27.7,28.5,0,0,0,0,0,265,0,0,540486,"AAS",5822000000
1,107,0,0,435308,79923600,"2022-02-15T00:00:00",225300,27.7,27.6,27.7,27.9,27.4,27.7,0,0,0,0,0,242,0,0,483018,"AAS",6237000000
1,183,300,8276496,480343,799236000,"2022-02-14T00:00:00",246600,27.6,27.9,27.4,28,27.2,28,0,0,0,0,0,228,0,0,602493,"AAS",6803279712
1,215,0,0,800638,799034000,"2022-02-11T00:00:00",495600,27.9,27.7,28,28.2,27.6,27.8,0,0,0,0,0,340,0,0,833675,"AAS",13810900068
1,203,0,0,578311,798572000,"2022-02-10T00:00:00",385300,27.7,27.7,27.6,28,27.4,27.8,0,0,0,0,0,296,0,0,688618,"AAS",10691670435
1,127,0,0,410008,798572000,"2022-02-09T00:00:00",205200,27.7,27.7,27.5,27.9,27.5,27.8,0,0,0,0,0,210,20500,568156680,464887,"AAS",5687109792
1,223,0,0,680540,798572000,"2022-02-08T00:00:00",462900,27.7,28,27.6,28.6,27.4,28.6,0,0,0,0,0,276,46200,1277724756,790049,"AAS",12802138302
1,276,100,2799336,1348047,798571000,"2022-02-07T00:00:00",948200,28,26.9,27.9,28.7,27.2,27.8,0,0,0,0,0,477,0,0,1894435,"AAS",26543303952
1,149,0,0,844527,798572000,"2022-01-28T00:00:00",347900,26.9,26.8,27.5,27.8,26.2,27.8,0,0,0,0,0,321,0,0,528929,"AAS",9361658495
1,189,0,0,805524,798572000,"2022-01-27T00:00:00",349700,26.8,26.7,26.7,27.8,26,27.8,0,0,0,0,0,316,100,2684876,711326,"AAS",9389011372
1,366,0,0,1518310,798572000,"2022-01-26T00:00:00",1341500,26.7,24.2,26.3,27.5,24.9,26.5,0,0,0,0,0,615,0,0,1662018,"AAS",35884078630
1,163,0,0,562931,798567000,"2022-01-25T00:00:00",169900,24.2,24.3,24.5,27.9,23.7,27.9,0,0,0,0,0,177,0,0,359261,"AAS",4115049358
1,225,300,7297152,535154,79856700,"2022-01-24T00:00:00",211800,24.3,26,23.9,26,23.5,26,0,0,0,0,0,237,0,0,491653,"AAS",5152000000
1,218,16800,436224432,697319,798570000,"2022-01-21T00:00:00",314900,26,24.6,26.2,27.1,25.2,27.1,0,0,0,0,0,301,500,12982870,452607,"AAS",8176611526
1,228,0,0,439203,798738000,"2022-01-20T00:00:00",279100,24.6,23.7,25,26,23.6,26,0,0,0,1616000000,80000,221,0,0,540804,"AAS",8492069478
1,205,0,0,314429,798738000,"2022-01-19T00:00:00",250000,23.7,23.1,23.9,24.3,22.8,24,0,0,0,0,0,197,0,0,362764,"AAS",5919750000
1,286,400,9237780,422853,798738000,"2022-01-18T00:00:00",363700,23.1,25.3,22.8,24,22.3,24,0,0,0,0,0,256,0,0,485853,"AAS",8399451465
1,547,100,2531498,739200,798742000,"2022-01-17T00:00:00",663100,25.3,27.4,23.4,27.5,23.4,27.5,0,0,0,0,0,462,0,0,949426,"AAS",16786363238
1,359,8200,224381766,625798,798743000,"2022-01-14T00:00:00",460000,27.4,28.3,26.9,28.9,26.8,28.9,0,0,0,0,0,323,0,0,769425,"AAS",12587269800
1,264,13000,368491981.27011997,474010,79882500,"2022-01-13T00:00:00",341700,28.3,28.5,27.8,32.7,27.5,32.7,0,0,0,0,0,355,0,0,844028,"AAS",9685670000
1,491,500,14248514.774494557,736031,79895500,"2022-01-12T00:00:00",643000,28.5,29.2,28.5,30,26.2,30,0,0,0,0,0,394,0,0,1070454,"AAS",18324000000
1,398,28000,816621400,1233430,79896000,"2022-01-11T00:00:00",359400,29.2,30.1,28.7,30.8,28.4,30.8,0,0,0,0,0,340,0,0,689708,"AAS",10482000000
1,476,0,0,1404785,79894300,"2022-01-10T00:00:00",546700,30.1,30.7,29.4,31.8,29.3,31.8,0,0,0,0,0,511,0,0,957713,"AAS",16459500000
1,376,100,3074337,1566639,79859300,"2022-01-07T00:00:00",651800,30.7,30.2,30.6,31.8,30.3,31.8,0,0,0,0,0,718,0,0,1375382,"AAS",20039000000
1,417,0,0,2023909,79859400,"2022-01-06T00:00:00",1440900,30.2,29.7,30.5,30.9,29.3,30,0,0,0,0,0,816,29700,896925777.6389756,1797855,"AAS",43514490000
1,325,0,0,2219015,79840400,"2022-01-05T00:00:00",1360000,29.7,29.7,29.7,30.1,29,30.1,0,0,0,1543300,61,669,35000,1038574600,1851785,"AAS",40357543300
1,284,0,0,1327037,798302000,"2022-01-04T00:00:00",265700,29.7,29.7,29.5,30.4,29.3,30.4,0,0,0,0,0,454,0,0,676480,"AAS",7894000140
1,338,29700,882657270,1485795,79830200,"2021-12-31T00:00:00",388400,29.7,29.5,29.4,30.5,29.1,30.5,0,0,0,0,0,596,19000,564662900,860502,"AAS",11543000000
1,590,0,0,1964446,798599000,"2021-12-30T00:00:00",838600,29.5,28.5,29.6,30.1,28.2,29.5,0,0,0,0,0,763,10200,300545856,1196320,"AAS",24709583808
1,312,0,0,1413616,798599000,"2021-12-29T00:00:00",304800,28.5,28.7,28.7,29,28.2,28.9,0,0,0,0,0,396,0,0,802522,"AAS",8671831272
1,343,100,2867431,1536981,798599000,"2021-12-28T00:00:00",454200,28.7,29,28.4,30,28.3,30,0,0,0,0,0,479,0,0,1040811,"AAS",13023871602
1,192,0,0,1084311,79860000,"2021-12-27T00:00:00",155700,29,29.4,28.9,29.9,28.7,29.9,0,0,0,0,0,377,0,0,623189,"AAS",4514890000
1,377,0,0,1728679,79860000,"2021-12-24T00:00:00",684600,29.4,29.4,29.2,30,28.2,29.3,,,,0,0,524,0,0,1132106,"AAS",20126860000
1,486,0,0,1723263,79860000,"2021-12-23T00:00:00",583800,29.4,29.8,29.4,30.9,28.2,30,0,0,0,0,0,660,0,0,1040220,"AAS",17174160000
1,660,0,0,2429774,79860000,"2021-12-22T00:00:00",1173000,29.8,28.3,29.8,30.4,29,29.2,0,0,0,0,0,864,0,0,1654414,"AAS",34944000000
1,501,0,0,2236061,79860000,"2021-12-21T00:00:00",815700,28.3,28.1,28.8,28.9,27.5,28.5,0,0,0,0,0,658,0,0,1025810,"AAS",23082440000
1,366,0,0,1705737,79859800,"2021-12-20T00:00:00",615700,28.1,27.3,28.1,28.5,27.5,28,0,0,0,0,0,611,0,0,1140371,"AAS",17325750000
1,557,0,0,1933438,79859800,"2021-12-17T00:00:00",686500,27.3,26.9,27.5,27.6,26.9,27.5,0,0,0,0,0,501,0,0,1032722,"AAS",18708650000
1,609,0,0,2039771,79859800,"2021-12-16T00:00:00",624100,26.9,27.2,27.1,27.4,24.1,27.3,0,0,0,0,0,617,200,5377945.842012498,928744,"AAS",16781880000
1,683,0,0,1872365,79859800,"2021-12-15T00:00:00",676900,27.2,28.2,27,28.8,26.9,28.8,0,0,0,0,0,649,0,0,1246866,"AAS",18380680000
1,363,0,0,1707516,79859800,"2021-12-14T00:00:00",500000,28.2,28,27.9,29,27.9,29,0,0,0,0,0,369,0,0,792106,"AAS",14121780000
1,639,200,5606391.695756017,2511820,79859800,"2021-12-13T00:00:00",1088600,28,27.1,28.1,28.7,26.3,27.9,0,0,0,1219500000,45000,473,0,0,1445738,"AAS",31735090000
1,3372,200,5425036.8998177415,5145595,79860000,"2021-12-10T00:00:00",3346900,27.1,29.7,26.9,30.8,25.8,30.8,0,0,0,0,0,870,0,0,3803195,"AAS",90785280000
1,317,0,0,1355359,79860200,"2021-12-09T00:00:00",235000,29.7,29.7,30.3,30.4,29.4,30,0,0,0,0,0,314,0,0,496476,"AAS",6985000000
1,277,0,0,1347215,79860200,"2021-12-08T00:00:00",220700,29.7,29.7,29.7,30.6,29.5,30.6,0,0,0,0,0,372,0,0,667022,"AAS",6565560000
1,364,0,0,1448362,79859800,"2021-12-07T00:00:00",323200,29.7,30,30,32,29,32,0,0,0,0,0,369,0,0,613998,"AAS",9610210000
1,483,200,5996502.044668134,1705906,79853800,"2021-12-06T00:00:00",635800,30,31.5,29.8,31.6,28.1,31.6,0,0,0,0,0,573,0,0,1068572,"AAS",19062880000
1,611,0,0,2178642,79854000,"2021-12-03T00:00:00",1095400,31.5,30.8,30.8,33,30.8,32,0,0,0,0,0,1064,400,12598155.924776338,1762118,"AAS",34500050000
1,345,0,0,1476853,79854000,"2021-12-02T00:00:00",419300,30.779108037204864,31,30.9,31.8,30.6,31.8,0,0,0,0,0,546,6000,184674648.2232292,1005347,"AAS",12905680000
1,449,0,0,1704999,79854000,"2021-12-01T00:00:00",591400,31,30.5,31.1,35,30.2,35,0,0,0,0,0,791,0,0,1461219,"AAS",18321370000
1,457,0,0,1689071,79854000,"2021-11-30T00:00:00",531700,30.5,30.3,30.4,31.1,30,30.8,0,0,0,0,0,556,0,0,897095,"AAS",16223060000
1,748,400,12106551.27790359,2634167,79854000,"2021-11-29T00:00:00",1236400,30.3,30.7,30.4,31,29,30,0,0,0,0,0,489,0,0,1505219,"AAS",37421350000
1,611,17500,537090233.0363263,1971678,79854400,"2021-11-26T00:00:00",729500,30.7,31.3,30.8,31.8,30.2,31.8,0,0,0,0,0,535,0,0,1140630,"AAS",22389000000
1,628,15000,468954900,2077346,798719000,"2021-11-25T00:00:00",823900,31.3,31.1,31.5,31.7,30.7,31.6,0,0,0,0,0,532,0,0,1171065,"AAS",25758129474
1,486,0,0,2031420,79884500,"2021-11-24T00:00:00",717800,31.1,30.1,31.2,32.1,30.6,32.1,0,0,0,0,0,691,0,0,1072850,"AAS",22358000000
1,1204,5600,168313172.89892632,2590723,79869800,"2021-11-23T00:00:00",1620600,30.1,31,30.6,31.6,29,31.6,0,0,0,0,0,1066,0,0,2093858,"AAS",48708630000
1,775,0,0,2210888,79848400,"2021-11-22T00:00:00",963300,31,30,30.5,32,29.8,29.9,0,0,0,0,0,710,2400,74293839.92525692,1464582,"AAS",29819690000
1,785,5000,149861413.24184248,2498114,79841800,"2021-11-19T00:00:00",1369900,30,28.7,30,31.9,28.8,29,0,0,0,0,0,894,14700,440592554.93101686,1747548,"AAS",41059030000
1,2026,46000,1297206172.2574797,5421279,79834800,"2021-11-18T00:00:00",4484700,28.7,26.1,29.2,30,25.7,26.8,0,0,0,0,0,1080,27000,770039003.1857564,4713656,"AAS",128786000000
1,435,7500,195486868.35106382,1809260,79874500,"2021-11-17T00:00:00",902400,26.1,25.4,26,26.5,25.3,25.8,0,0,0,0,0,518,6600,172028444.14893618,1270175,"AAS",23521000000
1,531,5200,132005568,1695449,79881000,"2021-11-16T00:00:00",812500,25.4,25.8,25.3,26.3,24.7,26.3,0,0,0,0,0,431,12000,304628233.84615386,1181685,"AAS",20625870000
1,691,21000,542235776.2017336,2257163,79856200,"2021-11-15T00:00:00",1142100,25.8,24.1,25.8,26.5,24.3,25,0,0,0,0,0,633,6300,162670732.8605201,1506556,"AAS",29490000000
1,532,100,2405866.5613896567,2887405,79877200,"2021-11-12T00:00:00",1266500,24.1,23.3,24.3,24.5,23.2,23.4,0,0,0,0,0,590,1000,24058665.613896564,1502890,"AAS",30470300000
1,615,18700,434674032.37240076,2169215,79864800,"2021-11-11T00:00:00",877400,23.3,23.5,23.5,23.7,22.9,23.7,0,0,0,0,0,475,30000,697338019.8487712,1174163,"AAS",20403000000
1,372,0,0,1815676,79850500,"2021-11-10T00:00:00",520700,23.5,23.2,23.6,23.9,23.1,23.4,0,0,0,0,0,518,0,0,882058,"AAS",12258650000
1,487,0,0,1645376,79847100,"2021-11-09T00:00:00",532200,23.2,23.3,23.2,23.8,23.1,23.8,0,0,0,0,0,462,12500,290497341.0028218,902437,"AAS",12366000000
1,569,30100,702437418.5765983,2337968,79815600,"2021-11-08T00:00:00",994800,23.33679131483715,23.3,23.6,23.9,22.8,23.9,0,0,0,0,0,694,33000,770114113.389626,1516986,"AAS",23215440000
1,545,100,2332842.72658035,1781625,79795200,"2021-11-05T00:00:00",525200,23.3,23.3,23.1,24,23.1,24,0,0,0,0,0,597,3400,79316652.70373191,1111901,"AAS",12252000000
1,638,0,0,2181917,79795200,"2021-11-04T00:00:00",983200,23.3,22.8,23.4,24.4,22.2,22.3,0,0,0,0,0,707,31500,734855721.1147274,1496135,"AAS",22936830000
1,738,43500,993363380.7853421,3334981,79791700,"2021-11-03T00:00:00",2936300,22.8,21.3,22.3,24,21.6,21.9,0,0,0,0,0,957,50500,1153214959.3025236,3432001,"AAS",67053170000
1,435,0,0,988117,79835200,"2021-11-02T00:00:00",679900,21.3,21.1,21.6,22,21,22,0,0,0,0,0,439,100,2121668.458396044,1098007,"AAS",14470000000
1,672,21700,457173105.12617403,1049229,79793500,"2021-11-01T00:00:00",883700,21.1,20.7,21.4,22,20.5,21.4,0,0,0,0,0,704,3500,73737597.60099581,1363069,"AAS",18617690000
1,394,40700,843420975.6097561,1069038,79815200,"2021-10-29T00:00:00",758500,20.7,20.6,20.7,21.2,20.6,21.2,0,0,0,0,0,617,0,0,1296832,"AAS",15718300000
1,484,0,0,1371737,79855900,"2021-10-28T00:00:00",926300,20.6,20.4,20.8,21,20.3,21,0,0,0,0,0,632,41700,858989838.0654216,1360048,"AAS",19081110000
1,425,3500,70607779.57860616,1876772,79794900,"2021-10-27T00:00:00",1189300,20.4,20,20.5,20.8,20,20.8,0,0,0,0,0,782,0,0,1770623,"AAS",24263510000
1,338,0,0,881989,79798400,"2021-10-26T00:00:00",699800,20,20.1,20.1,20.7,19.6,20.7,0,0,0,0,0,468,0,0,1163408,"AAS",13978000000
1,468,600,12022161.74779609,1854408,79798400,"2021-10-25T00:00:00",1487600,20.1,19.4,20,20.5,19.3,20.1,0,0,0,0,0,884,61000,1228079750.3467407,2022859,"AAS",29944000000
1,295,200,3887610.6194690266,985600,79796000,"2021-10-22T00:00:00",780000,19.4,19.5,19.6,19.9,19.3,19.9,0,0,0,0,0,566,0,0,1273900,"AAS",15157000000
1,215,200,3903569.772832638,720300,79796200,"2021-10-21T00:00:00",465800,19.5,19.5,19.6,20.3,19.3,20.3,0,0,0,0,0,416,0,0,936600,"AAS",9084000000
1,372,200,3898601.7229953613,1245200,79796400,"2021-10-20T00:00:00",942900,19.5,19.7,19.7,20,19.1,20,0,0,0,0,0,552,3000,58479025.84493042,1242600,"AAS",18384000000
1,1216,300,5907721.42913479,1705000,79733700,"2021-10-19T00:00:00",1367300,19.7,20.4,19.7,20.4,19.3,20.4,0,0,0,0,0,740,0,0,1967700,"AAS",26923000000
1,695,300,6124105.201863354,1381300,79734000,"2021-10-18T00:00:00",1134900,20.4,20.4,20.3,21,20.1,21,,,,0,0,713,0,0,1768800,"AAS",23150000000
1,1063,104500,2130932780.0829875,1575700,79734300,"2021-10-15T00:00:00",1328100,20.4,18.9,20.2,21.6,19.7,20,0,0,0,0,0,1137,62900,1282638008.2987552,2050600,"AAS",27082000000
1,1512,100,1883306.7649696125,6836500,79838800,"2021-10-14T00:00:00",4513200,18.9,17.3,19.8,19.8,17.2,17.9,0,0,0,15000000000,1000000,1940,0,0,4513200,"AAS",100479000000
1,376,0,0,517100,79838900,"2021-10-13T00:00:00",335300,17.3,17.3,17.3,17.6,17.2,17.6,0,0,0,0,0,469,0,0,1113200,"AAS",5794000000
1,601,0,0,914300,79838900,"2021-10-12T00:00:00",590500,17.3,17.3,17.4,17.7,17.1,17.7,0,0,0,0,0,560,0,0,1379500,"AAS",10218000000
1,614,0,0,877000,79838900,"2021-10-11T00:00:00",596100,17.3,17.4,17.4,17.9,17.1,17.9,0,0,0,0,0,480,0,0,1251600,"AAS",10320000000
1,712,300,5237925.925925926,956600,79838900,"2021-10-08T00:00:00",741400,17.4,17.7,17.4,18.1,17.1,18,0,0,0,0,0,558,0,0,1579300,"AAS",12900000000
1,267,0,0,707768,79839200,"2021-10-07T00:00:00",474800,17.7,17.7,17.7,18.5,17.5,18.5,0,0,0,0,0,281,0,0,689222,"AAS",8395000000
1,246,0,0,625300,79834100,"2021-10-06T00:00:00",436300,17.7,17.5,17.8,18.9,17.5,18.9,0,0,0,0,0,258,0,0,1421500,"AAS",7728000000
1,902,0,0,1507900,79834100,"2021-10-05T00:00:00",1105900,17.5,17.1,17.9,17.9,16.7,16.8,0,0,0,0,0,516,0,0,1525300,"AAS",19345000000
1,1150,3200,54710442.931301825,1923700,79834100,"2021-10-04T00:00:00",1693600,17.1,17.8,16.8,17.8,16.6,17.8,0,0,0,0,0,748,5100,87195766.48240529,2213200,"AAS",28897000000
1,374,2000,35617851.23966942,967963,79834300,"2021-10-01T00:00:00",735800,17.8,18,17.8,18.1,17.6,17.9,0,0,0,0,0,504,0,0,1286689,"AAS",13064000000
1,468,14100,254707296.01087943,1162300,79836300,"2021-09-30T00:00:00",733500,18,18,17.9,18.3,17.8,18,,,,0,0,454,0,0,1563600,"AAS",13222000000
1,362,0,0,965600,79817400,"2021-09-29T00:00:00",783400,18,18.2,18,18.2,17.9,18.2,0,0,0,0,0,717,3000,54114694.20174742,1619600,"AAS",14118000000
1,595,11200,204044201.13348606,1110200,79817400,"2021-09-28T00:00:00",829300,18.2,18.2,18.2,18.5,17.9,18.3,0,0,0,0,0,642,0,0,1761400,"AAS",15108000000
1,524,39900,728116303.2191069,1918200,79828600,"2021-09-27T00:00:00",1533000,18.2,18,18.2,18.8,17.6,18,0,0,0,0,0,1127,33000,602123724.4897959,2173500,"AAS",27974000000
1,451,0,0,1314900,79868500,"2021-09-24T00:00:00",1039900,18,18.2,18.1,18.3,17.6,18,0,0,0,0,0,667,0,0,1483900,"AAS",18692000000
1,573,0,0,1406300,79868500,"2021-09-23T00:00:00",1186200,18.2,18.1,18,18.7,18,18.3,0,0,0,0,0,782,0,0,1864500,"AAS",21576000000
1,647,8200,148595355.85547826,1691000,79868500,"2021-09-22T00:00:00",1226800,18.1,17.6,18.4,18.6,17.6,17.6,0,0,0,0,0,822,0,0,1843300,"AAS",22237000000
1,973,100,1754271.9602977668,1780400,79876700,"2021-09-21T00:00:00",1382700,17.6,18.2,17.8,17.9,17.1,17.9,0,0,0,0,0,571,0,0,1915700,"AAS",24325000000
1,1165,0,0,1690900,79876800,"2021-09-20T00:00:00",1479200,18.2,18.1,17.9,18.8,17.7,18.4,0,0,0,0,0,864,0,0,2319000,"AAS",26975000000
1,1253,0,0,2472600,79876800,"2021-09-17T00:00:00",2078000,18.1,17.3,18.4,18.7,17.4,17.4,0,0,0,0,0,1220,0,0,2781000,"AAS",37607000000
1,553,22000,379423398.3286908,1307600,79876800,"2021-09-16T00:00:00",917200,17.3,16.9,17.5,17.5,17.1,17.2,0,0,0,0,0,538,0,0,1586700,"AAS",15861000000
1,942,0,0,2355400,79898770,"2021-09-15T00:00:00",1562700,16.9,16.8,17.2,17.6,16.2,16.6,0,0,0,0,0,917,0,0,2326000,"AAS",26363000000
1,950,0,0,1869200,79861670,"2021-09-14T00:00:00",1575100,16.8,17.4,16.7,17.3,16.5,17.3,0,0,0,0,0,924,0,0,2512100,"AAS",26509000000
1,915,0,0,1918800,79861670,"2021-09-13T00:00:00",1517500,17.4,17.6,17.3,17.9,17.1,17.8,0,0,0,0,0,891,30,523414.41839893855,2792900,"AAS",26396000000
1,1294,0,0,2705600,79861570,"2021-09-10T00:00:00",2145700,17.6,16.8,17.6,17.9,17,17,0,0,0,0,0,1259,37100,653340121.2593169,2957800,"AAS",37818000000
1,1121,0,0,2670600,79860770,"2021-09-09T00:00:00",1858100,16.8,17,17.1,17.1,16.5,17,0,0,0,0,0,1090,0,0,2403700,"AAS",31215000000
1,1834,0,0,3491500,79860770,"2021-09-08T00:00:00",3041800,17,16.5,16.9,17.4,16.5,17,0,0,0,0,0,1785,100,1707446.23365395,4578800,"AAS",51629000000
1,1424,100,1663813.7846074046,2752600,79860770,"2021-09-07T00:00:00",2361200,16.5,15.8,16.5,17.1,16,16.4,0,0,0,0,0,1386,800,13311840,4063200,"AAS",39075000000
1,1203,30100,471252761.6840479,2401400,79850870,"2021-09-06T00:00:00",1994000,15.8,14.9,16,16.1,15.2,15.2,0,0,0,0,0,1170,0,0,3005500,"AAS",31463000000
1,719,0,0,1678200,79880870,"2021-09-01T00:00:00",1192700,14.9,15.1,15.2,15.2,14.7,15.1,0,0,0,0,0,700,0,0,1943100,"AAS",17797000000
1,865,0,0,1709200,79880870,"2021-08-31T00:00:00",1434000,15.1,15,15.1,15.5,14.9,15.2,0,0,0,0,0,842,10000,152093149.3346476,3173700,"AAS",21724000000
1,519,0,0,977100,79880870,"2021-08-30T00:00:00",859900,15,14.4,15.2,15.5,14.7,14.7,0,0,0,0,0,505,100,1500350.0407024072,2016800,"AAS",12902000000
1,613,0,0,1459400,79880870,"2021-08-27T00:00:00",1015900,14.4,14.5,14.7,14.8,14.1,14.6,0,0,0,0,0,596,0,0,1608400,"AAS",14643000000
1,592,0,0,1300300,79880870,"2021-08-26T00:00:00",982400,14.5,14.5,14.5,15,14.2,14.5,0,0,0,0,0,577,0,0,1607400,"AAS",14227000000
1,422,0,0,1114200,79870870,"2021-08-25T00:00:00",700500,14.5,14.9,14.7,14.9,14,14.4,0,0,0,0,0,411,0,0,1377000,"AAS",10122000000
1,1295,7000,104597223.64559557,2550300,79854370,"2021-08-24T00:00:00",2146700,14.9,15.7,14.5,16.2,14.1,15.9,0,0,0,0,0,1260,0,0,3511500,"AAS",32077000000
1,1911,10000,156159329.80320874,3729200,79861370,"2021-08-23T00:00:00",3169200,15.7,15.4,15.9,16.4,14.5,15.1,0,0,0,0,0,1860,10000,156159329.80320874,4434000,"AAS",49672000000
1,1902,0,0,3365400,79871170,"2021-08-20T00:00:00",3153000,15.4,15.2,15.1,16.2,14,15.4,0,0,0,0,0,1850,16500,254478484.1473555,4522200,"AAS",48451000000
1,1070,30,454249.40428911836,2577500,79871170,"2021-08-19T00:00:00",1774600,15.2,14.8,15.3,15.4,14.7,14.8,0,0,0,0,0,1041,0,0,2721400,"AAS",26952000000
1,958,12100,179368206.364513,2122600,30871200,"2021-08-18T00:00:00",1588000,14.8,14.7,14.9,15.2,14.4,14.6,0,0,0,0,0,932,200,2964763.741562199,2751300,"AAS",23566000000
1,649,0,0,1438600,30883300,"2021-08-17T00:00:00",1076400,14.7,14.6,14.6,15.2,14.3,14.8,0,0,0,0,0,632,0,0,2206400,"AAS",15799000000
1,1397,0,0,2789100,30883300,"2021-08-16T00:00:00",2316300,14.6,13.7,14.8,15,13.8,13.8,0,0,0,0,0,1359,0,0,3027400,"AAS",33929000000
1,865,0,0,1875800,30880300,"2021-08-13T00:00:00",1433900,13.7,13.6,13.7,13.9,13.4,13.5,0,0,0,0,0,842,0,0,2226900,"AAS",19579000000
1,726,0,0,1608900,30880300,"2021-08-12T00:00:00",1203900,13.6,13.9,13.6,13.9,13.4,13.7,0,0,0,0,0,707,0,0,2145700,"AAS",16411000000
1,848,4000,55478591.261142775,1597800,30876250,"2021-08-11T00:00:00",1406900,13.9,13.9,13.7,14.2,13.6,13.9,0,0,0,0,0,826,3000,41735710.540115364,2654900,"AAS",19504000000
1,620,4000,55417185.55417185,1366200,30879450,"2021-08-10T00:00:00",1027600,13.9,13.6,13.9,14.2,13.6,14.1,0,0,0,0,0,603,0,0,2199700,"AAS",14236000000
1,1438,0,0,2979700,30881250,"2021-08-09T00:00:00",2383800,13.6,13.3,13.9,14.2,12.9,13.2,0,0,0,0,0,1399,4050,53844508.103172794,3334000,"AAS",32410000000
1,883,4000,53441962.03594826,1817600,30869450,"2021-08-06T00:00:00",1463900,13.3,13.4,13.3,13.6,13.2,13.6,0,0,0,0,0,859,800,10695164.758931668,2385500,"AAS",19539000000
1,604,0,0,1588300,30872550,"2021-08-05T00:00:00",1001200,13.4,13.4,13.6,13.6,13.2,13.4,0,0,0,0,0,588,2200,29399064.692127824,1661200,"AAS",13446000000
1,936,1500,20258042.89544236,2183900,30872550,"2021-08-04T00:00:00",1552500,13.4,13,13.5,13.7,13,13,0,0,0,0,0,911,11800,158890877.85914475,2771000,"AAS",20808000000
1,1308,5800,75139964.64727624,2796500,30842250,"2021-08-03T00:00:00",2169000,13,13,13.3,13.4,12.7,13,0,0,0,0,0,1273,900,11719097.47961453,2718900,"AAS",28245000000
1,806,650,8441874.391795794,1744500,30848050,"2021-08-02T00:00:00",1335900,13,12.9,13,13.2,12.7,13,0,0,0,0,0,784,0,0,2280000,"AAS",17350000000
1,1194,5200,67136799.38422784,2400500,30848700,"2021-07-30T00:00:00",1979800,12.9,12.4,13,13.2,12.5,12.5,0,0,0,0,0,1162,31800,410916486.13518196,3025400,"AAS",25586000000
1,845,0,0,1935200,30853900,"2021-07-29T00:00:00",1401800,12.4,12.2,12.5,12.5,12.2,12.2,0,0,0,0,0,823,0,0,2055200,"AAS",17377000000
1,702,100,1207547.1698113207,1664700,30853900,"2021-07-28T00:00:00",1163400,12.2,12.2,12.2,12.3,12,12.2,0,0,0,0,0,683,0,0,1933200,"AAS",14161000000
1,739,1900,23165825.433952972,1697700,30854000,"2021-07-27T00:00:00",1225700,12.2,11.7,12,12.5,11.8,11.8,0,0,0,0,0,719,0,0,2245800,"AAS",14912000000
1,672,1300,15118331.716779826,1786000,30852900,"2021-07-26T00:00:00",1113500,11.7,12,11.8,12,11.5,11.6,0,0,0,0,0,654,0,0,1803500,"AAS",13068000000
1,731,33500,405244210.5263158,1586900,30854200,"2021-07-23T00:00:00",1211700,12,12.2,11.9,12.4,11.8,12.3,0,0,0,0,0,711,0,0,2121500,"AAS",14544000000
1,1343,1000,11934610.176049527,2913000,30887700,"2021-07-22T00:00:00",2226400,12.2,11.9,12.3,12.6,11.6,11.9,0,0,0,0,0,1307,3000,36393855.18796204,3005800,"AAS",27111000000
1,480,0,0,1192900,30888700,"2021-07-21T00:00:00",795100,11.9,11.7,11.9,12.3,11.7,12.3,0,0,0,0,0,467,0,0,1581700,"AAS",9490000000
1,1338,200,2261831.5918869083,3104200,30884600,"2021-07-20T00:00:00",2219000,11.7,11.4,12.2,12.4,10.9,11.2,0,0,0,0,0,1302,0,0,2859700,"AAS",25928000000
1,1368,1000,11557993.344015777,2741500,30884800,"2021-07-19T00:00:00",2267900,11.4,12.4,11.3,12,11,12,0,0,0,0,0,1331,0,0,3021000,"AAS",25801000000
1,831,200,2482614.1600335147,1788000,30878700,"2021-07-16T00:00:00",1377200,12.4,12.3,12.4,12.7,12.2,12.6,0,0,0,0,0,808,4100,50873725.356900066,2785500,"AAS",17027000000
1,806,2000,24535859.71910579,2369400,30878400,"2021-07-15T00:00:00",1336400,12.3,12,12.6,12.6,11.7,12.5,0,0,0,0,0,784,0,0,2134400,"AAS",16436000000
1,1006,0,0,2251900,30880400,"2021-07-14T00:00:00",1667600,12,11.8,12.1,12.7,11.5,12.7,0,0,0,0,0,979,7100,85451831.84936506,2425700,"AAS",20050000000
1,1076,1000,11675768.351536702,2837200,30878800,"2021-07-13T00:00:00",1784300,11.8,11.4,12.5,12.6,11,11.3,0,0,0,0,0,1047,500,5821304.51563103,2194900,"AAS",20975000000
1,2544,9000,103544790.97544791,4264200,30877800,"2021-07-12T00:00:00",4218300,11.4,13.1,11.3,12.7,11.2,12.7,0,0,0,0,0,2476,0,0,4589300,"AAS",47958000000
1,3672,2500,32785361.5487166,6788200,30886300,"2021-07-09T00:00:00",6088100,13.1,14.4,12.7,14.4,12.4,14.4,0,0,0,0,0,3573,1600,21147024.815440718,6790800,"AAS",79487000000
1,869,300,4347863.394542647,2168500,30855800,"2021-07-08T00:00:00",1441600,14.441,14,14.4,15,13.5,15,0,0,0,0,0,846,2000,29165718.002927307,1962800,"AAS",20818000000
1,3084,5000,69729590.07922839,5975500,30856100,"2021-07-07T00:00:00",5114000,14,15.5,14.5,14.7,13.2,14.5,0,0,0,0,0,3001,500,6937213.490504256,5621400,"AAS",71506000000
1,1989,3000,49865072.963261716,3297200,30858100,"2021-07-06T00:00:00",3297200,15.5,16.5,14.1,17.1,14.1,16.6,0,0,0,0,0,1935,33000,547705126.5742272,4314400,"AAS",51111000000
1,868,2000,33027839.369302783,1754000,30861100,"2021-07-05T00:00:00",1439700,16.5,17,16.6,17.1,16,17,0,0,0,0,0,845,0,0,2056500,"AAS",23738000000
1,994,0,0,2165300,30863100,"2021-07-02T00:00:00",1647500,17,16.8,17,17.5,16.6,17,0,0,0,0,0,967,3000,50952115.8129176,2678600,"AAS",27980000000
1,1076,10100,167825931.89139438,2174100,30863100,"2021-07-01T00:00:00",1784100,16.8,16.2,17.1,17.5,16.2,16.4,0,0,0,0,0,1047,0,0,2512600,"AAS",30017000000
1,506,0,0,1153800,30873000,"2021-06-30T00:00:00",838500,16.2,16.3,16.4,16.5,16,16.3,0,0,0,0,0,492,0,0,1265200,"AAS",13625000000
1,950,2700,43973780.487804875,1915200,30873000,"2021-06-29T00:00:00",1574700,16.3,16.4,16.2,16.9,16,16.2,0,0,0,0,0,924,0,0,2199600,"AAS",25589000000
1,974,3700,60578200.559938915,2102200,30875700,"2021-06-28T00:00:00",1614900,16.4,16.2,16.2,17.5,16,16.7,0,0,0,0,0,948,200,3309055.1181102362,2335300,"AAS",26431000000
1,1189,5700,90251525.8592997,2435900,30868300,"2021-06-25T00:00:00",1972200,16.2,15.9,16.7,17.5,15,15.5,0,0,0,0,0,1157,0,0,2631800,"AAS",31866000000
1,999,800,12774048.209056094,1896800,30874000,"2021-06-24T00:00:00",1656000,15.9,15.4,15.5,16.5,15.4,16,0,0,0,0,0,972,0,0,2503200,"AAS",26292000000
1,3572,0,0,6593500,30874100,"2021-06-23T00:00:00",5923300,15.4,13.7,15.7,15.7,13.8,13.8,0,0,0,0,0,3476,11100,171190782.27571115,5923300,"AAS",91373000000
1,1524,0,0,3111000,30874100,"2021-06-22T00:00:00",2527400,13.7,13.3,13.8,14,13.3,13.3,0,0,0,0,0,1483,0,0,3725800,"AAS",34506000000
1,1047,33000,440409750.47542214,2175203,308686000,"2021-06-21T00:00:00",1735300,13.3,13.8,13.3,13.8,13.2,13.7,0,0,0,0,0,1018,700,9342025.010084711,2533684,"AAS",23158880000
1,1450,0,0,852200,30901600,"2021-06-18T00:00:00",2404000,13.8,13,13.6,14,13.4,13.5,0,0,0,0,0,1411,0,0,1115700,"AAS",33081560000
1,1414,0,0,3078000,30891600,"2021-06-17T00:00:00",2344100,13,13,13.5,13.5,12.1,12.8,0,0,0,0,0,1376,5500,70338477.99511002,3161200,"AAS",30500000000
1,1580,0,0,3127900,30881600,"2021-06-16T00:00:00",2619600,13,13.7,12.8,13.7,12.5,13.7,0,0,0,0,0,1537,0,0,3668700,"AAS",34012000000
1,2317,1000,13746239.761727476,4321500,30881400,"2021-06-15T00:00:00",3842100,13.7,12.7,13.4,14.4,13.1,13.1,0,0,0,0,0,2255,10000,138471577.7262181,5393300,"AAS",52595000000
1,4987,8200,104338762.21498372,9071200,30878400,"2021-06-14T00:00:00",8269500,12.7,11.4,13.1,13.1,11.4,11.5,0,0,0,0,0,4853,10000,125226244.3438914,8300600,"AAS",105427000000
1,1274,7300,82743314.19196062,2795600,30882000,"2021-06-11T00:00:00",2112500,11.4,11.3,11.7,11.9,11,11.3,0,0,0,0,0,1240,200,2234035.860333438,3291900,"AAS",24174000000
1,942,1000,11281088.690755514,2173100,30889300,"2021-06-10T00:00:00",1561700,11.3,11.1,11.3,11.7,11,11.7,0,0,0,0,0,917,4000,45194595.68461383,2470600,"AAS",17616000000
1,2341,5500,60667611.86588558,4841000,30890300,"2021-06-09T00:00:00",3881800,11.1,11,11.6,12.1,10,10.5,0,0,0,0,0,2278,4600,50535973.338561065,4749000,"AAS",43177000000
1,2881,16000,177180770.36298996,4871700,30892900,"2021-06-08T00:00:00",4777300,11,12.1,10.5,12.3,10.3,11.8,0,0,0,0,0,2804,0,0,5870800,"AAS",52638000000
1,2324,4400,53467764.35756821,4375800,30908900,"2021-06-07T00:00:00",3853300,12.113,13.4,11.8,13.1,11.5,13,0,0,0,0,0,2261,0,0,5154800,"AAS",46676000000
1,2149,12100,163812391.6442805,4124300,30903300,"2021-06-04T00:00:00",3563200,13.4,13.4,12.9,14.5,12.5,14.5,0,0,0,0,0,2091,2900,39068597.608811624,5137100,"AAS",47822000000
1,2646,8100,107216579.515744,5130900,30912400,"2021-06-03T00:00:00",4387600,13.4,12.2,13.8,14,12.4,12.6,0,0,0,0,0,2575,0,0,4891100,"AAS",58793840000
1,2875,4600,55825176.37843735,5659800,30920500,"2021-06-02T00:00:00",4767500,12.2,12.4,12.6,13.6,11.2,12.4,0,0,0,0,0,2798,10000,121359079.08355945,6504300,"AAS",58163500000
1,2835,0,0,5451800,30891600,"2021-06-01T00:00:00",4700700,12.4,11,12.4,12.6,11.4,11.7,0,0,0,0,0,2759,3000,37130385.57917711,5739700,"AAS",58288680000
1,2503,1000,10927165.1010166,5626300,30891600,"2021-05-31T00:00:00",4150700,11,9.7,11.1,11.1,10.2,10.2,0,0,0,0,0,2436,0,0,4150700,"AAS",45657700000
1,2836,0,0,6024600,30892600,"2021-05-28T00:00:00",4703100,9.7,9.1,10.2,10.4,8.7,9,0,0,0,0,0,2760,33500,322509700.13104814,5709900,"AAS",45620070000
1,644,3600,32780563.453088652,1406100,30891900,"2021-05-27T00:00:00",1068400,9.1,9.3,9,9.5,8.7,9.2,0,0,0,0,0,627,0,0,2254500,"AAS",9722440000
1,599,0,0,1468000,30895500,"2021-05-26T00:00:00",993400,9.3,9.4,9.2,9.6,9.1,9.6,0,0,0,0,0,583,0,0,2457400,"AAS",9238620000
1,1533,0,0,3008600,30895500,"2021-05-25T00:00:00",2542100,9.4,9.1,9.5,9.8,9,9.1,0,0,0,0,0,1492,700,6389035.087719298,4172000,"AAS",23895740000
1,821,0,0,2262500,30885500,"2021-05-24T00:00:00",1361100,9.1,8.9,9.1,9.3,8.8,8.8,0,0,0,0,0,799,0,0,2844200,"AAS",12386010000
1,979,0,0,1931500,30885500,"2021-05-21T00:00:00",1623000,8.9,8.5,8.9,9.1,8.6,8.7,0,0,0,0,0,953,0,0,2878600,"AAS",14444700000
1,1114,700,5691435.275713727,2658400,30885500,"2021-05-20T00:00:00",1847600,8.5,8.3,8.7,8.9,8,8.4,0,0,0,0,0,1084,10000,82091212.45828699,2766100,"AAS",15704600000
1,635,0,0,1466600,30819700,"2021-05-19T00:00:00",1052100,8.296150556030796,8.4,8.4,8.4,8.2,8.2,0,0,0,0,0,617,0,0,1756600,"AAS",8728380000
1,549,0,0,1248900,30819700,"2021-05-18T00:00:00",909900,8.437971205626992,8.7,8.5,8.6,8.3,8.6,0,0,0,0,0,534,0,0,1764300,"AAS",7677710000
1,501,0,0,1128500,30819700,"2021-05-17T00:00:00",831000,8.67797833935018,8.7,8.7,8.9,8.5,8.7,0,0,0,0,0,488,66500,577210677.1811241,2011600,"AAS",7211400000
1,470,0,0,1189000,30819200,"2021-05-14T00:00:00",779400,8.705812163202463,8.7,8.8,8.8,8.6,8.7,0,0,0,0,0,457,0,0,1860900,"AAS",6785310000
1,589,0,0,1402800,30819200,"2021-05-13T00:00:00",976100,8.73785472799918,8.7,8.8,8.9,8.6,8.9,0,0,0,0,0,573,0,0,1931800,"AAS",8529020000
1,406,0,0,1188300,30819200,"2021-05-12T00:00:00",673100,8.725256276927649,8.9,8.8,8.9,8.6,8.9,0,0,0,0,0,395,500,4357914.276071549,1691600,"AAS",5872970000
1,498,0,0,1121200,30817800,"2021-05-11T00:00:00",825400,8.913678216622245,8.8,8.9,9.1,7.8,7.8,0,0,0,0,0,484,0,0,2071300,"AAS",7357350000
1,1026,12000,105799227.15981232,2130100,30817800,"2021-05-10T00:00:00",1701100,8.82859914173182,8.6,9,9.1,8.2,8.6,0,0,0,0,0,998,0,0,2860400,"AAS",15018330000
1,742,0,0,425500,30829800,"2021-05-07T00:00:00",1230800,8.56349528761781,8.8,8.6,8.8,8.4,8.7,0,0,0,0,0,722,1400,11988893.402664933,980700,"AAS",10539950000
1,470,0,0,425500,30829800,"2021-05-06T00:00:00",779800,8.822351885098744,8.7,8.7,9.1,8.6,8.8,0,0,0,0,0,458,0,0,980700,"AAS",6879670000
1,562,0,0,235900,30829800,"2021-05-05T00:00:00",932000,8.748304721030042,8.3,9,9,8.4,8.4,0,0,0,0,0,547,0,0,184600,"AAS",8153420000
1,580,1400,11564660.517163163,1175492,30825300,"2021-05-04T00:00:00",966700,8.298427640426192,8.6,8.4,8.5,8,8.5,0,0,0,0,0,565,0,0,1363197,"AAS",8022090000
1,504,5000,43094510.64908722,1020278,30826700,"2021-04-29T00:00:00",835200,8.619324712643678,8.6,8.7,8.8,8.5,8.7,0,0,0,0,0,490,0,0,1183198,"AAS",7198860000
1,346,0,0,997900,30831700,"2021-04-28T00:00:00",573200,8.642341242149337,8.5,8.7,8.9,8.4,8.5,0,0,0,0,0,336,4500,38200706.71378092,1154600,"AAS",4953790000
1,472,0,0,1240600,30829700,"2021-04-27T00:00:00",782800,8.545030659172202,8.8,8.5,8.7,8.3,8.6,0,0,0,0,0,459,0,0,1341400,"AAS",6689050000
1,650,0,0,1400100,30829700,"2021-04-26T00:00:00",1077100,8.817426422801967,8.9,8.8,9.3,8.6,9.1,0,0,0,0,0,632,0,0,1876900,"AAS",9497250000
1,839,0,0,2188900,30829700,"2021-04-23T00:00:00",1391700,8.894962994898325,9.1,9.2,9.3,8.4,8.6,0,0,0,0,0,817,2000,17477125.210555866,2062300,"AAS",12379120000
1,1128,0,0,2083300,30829700,"2021-04-22T00:00:00",1870100,9.054932891289235,9.7,8.6,9.7,8.5,9.6,0,0,0,0,0,1097,0,0,3055700,"AAS",16933630000
1,605,0,0,1217700,30828700,"2021-04-20T00:00:00",1003100,9.722689662047653,9.7,9.6,10.2,9.5,10.2,0,0,0,0,0,589,0,0,2431100,"AAS",9752830000
1,537,0,0,1317700,30828700,"2021-04-19T00:00:00",891200,9.741281418312388,9.7,9.9,10,9.5,9.7,0,0,0,0,0,523,0,0,1791300,"AAS",8681430000
1,1601,0,0,3097200,30822300,"2021-04-16T00:00:00",2655100,9.705593009679486,10.3,9.8,10.2,9.2,10.2,0,0,0,0,0,1558,1000,9701738.441655897,3579900,"AAS",25769320000
1,1139,0,0,2227600,30812000,"2021-04-15T00:00:00",1887900,10.285576566555433,10.3,10.2,10.7,10.1,10.6,0,0,0,0,0,1108,0,0,3509900,"AAS",19418140000
1,1102,0,0,2663800,30798000,"2021-04-14T00:00:00",1827500,10.337532147742818,10.6,10.5,10.5,10.1,10.4,0,0,0,0,0,1072,6400,65979407.62022026,3145200,"AAS",18891840000
1,1686,11500,123217368.15415822,3219300,30797400,"2021-04-13T00:00:00",2796300,10.559267603619068,10.6,10.4,11,10.2,10.8,0,0,0,0,0,1641,10300,110544092.80742459,4779300,"AAS",29526880000
1,1572,10100,106792719.98465669,3198312,30806900,"2021-04-12T00:00:00",2607000,10.573536632144227,10.3,10.8,10.8,10.2,10.4,0,0,0,0,0,1530,14000,148029512.8500192,3750546,"AAS",27565210000
1,1013,5100,52457303.29722652,2061298,30817000,"2021-04-09T00:00:00",1680200,10.285745744554221,10.4,10.3,10.5,10.1,10.5,0,0,0,0,0,986,600,6171447.446732532,2417210,"AAS",17282110000
1,1020,0,0,2517600,30803100,"2021-04-08T00:00:00",1692100,10.422067253708411,10.6,10.5,10.9,10.1,10.8,0,0,0,0,0,993,2000,20647038.65930299,3488400,"AAS",17635180000
1,1595,700,7349689.706123789,3470500,30803100,"2021-04-07T00:00:00",2644800,10.610344827586207,10,10.8,11,10.1,10.1,0,0,0,0,0,1552,0,0,4369400,"AAS",28062240000
1,1627,19700,197056440.2879834,3663900,30790400,"2021-04-06T00:00:00",2697400,10.007481278267962,10,10.2,10.2,9.8,10,0,0,0,0,0,1583,19000,189746112.5472261,4344300,"AAS",26994180000
1,1675,13300,131898228.91566265,3244500,30810100,"2021-04-05T00:00:00",2778200,9.994730400979051,9.9,10,10.3,9.7,9.9,0,0,0,0,0,1630,0,0,4444400,"AAS",27767360000
1,1330,100,993911.488832461,2921100,30819800,"2021-04-02T00:00:00",2204900,9.923787926890109,9.4,9.8,10.3,9.6,9.7,,,,0,0,1294,13400,134702195.31098625,4588700,"AAS",21880960000
1,2478,600,5627210.209893472,4899200,30818900,"2021-04-01T00:00:00",4108200,9.411907891534005,8.7,9.9,9.9,8.8,8.8,,,,0,0,2411,0,0,5208200,"AAS",38666000000
1,866,0,0,1819700,30819500,"2021-03-31T00:00:00",1436100,8.743109811294477,8.6,8.8,8.9,8.6,8.9,,,,0,0,843,3600,31503788.721207306,2737700,"AAS",12555980000
1,603,100,862204.3937109627,1572800,30819000,"2021-03-30T00:00:00",1000100,8.629707029297071,8.5,8.8,8.8,8.5,8.7,,,,0,0,587,1000,8615283.483976992,1902500,"AAS",8630570000
1,475,0,0,1414700,30819100,"2021-03-29T00:00:00",787000,8.488259212198221,8.1,8.7,8.7,8.3,8.4,,,,0,0,462,0,0,1296500,"AAS",6680260000
1,1215,2000,16579330.889092576,2618200,30819100,"2021-03-26T00:00:00",2014600,8.133574903206592,8.5,8.4,8.5,7.7,8.5,,,,0,0,1182,500,4041310.870066928,2567100,"AAS",16385900000
1,831,400,3413370.6119913016,1895400,30821100,"2021-03-25T00:00:00",1377700,8.493568991797924,8.7,8.5,8.7,8.3,8.7,,,,0,0,809,0,0,2332300,"AAS",11701590000
1,1467,300,2598214.32975706,3004955,30806500,"2021-03-24T00:00:00",2432700,8.660714432523534,9.1,8.7,9.1,8.3,9,,,,0,0,1428,0,0,3543486,"AAS",21068920000
1,822,0,0,1805900,30806800,"2021-03-23T00:00:00",1363100,9.081542073215465,9.2,9.1,9.3,8.9,9.2,,,,0,0,800,0,0,3116100,"AAS",12379050000
1,684,0,0,1581000,30800100,"2021-03-22T00:00:00",1134900,9.209921578993745,9.2,9.2,9.4,9.1,9.2,,,,0,0,666,15000,138390042.0757363,2857300,"AAS",10452340000
1,1173,5400,49748669.717694245,2573800,30800100,"2021-03-19T00:00:00",1944700,9.212716614387825,9.1,9.2,9.4,9.1,9.2,,,,0,0,1141,0,0,3551400,"AAS",17915970000
1,1469,0,0,3203500,30805100,"2021-03-18T00:00:00",2436000,9.104544334975369,8.9,9.2,9.2,9,9,,,,0,0,1430,6700,60964535.759096615,4111400,"AAS",22178670000
1,529,500,4440652.522017614,1499700,30805100,"2021-03-17T00:00:00",877700,8.891785348068815,8.9,9,9,8.8,8.9,,,,0,0,515,0,0,2196800,"AAS",7804320000
1,922,400,3544981.5270935963,2083600,30805100,"2021-03-16T00:00:00",1528000,8.866289267015707,9,8.9,9.1,8.7,9.1,,,,63000,7,897,400,3616406.25,3022500,"AAS",13547753000
1,729,0,0,1785800,30804000,"2021-03-15T00:00:00",1208000,9.015397350993377,9.1,9.1,9.1,8.9,9.1,,,,0,0,709,0,0,2503900,"AAS",10890600000
1,556,0,0,1284300,30803000,"2021-03-12T00:00:00",922500,9.078981029810299,9.1,9.1,9.3,8.9,9.2,,,,0,0,541,500,4604662.104362703,2899500,"AAS",8375360000
1,1009,1500,13653382.120253164,2286400,30803000,"2021-03-11T00:00:00",1673600,9.131763862332697,8.8,9.2,9.4,8.9,8.9,,,,0,0,982,1500,13697549.668874172,3201100,"AAS",15282920000
1,784,800,7080430.107526882,1790300,30804500,"2021-03-10T00:00:00",1299500,8.786294728741824,8.9,8.9,8.9,8.6,8.9,,,,0,0,763,1000,8790076.643807987,2258800,"AAS",11417790000
1,999,500,4441978.636826043,2136300,30805300,"2021-03-09T00:00:00",1656800,8.883238773539354,9.1,8.9,9.2,8.7,9.2,,,,0,0,972,0,0,3180000,"AAS",14717750000
1,1165,800,7357150.722642808,2489200,30805800,"2021-03-08T00:00:00",1932000,9.146387163561077,8.6,9.2,9.4,9,9,,,,0,0,1134,0,0,3116400,"AAS",17670820000
1,1727,6600,54164876.78734408,3878300,30804200,"2021-03-05T00:00:00",2863100,8.555534211169713,8.2,9,9.2,8,8.4,,,,0,0,1680,0,0,3883700,"AAS",24495350000
1,1167,0,0,2524700,30807900,"2021-03-04T00:00:00",1935400,8.238617340084737,8.2,8.4,8.5,8,8.3,,,,0,0,1136,0,0,3069000,"AAS",15945020000
1,686,0,0,1784700,30773900,"2021-03-03T00:00:00",1136700,8.159523181138383,8.2,8.3,8.3,8,8.2,,,,0,0,667,2400,19582855.63473212,2165400,"AAS",9274930000
1,864,500,4100359.335752163,2089200,30761900,"2021-03-02T00:00:00",1433200,8.200718671504326,7.9,8.2,8.4,8,8.2,,,,0,0,841,2900,23782084.147362545,2855800,"AAS",11753270000
1,813,0,0,2154900,30762400,"2021-03-01T00:00:00",1348800,7.869669335705813,7.8,8.1,8.1,7.5,7.9,,,,0,0,792,34000,267568757.41399762,1874800,"AAS",10614610000
1,696,1000,7795596.012136974,1915800,30661500,"2021-02-26T00:00:00",1153500,7.795596012136975,8,7.8,7.9,7.7,7.8,,,,0,0,677,12000,93547152.1456437,1805800,"AAS",8992220000
1,626,1300,10421777.221526908,1517700,30662500,"2021-02-25T00:00:00",1038700,8.016751708866853,8,8,8.3,7.8,8.1,,,,0,0,610,0,0,2088800,"AAS",8327000000
1,1578,23600,189101268.91912553,3164500,30663800,"2021-02-24T00:00:00",2616400,8.012765632166335,7.6,8.1,8.2,7.7,7.7,,,,0,0,1535,100900,808488052.2855833,3316000,"AAS",20964600000
1,541,1400,10669811.489124373,1453300,30687400,"2021-02-23T00:00:00",896500,7.621293920803123,7.7,7.7,7.8,7.5,7.7,,,,0,0,526,0,0,1700700,"AAS",6832490000
1,729,0,0,1755300,30688700,"2021-02-22T00:00:00",1208200,7.655611653699719,7.6,7.6,7.8,7.4,7.7,,,,0,0,709,0,0,2109300,"AAS",9249510000
1,691,22000,166766102.58199582,1834800,30688700,"2021-02-19T00:00:00",1146400,7.5802773900907185,7.6,7.6,7.7,7.4,7.6,,,,0,0,673,0,0,1912300,"AAS",8690030000
1,724,900,6837774.16937297,1695100,30710700,"2021-02-18T00:00:00",1200900,7.597526854858856,7.5,7.7,7.9,7.5,7.6,,,,0,0,705,100,759752.6854858856,1965500,"AAS",9123870000
1,609,0,0,1385800,30711600,"2021-02-17T00:00:00",1009500,7.4973749380881625,7.2,7.6,7.8,7,7.3,,,,0,0,592,0,0,1464900,"AAS",7568600000
1,723,0,0,1774800,30711600,"2021-02-09T00:00:00",1199400,7.165232616308154,7.3,7.3,7.4,7,7,,,,0,0,704,0,0,1893200,"AAS",8593980000
1,777,0,0,1662400,30711600,"2021-02-08T00:00:00",1288900,7.330436806579253,7.5,7.1,7.7,6.9,7.6,,,,0,0,756,0,0,2014400,"AAS",9448200000
1,452,29000,218400613.90631256,1052400,30711600,"2021-02-05T00:00:00",749300,7.531055651941812,7.5,7.6,7.7,7.5,7.6,,,,0,0,440,0,0,1497000,"AAS",5643020000
1,992,0,0,2112900,30740600,"2021-02-04T00:00:00",1644400,7.490671369496473,7.3,7.6,7.8,7.3,7.5,,,,0,0,965,0,0,2592300,"AAS",12317660000
1,951,200,1450475.0428109341,2131200,30740500,"2021-02-03T00:00:00",1576700,7.252375214054672,6.7,7.5,7.6,6.6,6.7,,,,0,0,925,0,0,2159000,"AAS",11434820000
1,422,0,0,1231900,30740700,"2021-02-02T00:00:00",699200,6.689530892448513,6.8,6.8,6.9,6.4,6.7,,,,0,0,410,0,0,1281900,"AAS",4677320000
1,965,16000,108925684.28946382,2040200,30740700,"2021-02-01T00:00:00",1600200,6.8078552680914886,6.5,6.7,7.2,6.4,7,,,,0,0,939,100,680785.5268091488,2288600,"AAS",10893930000
1,1484,1500,9797797.911672693,3469900,30756700,"2021-01-29T00:00:00",2461300,6.531865274448463,6.1,7,7,5.4,5.7,,,,0,0,1444,0,0,2461300,"AAS",16076880000
1,1084,56000,344309958.82942027,1797400,30758100,"2021-01-28T00:00:00",1797400,6.1483921219539335,7.1,6.1,7,6.1,6.6,,,,0,0,1055,0,0,3386500,"AAS",11051120000
1,1884,700,4995754.801536492,3124000,30812400,"2021-01-27T00:00:00",3124000,7.136792573623559,8.2,7,8,7,8,,,,0,0,1833,0,0,4036700,"AAS",22295340000
1,2489,5100,41624228.31802651,4126700,30813100,"2021-01-26T00:00:00",4126700,8.161613395691473,9.3,8,9.3,8,9.2,,,,0,0,2422,100,816161.3395691472,5286700,"AAS",33680530000
1,1749,55000,512089468.6023656,3526200,30813200,"2021-01-25T00:00:00",2899900,9.310717610952102,9.9,9.3,9.8,9,9.8,,,,0,0,1702,1700,15828219.938618572,3796300,"AAS",27000150000
1,1356,9500,93744405.88994172,2951400,30845200,"2021-01-22T00:00:00",2247900,9.867832198941235,9.8,9.8,10.2,9.6,10,,,,0,0,1319,0,0,3518000,"AAS",22181900000
1,2691,2100,20594259.462608967,5502500,30854700,"2021-01-21T00:00:00",4462300,9.806790220289987,10.3,10.1,10.5,9.2,9.5,,,,0,0,2619,5000,49033951.10144992,5268400,"AAS",43760840000
1,1951,34000,350794750.34781265,4074000,30856600,"2021-01-20T00:00:00",3234500,10.317492657288607,10.9,10.5,11,9.5,10.5,,,,0,0,1898,23000,237302331.11763796,4304200,"AAS",33371930000
1,3232,24000,261873667.71159875,5845800,30889800,"2021-01-19T00:00:00",5359200,10.911402821316615,11.6,10.5,12.2,9.9,12.1,,,,0,0,3145,0,0,6428400,"AAS",58476390000
1,1940,200,2323400.5603965884,3788100,30856400,"2021-01-18T00:00:00",3247700,11.617002801982942,10.6,12,12.1,10,10,,,,0,0,1887,200,2323400.5603965884,3823000,"AAS",37728540000
1,1161,30000,318046887.169635,2442100,30856600,"2021-01-15T00:00:00",1925900,10.601562905654498,9.8,10.7,10.8,10,10.2,,,,0,0,1130,800,8481250.3245236,2938300,"AAS",20417550000
1,2180,0,0,4619400,30876600,"2021-01-14T00:00:00",3615200,9.831757579110423,9.4,10.2,10.3,9.3,9.5,,,,0,0,2121,57400,564342885.0409383,4299000,"AAS",35543770000
1,1586,5200,48863863.70550654,3371700,30876600,"2021-01-13T00:00:00",2629600,9.396896866443566,9.3,9.5,9.6,9.3,9.3,,,,0,0,1543,0,0,3945800,"AAS",24710080000
1,1197,10000,93254848.62223566,2942600,30881800,"2021-01-12T00:00:00",1985100,9.325484862223567,9.6,9.3,9.6,9.1,9.6,,,,0,0,1165,10000,93254848.62223566,3417600,"AAS",18512020000
1,1517,0,0,3241700,30881800,"2021-01-11T00:00:00",2515900,9.562542231408244,9.3,9.6,9.9,9.3,9.5,,,,0,0,1476,0,0,3842700,"AAS",24058400000
1,1385,300,2782238.6759581883,3152400,30876600,"2021-01-08T00:00:00",2296000,9.274128919860626,9,9.4,9.6,9,9.2,,,,0,0,1347,0,0,3790300,"AAS",21293400000
1,2361,5800,51986884.06537283,5017700,30876500,"2021-01-07T00:00:00",3916000,8.963255873340144,9.2,9.1,9.2,8.7,9.1,,,,0,0,2298,10000,89632558.73340143,4893100,"AAS",35100110000
1,1784,1000,9155615.280594997,3622200,30881800,"2021-01-06T00:00:00",2958000,9.155615280594997,9.3,9.2,9.5,9,9.3,,,,0,0,1736,5200,47609199.45909398,4526800,"AAS",27082310000
1,1534,10000,93120600.84149267,3286100,30882800,"2021-01-05T00:00:00",2543100,9.312060084149268,9.2,9.3,9.7,8.9,9.2,,,,0,0,1492,400,3724824.033659707,4180400,"AAS",23681500000
1,2984,17000,156758798.90773556,5847400,30781300,"2021-01-04T00:00:00",5017100,9.22110581810209,8.3,9.2,9.5,8.5,8.8,,,,0,0,2904,500,4610552.909051046,5226200,"AAS",46263210000
1,1484,200,1659298.8869932569,3676100,30798300,"2020-12-31T00:00:00",2461800,8.296494434966286,8.6,8.5,8.8,7.9,8.4,,,,0,0,1444,0,0,3582600,"AAS",20424310000
1,3313,11000,94726190.12956762,6513000,30793300,"2020-12-30T00:00:00",5495200,8.611471829960694,8.4,8.3,9.4,8.1,9,,,,0,0,3224,111500,960179109.0406172,7107000,"AAS",47321760000
1,2467,15000,126418878.29912023,5343500,30804300,"2020-12-29T00:00:00",4092000,8.427925219941349,7.5,8.6,8.6,8,8,,,,0,0,2401,0,0,4092000,"AAS",34487070000
1,1826,0,0,4255900,30816300,"2020-12-28T00:00:00",3028400,7.480930524369304,6.6,7.5,7.5,7.2,7.4,,,,0,0,1777,5200,38900838.72672038,3028400,"AAS",22655250000
1,4410,14300,93804774.21559915,8918200,30816300,"2020-12-25T00:00:00",7314500,6.559774420671269,7,7.2,7.3,6.1,6.8,,,,0,0,4291,0,0,8544000,"AAS",47981470000
1,2355,33900,236761287.4811154,4792900,30811600,"2020-12-24T00:00:00",3905300,6.984108775254142,7.5,7,7.6,6.5,7.6,,,,0,0,2291,3000,20952326.325762425,5227200,"AAS",27275040000
1,2132,20800,156999320.07806093,4210300,30843700,"2020-12-23T00:00:00",3535700,7.5,6.8,7.6,7.8,6.9,7.2,,,,0,0,2074,0,0,4209700,"AAS",26687620000
1,1625,5000,33867804.15430267,3955800,30864500,"2020-12-22T00:00:00",2696000,6.773560830860534,6,6.9,6.9,6.2,6.2,,,,0,0,1582,19000,128697655.78635015,2696000,"AAS",18261520000
1,2356,9000,53782728.43614026,5343400,30869500,"2020-12-21T00:00:00",3907000,5.975858715126695,5.6,6.2,6.3,5.6,5.7,,,,0,0,2292,1800,10756545.687228052,5252800,"AAS",23347680000
1,532,0,0,1824300,30878500,"2020-12-18T00:00:00",882200,5.598515075946498,5.6,5.7,5.7,5.5,5.7,,,,0,0,518,0,0,2474300,"AAS",4939010000
1,442,0,0,1411700,30878500,"2020-12-17T00:00:00",733500,5.6255351056578045,5.7,5.6,5.8,5.6,5.8,,,,0,0,430,0,0,2587200,"AAS",4126330000
1,496,17500,99780444.03892945,1836300,30878500,"2020-12-16T00:00:00",822000,5.7,5.7,5.8,5.8,5.6,5.7,,,,0,0,482,0,0,2628500,"AAS",4686830000
1,502,3000,17066218.48739496,1739000,30896000,"2020-12-15T00:00:00",833000,5.7,5.7,5.7,5.8,5.6,5.7,,,,0,0,489,0,0,2503800,"AAS",4738720000
1,607,0,0,2123700,30898600,"2020-12-14T00:00:00",1007000,5.7,5.6,5.7,5.8,5.5,5.6,,,,0,0,591,0,0,2851500,"AAS",5714000000
1,499,0,0,1886100,30898600,"2020-12-11T00:00:00",827000,5.605380894800484,5.7,5.6,5.7,5.5,5.7,,,,0,0,485,0,0,2792300,"AAS",4635650000
1,462,0,0,1911700,30898600,"2020-12-10T00:00:00",766100,5.703641822216421,5.8,5.7,5.8,5.6,5.8,,,,0,0,449,0,0,2524000,"AAS",4369560000
1,738,0,0,2725100,30898600,"2020-12-09T00:00:00",1224300,5.7515069835824555,5.6,5.8,5.9,5.6,5.6,,,,0,0,718,0,0,3016700,"AAS",7041570000
1,2967,0,0,6962300,30898600,"2020-12-08T00:00:00",4921400,5.61015361482505,6.1,5.8,6.1,5.3,6.1,,,,0,0,2887,0,0,6594700,"AAS",27609810000
1,742,0,0,1565747,30898600,"2020-12-07T00:00:00",1230200,6.053357177694684,5.8,6,6.2,5.8,6,,,,0,0,722,0,0,1812834,"AAS",7446840000
1,2672,2000,11505264.345510753,5640482,30898600,"2020-12-04T00:00:00",4431700,5.7526321727553755,6,5.9,6.1,5.5,6,,,,0,0,2600,0,0,6530595,"AAS",25493940000
1,1781,700,4173008.564948035,3759600,30900600,"2020-12-03T00:00:00",2953900,5.961440807068621,6,6.1,6.3,5.8,6,,,,0,0,1733,400,2384576.3228274486,4352895,"AAS",17609500000
1,888,2900,17482212.94221498,1874391,30901300,"2020-12-02T00:00:00",1472700,6.028349290418958,6.3,6.2,6.5,5.9,6.4,,,,0,0,864,0,0,2170185,"AAS",8877950000
1,1619,500,3137633.1669522463,3416846,30904200,"2020-12-01T00:00:00",2684600,6.275266333904492,6.2,6.4,6.7,6,6.2,,,,0,0,1575,0,0,3956052,"AAS",16846580000
1,2627,0,0,5545407,30904700,"2020-11-30T00:00:00",4357000,6.186887766812027,6,6.5,6.9,6,6.1,,,,0,0,2556,0,0,6420516,"AAS",26956270000
1,95,0,0,199950,30904700,"2020-11-27T00:00:00",157100,5.9950986632718015,5.9,6,6.1,5.9,5.9,,,,0,0,92,0,0,231504,"AAS",941830000
1,58,0,0,121930,30904700,"2020-11-26T00:00:00",95800,5.901670146137787,5.9,5.9,6,5.8,5.9,,,,0,0,56,0,0,141172,"AAS",565380000
1,75,0,0,158331,30904700,"2020-11-25T00:00:00",124400,5.89927652733119,5.9,5.9,6,5.8,6,,,,0,0,73,0,0,183317,"AAS",733870000
1,105,0,0,222605,30904700,"2020-11-24T00:00:00",174900,5.904574042309892,6,5.9,6,5.9,6,,,,0,0,103,0,0,257734,"AAS",1032710000
1,88,0,0,185186,30904700,"2020-11-23T00:00:00",145500,6.021580756013745,6,6,6.2,6,6.1,,,,0,0,85,0,0,214410,"AAS",876140000
1,179,0,0,377118,30904700,"2020-11-20T00:00:00",296300,5.961997975025312,5.9,6.1,6.1,5.9,5.9,,,,0,0,174,0,0,436630,"AAS",1766540000
1,85,0,0,180223,30904700,"2020-11-19T00:00:00",141600,5.917090395480226,6,6,6,5.9,6,,,,0,0,83,0,0,208663,"AAS",837860000
1,60,0,0,126258,30904700,"2020-11-18T00:00:00",99200,6.027116935483871,6.1,6,6.1,6,6.1,,,,0,0,58,0,0,146182,"AAS",597890000
1,213,100,608045.390070922,448647,30904700,"2020-11-17T00:00:00",352500,6.0804539007092195,6.3,6.2,6.5,6,6.3,,,,0,0,207,0,0,519447,"AAS",2143360000
1,672,200,1251110.1139728979,1418234,30904800,"2020-11-16T00:00:00",1114300,6.255550569864489,5.7,6.3,6.4,5.7,5.7,,,,0,0,654,0,0,1642043,"AAS",6970560000
1,137,10000,57033920.704845816,288916,30905000,"2020-11-13T00:00:00",227000,5.703392070484582,5.8,5.7,5.9,5.6,5.8,,,,0,0,133,0,0,334509,"AAS",1294670000
1,150,100,579010.4166666666,317680,30915000,"2020-11-12T00:00:00",249600,5.790104166666667,5.9,5.8,5.9,5.7,5.9,,,,0,0,146,0,0,367813,"AAS",1445210000
1,79,600,3540916.0305343512,166731,30915100,"2020-11-11T00:00:00",131000,5.9015267175572514,6,5.9,6,5.8,6,,,,0,0,77,0,0,193043,"AAS",773100000
1,117,0,0,247297,30915700,"2020-11-10T00:00:00",194300,6.001080802882141,6,6,6.1,6,6.1,,,,0,0,114,0,0,286322,"AAS",1166010000
1,0,0,0,318100,309157000,"2020-11-09T00:00:00",134600,6.001783060921248,6,6,6.1,6,6,,,,0,0,0,0,0,413900,"AAS",807840000
1,0,0,0,319700,309157000,"2020-11-06T00:00:00",99700,6.038014042126379,6,6.1,6.1,6,6,,,,0,0,0,0,0,410200,"AAS",601990000
1,0,100,602486.901851205,157000,309157000,"2020-11-05T00:00:00",286300,6.02486901851205,6.2,6,6.2,6,6.1,,,,0,0,0,0,0,281300,"AAS",1724920000
1,0,0,0,329700,309158000,"2020-11-04T00:00:00",104900,6.07254528122021,6.1,6.2,6.3,6,6.1,,,,0,0,0,0,0,321400,"AAS",637010000
1,0,0,0,167200,309158000,"2020-11-03T00:00:00",142600,6.06647966339411,6.3,6.1,6.3,6,6.3,,,,0,0,0,0,0,421500,"AAS",865080000
1,0,4000,25053463.732681338,210300,309158000,"2020-11-02T00:00:00",245400,6.263365933170334,6,6.3,6.5,5.9,6,,,,0,0,0,0,0,290700,"AAS",1537030000
1,0,700,4213147.924224103,143600,309198000,"2020-10-30T00:00:00",248100,6.018782748891576,6.1,6,6.2,5.9,6.2,,,,0,0,0,0,0,344100,"AAS",1493260000
1,0,3900,24229834.794335805,426700,30920500,"2020-10-29T00:00:00",296600,6.212778152393796,6.5,6.1,6.5,6.1,6.5,,,,0,0,0,0,0,835200,"AAS",1842710000
1,0,2200,14360072.04610951,460900,30919400,"2020-10-28T00:00:00",277600,6.527305475504323,6.7,6.5,6.7,6.4,6.6,,,,0,0,0,0,0,943000,"AAS",1811980000
1,0,200,1332953.488372093,335500,30921600,"2020-10-27T00:00:00",172000,6.664767441860465,6.9,6.7,7,6.6,6.9,,,,0,0,0,0,0,597300,"AAS",1146340000
1,0,7100,48216817.05298013,1379800,30921800,"2020-10-26T00:00:00",1208000,6.791100993377483,6.8,6.9,7.2,6.6,7,,,,0,0,0,5000,33955504.966887414,1732400,"AAS",8203650000
1,0,2000,13575983.071768647,1276800,30928900,"2020-10-23T00:00:00",1134200,6.7879915358843235,6.8,6.9,7.1,6.6,6.9,,,,0,0,0,0,0,1519500,"AAS",7698940000
1,0,0,0,165600,30930900,"2020-10-22T00:00:00",65800,6.799088145896657,6.8,6.8,6.9,6.7,6.8,,,,0,0,0,0,0,406400,"AAS",447380000
1,0,0,0,150000,30930900,"2020-10-21T00:00:00",61500,6.771219512195122,6.8,6.8,6.8,6.7,6.8,,,,0,0,0,0,0,475100,"AAS",416430000
1,0,0,0,378700,30930900,"2020-10-20T00:00:00",132000,6.788863636363636,6.8,6.8,6.9,6.7,6.8,,,,0,0,0,0,0,526700,"AAS",896130000
1,0,0,0,275800,30930900,"2020-10-19T00:00:00",56700,6.824867724867725,6.7,6.8,7,6.7,6.8,,,,0,0,0,0,0,394300,"AAS",386970000
1,0,100,674456.9152787835,426100,30930900,"2020-10-16T00:00:00",276200,6.744569152787835,7,6.7,7.2,6.4,7.1,,,,0,0,0,0,0,592800,"AAS",1862850000
1,0,0,0,498600,30931000,"2020-10-15T00:00:00",101500,6.829458128078818,7.1,7,7,6.8,7,,,,0,0,0,0,0,490100,"AAS",693190000
1,0,0,0,283000,30931000,"2020-10-14T00:00:00",71000,7.030845070422536,7.2,7.1,7.2,6.9,7.2,,,,0,0,0,0,0,606900,"AAS",499190000
1,0,0,0,733700,30931000,"2020-10-13T00:00:00",339000,7.1311504424778756,6.8,7.2,7.4,6.7,6.9,,,,0,0,0,0,0,715500,"AAS",2417460000
1,0,0,0,457100,30931000,"2020-10-12T00:00:00",121500,6.792345679012345,6.8,6.8,6.9,6.7,6.9,,,,0,0,0,0,0,418800,"AAS",825270000
1,0,300,2043716.814159292,227200,30931000,"2020-10-09T00:00:00",169500,6.812389380530973,7,6.8,7.1,6.6,6.9,,,,0,0,0,0,0,663800,"AAS",1154700000
1,0,0,0,135200,30931300,"2020-10-08T00:00:00",78400,6.950765306122449,7,7,7.9,6.9,7.8,,,,0,0,0,0,0,529000,"AAS",544940000
1,0,300,2087776.6895200782,182300,30931300,"2020-10-07T00:00:00",102100,6.959255631733595,6.9,7,7.1,6.8,7,,,,0,0,0,0,0,401700,"AAS",710540000
1,0,0,0,174100,30931600,"2020-10-06T00:00:00",98100,6.93190621814475,7.1,6.9,7.1,6.8,6.9,,,,0,0,0,0,0,481300,"AAS",680020000
1,0,300,2101051.3141426784,299600,30931600,"2020-10-05T00:00:00",239700,7.0035043804755945,6.9,7.1,7.2,6.9,7,,,,0,0,0,0,0,623500,"AAS",1678740000
1,0,1600,11078749.478949562,360400,30931900,"2020-10-02T00:00:00",239900,6.924218424343477,7.2,7,7.1,6.8,6.8,,,,0,0,0,0,0,528900,"AAS",1661120000
1,0,2000,14123459.581684567,295100,30932300,"2020-10-01T00:00:00",176900,7.061729790842284,7.2,7.2,7.3,6.9,7.1,,,,0,0,0,0,0,531300,"AAS",1249220000
1,0,0,0,172500,30934300,"2020-09-30T00:00:00",40700,7.23980343980344,7.3,7.2,7.5,6.9,7.5,,,,0,0,0,0,0,386900,"AAS",294660000
1,0,8500,61837198.08569506,1350200,30934300,"2020-09-29T00:00:00",1337300,7.274964480670007,8,7.3,8.5,7,8.1,,,,0,0,0,1200,8729957.376804007,1742600,"AAS",9728810000
1,0,2100,17159644.743158907,727400,30939800,"2020-09-28T00:00:00",624900,8.17125940150424,7.7,8,8.6,7.5,7.7,,,,0,0,0,0,0,994300,"AAS",5106220000
1,0,800,6172423.924449109,209800,30941900,"2020-09-25T00:00:00",95300,7.715529905561385,7.7,7.5,8,7.5,7.5,,,,0,0,0,0,0,341700,"AAS",735290000
1,0,1600,12077930.25871766,251200,30942700,"2020-09-24T00:00:00",88900,7.5,7.8,7.7,8,7,7.8,,,,0,0,0,3000,22646119.235095613,321900,"AAS",671080000
1,0,0,0,181800,30938900,"2020-09-23T00:00:00",103300,8.000677637947724,8.3,7.8,8.5,7.8,8.3,,,,0,0,0,0,0,430000,"AAS",826470000
1,0,0,0,642200,30938900,"2020-09-22T00:00:00",536400,8.453299776286354,7.7,8.3,8.7,7.7,7.8,,,,0,0,0,0,0,706800,"AAS",4534350000
1,0,400,3050949.7469695187,1056000,30938900,"2020-09-21T00:00:00",849700,7.627374367423797,6.7,7.7,7.7,6.6,6.6,,,,0,0,0,5400,41187821.584088504,849700,"AAS",6480980000
1,0,0,0,233500,30938700,"2020-09-18T00:00:00",85200,6.7,6.8,6.7,7,6.5,7,,,,0,0,0,0,0,232800,"AAS",571520000
1,0,5000,35034150.15641293,250300,30938700,"2020-09-17T00:00:00",191800,7.006830031282586,7.4,6.8,7.4,6.8,7.3,,,,0,0,0,0,0,475900,"AAS",1343910000
1,0,4400,33464181.03448276,130300,30943700,"2020-09-16T00:00:00",92800,7.605495689655172,7.8,7.4,7.9,7.4,7.9,,,,0,0,0,600,4563297.413793104,548900,"AAS",705790000
1,0,2800,22036901.98766278,206800,30948100,"2020-09-15T00:00:00",145900,7.870322138450994,8.3,7.8,8.2,7.8,8.2,,,,0,0,0,0,0,689900,"AAS",1148280000
1,0,5100,41563694.98464688,185700,30950900,"2020-09-14T00:00:00",97700,8.2,8.8,8.3,8.6,7.9,8.3,,,,0,0,0,0,0,555800,"AAS",796230000
1,0,0,0,569900,30956000,"2020-09-11T00:00:00",433000,8.830577367205542,8,8.1,9.4,7.8,8.5,,,,0,0,0,0,0,892100,"AAS",3823640000
1,0,8700,74863156.00287563,973700,30956000,"2020-09-10T00:00:00",973700,8.604960460100648,9.2,8,10.5,8,9.5,,,,0,0,0,0,0,1415300,"AAS",8378650000
1,0,1100,10268897.189612238,368300,30964700,"2020-09-09T00:00:00",281100,9.33536108146567,9.2,9.2,9.5,8.8,9.2,,,,0,0,0,0,0,568100,"AAS",2624170000
1,0,600,5521242.672919109,392700,30965800,"2020-09-08T00:00:00",255900,9.202071121531848,9,9.2,9.5,8.5,8.9,,,,0,0,0,0,0,503300,"AAS",2354810000
1,0,1400,12497621.818181818,473200,30966400,"2020-09-07T00:00:00",275000,8.926872727272727,8.9,9,9.4,8.5,8.9,,,,0,0,0,0,0,511400,"AAS",2454890000
1,0,3500,31056363.636363637,194300,30967800,"2020-09-04T00:00:00",77000,8.873246753246752,9.5,9,9.5,8,9.5,,,,0,0,0,0,0,277800,"AAS",683240000
1,0,3600,33305937.13620489,257700,30971300,"2020-09-03T00:00:00",257700,9.251649204501359,10.8,9.5,11.5,9.2,10.8,,,,0,0,0,0,0,557800,"AAS",2384150000
1,0,23000,247298373.83738375,1738600,30969900,"2020-09-01T00:00:00",1666500,10.752103210321033,10.8,10.3,12.5,9.3,10.5,,,,0,0,0,0,0,1830900,"AAS",17918380000
1,0,1200,13043893.805309735,192100,30992900,"2020-08-31T00:00:00",192100,10.86991150442478,12.7,10.8,11.7,10.8,11.2,,,,0,0,0,0,0,414000,"AAS",2088110000
1,0,0,0,325600,30994100,"2020-08-28T00:00:00",325600,12.726781326781326,14.5,12.7,14,12.7,14,,,,0,0,0,5000,63633906.63390663,725300,"AAS",4143840000
1,0,0,0,132600,30994100,"2020-08-27T00:00:00",132600,14.857466063348417,16.7,14.5,16.5,14.5,16.5,,,,0,0,0,0,0,504000,"AAS",1970100000
1,0,0,0,359000,30994100,"2020-08-26T00:00:00",359000,17.03972144846797,17.1,16.7,19.6,15.3,17,,,,0,0,0,0,0,604600,"AAS",6117260000
1,0,0,0,632800,30994100,"2020-08-25T00:00:00",614000,17.87773615635179,18.9,17.1,20.6,15.9,18.9,,,,0,0,0,0,0,833900,"AAS",10976930000
1,0,5000,93232785.35980149,972100,30994100,"2020-08-24T00:00:00",967200,18.6465570719603,18.6,18.9,21.3,15.9,18.6,,,,0,0,0,0,0,1090000,"AAS",18034950000
1,0,0,0,385200,30999100,"2020-08-21T00:00:00",385100,18.553232926512596,19.3,17.6,20.6,17.6,18,,,,0,0,0,0,0,531800,"AAS",7144850000
1,0,0,0,308600,30998100,"2020-08-20T00:00:00",308600,20.61237848347375,22.5,19.3,22.8,18.7,22.3,,,,0,0,0,0,0,477100,"AAS",6360980000
1,0,0,0,631500,30997600,"2020-08-19T00:00:00",631500,22.031243072050675,24.6,22.5,25,19.3,22.7,,,,0,0,0,0,0,749000,"AAS",13912730000
1,0,400,9074988.050529191,292900,30997600,"2020-08-18T00:00:00",292900,22.687470126322975,22.5,24.6,24.7,21.9,23,,,,0,0,0,1000,22687470.126322977,396100,"AAS",6645160000
1,0,0,0,1878200,30998000,"2020-08-17T00:00:00",1878200,25.68229155574486,26.4,22.5,30.3,22.5,27,,,,0,0,0,500,12841145.77787243,1900300,"AAS",48236480000
1,0,0,0,687600,30998000,"2020-08-14T00:00:00",357500,26.36662937062937,24.4,27.2,27.2,24.2,24.2,,,,0,0,0,0,0,357500,"AAS",9426070000
1,0,1000,23662078.39562443,591600,30998000,"2020-08-13T00:00:00",329100,23.66207839562443,22.1,24.4,24.4,22,22,,,,0,0,0,0,0,329100,"AAS",7787190000
1,0,100,2133968.253968254,714900,30999000,"2020-08-12T00:00:00",667800,21.339682539682542,24.3,22.1,23.3,21,21.5,,,,0,0,0,0,0,809200,"AAS",14250640000
1,0,200,4916813.725490196,81600,30999100,"2020-08-11T00:00:00",81600,24.58406862745098,27.2,24.3,28.6,24.3,24.7,,,,0,0,0,0,0,157300,"AAS",2006060000
1,0,400,11407500,75200,30999300,"2020-08-10T00:00:00",75200,28.51875,32,27.2,31.7,27.2,31.7,,,,0,0,0,0,0,190900,"AAS",2144610000
1,0,0,0,586400,30999700,"2020-08-07T00:00:00",437300,31.99643265492797,31,34.2,35.4,26.3,34,,,,0,0,0,0,0,503300,"AAS",13992040000
1,0,0,0,284200,30999700,"2020-08-06T00:00:00",145300,30.814039917412252,27.8,31,31,27.6,30,,,,0,0,0,0,0,145300,"AAS",4477280000
1,0,0,0,547700,30999700,"2020-08-05T00:00:00",226000,26.995575221238937,24.9,27.8,27.8,24.4,24.4,,,,0,0,0,0,0,226000,"AAS",6101000000
1,0,0,0,208000,30998900,"2020-08-04T00:00:00",77700,24.18764478764479,23.2,24.9,25,23,23,,,,0,0,0,0,0,187300,"AAS",1879380000
1,0,0,0,136100,30998900,"2020-08-03T00:00:00",53800,22.91914498141264,22.8,23.2,23.4,22,22.6,,,,0,0,0,0,0,137100,"AAS",1233050000
1,0,0,0,88600,30998900,"2020-07-31T00:00:00",42000,22.831904761904763,22,22,23.4,22,22.9,,,,0,0,0,800,18265523.80952381,133100,"AAS",958940000
1,0,100,2298696.629213483,130300,30998900,"2020-07-30T00:00:00",89000,22.98696629213483,25.5,22,25.1,21.6,25.1,,,,0,0,0,0,0,204600,"AAS",2045840000
1,0,0,0,198500,30999000,"2020-07-29T00:00:00",197100,25.15697615423643,26.5,25.5,29.2,21.7,29.2,,,,0,0,0,0,0,248500,"AAS",4958440000
1,0,0,0,822000,30999000,"2020-07-28T00:00:00",357600,25.518819910514544,23.1,26.5,26.5,23.3,23.6,,,,0,0,0,0,0,357600,"AAS",9125530000
1,0,1000,23100000,827900,30999000,"2020-07-27T00:00:00",456200,23.1,20.1,23.1,23.1,23.1,23.1,,,,0,0,0,0,0,456200,"AAS",10538220000
1,0,0,0,414300,31000000,"2020-07-24T00:00:00",145600,20.1,17.5,20.1,20.1,20.1,20.1,,,,0,0,0,0,0,145600,"AAS",2926560000
1,0,0,0,482800,31000000,"2020-07-23T00:00:00",88000,17.5,12.5,17.5,17.5,17.5,17.5,,,,0,0,0,0,0,88000,"AAS",1540000000
