"adjRatio","buyCount","buyForeignQuantity","buyForeignValue","buyQuantity","currentForeignRoom","date","dealVolume","priceAverage","priceBasic","priceClose","priceHigh","priceLow","priceOpen","propTradingNetDealValue","propTradingNetPTValue","propTradingNetValue","putthroughValue","putthroughVolume","sellCount","sellForeignQuantity","sellForeignValue","sellQuantity","symbol","totalValue"
1,0,100,3585619,0,15559542,"2023-01-03T00:00:00",32300,35.856190000000005,35.4,36.45,36.45,35.45,35.95,,,,0,0,0,12500,448202375,0,"ACG",1158154937
1,74,0,0,39992,15550542,"2022-12-30T00:00:00",8800,35.41477,35.4,35.4,35.6,35.3,35.4,0,0,0,0,0,48,3200,113480000,39495,"ACG",311649976
1,78,0,0,25969,15541942,"2022-12-29T00:00:00",4700,35.337230000000005,35.5,35.4,35.6,35.25,35.5,0,0,0,0,0,48,300,10680000,24510,"ACG",166084981
1,96,0,0,40881,15532442,"2022-12-28T00:00:00",26100,35.57701,35.3,35.5,36.4,35.3,36.4,0,0,0,0,0,67,9100,324990000,66970,"ACG",928559961
1,95,900,31950000,25641,15532442,"2022-12-27T00:00:00",14200,35.45986,35.4,35.3,35.6,35.3,35.5,0,0,0,0,0,37,8600,305320000,29454,"ACG",503530012
1,168,300,10650000,65956,15533342,"2022-12-26T00:00:00",32000,35.46656,35,35.4,35.7,35.2,35.5,0,0,0,0,0,64,9500,337300000,53600,"ACG",1134929920
1,77,3600,126880000,31675,15532642,"2022-12-23T00:00:00",12800,34.95,35.4,35,35.4,34.2,35.4,0,0,0,0,0,48,0,0,28434,"ACG",447360000
1,44,0,0,12942,15536242,"2022-12-22T00:00:00",5200,34.205769999999994,34.15,35.4,35.4,34.15,34.2,0,0,0,0,0,27,0,0,13450,"ACG",177870004
1,57,100,3420000,28534,15535742,"2022-12-21T00:00:00",5800,34.459480000000006,34.5,34.15,34.9,34,34,0,0,0,0,0,34,1000,34900000,18115,"ACG",199864984
1,61,100,3510000,24731,15535342,"2022-12-20T00:00:00",5600,34.52679,35.3,34.5,35.2,34,35.1,0,0,0,0,0,55,0,0,31125,"ACG",193350024
1,57,300,10650000,27718,15531542,"2022-12-19T00:00:00",8300,35.16386,35.5,35.3,35.6,35,35.5,0,0,0,0,0,50,500,17680000,30301,"ACG",291860038
1,72,6000,213000000,38666,15522842,"2022-12-16T00:00:00",17200,35.319480000000006,35.5,35.5,35.5,35,35.5,0,0,0,0,0,58,500,17750000,39852,"ACG",607495056
1,87,0,0,58171,15528842,"2022-12-15T00:00:00",20000,35.07425,35.9,35.5,35.8,34.8,35.8,0,0,0,0,0,67,3900,138370000,59712,"ACG",701485000
1,50,0,0,71505,15527842,"2022-12-14T00:00:00",19200,36.15521,35.2,35.8,37,35.25,37,0,0,0,0,0,93,9000,323100000,71374,"ACG",694180032
1,43,0,0,33209,15527842,"2022-12-13T00:00:00",6300,35.371430000000004,35.3,35.2,35.75,35,35,0,0,0,0,0,63,0,0,39935,"ACG",222840009
1,72,400,14020000,73389,15527842,"2022-12-12T00:00:00",21600,35.56782,35.2,35.3,36,34.8,35.5,0,0,0,0,0,81,1000,35900000,75909,"ACG",768264912
1,72,200,6900000,23514,15528242,"2022-12-09T00:00:00",8200,34.6622,34.8,35.2,35.65,34.4,35.5,0,0,0,0,0,54,0,0,48233,"ACG",284230040
1,108,400,13830000,37348,15526442,"2022-12-08T00:00:00",16000,34.8625,34.8,34.8,35.5,34.5,35,0,0,0,0,0,62,0,0,34546,"ACG",557800000
1,81,0,0,28324,15523842,"2022-12-07T00:00:00",7800,35.101279999999996,35.8,34.8,35.8,34.8,35.8,0,0,0,0,0,50,0,0,21845,"ACG",273789984
1,104,100,3500000,68412,15521842,"2022-12-06T00:00:00",23600,35.57436,35.55,35.8,35.8,34.8,35.2,0,0,0,0,0,63,2000,71400000,40772,"ACG",839554896
1,170,3300,120140000,76027,15519942,"2022-12-05T00:00:00",35500,35.88592,35.5,35.55,37.35,35.55,36.5,0,0,0,0,0,83,3000,107980000,81811,"ACG",1273950160
1,120,2000,70000000,41335,15523242,"2022-12-02T00:00:00",16300,35.16135,35.5,35.5,35.5,34.9,35.5,0,0,0,0,0,44,2000,71000000,36905,"ACG",573130005
1,159,0,0,88944,15524742,"2022-12-01T00:00:00",65300,36.33729,36.3,35.5,38,35.5,38,0,0,0,0,0,71,2000,72400000,98218,"ACG",2372825037
1,108,5300,192770000,95410,15520742,"2022-11-30T00:00:00",19400,36.26314,35.9,36.3,36.8,35.9,35.95,0,0,0,0,0,55,0,0,40532,"ACG",703504916
1,110,200,7350000,29906,15525542,"2022-11-29T00:00:00",20600,35.712379999999996,35.3,35.9,37.1,34.9,36,0,0,0,0,0,61,500,17950000,46466,"ACG",735675028
1,156,200,6760000,78104,15525342,"2022-11-28T00:00:00",51100,34.85274,33.9,35.3,36,33.7,33.9,0,0,0,0,0,78,4000,138700000,70164,"ACG",1780975014
1,69,0,0,30140,15525342,"2022-11-25T00:00:00",8300,33.53916,33.6,33.9,34.3,33,34.3,0,0,0,0,0,47,500,17050000,24230,"ACG",278375028
1,52,100,3390000,11601,15524742,"2022-11-24T00:00:00",5000,33.103,33.4,33.6,33.9,32.9,33.9,0,0,0,0,0,23,400,13560000,9560,"ACG",165515000
1,102,0,0,53557,15524342,"2022-11-23T00:00:00",43400,33.51993,35.9,33.4,36.45,33.4,33.5,0,0,0,2004000000,60000,58,200,7160000,80700,"ACG",3458764962
1,88,300,10510000,27385,15524342,"2022-11-22T00:00:00",5100,34.872550000000004,36,35.9,35.95,33.6,34.25,0,0,0,0,0,21,600,21540000,31950,"ACG",177850005
1,68,100,3500000,21596,15524642,"2022-11-21T00:00:00",4400,35.22727,36,36,36.1,35,36.1,0,0,0,0,0,21,500,18000000,18650,"ACG",154999988
1,53,200,7400000,11062,15524742,"2022-11-18T00:00:00",4400,36.33864,37.5,36,37,36,37,0,0,0,0,0,24,0,0,16501,"ACG",159890016
1,53,5100,191610000,43676,15518442,"2022-11-17T00:00:00",16500,37.52242,36.25,37.5,37.6,36.1,36.3,0,0,0,0,0,31,0,0,45612,"ACG",619119930
1,89,100,3380000,29610,15520142,"2022-11-16T00:00:00",26700,33.899440000000006,36.25,36.25,36.25,33.75,33.75,0,0,0,0,0,49,0,0,93508,"ACG",905115048
1,24,100,3630000,9419,15520242,"2022-11-15T00:00:00",9200,36.25163,38.95,36.25,36.3,36.25,36.25,0,0,0,0,0,47,6500,235630000,34256,"ACG",333514996
1,39,0,0,31191,15520342,"2022-11-14T00:00:00",30000,37.93817,40,38.95,39.2,37.2,39.2,0,0,0,0,0,30,3400,126480000,48513,"ACG",1138145100
1,36,400,16000000,10730,15520342,"2022-11-11T00:00:00",3600,40,40,40,40,40,40,0,0,0,0,0,30,0,0,28343,"ACG",144000000
1,36,0,0,11325,15520742,"2022-11-10T00:00:00",2900,40.3,42.5,40,42.5,40,40.2,0,0,0,0,0,32,0,0,13927,"ACG",116870000
1,37,0,0,28918,15515942,"2022-11-09T00:00:00",8700,44.04368,42.05,42.5,44.5,42.5,44.2,0,0,0,0,0,32,0,0,15524,"ACG",383180016
1,41,0,0,15054,15515942,"2022-11-08T00:00:00",10500,42.540949999999995,44.6,42.05,45,41.8,41.8,0,0,0,0,0,40,0,0,39460,"ACG",446679975
1,40,0,0,12547,15515942,"2022-11-07T00:00:00",10100,44.83218,46,44.6,46,42.8,46,0,0,0,0,0,56,4800,220800000,29903,"ACG",452805018
1,75,0,0,24052,15515942,"2022-11-04T00:00:00",9700,45.49021,48,46,47,45,47,0,0,0,0,0,39,0,0,22587,"ACG",441255037
1,52,0,0,27849,15515942,"2022-11-03T00:00:00",6300,47.37619,48.25,48,48,45.3,47.3,0,0,0,0,0,35,0,0,18538,"ACG",298469997
1,28,0,0,4798,15515942,"2022-11-02T00:00:00",200,48.275,49.3,48.25,48.3,48.25,48.3,0,0,0,0,0,43,0,0,20789,"ACG",9655000
1,62,0,0,14065,15515942,"2022-11-01T00:00:00",4700,46.98617,47.3,49.3,49.3,45.25,47,0,0,0,0,0,50,0,0,19010,"ACG",220834999
1,35,0,0,12718,15515942,"2022-10-31T00:00:00",4200,46.55,47.3,47.3,47.35,45,47.35,0,0,0,0,0,42,0,0,17569,"ACG",195510000
1,69,0,0,15551,15515942,"2022-10-28T00:00:00",6700,49.86418,49.9,47.3,50.5,47.3,50.5,0,0,0,0,0,62,0,0,31281,"ACG",334090006
1,68,0,0,39752,15513942,"2022-10-27T00:00:00",4000,48.17,47.35,49.9,49.9,47,49.9,0,0,0,0,0,49,0,0,19597,"ACG",192680000
1,57,0,0,21756,15504942,"2022-10-26T00:00:00",600,44.9,47.35,47.35,47.35,44.15,44.15,0,0,0,0,0,16,0,0,9760,"ACG",26940000
1,128,0,0,86198,15504942,"2022-10-25T00:00:00",84200,48.34359,50.9,47.35,50,47.35,47.4,0,0,0,5812212500,122750,137,2000,96000000,129260,"ACG",9882742778
1,99,400,21600000,51012,15504942,"2022-10-24T00:00:00",36500,52.60137,54,50.9,54.1,50.5,54.1,0,0,0,0,0,92,9000,455660000,72909,"ACG",1919950005
1,54,0,0,24800,15505342,"2022-10-21T00:00:00",10800,54.441669999999995,56.8,54,57.4,54,55.4,0,0,0,0,0,66,0,0,42055,"ACG",587970036
1,38,0,0,13487,15505342,"2022-10-20T00:00:00",4400,56.97955,56.8,56.8,57.3,56.5,57.3,-5680000,0,-5680000,0,0,35,0,0,26175,"ACG",250710020
1,72,0,0,21217,15505342,"2022-10-19T00:00:00",6300,56.90476,58,56.8,58,56,58,-233330000,0,-233330000,0,0,57,0,0,45252,"ACG",358499988
1,83,0,0,42369,15503342,"2022-10-18T00:00:00",23300,59.21288,59,58,60.9,57.6,60,-142200000,0,-142200000,0,0,90,0,0,81680,"ACG",1379660104
1,109,0,0,66077,15503342,"2022-10-17T00:00:00",49000,58.213879999999996,60,59,60,57,60,-1528180000,0,-1528180000,0,0,71,0,0,76298,"ACG",2852480120
1,111,0,0,94488,15502342,"2022-10-14T00:00:00",64200,59.68847,60.4,60,61,59,61,-2040100000,0,-2040100000,0,0,66,2000,119000000,101549,"ACG",3831999774
1.0182119205,81,0,0,68694,15502342,"2022-10-13T00:00:00",43200,60.65625,61.5,61.5,61.5,59.6,61.5,0,0,0,0,0,62,0,0,73778,"ACG",2620350000
1.0182119205,77,2000,122000000,60117,15502342,"2022-10-12T00:00:00",36100,60.05125,59.6,61.5,61.5,59,59.6,0,0,0,0,0,77,1000,60900000,79975,"ACG",2167850125
1.0182119205,98,0,0,64447,15504342,"2022-10-11T00:00:00",52000,62.08231,64,59.6,65.5,59.6,63.8,0,0,0,0,0,117,0,0,206642,"ACG",3228280120
1.0182119205,142,0,0,200200,15504342,"2022-10-10T00:00:00",148700,65.36987,67.3,64,67.9,61,67.7,0,0,0,0,0,197,0,0,518300,"ACG",9720499669
1.0182119205,112,0,0,285531,15504342,"2022-09-27T00:00:00",110700,68.5,68.8,68.9,68.9,60.1,60.1,0,0,0,8775000000,150000,61,0,0,280099,"ACG",16354999845
1.0182119205,116,0,0,155991,15504342,"2022-09-26T00:00:00",99300,68.8,69,68.8,69.1,68.3,69,0,0,0,0,0,65,0,0,113059,"ACG",6834859713
1.0182119205,122,0,0,126225,15504342,"2022-09-23T00:00:00",97500,69,68.8,68.9,69.2,68.6,69.2,0,0,0,0,0,73,0,0,112306,"ACG",6727100250
1.0182119205,108,0,0,260612,15504342,"2022-09-22T00:00:00",121800,68.8,68.9,69,69,68.3,69,0,0,0,6299500000,107500,110,0,0,243326,"ACG",14683320424
1.0182119205,94,0,0,152702,15504342,"2022-09-21T00:00:00",97700,68.9,69.1,68.9,69.4,68.5,69.1,0,0,0,0,0,129,0,0,137528,"ACG",6727759757
1.0182119205,82,0,0,134106,15504342,"2022-09-20T00:00:00",88300,69.1,69.2,69.1,69.5,68.5,69.2,0,0,0,0,0,92,0,0,117441,"ACG",6103270393
1.0182119205,86,0,0,128027,15504342,"2022-09-19T00:00:00",96900,69.2,69,69.1,69.7,68.5,68.9,0,0,0,0,0,87,0,0,124019,"ACG",6702070089
1.0182119205,86,0,0,122898,15504342,"2022-09-16T00:00:00",89700,69,69.2,69,69.3,68.5,69.3,0,0,0,0,0,98,0,0,112037,"ACG",6185679708
1.0182119205,102,0,0,130306,15504342,"2022-09-15T00:00:00",102100,69.2,69.4,69.2,69.4,69,69.4,0,0,0,0,0,130,0,0,122343,"ACG",7061440200
1.0182119205,103,0,0,135235,15504342,"2022-09-14T00:00:00",101400,69.4,69.5,69.2,69.8,69,69.5,0,0,0,0,0,139,0,0,123908,"ACG",7036030404
1.0182119205,121,0,0,180113,15504342,"2022-09-13T00:00:00",112100,69.5,69,69.5,69.8,69,69,0,0,0,0,0,149,0,0,147827,"ACG",7794910493
1.0182119205,128,0,0,166236,15504342,"2022-09-12T00:00:00",132600,69,68.8,69.3,69.3,68.8,68.8,0,0,0,0,0,154,0,0,153750,"ACG",9149129496
1.0182119205,90,0,0,141787,15504342,"2022-09-09T00:00:00",94700,68.8,68.7,68.5,69,68.1,68.9,0,0,0,0,0,129,0,0,130266,"ACG",6513269971
1.0182119205,109,0,0,201812,15504342,"2022-09-08T00:00:00",132600,68.7,68.6,68.8,69,68.3,68.7,0,0,0,0,0,108,0,0,154423,"ACG",9103749798
1.0182119205,87,0,0,92100,15504342,"2022-09-07T00:00:00",75700,68.6,69.3,68.4,69.3,68,69.2,0,0,0,0,0,121,0,0,116462,"ACG",5196720216
1.0182119205,98,100,6926657,118910,15504342,"2022-09-06T00:00:00",102900,69.3,69.4,69,69.8,68.8,69.5,0,0,0,0,0,99,0,0,140290,"ACG",7127530053
1.0182119205,133,4800,333130368,177556,15504442,"2022-09-05T00:00:00",124800,69.4,67.4,69,70.5,67.6,67.6,0,0,0,0,0,224,0,0,177588,"ACG",8661389568
1.0182119205,130,0,0,193969,15505242,"2022-08-31T00:00:00",128700,67.4,67.2,67.5,67.7,67,67.3,0,0,0,0,0,79,0,0,152908,"ACG",8677530576
1.0182119205,167,0,0,189425,15504742,"2022-08-30T00:00:00",141400,67.2,66.4,67.2,67.7,66.5,67.2,0,0,0,0,0,102,0,0,165372,"ACG",9501309370
1.0182119205,151,0,0,156440,15504742,"2022-08-29T00:00:00",96300,66.4,66,67,67,65.5,66.3,0,0,0,0,0,75,4000,265511960,118876,"ACG",6392200437
1.0182119205,131,0,0,163001,15504242,"2022-08-26T00:00:00",103100,66,65.6,66.3,66.5,65.6,65.7,0,0,0,0,0,107,500,32980505,120502,"ACG",6800580131
1.0182119205,132,0,0,144611,15504242,"2022-08-25T00:00:00",95100,65.6,65,65.9,65.9,65,65.5,0,0,0,0,0,96,0,0,116800,"ACG",6239740191
1.0182119205,154,0,0,157101,15504242,"2022-08-24T00:00:00",117700,65,64.7,65.9,66,64.5,65.1,0,0,0,0,0,74,500,32519540,136700,"ACG",7655099716
1.0182119205,100,0,0,101013,15504242,"2022-08-23T00:00:00",74900,64.7,65,65.6,65.6,64.5,64.7,0,0,0,0,0,68,0,0,87725,"ACG",4846229983
1.0182119205,76,0,0,77712,15504242,"2022-08-22T00:00:00",52000,65,65,64.8,65.4,64.7,64.9,0,0,0,0,0,68,0,0,78725,"ACG",3378099920
1.0182119205,106,0,0,164821,15504242,"2022-08-19T00:00:00",116200,65,65.1,65,65.2,64.5,64.9,0,0,0,0,0,106,0,0,142135,"ACG",7549949750
1.0182119205,91,0,0,134421,15504242,"2022-08-18T00:00:00",99700,65.1,65.1,65.3,65.3,64.7,65.2,0,0,0,0,0,68,0,0,124226,"ACG",6495340345
1.0182119205,97,0,0,154912,15504242,"2022-08-17T00:00:00",103100,65.1,65,65.2,65.4,64.6,64.9,0,0,0,0,0,68,0,0,124250,"ACG",6712159509
1.0182119205,108,0,0,146915,15504242,"2022-08-16T00:00:00",95500,65,65.7,64.9,65.7,64.7,65.7,0,0,0,0,0,60,0,0,130300,"ACG",6204559555
1.0182119205,77,0,0,113512,15504242,"2022-08-15T00:00:00",86600,65.7,65.9,65.7,66.5,65.5,65.9,0,0,0,0,0,105,0,0,103810,"ACG",5690959702
1.0182119205,90,0,0,106473,15504242,"2022-08-12T00:00:00",80000,65.9,66.3,65.9,66.3,65.4,65.5,0,0,0,0,0,98,0,0,100470,"ACG",5272250400
1.0182119205,104,0,0,112290,15504242,"2022-08-11T00:00:00",88800,66.3,66.5,66,67.5,65.1,66.9,0,0,0,0,0,117,0,0,111736,"ACG",5885339880
1.0182119205,108,0,0,133108,15504242,"2022-08-10T00:00:00",108400,66.5,66.2,66.5,66.9,66.2,66.7,0,0,0,0,0,188,0,0,130672,"ACG",7207089988
1.0182119205,95,0,0,123247,15504242,"2022-08-09T00:00:00",100700,66.2,66.1,66.8,66.8,65.8,65.8,0,0,0,0,0,213,0,0,121091,"ACG",6669390203
1.0182119205,93,0,0,124058,15504242,"2022-08-08T00:00:00",86500,66.1,66.1,65.7,66.5,65.7,66.1,0,0,0,0,0,168,0,0,110454,"ACG",5721250130
1.0182119205,115,0,0,135455,15504242,"2022-08-05T00:00:00",86000,66.1,66.3,66.2,66.8,65.4,66.2,0,0,0,0,0,136,0,0,106548,"ACG",5686510060
1.0182119205,123,0,0,119827,15503742,"2022-08-04T00:00:00",80800,66.3,66.3,66.2,66.9,66,66.3,0,0,0,0,0,167,0,0,98734,"ACG",5358050000
1.0182119205,101,0,0,113960,15503742,"2022-08-03T00:00:00",96000,66.3,66.6,66.5,66.6,66,66.6,0,0,0,0,0,171,0,0,108849,"ACG",6362889600
1.0182119205,109,0,0,125036,15503242,"2022-08-02T00:00:00",103700,66.6,65.8,66.9,67,65.9,65.9,0,0,0,0,0,242,500,33290070,137084,"ACG",6904360518
1.0182119205,103,0,0,130972,15503242,"2022-08-01T00:00:00",98900,65.8,65.7,66,66.1,64.5,65.7,0,0,0,0,0,247,0,0,122556,"ACG",6512389947
1.0182119205,89,0,0,105012,15502542,"2022-07-29T00:00:00",77500,65.7,65.7,65.9,66,65.4,65.7,0,0,0,0,0,176,500,32862775,99849,"ACG",5093730125
1.0182119205,107,0,0,104615,15498342,"2022-07-28T00:00:00",76300,65.7,65.5,65.9,66,65.4,65.5,0,0,0,0,0,172,0,0,93557,"ACG",5012330120
1.0182119205,107,0,0,104502,15498342,"2022-07-27T00:00:00",84000,65.5,64.7,65.8,66,64.5,64.5,0,0,0,0,0,193,700,45855250,103585,"ACG",5502630000
1.0182119205,101,0,0,102554,15497842,"2022-07-26T00:00:00",83800,64.7,64.6,64.7,65,64.5,64.9,0,0,0,0,0,193,4200,271635252,97666,"ACG",5419770028
1.0182119205,108,0,0,103945,15496342,"2022-07-25T00:00:00",83800,64.6,64.8,64.7,64.8,64.2,64.8,0,0,0,0,0,228,0,0,111032,"ACG",5415290080
1.0182119205,99,0,0,112198,15496342,"2022-07-22T00:00:00",92000,64.8,64.8,64.8,65.1,64.5,64.8,0,0,0,0,0,182,500,32381085,118803,"ACG",5958119640
1.0182119205,111,0,0,112600,15496342,"2022-07-21T00:00:00",87300,64.8,64.9,64.9,65,64.5,64.6,0,0,0,0,0,214,1500,97154640,110950,"ACG",5654400048
1.0182119205,148,0,0,141223,15496342,"2022-07-20T00:00:00",102000,64.9,64.3,65.3,65.8,64,64.1,0,0,0,0,0,265,0,0,114911,"ACG",6624639900
1.0182119205,109,0,0,114548,15496342,"2022-07-19T00:00:00",95700,64.3,64.3,64.5,64.6,64,64,0,0,0,0,0,240,0,0,116813,"ACG",6153179835
1.0182119205,108,0,0,123398,15496342,"2022-07-18T00:00:00",96400,64.3,64.5,63.9,64.7,63.7,64.5,0,0,0,0,0,252,0,0,124800,"ACG",6196859992
1.0182119205,111,0,0,108712,15496342,"2022-07-15T00:00:00",80000,64.5,65.1,64.5,65,64,65,0,0,0,0,0,162,0,0,107931,"ACG",5159680000
1.0182119205,102,500,32546825,94758,15496342,"2022-07-14T00:00:00",52000,65.1,65.4,64.7,66,64,66,0,0,0,0,0,137,0,0,86957,"ACG",3384869800
1.0182119205,128,500,32675770,108808,15496842,"2022-07-13T00:00:00",84400,65.4,66,66,66,63.2,66,0,0,0,0,0,190,0,0,109561,"ACG",5515669976
1.0182119205,71,0,0,88252,15496842,"2022-07-12T00:00:00",65000,66,66.4,65.8,66.5,65.4,66,0,0,0,0,0,187,0,0,98763,"ACG",4290880100
1.0182119205,97,0,0,104804,15496842,"2022-07-11T00:00:00",74000,66.4,66.5,66.4,66.9,66,66.3,0,0,0,0,0,205,0,0,107022,"ACG",4916329860
1.0182119205,102,0,0,99317,15496842,"2022-07-08T00:00:00",70900,66.5,66.2,67,67.3,66,66,0,0,0,0,0,261,500,33249435,85511,"ACG",4714769883
1.0182119205,67,0,0,94570,15496842,"2022-07-07T00:00:00",63400,66.2,66.3,66.4,66.4,65.6,66,0,0,0,0,0,197,0,0,77817,"ACG",4195250276
1.0182119205,79,0,0,61620,15496142,"2022-07-06T00:00:00",44500,66.3,66.6,66.6,66.8,65,66,0,0,0,0,0,226,0,0,65336,"ACG",2950070095
1.0182119205,116,0,0,75885,15495542,"2022-07-05T00:00:00",61900,66.6,67.6,66.8,67.3,64.6,67,0,0,0,0,0,140,0,0,76496,"ACG",4120780183
1.0182119205,104,0,0,87274,15495242,"2022-07-04T00:00:00",76300,67.6,67.1,67.2,68.5,66.5,66.6,0,0,0,0,0,247,700,47329723,118453,"ACG",5158939807
1.0182119205,93,0,0,110803,15495242,"2022-07-01T00:00:00",79900,67.1,67,66.6,67.8,66,67,0,0,0,0,0,241,600,40240926,129877,"ACG",5358749979
1.0182119205,93,0,0,73250,15495242,"2022-06-30T00:00:00",57900,67,66.5,66.5,67.5,66.4,66.5,6650000,0,6650000,0,0,227,300,20089482,101636,"ACG",3877270026
1.0182119205,106,0,0,74210,15495242,"2022-06-29T00:00:00",61200,66.5,66.6,66.6,66.7,66,66.3,0,0,0,0,0,157,0,0,93538,"ACG",4068479916
1.0182119205,90,0,0,95154,15495242,"2022-06-28T00:00:00",51200,66.6,66.6,66.7,67,66,66.6,0,0,0,0,0,171,0,0,82827,"ACG",3411859968
1.0182119205,90,0,0,66076,15495242,"2022-06-27T00:00:00",48700,66.6,66.7,66.8,67,66,66.7,0,0,0,0,0,149,0,0,74844,"ACG",3244699836
1.0182119205,98,0,0,115889,15495242,"2022-06-24T00:00:00",72900,66.7,66.5,66.5,67.4,65.5,66.5,0,0,0,0,0,305,0,0,102675,"ACG",4865709771
1.0182119205,90,0,0,93214,15494942,"2022-06-23T00:00:00",78100,66.5,66.4,66.5,67,66,66.4,0,0,0,0,0,298,0,0,106934,"ACG",5195179979
1.0182119205,74,0,0,104985,15494942,"2022-06-22T00:00:00",74000,66.4,67.1,66,67.1,64,67,0,0,0,0,0,307,0,0,95409,"ACG",4913400200
1.0182119205,76,0,0,52405,15494842,"2022-06-21T00:00:00",35100,67.1,67.3,67.1,67.8,66,67,0,0,0,0,0,202,300,20131368,58065,"ACG",2355370056
1.0182119205,64,1400,94186638,49637,15494842,"2022-06-20T00:00:00",27700,67.3,67.8,66.9,67.8,66.1,67,0,0,0,0,0,153,0,0,58369,"ACG",1863549909
1.0182119205,69,500,33900610,63407,15496242,"2022-06-17T00:00:00",32700,67.8,69.1,67,68.4,66.1,68,0,0,0,0,0,139,100,6780122,60734,"ACG",2217099894
1.0182119205,99,200,13829380,80015,15496642,"2022-06-16T00:00:00",62900,69.1,66.7,68.5,70,66.7,66.7,0,0,0,0,0,232,0,0,78144,"ACG",4349340010
1.048743012572782,95,1500,103014390,87118,15496842,"2022-06-15T00:00:00",45500,68.7,69.1,68,70.5,67,69,0,0,0,660000000,10000,127,0,0,88483,"ACG",3784769830
1.048743012572782,136,500,34563740,88873,15498342,"2022-06-14T00:00:00",75700,69.1,68.9,69.4,69.9,68,68,0,0,0,0,0,140,100,6912748,92885,"ACG",5232950236
1.048743012572782,117,1000,68937440,67404,15498842,"2022-06-13T00:00:00",43000,68.9,72.2,69,72,67.2,72,0,0,0,0,0,112,0,0,80370,"ACG",2964309920
1.048743012572782,77,0,0,83597,15497342,"2022-06-10T00:00:00",59500,72.2,73,72,73,71,72.9,0,0,0,0,0,167,0,0,87600,"ACG",4294060260
1.048743012572782,124,0,0,165100,15497342,"2022-06-09T00:00:00",101000,73,72,72.9,73.5,72,72,0,0,0,1313400000,19900,269,0,0,144089,"ACG",8681490390
1.048743012572782,161,32200,2317149674,198032,15497342,"2022-06-08T00:00:00",97600,72,69.3,72.4,73,69.4,69.4,0,0,0,2141300000,32200,294,2500,179902925,152391,"ACG",9164710192
1.048743012572782,103,70000,4850682900,182059,15529542,"2022-06-07T00:00:00",77300,69.3,69.4,69.7,69.8,68,69.4,0,0,0,5280000000,80000,203,0,0,177999,"ACG",10636539831
1.048743012572782,136,0,0,129634,15599542,"2022-06-06T00:00:00",104900,69.4,68,69.5,70,68,68,0,0,0,0,0,347,0,0,127599,"ACG",7278089978
1.048743012572782,88,0,0,62780,15599542,"2022-06-03T00:00:00",45400,68,68.9,68.9,68.9,67,68.5,0,0,0,0,0,105,0,0,61850,"ACG",3085309998
1.048743012572782,86,0,0,71820,15599542,"2022-06-02T00:00:00",52900,68.9,69.2,68.6,69.4,68.1,69,0,0,0,0,0,154,0,0,74600,"ACG",3646510206
1.048743012572782,76,0,0,65045,15599542,"2022-06-01T00:00:00",39800,69.2,69.3,69.1,69.8,68,69,0,0,0,0,0,147,0,0,58100,"ACG",2754749836
1.048743012572782,128,0,0,113620,15599542,"2022-05-31T00:00:00",81100,69.3,68.9,68,70,68,68,0,0,0,0,0,253,0,0,106400,"ACG",5618239806
1.048743012572782,183,10500,723076830,97634,15599542,"2022-05-30T00:00:00",75400,68.9,68.1,68.5,70,67.5,68.1,0,0,0,0,0,227,0,0,100008,"ACG",5192380284
1.048743012572782,107,3100,211151416,137119,15608242,"2022-05-27T00:00:00",110000,68.1,67.7,68.2,68.5,67,67,0,0,0,0,0,238,0,0,133600,"ACG",7492469600
1.048743012572782,103,0,0,112552,15611342,"2022-05-26T00:00:00",77800,67.7,67.4,67.7,68.3,67.4,67.4,0,0,0,0,0,174,0,0,105202,"ACG",5267830220
1.048743012572782,110,4700,316870005,110352,15611342,"2022-05-25T00:00:00",79900,67.4,67.5,67.3,68,66,67.5,0,0,0,0,0,190,1800,121354470,98610,"ACG",5386790085
1.048743012572782,91,0,0,66523,15616042,"2022-05-24T00:00:00",47400,67.5,68.3,67,68.3,65,68,0,0,0,0,0,118,0,0,69105,"ACG",3200410080
1.048743012572782,71,1000,68250130,52720,15616042,"2022-05-23T00:00:00",37300,68.3,67.9,68,69.6,66.2,67.9,0,0,0,0,0,122,0,0,66405,"ACG",2545729849
1.048743012572782,106,0,0,87437,15616042,"2022-05-20T00:00:00",63000,67.9,67,67,68.7,67,67,0,0,0,0,0,193,0,0,77750,"ACG",4276729800
1.048743012572782,97,0,0,83623,15615842,"2022-05-19T00:00:00",51100,67,65.4,67.5,68,63,65.5,0,0,0,0,0,158,0,0,73400,"ACG",3426109876
1.048743012572782,78,0,0,72602,15615842,"2022-05-18T00:00:00",46200,65.4,64.8,66.5,66.5,64,64.8,0,0,0,0,0,93,1000,65449130,79100,"ACG",3023749806
1.048743012572782,88,0,0,64008,10073650,"2022-05-17T00:00:00",46000,64.8,64.3,66,66,64,64,0,0,0,0,0,156,200,12968304,60100,"ACG",2982709920
1.048743012572782,96,0,0,71270,10073650,"2022-05-16T00:00:00",46200,64.3,62.9,64.3,65,62.8,62.8,,,,0,0,318,0,0,60201,"ACG",2969529948
1.048743012572782,94,0,0,53811,10073650,"2022-05-13T00:00:00",44000,62.9,65.5,64.6,66.5,60,65,,,,0,0,180,0,0,69200,"ACG",2765899840
1.048743012572782,94,0,0,76927,10073650,"2022-05-12T00:00:00",58800,65.5,65.7,67,68,63,64,,,,0,0,187,0,0,84202,"ACG",3849430200
1.048743012572782,96,700,45960670,73114,10073650,"2022-05-11T00:00:00",32700,65.7,65,66.3,66.8,64,64,,,,0,0,233,0,0,54001,"ACG",2147019870
1.048743012572782,113,1000,64965000,74370,10074350,"2022-05-10T00:00:00",46000,65,68.1,65,69,64,68.1,,,,0,0,199,0,0,82012,"ACG",2988390000
1.048743012572782,96,5200,354088332,59409,10075350,"2022-05-09T00:00:00",42700,68.1,71.7,65.9,72,65,71,,,,0,0,127,0,0,82904,"ACG",2907609957
1.048743012572782,68,0,0,51641,10080550,"2022-05-06T00:00:00",34100,71.7,72.3,71.8,73,70.5,70.5,,,,0,0,68,0,0,64900,"ACG",2443770021
1.048743012572782,79,0,0,66259,10080550,"2022-05-05T00:00:00",32200,72.3,70.7,72.6,76,70,70,,,,0,0,208,0,0,113128,"ACG",2328170124
1.048743012572782,98,0,0,64677,10080550,"2022-05-04T00:00:00",45100,70.7,69.8,70.8,72,69.8,69.8,,,,0,0,261,0,0,119726,"ACG",3189710128
1.048743012572782,76,0,0,51620,10080550,"2022-04-29T00:00:00",28200,69.8,69,70.9,70.9,68.8,69,,,,0,0,65,0,0,55401,"ACG",1968599982
1.048743012572782,78,0,0,44219,10080550,"2022-04-28T00:00:00",25700,69,69.3,69.3,69.3,68.8,68.8,,,,0,0,71,0,0,56557,"ACG",1772799878
1.048743012572782,77,0,0,52047,10080550,"2022-04-27T00:00:00",28700,69.3,70.6,69.3,70.9,68.1,69.1,,,,0,0,48,0,0,54608,"ACG",1989719914
1.048743012572782,89,2000,141192040,69747,10080550,"2022-04-26T00:00:00",45200,70.6,70.2,69,74,68,72,,,,0,0,63,0,0,100650,"ACG",3190940104
1.048743012572782,100,0,0,67320,10082550,"2022-04-25T00:00:00",49200,70.2,73.8,70.5,73.8,68.1,73.8,,,,0,0,81,0,0,75752,"ACG",3453299784
1.048743012572782,114,0,0,156000,10082550,"2022-04-22T00:00:00",106900,73.8,73.7,73.7,74.5,72.5,73.7,,,,0,0,291,0,0,115600,"ACG",7884530297
1.048743012572782,101,0,0,125700,10082550,"2022-04-21T00:00:00",93800,73.7,73.9,73.5,76.1,72.6,72.9,,,,0,0,256,0,0,115900,"ACG",6908790224
1.048743012572782,106,0,0,134010,10082050,"2022-04-20T00:00:00",102800,73.9,75.3,73.9,75.5,71.2,75.5,,,,0,0,377,0,0,125500,"ACG",7594220472
1.048743012572782,155,0,0,148256,10082050,"2022-04-19T00:00:00",114600,75.3,73.9,75,76,73.9,74,,,,0,0,477,0,0,137800,"ACG",8624809752
1.048743012572782,160,0,0,203342,10082050,"2022-04-18T00:00:00",148100,73.9,73.8,73.9,74.3,73.5,73.8,,,,0,0,468,500,36936630,156300,"ACG",10940629806
1.048743012572782,178,0,0,182618,10081550,"2022-04-15T00:00:00",141400,73.8,72.4,74.5,75,72.4,72.4,,,,0,0,680,0,0,152405,"ACG",10441670274
1.048743012572782,178,0,0,221420,10081550,"2022-04-14T00:00:00",153700,72.4,71.5,73.9,73.9,70.6,71,,,,0,0,548,0,0,168700,"ACG",11126000000
1.048743012572782,170,6200,443080210,136858,10078650,"2022-04-13T00:00:00",100700,71.5,73.3,72,76,69,73.5,,,,0,0,308,500,35732275,123500,"ACG",7196480185
1.572399141675744,134,2700,296762913,121352,10077850,"2022-04-12T00:00:00",100900,109.9,111.7,111,112.3,108,111.9,,,,0,0,127,0,0,122600,"ACG",11090000000
1.572399141675744,124,0,0,154648,10080550,"2022-04-08T00:00:00",90000,111.7,112.9,111.9,114,108.5,112.9,,,,0,0,273,2900,323912919,122740,"ACG",10052469900
1.572399141675744,120,300,33872085,164850,10076450,"2022-04-07T00:00:00",112300,112.9,111.6,113,114,111.6,112.9,,,,0,0,268,7000,790348650,127642,"ACG",12679450485
1.572399141675744,192,0,0,305343,10076750,"2022-04-06T00:00:00",258300,111.6,105.9,114,114.5,107.8,107.8,,,,0,0,437,0,0,271585,"ACG",28820070468
1.572399141675744,268,0,0,265066,10076750,"2022-04-05T00:00:00",227500,105.9,104,108.4,108.5,103.5,104,,,,0,0,328,4100,434348219,242864,"ACG",24101029225
1.572399141675744,149,0,0,148502,10073250,"2022-04-04T00:00:00",100200,104,103.2,103.8,104.5,103.5,104,,,,0,0,353,0,0,126746,"ACG",10416850116
1.572399141675744,142,0,0,145303,10073250,"2022-04-01T00:00:00",114500,103.2,102.5,104,104,101.1,102.5,,,,0,0,252,0,0,134217,"ACG",11820000000
1.572399141675744,89,0,0,111500,10073250,"2022-03-31T00:00:00",101900,102.5,103.3,102.9,104.1,101,103.3,,,,0,0,131,3500,358806000,207617,"ACG",10446380400
1.572399141675744,112,1000,103294580,153548,10073250,"2022-03-30T00:00:00",95900,103.3,104.2,103.2,103.9,101.6,103,,,,0,0,187,0,0,132259,"ACG",9906000000
1.572399141675744,113,0,0,170522,10074250,"2022-03-29T00:00:00",101100,104.2,104.2,104.1,105.9,103,104.2,,,,0,0,275,0,0,127659,"ACG",10534480482
1.572399141675744,136,0,0,172790,10074250,"2022-03-28T00:00:00",117600,104.2,104.3,104.5,106.1,102,104.3,,,,0,0,225,0,0,137330,"ACG",12259600080
1.572399141675744,107,0,0,154001,10074250,"2022-03-25T00:00:00",100800,104.3,104,104.3,104.7,103.5,104,,,,0,0,195,0,0,132900,"ACG",10517799600
1.572399141675744,148,0,0,176267,10074250,"2022-03-24T00:00:00",158100,104,103.8,104.4,104.5,102,103.4,,,,0,0,239,0,0,181165,"ACG",16447590423
1.572399141675744,73,400,41529036,167202,10074250,"2022-03-23T00:00:00",116400,103.8,103.4,102.6,104.3,102.5,103.6,,,,0,0,62,0,0,138700,"ACG",12085000000
1.572399141675744,104,0,0,109244,100746500,"2022-03-22T00:00:00",55400,103.4,103.6,103.6,104.4,102,103.6,,,,0,0,90,0,0,74200,"ACG",5726770020
1.572399141675744,87,0,0,95312,10074650,"2022-03-21T00:00:00",66400,103.6,103.3,103.4,104.7,102.5,103.3,,,,0,0,161,0,0,97300,"ACG",6878000000
1.572399141675744,74,1000,103298210,108822,100746500,"2022-03-18T00:00:00",78200,103.3,103.4,103.8,103.9,102,103.3,,,,0,0,125,0,0,93100,"ACG",8077920022
1.572399141675744,150,0,0,116602,10075650,"2022-03-17T00:00:00",88200,103.4,104.4,103.2,105,101.1,104.4,,,,0,0,208,0,0,126301,"ACG",9123000000
1.572399141675744,117,6200,647210746,127802,100756500,"2022-03-16T00:00:00",88600,104.4,104.8,103,105.4,102.6,104.5,,,,0,0,213,0,0,113120,"ACG",9248850338
1.572399141675744,108,0,0,113102,100818500,"2022-03-15T00:00:00",76200,104.8,105.4,104.7,105.4,104,105,,,,0,0,217,0,0,95500,"ACG",7985740188
1.572399141675744,97,0,0,95901,100818500,"2022-03-14T00:00:00",81000,105.4,105.8,105,107.9,103,104,,,,0,0,131,0,0,98621,"ACG",8538960060
1.572399141675744,207,0,0,139007,100818500,"2022-03-11T00:00:00",117300,105.8,104.6,105,107.2,103,104,,,,0,0,141,0,0,147924,"ACG",12406229808
1.572399141675744,82,3600,376517844,63402,100818500,"2022-03-10T00:00:00",41000,104.6,104.9,105,105.5,103,104,,,,0,0,60,0,0,45602,"ACG",4288119890
1.572399141675744,81,0,0,66502,100854500,"2022-03-09T00:00:00",49900,104.9,105.6,105,105.9,103,104.5,,,,0,0,62,0,0,61102,"ACG",5236349813
1.572399141675744,63,0,0,84323,100854500,"2022-03-08T00:00:00",50100,105.6,105.5,104.5,106.9,104,105.5,,,,0,0,68,0,0,60131,"ACG",5289279945
1.572399141675744,102,0,0,138513,100854500,"2022-03-07T00:00:00",75100,105.5,102.7,105,107,103,106.1,,,,0,0,83,0,0,86224,"ACG",7920749687
1.650483227528876,134,400,43102428,160437,100854500,"2022-03-04T00:00:00",128600,107.8,106.1,108,109.9,106.1,106.1,0,0,0,0,0,151,0,0,159024,"ACG",13857430602
1.650483227528876,97,0,0,87297,100858500,"2022-03-03T00:00:00",61800,106.1,104.8,107,107,104.4,104.8,,,,0,0,95,0,0,68944,"ACG",6555030210
1.650483227528876,122,0,0,80165,100858500,"2022-03-02T00:00:00",59300,104.8,106.6,105.9,107,103,106.5,0,0,0,0,0,56,0,0,76519,"ACG",6213930179
1.650483227528876,78,0,0,84026,100858500,"2022-03-01T00:00:00",76700,106.6,106.8,106.5,107.4,105,106.5,0,0,0,0,0,116,0,0,106957,"ACG",8176059697
1.650483227528876,88,0,0,103274,100858500,"2022-02-28T00:00:00",64300,106.8,106.8,106.8,107.5,105,106.5,0,0,0,2100000000,21000,109,0,0,111720,"ACG",8965359868
1.650483227528876,104,0,0,214102,100858500,"2022-02-25T00:00:00",71700,106.8,107.1,106.9,107.5,105,106.8,0,0,0,11000000000,110000,139,0,0,208420,"ACG",18656700317
1.650483227528876,96,0,0,78805,100858500,"2022-02-24T00:00:00",54700,107.1,107.2,107.2,107.5,106,107,0,0,0,0,0,127,0,0,75900,"ACG",5858809788
1.650483227528876,95,0,0,95002,100856500,"2022-02-23T00:00:00",57300,107.2,106.8,106.9,107.5,106.8,106.8,0,0,0,0,0,103,0,0,84610,"ACG",6144539715
1.650483227528876,119,200,21367634,117702,100856500,"2022-02-22T00:00:00",68900,106.8,106.6,106.7,108.2,105,106.8,0,0,0,0,0,142,0,0,105020,"ACG",7361149913
1.650483227528876,127,0,0,128447,100858500,"2022-02-21T00:00:00",97900,106.6,104.7,107,107.5,104.7,104.7,0,0,0,0,0,141,200,21316078,117620,"ACG",10434220181
1.650483227528876,65,0,0,109490,100858500,"2022-02-18T00:00:00",40100,104.7,104.4,104.5,105.1,103.9,104.4,0,0,0,4500000000,45000,64,0,0,99900,"ACG",8697200033
1.650483227528876,62,0,0,73457,100858500,"2022-02-17T00:00:00",36900,104.4,103.8,104.8,105,103.1,103.8,0,0,0,0,0,91,0,0,55920,"ACG",3853159992
1.650483227528876,62,0,0,77337,10085850,"2022-02-16T00:00:00",48700,103.8,103.6,103.8,104.5,102.5,103.6,0,0,0,0,0,59,0,0,62200,"ACG",5057000000
1.650483227528876,62,0,0,92937,10085850,"2022-02-15T00:00:00",38000,103.6,103.5,103.7,104,103,103.5,0,0,0,0,0,45,0,0,66300,"ACG",3939000000
1.650483227528876,93,0,0,158720,100858500,"2022-02-14T00:00:00",101000,103.5,103.7,103.8,104.5,100,103.5,0,0,0,0,0,49,0,0,121220,"ACG",10451949650
1.650483227528876,95,0,0,125421,100858500,"2022-02-11T00:00:00",92900,103.7,104.7,102.4,105,102.3,104.6,0,0,0,0,0,53,0,0,174710,"ACG",9635629805
1.650483227528876,84,0,0,126440,100858500,"2022-02-10T00:00:00",74700,104.7,105.6,104.5,106,103.2,105,0,0,0,0,0,55,0,0,132200,"ACG",7824399957
1.650483227528876,78,200,21119094,96521,100858500,"2022-02-09T00:00:00",57400,105.6,106.1,105.8,106.6,103.5,105.6,0,0,0,0,0,46,0,0,103000,"ACG",6061179978
1.650483227528876,74,0,0,98456,100860500,"2022-02-08T00:00:00",72200,106.1,105.8,105.8,106.8,105,105,0,0,0,0,0,59,0,0,109700,"ACG",7657030210
1.650483227528876,89,0,0,119821,100860500,"2022-02-07T00:00:00",92000,105.8,104.8,106,106.1,102.4,104.8,0,0,0,0,0,63,0,0,124900,"ACG",9734129920
1.650483227528876,80,0,0,141521,100860500,"2022-01-28T00:00:00",112200,104.8,104.7,104.8,105,102.2,104.3,0,0,0,0,0,64,0,0,155300,"ACG",11754010290
1.650483227528876,51,0,0,67611,100860500,"2022-01-27T00:00:00",44500,104.7,104.3,104.4,105,102.2,103.8,0,0,0,0,0,68,0,0,97516,"ACG",4659029850
1.650483227528876,63,0,0,82911,100860500,"2022-01-26T00:00:00",60400,104.3,105.9,104.8,105.9,102,104.7,0,0,0,0,0,67,0,0,126900,"ACG",6301939700
1.650483227528876,49,0,0,66311,100860500,"2022-01-25T00:00:00",49500,105.9,105.4,104.7,106.9,102.1,104,0,0,0,0,0,64,0,0,122600,"ACG",5243209785
1.650483227528876,57,0,0,65920,10086050,"2022-01-24T00:00:00",42900,105.4,104.8,103,105.9,103,104.3,0,0,0,0,0,65,0,0,119416,"ACG",4523000000
1.650483227528876,94,0,0,99921,100859500,"2022-01-21T00:00:00",75800,104.8,105.3,104.8,105,102,104.9,0,0,0,0,0,65,0,0,150216,"ACG",7941679700
1.650483227528876,73,0,0,82731,100858500,"2022-01-20T00:00:00",61000,105.3,105.6,104.9,105.6,103,105.5,0,0,0,0,0,53,0,0,111100,"ACG",6425000070
1.650483227528876,76,0,0,81023,100858500,"2022-01-19T00:00:00",60800,105.6,104.4,104.5,105.9,104.5,105,0,0,0,0,0,58,100,10556069,124500,"ACG",6418089952
1.650483227528876,79,0,0,125243,100858500,"2022-01-18T00:00:00",98300,104.4,106.7,104.9,106.8,100,106.7,0,0,0,0,0,74,100,10441190,165616,"ACG",10263689770
1.650483227528876,58,0,0,57094,100858500,"2022-01-17T00:00:00",36000,106.7,107.4,105.5,107.6,102.1,107,0,0,0,0,0,54,0,0,89516,"ACG",3841719840
1.650483227528876,73,10000,1074466800,72476,100858500,"2022-01-14T00:00:00",42200,107.4,107.3,106.4,107.9,105,107.2,0,0,0,1020000000,10000,60,0,0,96000,"ACG",5554249896
1.650483227528876,134,50000,5367180451.12782,217880,10095850,"2022-01-13T00:00:00",119700,107.3,105,107.3,108,105.6,105.6,0,0,0,7676000000,76000,80,0,0,236100,"ACG",20525030000
1.650483227528876,145,50000,5248393556.813234,299754,10145850,"2022-01-12T00:00:00",229700,105,105.6,107.8,107.8,100.2,104.8,0,0,0,5050000000,50000,78,0,0,306000,"ACG",29161000000
1.650483227528876,103,0,0,89518,10195850,"2022-01-11T00:00:00",58600,105.6,106.2,105.2,106.9,100,106.6,0,0,0,0,0,74,0,0,148100,"ACG",6186000000
1.650483227528876,100,100,10616251.198465964,118200,10195850,"2022-01-10T00:00:00",104300,106.2,106.8,105.8,106.7,103,106.7,0,0,0,0,0,107,0,0,216000,"ACG",11072750000
1.650483227528876,103,0,0,137310,10195950,"2022-01-07T00:00:00",102300,106.8,107.4,106.9,107.3,105.1,107.2,0,0,0,0,0,72,0,0,179710,"ACG",10929000000
1.650483227528876,106,100,10741322.393822394,130922,10195950,"2022-01-06T00:00:00",103600,107.4,107.9,107.8,108.8,105.5,108.6,0,0,0,0,0,99,0,0,200500,"ACG",11128010000
1.650483227528876,86,0,0,62199,10196050,"2022-01-05T00:00:00",44200,107.9,109.1,105.8,109.2,105.8,109,0,0,0,0,0,81,0,0,141711,"ACG",4770000000
1.650483227528876,71,0,0,65909,101960500,"2022-01-04T00:00:00",49900,109.1,108.7,108.7,109.5,106,108.8,0,0,0,0,0,82,0,0,135011,"ACG",5444349979
1.650483227528876,91,0,0,66897,10196050,"2021-12-31T00:00:00",57900,108.7,108.2,108.4,109,106.2,108.8,0,0,0,0,0,89,0,0,296410,"ACG",6294000000
1.650483227528876,74,0,0,53796,101960500,"2021-12-30T00:00:00",42900,108.2,109.2,107.9,109.3,106.5,109.2,0,0,0,0,0,78,0,0,130124,"ACG",4640930151
1.650483227528876,70,0,0,58965,101960500,"2021-12-29T00:00:00",49800,109.2,109.2,108.7,109.6,108.7,109.2,0,0,0,0,0,73,0,0,124340,"ACG",5436299970
1.650483227528876,62,0,0,60359,101960500,"2021-12-28T00:00:00",46700,109.2,109.4,108.7,109.7,107.9,109.2,0,0,0,0,0,69,0,0,124050,"ACG",5100659928
1.650483227528876,75,0,0,81174,10196050,"2021-12-27T00:00:00",66800,109.4,109.2,109.4,109.6,108.5,109.2,0,0,0,0,0,83,0,0,140960,"ACG",7307380000
1.650483227528876,75,0,0,79493,10196050,"2021-12-24T00:00:00",56800,109.2,109.2,109.2,109.6,107,109,,,,0,0,80,0,0,122651,"ACG",6205310000
1.650483227528876,39,0,0,37950,10196050,"2021-12-23T00:00:00",29600,109.2,109.9,108.6,110,106,109,0,0,0,0,0,57,0,0,92303,"ACG",3232950000
1.650483227528876,70,0,0,77102,10196050,"2021-12-22T00:00:00",62300,109.9,110.9,107.1,111.2,107.1,110.5,0,0,0,0,0,71,0,0,141303,"ACG",6844000000
1.650483227528876,78,0,0,79976,10196050,"2021-12-21T00:00:00",68700,110.9,110.8,110.8,111.3,109.5,110.5,0,0,0,0,0,65,0,0,119212,"ACG",7617550000
1.650483227528876,86,0,0,72370,10196050,"2021-12-20T00:00:00",59200,110.8,111.4,110,111.5,107,110.8,0,0,0,0,0,67,0,0,110903,"ACG",6562130000
1.650483227528876,116,0,0,144425,10196050,"2021-12-17T00:00:00",125400,111.4,111.2,111.5,111.8,109,109.1,0,0,0,0,0,74,0,0,168400,"ACG",13969020000
1.650483227528876,94,0,0,120125,10196050,"2021-12-16T00:00:00",105900,111.2,111.2,111.1,111.7,109.2,110.5,0,0,0,0,0,80,0,0,154400,"ACG",11777680000
1.650483227528876,103,0,0,129225,10196050,"2021-12-15T00:00:00",115200,111.2,111.5,111.1,111.6,109.5,110.5,0,0,0,0,0,81,0,0,148200,"ACG",12809690000
1.650483227528876,107,0,0,127625,10196050,"2021-12-14T00:00:00",109500,111.5,111.4,111,111.8,110,110.9,0,0,0,0,0,80,0,0,147000,"ACG",12210320000
1.650483227528876,135,0,0,176625,10196050,"2021-12-13T00:00:00",159300,111.4,110.9,111.8,111.9,109.5,110.5,0,0,0,0,0,80,0,0,181800,"ACG",17743740000
1.650483227528876,124,0,0,174900,10195850,"2021-12-10T00:00:00",147900,110.9,110.2,111,111.3,109,109,0,0,0,0,0,103,0,0,185400,"ACG",16398490000
1.650483227528876,61,0,0,96300,10195850,"2021-12-09T00:00:00",63600,110.2,111.1,110,111.2,108,110,0,0,0,0,0,62,0,0,116800,"ACG",7011000000
1.650483227528876,86,0,0,120626,10195850,"2021-12-08T00:00:00",97500,111.1,110.7,111,111.7,110,110,0,0,0,0,0,78,200,22226523.076923076,137600,"ACG",10835430000
1.650483227528876,69,0,0,80831,10195850,"2021-12-07T00:00:00",61200,110.7,111.3,111.3,111.9,109,111,0,0,0,0,0,68,0,0,107700,"ACG",6772070000
1.650483227528876,48,0,0,124325,10195850,"2021-12-06T00:00:00",43500,111.3,112,109,112,109,111.5,0,0,0,5840000000,60000,63,0,0,128100,"ACG",10682110000
1.650483227528876,79,200,22409096.04519774,120930,10195850,"2021-12-03T00:00:00",70800,112,112.3,112.3,112.8,109,111.5,0,0,0,2880000000,30000,62,0,0,152700,"ACG",10812820000
1.650483227528876,103,0,0,140750,10196050,"2021-12-02T00:00:00",86700,112.31822376009227,112,111.5,113.2,111,111.5,0,0,0,2920000000,30000,77,0,0,168100,"ACG",12657990000
1.650483227528876,68,0,0,88600,10196050,"2021-12-01T00:00:00",67600,112,112,111,112.5,111,111.5,0,0,0,0,0,61,0,0,97000,"ACG",7570490000
1.650483227528876,97,0,0,139500,10196050,"2021-11-30T00:00:00",114700,112,110.7,112,113,110.8,111,0,0,0,0,0,89,0,0,145400,"ACG",12848580000
1.650483227528876,40,0,0,54330,10196050,"2021-11-29T00:00:00",31900,110.7,111.3,110.9,111.3,110,111,0,0,0,0,0,39,0,0,50300,"ACG",3532180000
1.650483227528876,83,0,0,105150,10196050,"2021-11-26T00:00:00",75600,111.3,111.9,111.6,111.9,110,111.8,0,0,0,0,0,43,0,0,85810,"ACG",8418000000
1.650483227528876,92,0,0,101180,101960500,"2021-11-25T00:00:00",71700,111.9,111.7,111.9,112.5,111.1,112,0,0,0,0,0,64,0,0,100801,"ACG",8019850062
1.650483227528876,70,0,0,109980,10196050,"2021-11-24T00:00:00",38400,111.7,112,112,112.3,110.8,112,0,0,0,4389000000,39900,42,0,0,97200,"ACG",8678000000
1.650483227528876,109,0,0,141231,10196050,"2021-11-23T00:00:00",69200,112,112.5,112.4,113.8,110,112.5,0,0,0,0,0,83,0,0,112400,"ACG",7752730000
1.650483227528876,80,0,0,75185,10196050,"2021-11-22T00:00:00",52400,112.5,112.5,111.8,113,111.5,112.5,0,0,0,0,0,59,0,0,69510,"ACG",5892420000
1.650483227528876,89,0,0,57530,10195650,"2021-11-19T00:00:00",40000,112.5,112.6,111.5,113,111.5,113,0,0,0,0,0,44,0,0,68200,"ACG",4501620000
1.650483227528876,118,200,22505766.062602967,94464,10195650,"2021-11-18T00:00:00",68300,112.6,112.9,113,113,111,113,0,0,0,0,0,53,0,0,91100,"ACG",7689000000
1.650483227528876,157,0,0,140301,10195850,"2021-11-17T00:00:00",121300,112.9,113.5,111,114.1,111,113,0,0,0,0,0,92,400,45158450.12366035,144200,"ACG",13694000000
1.650483227528876,144,0,0,127231,10195850,"2021-11-16T00:00:00",108200,113.5,114.7,113.2,115.3,111.1,114.7,0,0,0,0,0,93,0,0,133100,"ACG",12276750000
1.650483227528876,144,0,0,151830,10195850,"2021-11-15T00:00:00",128800,114.7,114.4,114.7,115,114,114.4,0,0,0,0,0,102,0,0,142000,"ACG",14776000000
1.650483227528876,166,0,0,210521,10195850,"2021-11-12T00:00:00",177400,114.4,112.6,114.4,115.3,112.3,112.6,0,0,0,0,0,155,0,0,219200,"ACG",20286810000
1.650483227528876,82,0,0,69714,10195850,"2021-11-11T00:00:00",54100,112.6,113.4,112.4,113.6,111.2,113,0,0,0,0,0,56,0,0,71800,"ACG",6091000000
1.650483227528876,67,0,0,69901,10195850,"2021-11-10T00:00:00",54300,113.4,113.4,113.5,113.7,113,113.4,0,0,0,0,0,47,0,0,67800,"ACG",6159110000
1.650483227528876,68,0,0,54407,10195850,"2021-11-09T00:00:00",43000,113.4,112.6,113.6,113.9,112,112.6,0,0,0,0,0,52,0,0,54400,"ACG",4874000000
1.650483227528876,96,0,0,77530,10195850,"2021-11-08T00:00:00",58500,112.64119658119658,112.2,112.3,113,111,112.2,0,0,0,0,0,62,0,0,75800,"ACG",6589510000
1.650483227528876,165,0,0,244401,10195850,"2021-11-05T00:00:00",145400,112.2,112.7,113,113.2,110.6,112.7,0,0,0,7000000000,70000,90,0,0,235900,"ACG",23308000000
1.650483227528876,101,0,0,74802,10195850,"2021-11-04T00:00:00",64800,112.7,112.2,112.7,113,111,112,0,0,0,0,0,62,0,0,79100,"ACG",7304290000
1.650483227528876,109,0,0,70207,10195850,"2021-11-03T00:00:00",57800,112.2,113.7,112.6,113.5,110,113.5,0,0,0,0,0,41,0,0,75900,"ACG",6487300000
1.650483227528876,120,0,0,85455,10195850,"2021-11-02T00:00:00",70500,113.7,116.8,113.4,116.4,111.9,116,0,0,0,0,0,53,0,0,86700,"ACG",8018000000
1.650483227528876,72,0,0,65191,10195850,"2021-11-01T00:00:00",48500,116.8,116.7,116.4,117.3,115,117,0,0,0,0,0,61,0,0,86100,"ACG",5664380000
1.650483227528876,84,0,0,88200,10195850,"2021-10-29T00:00:00",65100,116.7,116.4,116.5,117,116,116.4,0,0,0,0,0,57,0,0,85800,"ACG",7594370000
1.650483227528876,119,0,0,115711,10195850,"2021-10-28T00:00:00",87700,116.4,115,116.9,117,114,115,0,0,0,535000000,5000,74,0,0,111200,"ACG",10739770000
1.650483227528876,91,0,0,104017,10195850,"2021-10-27T00:00:00",51400,115,114.6,115,115.5,113.8,114.6,0,0,0,2982000000,28000,51,0,0,94700,"ACG",8891840000
1.650483227528876,90,60700,69459273913.04347,806948,10195850,"2021-10-26T00:00:00",67800,114.6,111.7,114.8,115,111.7,111.7,0,0,0,68177000000,715000,68,0,0,800407,"ACG",75945000000
1.650483227528876,122,0,0,194901,10802850,"2021-10-25T00:00:00",91000,111.7,112.7,113.8,113.8,111,111.3,0,0,0,3790000000,36500,50,0,0,135205,"ACG",13950000000
1.650483227528876,29,0,0,74300,10802850,"2021-10-22T00:00:00",53700,112.7,113.8,111.8,114,111.3,114,0,0,0,2954000000,28000,18,0,0,73300,"ACG",9007000000
1.650483227528876,37,0,0,96500,10802850,"2021-10-21T00:00:00",86400,113.8,114.1,114,114.5,112,113.8,0,0,0,2968000000,28000,25,0,0,102400,"ACG",12797000000
1.650483227528876,26,0,0,66300,10802850,"2021-10-20T00:00:00",54600,114.1,114,114,114.4,113,113.5,0,0,0,2968000000,28000,18,0,0,72500,"ACG",9198000000
1.650483227528876,89,0,0,85900,10802850,"2021-10-19T00:00:00",74700,114,113.5,113.8,122,112,113,0,0,0,2954000000,28000,73,0,0,103400,"ACG",11468000000
1.650483227528876,81,0,0,59000,10802850,"2021-10-18T00:00:00",48400,113.5,115,112.7,115,112.7,114.5,,,,2996000000,28000,53,0,0,76700,"ACG",8488000000
1.650483227528876,103,0,0,62700,10802850,"2021-10-15T00:00:00",52700,115,116.1,114.4,116.5,113,115.5,0,0,0,7024000000,68000,73,0,0,107400,"ACG",13085000000
1.650483227528876,76,0,0,55700,10802850,"2021-10-14T00:00:00",45700,116.1,116.4,115.7,117,115,116,0,0,0,0,0,51,0,0,73800,"ACG",5304000000
1.650483227528876,86,0,0,63700,10802850,"2021-10-13T00:00:00",53100,116.4,116.8,115.2,117.6,115,116,0,0,0,3038000000,28000,62,0,0,78400,"ACG",9220000000
1.650483227528876,83,0,0,68400,10802850,"2021-10-12T00:00:00",51400,116.8,117.3,115.7,117.6,115,116.8,0,0,0,6200000000,62000,68,0,0,79300,"ACG",12206000000
1.650483227528876,100,0,0,94700,10802850,"2021-10-11T00:00:00",78000,117.3,116.8,117.4,117.8,115.5,116,0,0,0,0,0,88,0,0,98900,"ACG",9146000000
1.650483227528876,116,0,0,98500,10802850,"2021-10-08T00:00:00",80200,116.8,117.2,116,117.4,115.3,117,0,0,0,10136000000,85300,101,0,0,89600,"ACG",19500000000
1.650483227528876,133,0,0,110198,10802850,"2021-10-07T00:00:00",89200,117.2,117.7,116.8,119,116,116,0,0,0,0,0,107,0,0,121479,"ACG",10450000000
1.650483227528876,123,0,0,106100,10802850,"2021-10-06T00:00:00",82200,117.7,118.1,116.7,118.5,115,115,0,0,0,1200000000,10000,99,0,0,112300,"ACG",10871000000
1.650483227528876,95,0,0,81900,10802850,"2021-10-05T00:00:00",63500,118.1,118.3,118.4,118.6,117,118,0,0,0,1010000000,10000,70,0,0,75500,"ACG",8512000000
1.650483227528876,97,0,0,83500,10802850,"2021-10-04T00:00:00",66500,118.3,118.3,118.1,118.9,117,118.3,0,0,0,27600000000,230000,85,0,0,91500,"ACG",35468000000
1.650483227528876,89,0,0,70802,10802850,"2021-10-01T00:00:00",55600,118.3,118.3,117.7,119.1,116,118,0,0,0,7200000000,60000,76,0,0,73922,"ACG",13778000000
1.650483227528876,96,0,0,84900,10802850,"2021-09-30T00:00:00",64700,118.3,117.2,117.9,119.4,115,116,,,,10960000000,108000,84,0,0,77900,"ACG",18611000000
1.650483227528876,110,0,0,91200,10802850,"2021-09-29T00:00:00",66300,117.2,118.2,117.3,117.9,116.5,116.5,0,0,0,29160000000,243000,76,0,0,76300,"ACG",36932000000
1.650483227528876,103,0,0,69700,10802850,"2021-09-28T00:00:00",56600,118.2,118.8,117.9,119.9,116,116,0,0,0,9408000000,78400,98,0,0,79600,"ACG",16100000000
1.650483227528876,101,0,0,77800,10802850,"2021-09-27T00:00:00",67700,118.8,119.6,118.2,119.9,118,119,0,0,0,0,0,75,0,0,100200,"ACG",8040000000
1.650483227528876,74,0,0,66700,10802850,"2021-09-24T00:00:00",51200,119.6,119.7,118.9,120.5,102,110,0,0,0,0,0,64,0,0,73500,"ACG",6122000000
1.650483227528876,98,0,0,91000,10802850,"2021-09-23T00:00:00",79300,119.7,119.2,119.2,120,116,116,0,0,0,18048000000,150400,108,0,0,101000,"ACG",27544000000
1.650483227528876,76,0,0,69100,10802850,"2021-09-22T00:00:00",45900,119.2,119.4,118.1,125.4,102,102,0,0,0,0,0,97,0,0,92100,"ACG",5472000000
1.650483227528876,87,0,0,66700,10802850,"2021-09-21T00:00:00",55100,119.4,119.7,119.7,120.5,118,119,0,0,0,0,0,79,0,0,74000,"ACG",6577000000
1.650483227528876,114,0,0,81300,10802850,"2021-09-20T00:00:00",73800,119.7,119.2,117,120.5,117,119.2,0,0,0,0,0,115,0,0,104000,"ACG",8835000000
1.650483227528876,167,400,47517338.1294964,128700,10802850,"2021-09-17T00:00:00",113700,119.2,117.2,119.5,130,116,117,0,0,0,0,0,172,0,0,154300,"ACG",13552000000
1.650483227528876,140,0,0,106700,10803250,"2021-09-16T00:00:00",94900,117.2,115.7,116.3,117.8,115,115.7,0,0,0,0,0,144,0,0,111000,"ACG",11118000000
1.650483227528876,187,0,0,156000,10803250,"2021-09-15T00:00:00",127100,115.7,115.9,116.6,116.9,112,115.5,0,0,0,0,0,193,0,0,146800,"ACG",14711000000
1.650483227528876,122,0,0,114700,10803250,"2021-09-14T00:00:00",83200,115.9,115,115.9,116.5,114,115,0,0,0,0,0,126,0,0,104900,"ACG",9639000000
1.650483227528876,142,0,0,107200,10803250,"2021-09-13T00:00:00",96300,115,114,114.7,116,113,114,0,0,0,0,0,146,0,0,120700,"ACG",11074000000
1.650483227528876,214,0,0,165400,10803250,"2021-09-10T00:00:00",145500,114,108.7,114,114.9,109.3,111,0,0,0,0,0,221,0,0,167300,"ACG",16586000000
1.650483227528876,149,0,0,123800,10803250,"2021-09-09T00:00:00",101300,108.7,106.4,109.3,109.4,106,106.5,0,0,0,0,0,154,0,0,114500,"ACG",11008000000
1.650483227528876,55,0,0,41700,10803250,"2021-09-08T00:00:00",37500,106.4,105.7,106.5,106.8,105.3,105.5,0,0,0,730000000,7300,57,0,0,58400,"ACG",4721000000
1.650483227528876,51,0,0,47100,10803250,"2021-09-07T00:00:00",34900,105.7,105.4,105.8,106,104.5,106,0,0,0,0,0,53,0,0,47900,"ACG",3687000000
1.650483227528876,64,0,0,58100,10803250,"2021-09-06T00:00:00",43800,105.4,105,105.3,105.5,104,105.3,0,0,0,0,0,66,0,0,64700,"ACG",4615000000
1.650483227528876,114,0,0,98100,10803250,"2021-09-01T00:00:00",77200,105,104.7,105.4,105.4,104.8,105,0,0,0,0,0,117,0,0,97100,"ACG",8108000000
1.650483227528876,80,0,0,82900,10803250,"2021-08-31T00:00:00",54600,104.7,103.8,106,106,104,105,0,0,0,0,0,83,0,0,64500,"ACG",5716000000
1.650483227528876,70,0,0,67600,10803250,"2021-08-30T00:00:00",47500,103.8,101,104,105,101,101,0,0,0,0,0,72,0,0,48700,"ACG",4932000000
1.650483227528876,28,0,0,38500,10803250,"2021-08-27T00:00:00",18900,101,102.6,102,102,99,99.5,0,0,0,0,0,29,0,0,30900,"ACG",1909000000
1.650483227528876,30,0,0,29100,10803250,"2021-08-26T00:00:00",20500,102.6,103.5,102.3,103.5,99.9,103.5,0,0,0,0,0,31,0,0,47100,"ACG",2104000000
1.650483227528876,73,0,0,58000,10803250,"2021-08-25T00:00:00",49600,103.5,104.6,103,104.9,100,104.6,0,0,0,0,0,75,0,0,70400,"ACG",5136000000
1.650483227528876,25,0,0,27200,10803250,"2021-08-24T00:00:00",17200,104.6,104.5,103.9,107.8,100,107.8,0,0,0,0,0,26,0,0,39300,"ACG",1799000000
1.650483227528876,42,0,0,33400,10803250,"2021-08-23T00:00:00",28300,104.5,104.4,104.4,108.9,99,99,0,0,0,0,0,43,0,0,67400,"ACG",2957000000
1.650483227528876,30,0,0,32700,10803250,"2021-08-20T00:00:00",20600,104.4,106.7,104.8,106.9,101,106.5,0,0,0,0,0,31,0,0,46200,"ACG",2150000000
1.650483227528876,36,0,0,41600,10803250,"2021-08-19T00:00:00",24700,106.7,107.7,106.5,108.8,104.7,108,0,0,0,0,0,37,0,0,59400,"ACG",2635000000
1.650483227528876,47,0,0,40800,10803250,"2021-08-18T00:00:00",32000,107.7,109,107,110.4,106.5,108,0,0,0,2626470000,23100,49,0,0,78400,"ACG",6072470000
1.650483227528876,145,0,0,106300,10803250,"2021-08-17T00:00:00",98500,109,110.7,109.6,110.5,106.5,109.8,0,0,0,0,0,149,0,0,138700,"ACG",10734000000
1.650483227528876,66,0,0,64100,10803250,"2021-08-16T00:00:00",45200,110.7,110.4,109.8,112.9,106.5,112.9,0,0,0,0,0,69,0,0,98000,"ACG",5004000000
1.650483227528876,245,0,0,190900,10803250,"2021-08-13T00:00:00",166700,110.4,112.8,108.7,116.9,107,111,0,0,0,0,0,253,0,0,226100,"ACG",18403000000
1.650483227528876,170,0,0,127200,10803250,"2021-08-12T00:00:00",115900,112.8,112.5,110,114,110,113,0,0,0,0,0,176,0,0,153200,"ACG",13072000000
1.650483227528876,265,0,0,220100,10803150,"2021-08-11T00:00:00",180500,112.5,110.6,113.3,114.9,109,109,0,0,0,0,0,274,0,0,198500,"ACG",20303000000
1.650483227528876,197,0,0,184700,10803150,"2021-08-10T00:00:00",133900,110.6,111.3,110.3,111.4,108.1,111.2,0,0,0,0,0,203,0,0,155900,"ACG",14804000000
1.650483227528876,199,0,0,167800,10803150,"2021-08-09T00:00:00",135600,111.3,117.1,111.4,116,108,115,0,0,0,0,0,206,100,11129396.984924624,167500,"ACG",15092000000
1.650483227528876,228,0,0,213400,10803150,"2021-08-06T00:00:00",155200,117.1,117,117,118,114.5,118,0,0,0,0,0,235,0,0,184100,"ACG",18173000000
1.650483227528876,334,0,0,345300,10803150,"2021-08-05T00:00:00",227100,117,123.1,118,125.9,113.1,125.9,0,0,0,0,0,344,0,0,284400,"ACG",26571000000
1.650483227528876,291,100,12238705.327039784,534500,10803150,"2021-08-04T00:00:00",197900,123.1,90,125.9,126,103,126,0,0,0,0,0,300,0,0,208200,"ACG",24370000000
