"adjRatio","buyCount","buyForeignQuantity","buyForeignValue","buyQuantity","currentForeignRoom","date","dealVolume","priceAverage","priceBasic","priceClose","priceHigh","priceLow","priceOpen","propTradingNetDealValue","propTradingNetPTValue","propTradingNetValue","putthroughValue","putthroughVolume","sellCount","sellForeignQuantity","sellForeignValue","sellQuantity","symbol","totalValue","totalVolume"
1,0,0,0,1100,1003486,"2023-06-13T00:00:00",0,12.3,12.3,12.3,12.3,12.3,12.3,,,,0,0,0,0,0,2200,"BBH",0,0
1,2,0,0,1100,1003486,"2023-06-12T00:00:00",0,12.3,12.3,12.3,12.3,12.3,12.3,0,0,0,0,0,2,0,0,1200,"BBH",0,0
1,2,0,0,1100,1003486,"2023-06-09T00:00:00",0,12.3,12.3,12.3,12.3,12.3,12.3,0,0,0,0,0,2,0,0,1100,"BBH",0,0
1,5,0,0,2501,1003486,"2023-06-08T00:00:00",300,12.3,12.3,12.3,12.3,12.3,12.3,0,0,0,0,0,2,0,0,1500,"BBH",3690000,300
1,5,0,0,2200,1003486,"2023-06-07T00:00:00",1300,12.3,12.3,12.3,12.3,12.3,12.3,0,0,0,0,0,2,0,0,2800,"BBH",15990000,1300
1,3,0,0,2200,1003486,"2023-06-06T00:00:00",0,12.3,12.3,12.3,12.3,12.3,12.3,0,0,0,0,0,2,0,0,2800,"BBH",0,0
1,4,0,0,6001,1003486,"2023-06-05T00:00:00",0,12.3,12.3,12.3,12.3,12.3,12.3,0,0,0,0,0,1,0,0,200,"BBH",0,0
1,13,0,0,6701,1003486,"2023-06-02T00:00:00",5000,12.3,12.7,12.3,12.3,12.3,12.3,0,0,0,0,0,1,0,0,5600,"BBH",61500000,5000
1,10,0,0,1702,1003486,"2023-06-01T00:00:00",800,12.7,14.9,12.7,12.7,12.7,12.7,0,0,0,0,0,4,0,0,4900,"BBH",10160000,800
1,1,0,0,1,1003486,"2023-05-31T00:00:00",0,14.9,14.9,14.9,14.9,14.9,14.9,0,0,0,0,0,2,0,0,3100,"BBH",0,0
1,3,0,0,1101,1003486,"2023-05-30T00:00:00",100,14.9,13,14.9,14.9,14.9,14.9,0,0,0,0,0,1,0,0,100,"BBH",1490000,100
1,2,0,0,101,1003486,"2023-05-29T00:00:00",100,13,15.2,13,13,13,13,0,0,0,0,0,4,0,0,12900,"BBH",1300000,100
1,0,0,0,0,1003486,"2023-05-26T00:00:00",0,15.2,15.2,15.2,15.2,15.2,15.2,0,0,0,0,0,2,0,0,3300,"BBH",0,0
1,0,0,0,0,1003486,"2023-05-25T00:00:00",0,15.2,15.2,15.2,15.2,15.2,15.2,0,0,0,0,0,3,0,0,8900,"BBH",0,0
1,0,0,0,0,1003486,"2023-05-24T00:00:00",0,15.2,15.2,15.2,15.2,15.2,15.2,0,0,0,0,0,2,0,0,3300,"BBH",0,0
1,0,0,0,0,1003486,"2023-05-23T00:00:00",0,15.2,15.2,15.2,15.2,15.2,15.2,0,0,0,0,0,6,0,0,8900,"BBH",0,0
1,0,0,0,0,1003486,"2023-05-22T00:00:00",0,15.2,15.2,15.2,15.2,15.2,15.2,0,0,0,0,0,5,0,0,12800,"BBH",0,0
1,5,0,0,811,1003486,"2023-05-19T00:00:00",100,15.2,13.3,15.2,15.2,15.2,15.2,0,0,0,0,0,2,0,0,300,"BBH",1520000,100
1,3,0,0,602,1003486,"2023-05-18T00:00:00",0,13.3,13.3,13.3,13.3,13.3,13.3,0,0,0,0,0,1,0,0,5600,"BBH",0,0
1,2,0,0,101,1003486,"2023-05-17T00:00:00",0,13.3,13.3,13.3,13.3,13.3,13.3,0,0,0,0,0,4,0,0,5600,"BBH",0,0
1,7,0,0,8901,1003486,"2023-05-16T00:00:00",100,13.3,11.6,13.3,13.3,13.3,13.3,0,0,0,0,0,4,0,0,4700,"BBH",1330000,100
1,6,0,0,8801,1003486,"2023-05-15T00:00:00",0,11.6,11.6,11.6,11.6,11.6,11.6,0,0,0,0,0,3,0,0,5600,"BBH",0,0
1,5,0,0,1101,1003486,"2023-05-12T00:00:00",300,11.6,12.9,11.6,11.6,11.6,11.6,0,0,0,0,0,4,0,0,5000,"BBH",3480000,300
1,4,0,0,1100,1003486,"2023-05-11T00:00:00",0,12.9,12.9,12.9,12.9,12.9,12.9,0,0,0,0,0,5,0,0,5900,"BBH",0,0
1,4,0,0,1000,1003486,"2023-05-10T00:00:00",0,12.9,12.9,12.9,12.9,12.9,12.9,0,0,0,0,0,2,0,0,2800,"BBH",0,0
1,6,0,0,4300,1003486,"2023-05-09T00:00:00",100,12.9,11.6,12.9,12.9,12.9,12.9,0,0,0,0,0,4,0,0,4900,"BBH",1290000,100
1,4,0,0,2101,1003486,"2023-05-08T00:00:00",2000,11.6,13.6,11.6,11.6,11.6,11.6,0,0,0,0,0,5,0,0,8800,"BBH",23200000,2000
1,1,0,0,700,1003486,"2023-05-05T00:00:00",0,13.6,13.6,13.6,13.6,13.6,13.6,0,0,0,0,0,1,0,0,100,"BBH",0,0
1,2,0,0,101,1003486,"2023-05-04T00:00:00",100,13.6,15.9,13.6,13.6,13.6,13.6,0,0,0,0,0,3,0,0,1300,"BBH",1360000,100
1,0,0,0,0,1003486,"2023-04-28T00:00:00",0,15.9,15.9,15.9,15.9,15.9,15.9,0,0,0,0,0,4,0,0,2300,"BBH",0,0
1,0,0,0,0,1003486,"2023-04-27T00:00:00",0,15.9,15.9,15.9,15.9,15.9,15.9,0,0,0,0,0,4,0,0,5300,"BBH",0,0
1,0,0,0,0,1003486,"2023-04-26T00:00:00",0,15.9,15.9,15.9,15.9,15.9,15.9,0,0,0,0,0,4,0,0,5300,"BBH",0,0
1,0,0,0,0,1003486,"2023-04-25T00:00:00",0,15.9,15.9,15.9,15.9,15.9,15.9,0,0,0,0,0,3,0,0,1200,"BBH",0,0
1,0,0,0,0,1003486,"2023-04-24T00:00:00",0,15.9,15.9,15.9,15.9,15.9,15.9,0,0,0,0,0,3,0,0,5100,"BBH",0,0
1,1,0,0,100,1003486,"2023-04-21T00:00:00",100,15.9,15.1,15.9,15.9,15.9,15.9,0,0,0,0,0,3,0,0,900,"BBH",1590000,100
1,4,0,0,4100,1003486,"2023-04-20T00:00:00",100,15.1,13.3,15.1,15.1,15.1,15.1,0,0,0,0,0,2,0,0,400,"BBH",1510000,100
1,3,0,0,2100,1003486,"2023-04-19T00:00:00",100,13.3,11.6,13.3,13.3,13.3,13.3,0,0,0,0,0,1,0,0,100,"BBH",1330000,100
1,2,0,0,2000,1003486,"2023-04-18T00:00:00",0,11.6,11.6,11.6,11.6,11.6,11.6,0,0,0,0,0,0,0,0,0,"BBH",0,0
1,2,0,0,2000,1003486,"2023-04-17T00:00:00",0,11.6,11.6,11.6,11.6,11.6,11.6,0,0,0,0,0,0,0,0,0,"BBH",0,0
1,4,0,0,2106,1003486,"2023-04-14T00:00:00",0,11.6,11.6,11.6,11.6,11.6,11.6,0,0,0,0,0,0,0,0,0,"BBH",0,0
1,5,0,0,606,1003486,"2023-04-13T00:00:00",500,11.6,13.6,11.6,11.7,11.6,11.6,0,0,0,0,0,3,0,0,500,"BBH",5810000,500
1,1,0,0,100,1003486,"2023-04-12T00:00:00",100,13.6,16,13.6,13.6,13.6,13.6,0,0,0,0,0,2,0,0,1100,"BBH",1360000,100
1,0,0,0,0,1003486,"2023-04-11T00:00:00",0,16,16,16,16,16,16,0,0,0,0,0,2,0,0,1400,"BBH",0,0
1,0,0,0,0,1003486,"2023-04-10T00:00:00",0,16,16,16,16,16,16,0,0,0,0,0,3,0,0,1500,"BBH",0,0
1,0,0,0,0,1003486,"2023-04-07T00:00:00",0,16,16,16,16,16,16,0,0,0,0,0,2,0,0,1100,"BBH",0,0
1,0,0,0,0,1003486,"2023-04-06T00:00:00",0,16,16,16,16,16,16,0,0,0,0,0,3,0,0,1500,"BBH",0,0
1,0,0,0,0,1003486,"2023-04-05T00:00:00",0,16,16,16,16,16,16,0,0,0,0,0,3,0,0,1500,"BBH",0,0
1,0,0,0,0,1003486,"2023-04-04T00:00:00",0,16,16,16,16,16,16,0,0,0,0,0,3,0,0,1500,"BBH",0,0
1,0,0,0,0,1003486,"2023-04-03T00:00:00",0,16,16,16,16,16,16,0,0,0,0,0,3,0,0,1500,"BBH",0,0
1,0,0,0,0,1003486,"2023-03-31T00:00:00",0,16,16,16,16,16,16,0,0,0,0,0,2,0,0,1400,"BBH",0,0
1,0,0,0,0,1003486,"2023-03-30T00:00:00",0,16,16,16,16,16,16,0,0,0,0,0,1,0,0,1000,"BBH",0,0
1,0,0,0,0,1003486,"2023-03-29T00:00:00",0,16,16,16,16,16,16,0,0,0,0,0,2,0,0,1100,"BBH",0,0
1,0,0,0,0,1003486,"2023-03-28T00:00:00",0,16,16,16,16,16,16,0,0,0,0,0,3,0,0,1500,"BBH",0,0
1,0,0,0,0,1003486,"2023-03-27T00:00:00",0,16,16,16,16,16,16,0,0,0,0,0,2,0,0,1100,"BBH",0,0
1,0,0,0,0,1003486,"2023-03-24T00:00:00",0,16,16,16,16,16,16,0,0,0,0,0,3,0,0,1500,"BBH",0,0
1,1,0,0,8806,1003486,"2023-03-23T00:00:00",0,16,16,16,16,16,16,0,0,0,119761600,8806,4,0,0,10306,"BBH",119761600,8806
1,0,0,0,0,1003486,"2023-03-22T00:00:00",0,16,16,16,16,16,16,0,0,0,0,0,3,0,0,1500,"BBH",0,0
1,0,0,0,0,1003486,"2023-03-21T00:00:00",0,16,16,16,16,16,16,0,0,0,0,0,4,0,0,1500,"BBH",0,0
1,0,0,0,0,1003486,"2023-03-20T00:00:00",0,16,16,16,16,16,16,0,0,0,0,0,3,0,0,1400,"BBH",0,0
1,0,0,0,0,1003486,"2023-03-17T00:00:00",0,16,16,16,16,16,16,0,0,0,0,0,4,0,0,1400,"BBH",0,0
1,2,0,0,101,1003486,"2023-03-16T00:00:00",100,16,17.9,16,16,16,16,0,0,0,0,0,4,0,0,4700,"BBH",1600000,100
1,1,0,0,1,1003486,"2023-03-15T00:00:00",0,17.9,17.9,17.9,17.9,17.9,17.9,0,0,0,0,0,5,0,0,1700,"BBH",0,0
1,0,0,0,0,1003486,"2023-03-14T00:00:00",0,17.9,17.9,17.9,17.9,17.9,17.9,0,0,0,0,0,3,0,0,1400,"BBH",0,0
1,0,0,0,0,1003486,"2023-03-13T00:00:00",0,17.9,17.9,17.9,17.9,17.9,17.9,0,0,0,0,0,5,0,0,1800,"BBH",0,0
1,0,0,0,0,1003486,"2023-03-10T00:00:00",0,17.9,17.9,17.9,17.9,17.9,17.9,0,0,0,0,0,4,0,0,1500,"BBH",0,0
1,0,0,0,0,1003486,"2023-03-09T00:00:00",0,17.9,17.9,17.9,17.9,17.9,17.9,0,0,0,0,0,5,0,0,1800,"BBH",0,0
1,0,0,0,0,1003486,"2023-03-08T00:00:00",0,17.9,17.9,17.9,17.9,17.9,17.9,0,0,0,0,0,5,0,0,5300,"BBH",0,0
1,0,0,0,0,1003486,"2023-03-07T00:00:00",0,17.9,17.9,17.9,17.9,17.9,17.9,0,0,0,0,0,4,0,0,1500,"BBH",0,0
1,0,0,0,0,1003486,"2023-03-06T00:00:00",0,17.9,17.9,17.9,17.9,17.9,17.9,0,0,0,0,0,3,0,0,1400,"BBH",0,0
1,0,0,0,0,1003486,"2023-03-03T00:00:00",0,17.9,17.9,17.9,17.9,17.9,17.9,0,0,0,0,0,4,0,0,1300,"BBH",0,0
1,0,0,0,0,1003486,"2023-03-02T00:00:00",0,17.9,17.9,17.9,17.9,17.9,17.9,0,0,0,0,0,6,0,0,5800,"BBH",0,0
1,0,0,0,0,1003486,"2023-03-01T00:00:00",0,17.9,17.9,17.9,17.9,17.9,17.9,0,0,0,0,0,6,0,0,5700,"BBH",0,0
1,0,0,0,0,1003486,"2023-02-28T00:00:00",0,17.9,17.9,17.9,17.9,17.9,17.9,0,0,0,0,0,4,0,0,1300,"BBH",0,0
1,0,0,0,0,1003486,"2023-02-27T00:00:00",0,17.9,17.9,17.9,17.9,17.9,17.9,0,0,0,0,0,4,0,0,1400,"BBH",0,0
1,0,0,0,0,1003486,"2023-02-24T00:00:00",0,17.9,17.9,17.9,17.9,17.9,17.9,0,0,0,0,0,5,0,0,2000,"BBH",0,0
1,0,0,0,0,1003486,"2023-02-23T00:00:00",0,17.9,17.9,17.9,17.9,17.9,17.9,0,0,0,0,0,3,0,0,400,"BBH",0,0
1,1,0,0,50,1003486,"2023-02-22T00:00:00",0,17.9,17.9,17.9,17.9,17.9,17.9,0,0,0,0,0,6,0,0,1500,"BBH",0,0
1,1,0,0,100,1003486,"2023-02-21T00:00:00",100,17.9,15.8,17.9,17.9,17.9,17.9,0,0,0,0,0,6,0,0,1600,"BBH",1790000,100
1,0,0,0,0,1003486,"2023-02-20T00:00:00",0,15.8,15.8,15.8,15.8,15.8,15.8,0,0,0,0,0,4,0,0,2100,"BBH",0,0
1,0,0,0,0,1003486,"2023-02-17T00:00:00",0,15.8,15.8,15.8,15.8,15.8,15.8,0,0,0,0,0,3,0,0,1300,"BBH",0,0
1,0,0,0,0,1003486,"2023-02-16T00:00:00",0,15.8,15.8,15.8,15.8,15.8,15.8,0,0,0,0,0,4,0,0,2300,"BBH",0,0
1,2,0,0,128,1003486,"2023-02-15T00:00:00",100,15.8,13.8,15.8,15.8,15.8,15.8,0,0,0,0,0,4,0,0,2100,"BBH",1580000,100
1,0,0,0,0,1003486,"2023-02-14T00:00:00",0,13.8,13.8,13.8,13.8,13.8,13.8,0,0,0,0,0,3,0,0,1600,"BBH",0,0
1,4,0,0,1151,1003486,"2023-02-13T00:00:00",100,13.8,12.5,13.8,13.8,13.8,13.8,0,0,0,0,0,2,0,0,500,"BBH",1380000,100
1,4,0,0,1300,1003486,"2023-02-10T00:00:00",0,12.5,12.5,12.5,12.5,12.5,12.5,0,0,0,0,0,3,0,0,500,"BBH",0,0
1,5,0,0,7100,1003486,"2023-02-09T00:00:00",4100,12.5,11,12.6,12.6,9.4,9.4,0,0,0,0,0,5,0,0,4500,"BBH",51109985,4100
1,1,0,0,100,1003486,"2023-02-08T00:00:00",0,11,11,11,11,11,11,0,0,0,0,0,2,0,0,200,"BBH",0,0
1,2,0,0,200,1003486,"2023-02-07T00:00:00",0,11,11,11,11,11,11,0,0,0,0,0,4,0,0,3300,"BBH",0,0
1,2,0,0,101,1003486,"2023-02-06T00:00:00",0,11,11,11,11,11,11,0,0,0,0,0,3,0,0,400,"BBH",0,0
1,0,0,0,0,1003486,"2023-02-03T00:00:00",0,11,11,11,11,11,11,0,0,0,0,0,2,0,0,1300,"BBH",0,0
1,0,0,0,0,1003486,"2023-02-02T00:00:00",0,11,11,11,11,11,11,0,0,0,0,0,2,0,0,1300,"BBH",0,0
1,0,0,0,0,1003486,"2023-02-01T00:00:00",0,11,11,11,11,11,11,0,0,0,0,0,1,0,0,100,"BBH",0,0
1,0,0,0,0,1003486,"2023-01-31T00:00:00",0,11,11,11,11,11,11,0,0,0,0,0,3,0,0,4300,"BBH",0,0
1,2,0,0,3000,1003486,"2023-01-30T00:00:00",3000,11,12.9,11,11,11,11,0,0,0,0,0,6,0,0,4400,"BBH",33000000,3000
1,0,0,0,0,1003486,"2023-01-27T00:00:00",0,12.9,12.9,12.9,12.9,12.9,12.9,0,0,0,0,0,3,0,0,1400,"BBH",0,0
1,0,0,0,0,1003486,"2023-01-19T00:00:00",0,12.9,12.9,12.9,12.9,12.9,12.9,0,0,0,0,0,2,0,0,200,"BBH",0,0
1,0,0,0,0,1003486,"2023-01-18T00:00:00",0,12.9,12.9,12.9,12.9,12.9,12.9,0,0,0,0,0,3,0,0,1400,"BBH",0,0
1,1,0,0,1,1003486,"2023-01-17T00:00:00",0,12.9,12.9,12.9,12.9,12.9,12.9,0,0,0,0,0,4,0,0,2400,"BBH",0,0
1,0,0,0,0,1003486,"2023-01-16T00:00:00",0,12.9,12.9,12.9,12.9,12.9,12.9,0,0,0,0,0,3,0,0,1200,"BBH",0,0
1,0,0,0,0,1003486,"2023-01-13T00:00:00",0,12.9,12.9,12.9,12.9,12.9,12.9,0,0,0,0,0,3,0,0,1100,"BBH",0,0
1,0,0,0,0,1003486,"2023-01-12T00:00:00",0,12.9,12.9,12.9,12.9,12.9,12.9,0,0,0,0,0,2,0,0,200,"BBH",0,0
1,6,0,0,2400,1003486,"2023-01-11T00:00:00",100,12.9,13.1,12.9,12.9,12.9,12.9,0,0,0,0,0,5,0,0,4500,"BBH",1290000,100
1,0,0,0,0,1003486,"2023-01-10T00:00:00",0,13.1,13.1,13.1,13.1,13.1,13.1,0,0,0,0,0,2,0,0,200,"BBH",0,0
1,0,0,0,0,1003486,"2023-01-09T00:00:00",0,13.1,13.1,13.1,13.1,13.1,13.1,0,0,0,0,0,3,0,0,1000,"BBH",0,0
1,0,0,0,0,1003486,"2023-01-06T00:00:00",0,13.1,13.1,13.1,13.1,13.1,13.1,0,0,0,0,0,3,0,0,1200,"BBH",0,0
1,0,0,0,0,1003486,"2023-01-05T00:00:00",0,13.1,13.1,13.1,13.1,13.1,13.1,0,0,0,0,0,4,0,0,4000,"BBH",0,0
1,0,0,0,0,1003486,"2023-01-04T00:00:00",0,13.1,13.1,13.1,13.1,13.1,13.1,0,0,0,0,0,3,0,0,1400,"BBH",0,0
1,0,0,0,0,1003486,"2023-01-03T00:00:00",0,13.1,13.1,13.1,13.1,13.1,13.1,0,0,0,0,0,4,0,0,1400,"BBH",0,0
1,0,0,0,0,1003486,"2022-12-30T00:00:00",0,13.1,13.1,13.1,13.1,13.1,13.1,0,0,0,0,0,4,0,0,4100,"BBH",0,0
1,0,0,0,0,1003486,"2022-12-29T00:00:00",0,13.1,13.1,13.1,13.1,13.1,13.1,0,0,0,0,0,4,0,0,1400,"BBH",0,0
1,0,0,0,0,1003486,"2022-12-28T00:00:00",0,13.1,13.1,13.1,13.1,13.1,13.1,0,0,0,0,0,3,0,0,1300,"BBH",0,0
1,0,0,0,0,1003486,"2022-12-27T00:00:00",0,13.1,13.1,13.1,13.1,13.1,13.1,0,0,0,0,0,3,0,0,1400,"BBH",0,0
1,0,0,0,0,1003486,"2022-12-26T00:00:00",0,13.1,13.1,13.1,13.1,13.1,13.1,0,0,0,0,0,3,0,0,1400,"BBH",0,0
1,0,0,0,0,1003486,"2022-12-23T00:00:00",0,13.1,13.1,13.1,13.1,13.1,13.1,0,0,0,0,0,3,0,0,3100,"BBH",0,0
1,0,0,0,0,1003486,"2022-12-22T00:00:00",0,13.1,13.1,13.1,13.1,13.1,13.1,0,0,0,0,0,2,0,0,200,"BBH",0,0
1,0,0,0,0,1003486,"2022-12-21T00:00:00",0,13.1,13.1,13.1,13.1,13.1,13.1,0,0,0,0,0,2,0,0,200,"BBH",0,0
1,0,0,0,0,1003486,"2022-12-20T00:00:00",0,13.1,13.1,13.1,13.1,13.1,13.1,0,0,0,0,0,2,0,0,200,"BBH",0,0
1,0,0,0,0,1003486,"2022-12-19T00:00:00",0,13.1,13.1,13.1,13.1,13.1,13.1,0,0,0,0,0,3,0,0,1400,"BBH",0,0
1,0,0,0,0,1003486,"2022-12-16T00:00:00",0,13.1,13.1,13.1,13.1,13.1,13.1,0,0,0,0,0,4,0,0,5000,"BBH",0,0
1,0,0,0,0,1003486,"2022-12-15T00:00:00",0,13.1,13.1,13.1,13.1,13.1,13.1,0,0,0,0,0,3,0,0,1100,"BBH",0,0
1,0,0,0,0,1003486,"2022-12-14T00:00:00",0,13.1,13.1,13.1,13.1,13.1,13.1,0,0,0,0,0,3,0,0,1400,"BBH",0,0
1,0,0,0,0,1003486,"2022-12-13T00:00:00",0,13.1,13.1,13.1,13.1,13.1,13.1,0,0,0,0,0,3,0,0,1400,"BBH",0,0
1,0,0,0,0,1003486,"2022-12-12T00:00:00",0,13.1,13.1,13.1,13.1,13.1,13.1,0,0,0,0,0,4,0,0,4000,"BBH",0,0
1,0,0,0,0,1003486,"2022-12-09T00:00:00",0,13.1,13.1,13.1,13.1,13.1,13.1,0,0,0,0,0,4,0,0,1400,"BBH",0,0
1,0,0,0,0,1003486,"2022-12-08T00:00:00",0,13.1,13.1,13.1,13.1,13.1,13.1,0,0,0,0,0,3,0,0,600,"BBH",0,0
1,0,0,0,0,1003486,"2022-12-07T00:00:00",0,13.1,13.1,13.1,13.1,13.1,13.1,0,0,0,0,0,3,0,0,800,"BBH",0,0
1,0,0,0,0,1003486,"2022-12-06T00:00:00",0,13.1,13.1,13.1,13.1,13.1,13.1,0,0,0,0,0,4,0,0,3800,"BBH",0,0
1,1,0,0,100,1003486,"2022-12-05T00:00:00",0,13.1,13.1,13.1,13.1,13.1,13.1,0,0,0,0,0,3,0,0,3400,"BBH",0,0
1,5,0,0,3103,1003486,"2022-12-02T00:00:00",100,13.1,11.4,13.1,13.1,13.1,13.1,0,0,0,0,0,1,0,0,3000,"BBH",1310000,100
1,8,0,0,11800,1003486,"2022-12-01T00:00:00",1400,11.4,16.8,11.4,11.4,11.4,11.4,0,0,0,0,0,5,0,0,8200,"BBH",15960000,1400
1,0,0,0,0,1003486,"2022-11-30T00:00:00",0,16.8,16.8,16.8,16.8,16.8,16.8,0,0,0,0,0,2,0,0,2200,"BBH",0,0
1,0,0,0,0,1003486,"2022-11-29T00:00:00",0,16.8,16.8,16.8,16.8,16.8,16.8,0,0,0,0,0,2,0,0,2200,"BBH",0,0
1,0,0,0,0,1003486,"2022-11-28T00:00:00",0,16.8,16.8,16.8,16.8,16.8,16.8,0,0,0,0,0,4,0,0,6500,"BBH",0,0
1,0,0,0,0,1003486,"2022-11-25T00:00:00",0,16.8,16.8,16.8,16.8,16.8,16.8,0,0,0,0,0,2,0,0,2200,"BBH",0,0
1,0,0,0,0,1003486,"2022-11-24T00:00:00",0,16.8,16.8,16.8,16.8,16.8,16.8,0,0,0,0,0,2,0,0,1200,"BBH",0,0
1,0,0,0,0,1003486,"2022-11-23T00:00:00",0,16.8,16.8,16.8,16.8,16.8,16.8,0,0,0,0,0,3,0,0,2500,"BBH",0,0
1,0,0,0,0,1003486,"2022-11-22T00:00:00",0,16.8,16.8,16.8,16.8,16.8,16.8,0,0,0,0,0,2,0,0,500,"BBH",0,0
1,0,0,0,0,1003486,"2022-11-21T00:00:00",0,16.8,16.8,16.8,16.8,16.8,16.8,0,0,0,0,0,2,0,0,1200,"BBH",0,0
1,0,0,0,0,1003486,"2022-11-18T00:00:00",0,16.8,16.8,16.8,16.8,16.8,16.8,0,0,0,0,0,4,0,0,6500,"BBH",0,0
1,0,0,0,0,1003486,"2022-11-17T00:00:00",0,16.8,16.8,16.8,16.8,16.8,16.8,0,0,0,0,0,3,0,0,2200,"BBH",0,0
1,0,0,0,0,1003486,"2022-11-16T00:00:00",0,16.8,16.8,16.8,16.8,16.8,16.8,0,0,0,0,0,3,0,0,6200,"BBH",0,0
1,0,0,0,0,1003486,"2022-11-15T00:00:00",0,16.8,16.8,16.8,16.8,16.8,16.8,0,0,0,0,0,2,0,0,2200,"BBH",0,0
1,0,0,0,0,1003486,"2022-11-14T00:00:00",0,16.8,16.8,16.8,16.8,16.8,16.8,0,0,0,0,0,2,0,0,2200,"BBH",0,0
1,0,0,0,0,1003486,"2022-11-11T00:00:00",0,16.8,16.8,16.8,16.8,16.8,16.8,0,0,0,0,0,2,0,0,2200,"BBH",0,0
1,0,0,0,0,1003486,"2022-11-10T00:00:00",0,16.8,16.8,16.8,16.8,16.8,16.8,0,0,0,0,0,2,0,0,7000,"BBH",0,0
1,0,0,0,0,1003486,"2022-11-09T00:00:00",0,16.8,16.8,16.8,16.8,16.8,16.8,0,0,0,0,0,1,0,0,2000,"BBH",0,0
1,0,0,0,0,1003486,"2022-11-08T00:00:00",0,16.8,16.8,16.8,16.8,16.8,16.8,0,0,0,0,0,2,0,0,6000,"BBH",0,0
1,0,0,0,0,1003486,"2022-11-07T00:00:00",0,16.8,16.8,16.8,16.8,16.8,16.8,0,0,0,0,0,3,0,0,3500,"BBH",0,0
1,0,0,0,0,1003486,"2022-11-04T00:00:00",0,16.8,16.8,16.8,16.8,16.8,16.8,0,0,0,0,0,2,0,0,4200,"BBH",0,0
1,0,0,0,0,1003486,"2022-11-03T00:00:00",0,16.8,16.8,16.8,16.8,16.8,16.8,0,0,0,0,0,2,0,0,5000,"BBH",0,0
1,0,0,0,0,1003486,"2022-11-02T00:00:00",0,16.8,16.8,16.8,16.8,16.8,16.8,0,0,0,0,0,1,0,0,4000,"BBH",0,0
1,0,0,0,0,1003486,"2022-11-01T00:00:00",0,16.8,16.8,16.8,16.8,16.8,16.8,0,0,0,0,0,2,0,0,6000,"BBH",0,0
1,0,0,0,0,1003486,"2022-10-31T00:00:00",0,16.8,16.8,16.8,16.8,16.8,16.8,0,0,0,0,0,2,0,0,2200,"BBH",0,0
1,0,0,0,0,1003486,"2022-10-28T00:00:00",0,16.8,16.8,16.8,16.8,16.8,16.8,0,0,0,0,0,2,0,0,4200,"BBH",0,0
1,0,0,0,0,1003486,"2022-10-27T00:00:00",0,16.8,16.8,16.8,16.8,16.8,16.8,0,0,0,0,0,3,0,0,4400,"BBH",0,0
1,0,0,0,0,1003486,"2022-10-26T00:00:00",0,16.8,16.8,16.8,16.8,16.8,16.8,0,0,0,0,0,3,0,0,4400,"BBH",0,0
1,0,0,0,0,1003486,"2022-10-25T00:00:00",0,16.8,16.8,16.8,16.8,16.8,16.8,0,0,0,0,0,3,0,0,2500,"BBH",0,0
1,0,0,0,0,1003486,"2022-10-24T00:00:00",0,16.8,16.8,16.8,16.8,16.8,16.8,0,0,0,0,0,2,0,0,4200,"BBH",0,0
1,0,0,0,0,1003486,"2022-10-21T00:00:00",0,16.8,16.8,16.8,16.8,16.8,16.8,0,0,0,0,0,3,0,0,2500,"BBH",0,0
1,0,0,0,0,1003486,"2022-10-20T00:00:00",0,16.8,16.8,16.8,16.8,16.8,16.8,0,0,0,0,0,3,0,0,1300,"BBH",0,0
1,0,0,0,0,1003486,"2022-10-19T00:00:00",0,16.8,16.8,16.8,16.8,16.8,16.8,0,0,0,0,0,3,0,0,2500,"BBH",0,0
1,1,0,0,100,1003486,"2022-10-18T00:00:00",100,16.8,17.1,16.8,16.8,16.8,16.8,0,0,0,0,0,4,0,0,6300,"BBH",1680000,100
1,0,0,0,0,1003486,"2022-10-17T00:00:00",0,17.1,17.1,17.1,17.1,17.1,17.1,0,0,0,0,0,3,0,0,4300,"BBH",0,0
1,0,0,0,0,1003486,"2022-10-14T00:00:00",0,17.1,17.1,17.1,17.1,17.1,17.1,0,0,0,0,0,1,0,0,200,"BBH",0,0
1,0,0,0,0,1003486,"2022-10-13T00:00:00",0,17.1,17.1,17.1,17.1,17.1,17.1,0,0,0,0,0,1,0,0,200,"BBH",0,0
1,0,0,0,0,1003486,"2022-10-12T00:00:00",0,17.1,17.1,17.1,17.1,17.1,17.1,0,0,0,0,0,2,0,0,500,"BBH",0,0
1,0,0,0,0,1003486,"2022-10-11T00:00:00",0,17.1,17.1,17.1,17.1,17.1,17.1,0,0,0,0,0,1,0,0,200,"BBH",0,0
1,0,0,0,0,1003486,"2022-10-10T00:00:00",0,17.1,17.1,17.1,17.1,17.1,17.1,0,0,0,0,0,2,0,0,2200,"BBH",0,0
1,0,0,0,0,1003486,"2022-10-07T00:00:00",0,17.1,17.1,17.1,17.1,17.1,17.1,0,0,0,0,0,3,0,0,2500,"BBH",0,0
1,0,0,0,0,1003486,"2022-10-06T00:00:00",0,17.1,17.1,17.1,17.1,17.1,17.1,0,0,0,0,0,3,0,0,4900,"BBH",0,0
1,0,0,0,0,1003486,"2022-10-05T00:00:00",0,17.1,17.1,17.1,17.1,17.1,17.1,0,0,0,0,0,3,0,0,2500,"BBH",0,0
1,0,0,0,0,1003486,"2022-10-04T00:00:00",0,17.1,17.1,17.1,17.1,17.1,17.1,0,0,0,0,0,4,0,0,6500,"BBH",0,0
1,0,0,0,0,1003486,"2022-10-03T00:00:00",0,17.1,17.1,17.1,17.1,17.1,17.1,0,0,0,0,0,3,0,0,4900,"BBH",0,0
1,0,0,0,0,1003486,"2022-09-30T00:00:00",0,17.1,17.1,17.1,17.1,17.1,17.1,0,0,0,0,0,1,0,0,200,"BBH",0,0
1,0,0,0,0,1003486,"2022-09-29T00:00:00",0,17.1,17.1,17.1,17.1,17.1,17.1,0,0,0,0,0,4,0,0,1700,"BBH",0,0
1,0,0,0,0,1003486,"2022-09-28T00:00:00",0,17.1,17.1,17.1,17.1,17.1,17.1,0,0,0,0,0,0,0,0,0,"BBH",0,0
1,0,0,0,0,1003486,"2022-09-27T00:00:00",0,17.1,17.1,17.1,17.1,17.1,17.1,0,0,0,0,0,2,0,0,2300,"BBH",0,0
1,0,0,0,0,1003486,"2022-09-26T00:00:00",0,17.1,17.1,17.1,17.1,17.1,17.1,0,0,0,0,0,1,0,0,2000,"BBH",0,0
1,0,0,0,0,1003486,"2022-09-23T00:00:00",0,17.1,17.1,17.1,17.1,17.1,17.1,0,0,0,0,0,1,0,0,300,"BBH",0,0
1,0,0,0,0,1003486,"2022-09-22T00:00:00",0,17.1,17.1,17.1,17.1,17.1,17.1,0,0,0,0,0,2,0,0,4700,"BBH",0,0
1,0,0,0,0,1003486,"2022-09-21T00:00:00",0,17.1,17.1,17.1,17.1,17.1,17.1,0,0,0,0,0,1,0,0,4400,"BBH",0,0
1,0,0,0,0,1003486,"2022-09-20T00:00:00",0,17.1,17.1,17.1,17.1,17.1,17.1,0,0,0,0,0,1,0,0,2200,"BBH",0,0
1,0,0,0,0,1003486,"2022-09-19T00:00:00",0,17.1,17.1,17.1,17.1,17.1,17.1,0,0,0,0,0,1,0,0,2000,"BBH",0,0
1,0,0,0,0,1003486,"2022-09-16T00:00:00",0,17.1,17.1,17.1,17.1,17.1,17.1,0,0,0,0,0,0,0,0,0,"BBH",0,0
1,0,0,0,0,1003486,"2022-09-15T00:00:00",0,17.1,17.1,17.1,17.1,17.1,17.1,0,0,0,0,0,2,0,0,2300,"BBH",0,0
1,1,0,0,2,1003486,"2022-09-14T00:00:00",0,17.1,17.1,17.1,17.1,17.1,17.1,0,0,0,0,0,2,0,0,4300,"BBH",0,0
1,0,0,0,0,1003486,"2022-09-13T00:00:00",0,17.1,17.1,17.1,17.1,17.1,17.1,0,0,0,0,0,1,0,0,4400,"BBH",0,0
1,0,0,0,0,1003486,"2022-09-12T00:00:00",0,17.1,17.1,17.1,17.1,17.1,17.1,0,0,0,0,0,2,0,0,2007,"BBH",0,0
1,0,0,0,0,1003486,"2022-09-09T00:00:00",0,17.1,17.1,17.1,17.1,17.1,17.1,0,0,0,0,0,1,0,0,2000,"BBH",0,0
1,0,0,0,0,1003486,"2022-09-08T00:00:00",0,17.1,17.1,17.1,17.1,17.1,17.1,0,0,0,0,0,2,0,0,2300,"BBH",0,0
1,0,0,0,0,1003486,"2022-09-07T00:00:00",0,17.1,17.1,17.1,17.1,17.1,17.1,0,0,0,0,0,1,0,0,1000,"BBH",0,0
1,0,0,0,0,1003486,"2022-09-06T00:00:00",0,17.1,17.1,17.1,17.1,17.1,17.1,0,0,0,0,0,2,0,0,1300,"BBH",0,0
1,1,0,0,100,1003486,"2022-09-05T00:00:00",100,17.1,15.1,17.1,17.1,17.1,17.1,0,0,0,0,0,2,0,0,4400,"BBH",1710000,100
1,0,0,0,0,1003486,"2022-08-31T00:00:00",0,15.1,15.1,15.1,15.1,15.1,15.1,0,0,0,0,0,1,0,0,200,"BBH",0,0
1,0,0,0,0,1003486,"2022-08-30T00:00:00",0,15.1,15.1,15.1,15.1,15.1,15.1,0,0,0,0,0,2,0,0,500,"BBH",0,0
1,0,0,0,0,1003486,"2022-08-29T00:00:00",0,15.1,15.1,15.1,15.1,15.1,15.1,0,0,0,0,0,3,0,0,4800,"BBH",0,0
1,0,0,0,0,1003486,"2022-08-26T00:00:00",0,15.1,15.1,15.1,15.1,15.1,15.1,0,0,0,0,0,2,0,0,4500,"BBH",0,0
1,0,0,0,0,1003486,"2022-08-25T00:00:00",0,15.1,15.1,15.1,15.1,15.1,15.1,0,0,0,0,0,3,0,0,600,"BBH",0,0
1,0,0,0,0,1003486,"2022-08-24T00:00:00",0,15.1,15.1,15.1,15.1,15.1,15.1,0,0,0,0,0,3,0,0,1000,"BBH",0,0
1,0,0,0,0,1003486,"2022-08-23T00:00:00",0,15.1,15.1,15.1,15.1,15.1,15.1,0,0,0,0,0,3,0,0,600,"BBH",0,0
1,0,0,0,0,1003486,"2022-08-22T00:00:00",0,15.1,15.1,15.1,15.1,15.1,15.1,0,0,0,0,0,2,0,0,1200,"BBH",0,0
1,0,0,0,0,1003486,"2022-08-19T00:00:00",0,15.1,15.1,15.1,15.1,15.1,15.1,0,0,0,0,0,2,0,0,1200,"BBH",0,0
1,0,0,0,0,1003486,"2022-08-18T00:00:00",0,15.1,15.1,15.1,15.1,15.1,15.1,0,0,0,0,0,2,0,0,2200,"BBH",0,0
1,0,0,0,0,1003486,"2022-08-17T00:00:00",0,15.1,15.1,15.1,15.1,15.1,15.1,0,0,0,0,0,2,0,0,2200,"BBH",0,0
1,0,0,0,0,1003486,"2022-08-16T00:00:00",0,15.1,15.1,15.1,15.1,15.1,15.1,0,0,0,0,0,2,0,0,2200,"BBH",0,0
1,0,0,0,0,1003486,"2022-08-15T00:00:00",0,15.1,15.1,15.1,15.1,15.1,15.1,0,0,0,0,0,1,0,0,200,"BBH",0,0
1,0,0,0,0,1003486,"2022-08-12T00:00:00",0,15.1,15.1,15.1,15.1,15.1,15.1,0,0,0,0,0,1,0,0,200,"BBH",0,0
1,0,0,0,0,1003486,"2022-08-11T00:00:00",0,15.1,15.1,15.1,15.1,15.1,15.1,0,0,0,0,0,1,0,0,200,"BBH",0,0
1,0,0,0,0,1003486,"2022-08-10T00:00:00",0,15.1,15.1,15.1,15.1,15.1,15.1,0,0,0,0,0,2,0,0,1200,"BBH",0,0
1,0,0,0,0,1003486,"2022-08-09T00:00:00",0,15.1,15.1,15.1,15.1,15.1,15.1,0,0,0,0,0,2,0,0,1200,"BBH",0,0
1,1,0,0,3,1003486,"2022-08-08T00:00:00",0,15.1,15.1,15.1,15.1,15.1,15.1,0,0,0,0,0,3,0,0,2203,"BBH",0,0
1,0,0,0,0,1003486,"2022-08-05T00:00:00",0,15.1,15.1,15.1,15.1,15.1,15.1,0,0,0,0,0,2,0,0,300,"BBH",0,0
1,0,0,0,0,1003486,"2022-08-04T00:00:00",0,15.1,15.1,15.1,15.1,15.1,15.1,0,0,0,0,0,0,0,0,0,"BBH",0,0
1,2,0,0,200,1003486,"2022-08-03T00:00:00",100,15.1,13.2,15.1,15.1,15.1,15.1,0,0,0,0,0,1,0,0,100,"BBH",1510000,100
1,1,0,0,100,1003486,"2022-08-02T00:00:00",0,13.2,13.2,13.2,13.2,13.2,13.2,0,0,0,0,0,1,0,0,1500,"BBH",0,0
1,3,0,0,1800,1003486,"2022-08-01T00:00:00",100,13.2,11.5,13.2,13.2,13.2,13.2,0,0,0,0,0,1,0,0,100,"BBH",1320000,100
1,0,0,0,0,1003486,"2022-07-29T00:00:00",0,11.5,11.5,11.5,11.5,11.5,11.5,0,0,0,0,0,0,0,0,0,"BBH",0,0
1,0,0,0,0,1003486,"2022-07-28T00:00:00",0,11.5,11.5,11.5,11.5,11.5,11.5,0,0,0,0,0,0,0,0,0,"BBH",0,0
1,0,0,0,0,1003486,"2022-07-27T00:00:00",0,11.5,11.5,11.5,11.5,11.5,11.5,0,0,0,0,0,0,0,0,0,"BBH",0,0
1,2,0,0,200,1003486,"2022-07-26T00:00:00",100,11.5,10,11.5,11.5,11.5,11.5,0,0,0,0,0,1,0,0,100,"BBH",1150000,100
1,1,0,0,100,1003486,"2022-07-25T00:00:00",0,10,10,10,10,10,10,0,0,0,0,0,0,0,0,0,"BBH",0,0
1,2,0,0,200,1003486,"2022-07-22T00:00:00",0,10,10,10,10,10,10,0,0,0,0,0,0,0,0,0,"BBH",0,0
1,1,0,0,100,1003486,"2022-07-21T00:00:00",0,10,10,10,10,10,10,0,0,0,0,0,0,0,0,0,"BBH",0,0
1,2,0,0,4500,1003486,"2022-07-20T00:00:00",4400,10,10,10,10,10,10,0,0,0,0,0,1,0,0,4400,"BBH",44000000,4400
1,1,0,0,100,1003486,"2022-07-19T00:00:00",0,10,10,10,10,10,10,0,0,0,0,0,0,0,0,0,"BBH",0,0
1,1,0,0,100,1003486,"2022-07-18T00:00:00",0,10,10,10,10,10,10,0,0,0,0,0,0,0,0,0,"BBH",0,0
1,0,0,0,0,1003486,"2022-07-15T00:00:00",0,10,10,10,10,10,10,0,0,0,0,0,0,0,0,0,"BBH",0,0
1,3,0,0,300,1003486,"2022-07-14T00:00:00",0,10,10,10,10,10,10,0,0,0,0,0,0,0,0,0,"BBH",0,0
1,2,0,0,2100,1003486,"2022-07-13T00:00:00",100,10,16.4,10,10,10,10,0,0,0,0,0,1,0,0,100,"BBH",1000000,100
1,0,0,0,0,1003486,"2022-07-12T00:00:00",0,16.4,16.4,16.4,16.4,16.4,16.4,0,0,0,0,0,0,0,0,0,"BBH",0,0
1,0,0,0,0,1003486,"2022-07-11T00:00:00",0,16.4,16.4,16.4,16.4,16.4,16.4,0,0,0,0,0,1,0,0,300,"BBH",0,0
1,1,0,0,1,1003486,"2022-07-08T00:00:00",0,16.4,16.4,16.4,16.4,16.4,16.4,0,0,0,0,0,2,0,0,400,"BBH",0,0
1,0,0,0,0,1003486,"2022-07-07T00:00:00",0,16.4,16.4,16.4,16.4,16.4,16.4,0,0,0,0,0,1,0,0,300,"BBH",0,0
1,0,0,0,0,1003486,"2022-07-06T00:00:00",0,16.4,16.4,16.4,16.4,16.4,16.4,0,0,0,0,0,1,0,0,300,"BBH",0,0
1,0,0,0,0,1003486,"2022-07-05T00:00:00",0,16.4,16.4,16.4,16.4,16.4,16.4,0,0,0,0,0,3,0,0,1400,"BBH",0,0
1,0,0,0,0,1003486,"2022-07-04T00:00:00",0,16.4,16.4,16.4,16.4,16.4,16.4,0,0,0,0,0,1,0,0,300,"BBH",0,0
1,0,0,0,0,1003486,"2022-07-01T00:00:00",0,16.4,16.4,16.4,16.4,16.4,16.4,0,0,0,0,0,0,0,0,0,"BBH",0,0
1,0,0,0,0,1003486,"2022-06-30T00:00:00",0,16.4,16.4,16.4,16.4,16.4,16.4,0,0,0,0,0,0,0,0,0,"BBH",0,0
1,0,0,0,0,1003486,"2022-06-29T00:00:00",0,16.4,16.4,16.4,16.4,16.4,16.4,0,0,0,0,0,0,0,0,0,"BBH",0,0
1,0,0,0,0,1003486,"2022-06-28T00:00:00",0,16.4,16.4,16.4,16.4,16.4,16.4,0,0,0,0,0,1,0,0,100,"BBH",0,0
1,0,0,0,0,1003486,"2022-06-27T00:00:00",0,16.4,16.4,16.4,16.4,16.4,16.4,0,0,0,0,0,0,0,0,0,"BBH",0,0
1,0,0,0,0,1003486,"2022-06-24T00:00:00",0,16.4,16.4,16.4,16.4,16.4,16.4,0,0,0,0,0,0,0,0,0,"BBH",0,0
1,0,0,0,0,1003486,"2022-06-23T00:00:00",0,16.4,16.4,16.4,16.4,16.4,16.4,0,0,0,0,0,1,0,0,100,"BBH",0,0
1,0,0,0,0,1003486,"2022-06-22T00:00:00",0,16.4,16.4,16.4,16.4,16.4,16.4,0,0,0,0,0,0,0,0,0,"BBH",0,0
1,0,0,0,0,1003486,"2022-06-21T00:00:00",0,16.4,16.4,16.4,16.4,16.4,16.4,0,0,0,0,0,1,0,0,1000,"BBH",0,0
1,0,0,0,0,1003486,"2022-06-20T00:00:00",0,16.4,16.4,16.4,16.4,16.4,16.4,0,0,0,0,0,1,0,0,100,"BBH",0,0
1,0,0,0,0,1003486,"2022-06-17T00:00:00",0,16.4,16.4,16.4,16.4,16.4,16.4,0,0,0,0,0,0,0,0,0,"BBH",0,0
1,0,0,0,0,1003486,"2022-06-16T00:00:00",0,16.4,16.4,16.4,16.4,16.4,16.4,0,0,0,0,0,0,0,0,0,"BBH",0,0
1,0,0,0,0,1003486,"2022-06-15T00:00:00",0,16.4,16.4,16.4,16.4,16.4,16.4,0,0,0,0,0,1,0,0,100,"BBH",0,0
1,0,0,0,0,1003486,"2022-06-14T00:00:00",0,16.4,16.4,16.4,16.4,16.4,16.4,0,0,0,0,0,2,0,0,1300,"BBH",0,0
1,0,0,0,0,1003486,"2022-06-13T00:00:00",0,16.4,16.4,16.4,16.4,16.4,16.4,0,0,0,0,0,1,0,0,1000,"BBH",0,0
1,1,0,0,2,1003486,"2022-06-10T00:00:00",0,16.4,16.4,16.4,16.4,16.4,16.4,0,0,0,0,0,2,0,0,302,"BBH",0,0
1.0365853659,1,0,0,2,1003486,"2022-06-09T00:00:00",0,17,17,17,17,17,17,0,0,0,0,0,1,0,0,100,"BBH",0,0
1.0365853659,1,0,0,2,1003486,"2022-06-08T00:00:00",0,17,17,17,17,17,17,0,0,0,0,0,2,0,0,400,"BBH",0,0
1.0365853659,1,0,0,2,1003486,"2022-06-07T00:00:00",0,17,17,17,17,17,17,0,0,0,0,0,3,0,0,700,"BBH",0,0
1.0365853659,1,0,0,2,1003486,"2022-06-06T00:00:00",0,17,17,17,17,17,17,0,0,0,0,0,1,0,0,300,"BBH",0,0
1.0365853659,1,0,0,2,1003486,"2022-06-03T00:00:00",0,17,17,17,17,17,17,0,0,0,0,0,2,0,0,1300,"BBH",0,0
1.0365853659,2,0,0,202,1003486,"2022-06-02T00:00:00",200,17,17,17,17,17,17,0,0,0,0,0,2,0,0,500,"BBH",3400000,200
1.0365853659,0,0,0,0,1003486,"2022-06-01T00:00:00",0,17,17,17,17,17,17,0,0,0,0,0,0,0,0,0,"BBH",0,0
1.0365853659,0,0,0,0,1003486,"2022-05-31T00:00:00",0,17,17,17,17,17,17,0,0,0,0,0,1,0,0,2600,"BBH",0,0
1.0365853659,0,0,0,0,1003486,"2022-05-30T00:00:00",0,17,17,17,17,17,17,0,0,0,0,0,0,0,0,0,"BBH",0,0
1.0365853659,2,0,0,301,1003486,"2022-05-27T00:00:00",0,17,17,17,17,17,17,0,0,0,0,0,2,0,0,101,"BBH",0,0
1.0365853659,2,0,0,301,1003486,"2022-05-26T00:00:00",0,17,17,17,17,17,17,0,0,0,0,0,1,0,0,100,"BBH",0,0
1.0365853659,3,0,0,302,1003486,"2022-05-25T00:00:00",0,17,17,17,17,17,17,0,0,0,0,0,1,0,0,100,"BBH",0,0
1.0365853659,3,0,0,302,1003486,"2022-05-24T00:00:00",0,17,17,17,17,17,17,0,0,0,0,0,1,0,0,100,"BBH",0,0
1.0365853659,2,0,0,301,1003486,"2022-05-23T00:00:00",0,17,17,17,17,17,17,0,0,0,0,0,0,0,0,0,"BBH",0,0
1.0365853659,2,0,0,1000,1003486,"2022-05-20T00:00:00",0,17,17,17,17,17,17,0,0,0,0,0,1,0,0,1000,"BBH",0,0
1.0365853659,3,0,0,1001,1003486,"2022-05-19T00:00:00",500,17,18,17,17,17,17,0,0,0,0,0,3,0,0,2500,"BBH",8500000,500
1.0365853659,3,0,0,1001,1003486,"2022-05-18T00:00:00",0,18,18,18,18,18,18,0,0,0,0,0,2,0,0,2000,"BBH",0,0
1.0365853659,3,0,0,1001,1003486,"2022-05-17T00:00:00",0,18,18,18,18,18,18,0,0,0,0,0,2,0,0,2000,"BBH",0,0
1.0365853659,3,0,0,1001,1003486,"2022-05-16T00:00:00",0,18,18,18,18,18,18,,,,0,0,5,0,0,4100,"BBH",0,0
1.0365853659,4,0,0,1002,1003486,"2022-05-13T00:00:00",0,18,18,18,18,18,18,,,,0,0,1,0,0,1000,"BBH",0,0
1.0365853659,3,0,0,502,1003486,"2022-05-12T00:00:00",0,18,18,18,18,18,18,,,,0,0,1,0,0,1000,"BBH",0,0
1.0365853659,3,0,0,502,1003486,"2022-05-11T00:00:00",0,18,18,18,18,18,18,,,,0,0,1,0,0,1000,"BBH",0,0
1.0365853659,1,0,0,500,1003486,"2022-05-10T00:00:00",0,18,18,18,18,18,18,,,,0,0,1,0,0,1000,"BBH",0,0
1.0365853659,5,0,0,702,1003486,"2022-05-09T00:00:00",700,18,19,18,18,18,18,,,,0,0,3,0,0,5500,"BBH",12600000,700
1.0365853659,4,0,0,702,1003486,"2022-05-06T00:00:00",0,19,19,19,19,19,19,,,,0,0,1,0,0,1000,"BBH",0,0
1.0365853659,5,0,0,602,1003486,"2022-05-05T00:00:00",0,19,19,19,19,19,19,,,,0,0,1,0,0,1000,"BBH",0,0
1.0365853659,3,0,0,102,1003486,"2022-05-04T00:00:00",0,19,19,19,19,19,19,,,,0,0,1,0,0,1000,"BBH",0,0
1.0365853659,4,0,0,602,1003486,"2022-04-29T00:00:00",0,19,19,19,19,19,19,,,,0,0,3,0,0,2200,"BBH",0,0
1.0365853659,3,0,0,502,1003486,"2022-04-28T00:00:00",0,19,19,19,19,19,19,,,,0,0,0,0,0,0,"BBH",0,0
1.0365853659,3,0,0,502,1003486,"2022-04-27T00:00:00",0,19,19,19,19,19,19,,,,0,0,4,0,0,4000,"BBH",0,0
1.0365853659,3,0,0,502,1003486,"2022-04-26T00:00:00",0,19,19,19,19,19,19,,,,0,0,3,0,0,2500,"BBH",0,0
1.0365853659,3,0,0,502,1003486,"2022-04-25T00:00:00",0,19,19,19,19,19,19,,,,0,0,5,0,0,7600,"BBH",0,0
1.0365853659,6,0,0,802,1003486,"2022-04-22T00:00:00",300,19,19,19,19,19,19,,,,0,0,3,0,0,4800,"BBH",5700000,300
1.0365853659,3,0,0,800,1003486,"2022-04-21T00:00:00",0,19,19,19,19,19,19,,,,0,0,3,0,0,7500,"BBH",0,0
1.0365853659,3,0,0,800,1003486,"2022-04-20T00:00:00",0,19,19,19,19,19,19,,,,0,0,2,0,0,600,"BBH",0,0
1.0365853659,1,0,0,300,1003486,"2022-04-19T00:00:00",0,19,19,19,19,19,19,,,,0,0,2,0,0,1500,"BBH",0,0
1.0365853659,4,0,0,3501,1003486,"2022-04-18T00:00:00",3000,19,20,19,19.1,19,19.1,,,,0,0,4,0,0,11000,"BBH",57030000,3000
1.0365853659,3,0,0,701,1003486,"2022-04-15T00:00:00",0,20,20,20,20,20,20,,,,0,0,2,0,0,5000,"BBH",0,0
1.0365853659,4,0,0,700,1003490,"2022-04-14T00:00:00",200,20,20.5,20,20,20,20,,,,0,0,7,0,0,6400,"BBH",4000000,200
1.0365853659,2,0,0,700,1003486,"2022-04-13T00:00:00",0,20.5,20.5,20.5,20.5,20.5,20.5,,,,0,0,3,0,0,6000,"BBH",0,0
1.0365853659,2,0,0,300,1003490,"2022-04-12T00:00:00",100,20.5,20.5,20.5,20.5,20.5,20.5,,,,0,0,2,0,0,4100,"BBH",2000000,100
1.0365853659,2,0,0,800,1003486,"2022-04-08T00:00:00",0,20.5,20.5,20.5,20.5,20.5,20.5,,,,0,0,2,0,0,5000,"BBH",0,0
1.0365853659,3,0,0,1000,1003486,"2022-04-07T00:00:00",0,20.5,20.5,20.5,20.5,20.5,20.5,,,,0,0,2,0,0,5000,"BBH",0,0
1.0365853659,2,0,0,800,1003486,"2022-04-06T00:00:00",0,20.5,20.5,20.5,20.5,20.5,20.5,,,,0,0,1,0,0,1000,"BBH",0,0
1.0365853659,2,0,0,800,1003486,"2022-04-05T00:00:00",0,20.5,20.5,20.5,20.5,20.5,20.5,,,,0,0,1,0,0,100,"BBH",0,0
1.0365853659,2,0,0,800,1003486,"2022-04-04T00:00:00",0,20.5,20.5,20.5,20.5,20.5,20.5,,,,0,0,3,0,0,3000,"BBH",0,0
1.0365853659,5,0,0,6400,1003490,"2022-04-01T00:00:00",300,20.5,20.5,20.5,20.5,20.5,20.5,,,,0,0,9,0,0,2800,"BBH",6000000,300
1.0365853659,4,0,0,6400,1003486,"2022-03-31T00:00:00",0,20.5,20.5,20.5,20.5,20.5,20.5,,,,0,0,5,0,0,1358,"BBH",0,0
1.0365853659,5,0,0,6600,1003490,"2022-03-30T00:00:00",200,20.5,18.4,20.5,20.5,20.5,20.5,,,,0,0,1,0,0,200,"BBH",4000000,200
1.0365853659,3,0,0,6400,1003486,"2022-03-29T00:00:00",0,18.4,18.4,18.4,18.4,18.4,18.4,,,,0,0,2,0,0,258,"BBH",0,0
1.0365853659,4,0,0,6700,1003486,"2022-03-28T00:00:00",0,18.4,18.4,18.4,18.4,18.4,18.4,,,,0,0,3,0,0,1500,"BBH",0,0
1.0365853659,4,0,0,1699,1003486,"2022-03-25T00:00:00",0,18.4,18.4,18.4,18.4,18.4,18.4,,,,0,0,1,0,0,600,"BBH",0,0
1.0365853659,6,0,0,2300,1003486,"2022-03-24T00:00:00",600,18.4,18.4,18.4,18.4,18.4,18.4,,,,0,0,3,0,0,700,"BBH",11040000,600
1.0365853659,3,0,0,2600,1003490,"2022-03-23T00:00:00",300,18.4,21.5,18.4,18.4,18.3,18.3,,,,0,0,5,0,0,3400,"BBH",6000000,300
1.0365853659,2,0,0,1300,10034860,"2022-03-22T00:00:00",0,21.5,21.5,21.5,21.5,21.5,21.5,,,,0,0,5,0,0,6300,"BBH",0,0
1.0365853659,3,0,0,400,1003490,"2022-03-21T00:00:00",0,21.5,21.5,21.5,21.5,21.5,21.5,,,,0,0,11,0,0,6900,"BBH",0,0
1.0365853659,2,0,0,200,10034860,"2022-03-18T00:00:00",100,21.5,21.9,21.5,21.5,21.5,21.5,,,,0,0,10,0,0,6100,"BBH",2150000,100
1.0365853659,3,0,0,1900,1003490,"2022-03-17T00:00:00",1800,21.9,21.9,21.9,21.9,21.9,21.9,,,,0,0,7,0,0,7500,"BBH",39000000,1800
1.0365853659,6,0,0,3900,10034860,"2022-03-16T00:00:00",1400,21.9,21.7,21.8,22.5,21.8,21.9,,,,0,0,10,0,0,6200,"BBH",30610006,1400
1.0365853659,4,0,0,1610,10034860,"2022-03-15T00:00:00",1600,21.7,19.9,21.9,21.9,20,20,,,,0,0,4,0,0,2206,"BBH",34690000,1600
1.0365853659,1,0,0,1000,10034860,"2022-03-14T00:00:00",0,19.9,19.9,19.9,19.9,19.9,19.9,,,,0,0,7,0,0,5608,"BBH",0,0
1.0365853659,6,0,0,6500,10034860,"2022-03-11T00:00:00",1000,19.9,19.2,20.5,20.5,19.2,19.2,,,,0,0,5,0,0,3100,"BBH",19910000,1000
1.0365853659,3,0,0,5300,10034860,"2022-03-10T00:00:00",0,19.2,19.2,19.2,19.2,19.2,19.2,,,,0,0,4,0,0,1300,"BBH",0,0
1.0365853659,3,0,0,5400,10034860,"2022-03-09T00:00:00",0,19.2,19.2,19.2,19.2,19.2,19.2,,,,0,0,4,0,0,1500,"BBH",0,0
1.0365853659,5,0,0,5400,10034860,"2022-03-08T00:00:00",300,19.2,17.9,17.9,20,17.9,19.8,,,,0,0,4,0,0,400,"BBH",5769999,300
1.0365853659,10,0,0,5445,10034860,"2022-03-07T00:00:00",100,17.9,20.7,17.9,17.9,17.9,17.9,,,,0,0,7,0,0,3500,"BBH",1790000,100
1.0365853659,9,0,0,4300,10034860,"2022-03-04T00:00:00",3200,20.7,19.6,17.7,20.9,17.6,17.6,0,0,0,0,0,5,0,0,4300,"BBH",66230016,3200
1.0365853659,3,0,0,10200,10034860,"2022-03-03T00:00:00",0,19.6,19.6,19.6,19.6,19.6,19.6,,,,0,0,4,0,0,3100,"BBH",0,0
1.0365853659,12,0,0,4600,10034860,"2022-03-02T00:00:00",1600,19.6,17.4,17.7,20,17.5,20,0,0,0,0,0,6,0,0,1600,"BBH",31280000,1600
1.0365853659,19,0,0,5453,10034860,"2022-03-01T00:00:00",100,17.4,20.4,17.4,17.4,17.4,17.4,0,0,0,0,0,6,0,0,4400,"BBH",1740000,100
1.0365853659,4,0,0,600,10034860,"2022-02-28T00:00:00",300,20.4,19.9,20.4,20.4,20.4,20.4,0,0,0,0,0,8,0,0,2800,"BBH",6120000,300
1.0365853659,14,0,0,3983,10034860,"2022-02-25T00:00:00",700,19.9,21.9,18.7,21.6,18.7,21.2,0,0,0,0,0,12,0,0,3300,"BBH",13910001,700
1.0365853659,6,0,0,4300,10034860,"2022-02-24T00:00:00",3700,21.9,22.2,22,22,20.5,20.5,0,0,0,0,0,14,0,0,10400,"BBH",80889992,3700
1.0365853659,16,0,0,14500,10034860,"2022-02-23T00:00:00",10500,22.2,21.2,22.5,22.5,18.1,18.1,0,0,0,0,0,9,0,0,15900,"BBH",233439990,10500
1.0365853659,8,0,0,6502,10034860,"2022-02-22T00:00:00",800,21.2,20.6,21,22.8,21,22.8,0,0,0,0,0,9,0,0,10800,"BBH",16980000,800
1.0365853659,6,0,0,10050,10034860,"2022-02-21T00:00:00",1400,20.6,20.6,20.6,20.6,20.6,20.6,0,0,0,0,0,8,0,0,2100,"BBH",28840000,1400
1.0365853659,25,0,0,6964,10034860,"2022-02-18T00:00:00",3500,20.6,21.8,21.6,22,18.6,21.8,0,0,0,0,0,21,0,0,4400,"BBH",72140005,3500
1.0365853659,13,0,0,16125,10034860,"2022-02-17T00:00:00",4300,21.8,19.1,21.9,21.9,21.5,21.5,0,0,0,0,0,9,0,0,4300,"BBH",93770014,4300
1.0365853659,11,0,0,9100,1003490,"2022-02-16T00:00:00",3600,19.1,18.8,19.5,21.6,18.8,18.8,0,0,0,0,0,11,0,0,4620,"BBH",69000000,3600
1.0365853659,24,0,0,14600,1003490,"2022-02-15T00:00:00",3800,18.8,16.4,18.8,18.8,18.8,18.8,0,0,0,0,0,9,0,0,3800,"BBH",71000000,3800
1.0365853659,5,0,0,15100,10034860,"2022-02-14T00:00:00",0,16.4,16.4,16.4,16.4,16.4,16.4,0,0,0,0,0,1,0,0,100,"BBH",0,0
1.0365853659,14,0,0,10653,10034860,"2022-02-11T00:00:00",4000,16.4,14.4,16.5,16.5,13.3,16.5,0,0,0,0,0,6,0,0,4000,"BBH",65580000,4000
1.0365853659,10,0,0,7924,10034860,"2022-02-10T00:00:00",100,14.4,12.6,14.4,14.4,14.4,14.4,0,0,0,0,0,1,0,0,100,"BBH",1440000,100
1.0365853659,7,0,0,4680,10034860,"2022-02-09T00:00:00",100,12.6,11,12.6,12.6,12.6,12.6,0,0,0,0,0,1,0,0,100,"BBH",1260000,100
1.0365853659,11,0,0,7500,10034860,"2022-02-08T00:00:00",100,11,7.9,11,11,11,11,0,0,0,0,0,1,0,0,100,"BBH",1100000,100
1.0365853659,4,0,0,900,10034860,"2022-02-07T00:00:00",0,7.9,7.9,7.9,7.9,7.9,7.9,0,0,0,0,0,0,0,0,0,"BBH",0,0
1.0365853659,5,0,0,10900,10034860,"2022-01-28T00:00:00",0,7.9,7.9,7.9,7.9,7.9,7.9,0,0,0,0,0,0,0,0,0,"BBH",0,0
1.0365853659,5,0,0,10900,10034860,"2022-01-27T00:00:00",0,7.9,7.9,7.9,7.9,7.9,7.9,0,0,0,0,0,0,0,0,0,"BBH",0,0
1.0365853659,5,0,0,10900,10034860,"2022-01-26T00:00:00",0,7.9,7.9,7.9,7.9,7.9,7.9,0,0,0,0,0,0,0,0,0,"BBH",0,0
1.0365853659,4,0,0,10400,10034860,"2022-01-25T00:00:00",0,7.9,7.9,7.9,7.9,7.9,7.9,0,0,0,0,0,0,0,0,0,"BBH",0,0
1.0365853659,4,0,0,10400,1003490,"2022-01-24T00:00:00",0,7.9,7.9,7.9,7.9,7.9,7.9,0,0,0,0,0,0,0,0,0,"BBH",0,0
1.0365853659,7,0,0,11000,10034860,"2022-01-21T00:00:00",0,7.9,7.9,7.9,7.9,7.9,7.9,0,0,0,0,0,0,0,0,0,"BBH",0,0
1.0365853659,4,0,0,11300,10034860,"2022-01-20T00:00:00",0,7.9,7.9,7.9,7.9,7.9,7.9,0,0,0,0,0,0,0,0,0,"BBH",0,0
1.0365853659,4,0,0,10400,10034860,"2022-01-19T00:00:00",0,7.9,7.9,7.9,7.9,7.9,7.9,0,0,0,0,0,0,0,0,0,"BBH",0,0
1.0365853659,4,0,0,10400,10034860,"2022-01-18T00:00:00",0,7.9,7.9,7.9,7.9,7.9,7.9,0,0,0,0,0,0,0,0,0,"BBH",0,0
1.0365853659,6,0,0,12600,10034860,"2022-01-17T00:00:00",0,7.9,7.9,7.9,7.9,7.9,7.9,0,0,0,0,0,0,0,0,0,"BBH",0,0
1.0365853659,4,0,0,10400,10034860,"2022-01-14T00:00:00",0,7.9,7.9,7.9,7.9,7.9,7.9,0,0,0,0,0,0,0,0,0,"BBH",0,0
1.0365853659,4,0,0,10400,1003490,"2022-01-13T00:00:00",0,7.9,7.9,7.9,7.9,7.9,7.9,0,0,0,0,0,0,0,0,0,"BBH",0,0
1.0365853659,5,0,0,11100,1003490,"2022-01-12T00:00:00",0,7.9,7.9,7.9,7.9,7.9,7.9,0,0,0,0,0,0,0,0,0,"BBH",0,0
1.0365853659,4,0,0,10400,1003490,"2022-01-11T00:00:00",0,7.9,7.9,7.9,7.9,7.9,7.9,0,0,0,0,0,0,0,0,0,"BBH",0,0
1.0365853659,5,0,0,11400,1003490,"2022-01-10T00:00:00",0,7.9,7.9,7.9,7.9,7.9,7.9,0,0,0,0,0,0,0,0,0,"BBH",0,0
1.0365853659,4,0,0,10400,1003490,"2022-01-07T00:00:00",0,7.9,7.9,7.9,7.9,7.9,7.9,0,0,0,0,0,0,0,0,0,"BBH",0,0
1.0365853659,4,0,0,10400,1003490,"2022-01-06T00:00:00",0,7.9,7.9,7.9,7.9,7.9,7.9,0,0,0,0,0,0,0,0,0,"BBH",0,0
1.0365853659,7,0,0,11600,1003490,"2022-01-05T00:00:00",0,7.9,7.9,7.9,7.9,7.9,7.9,0,0,0,0,0,0,0,0,0,"BBH",0,0
1.0365853659,5,0,0,13400,10034860,"2022-01-04T00:00:00",0,7.9,7.9,7.9,7.9,7.9,7.9,0,0,0,0,0,0,0,0,0,"BBH",0,0
1.0365853659,3,0,0,10300,1003490,"2021-12-31T00:00:00",0,7.9,7.9,7.9,7.9,7.9,7.9,0,0,0,0,0,0,0,0,0,"BBH",0,0
1.0365853659,4,0,0,10400,10034860,"2021-12-30T00:00:00",0,7.9,7.9,7.9,7.9,7.9,7.9,0,0,0,0,0,0,0,0,0,"BBH",0,0
1.0365853659,3,0,0,10300,10034860,"2021-12-29T00:00:00",0,7.9,7.9,7.9,7.9,7.9,7.9,0,0,0,0,0,0,0,0,0,"BBH",0,0
1.0365853659,2,0,0,10200,10034860,"2021-12-28T00:00:00",0,7.9,7.9,7.9,7.9,7.9,7.9,0,0,0,0,0,0,0,0,0,"BBH",0,0
1.0365853659,4,0,0,10400,1003490,"2021-12-27T00:00:00",0,7.9,7.9,7.9,7.9,7.9,7.9,0,0,0,0,0,0,0,0,0,"BBH",0,0
1.0365853659,3,0,0,400,1003490,"2021-12-24T00:00:00",0,7.9,7.9,7.9,7.9,7.9,7.9,,,,0,0,0,0,0,0,"BBH",0,0
1.0365853659,3,0,0,400,1003490,"2021-12-23T00:00:00",0,7.9,7.9,7.9,7.9,7.9,7.9,0,0,0,0,0,0,0,0,0,"BBH",0,0
1.0365853659,3,0,0,400,1003490,"2021-12-22T00:00:00",0,7.9,7.9,7.9,7.9,7.9,7.9,0,0,0,0,0,0,0,0,0,"BBH",0,0
1.0365853659,3,0,0,400,1003490,"2021-12-21T00:00:00",0,7.9,7.9,7.9,7.9,7.9,7.9,0,0,0,0,0,0,0,0,0,"BBH",0,0
1.0365853659,4,0,0,2400,1003490,"2021-12-20T00:00:00",0,7.9,7.9,7.9,7.9,7.9,7.9,0,0,0,0,0,0,0,0,0,"BBH",0,0
1.0365853659,3,0,0,400,1003490,"2021-12-17T00:00:00",0,7.9,7.9,7.9,7.9,7.9,7.9,0,0,0,0,0,0,0,0,0,"BBH",0,0
1.0365853659,3,0,0,400,1003490,"2021-12-16T00:00:00",0,7.9,7.9,7.9,7.9,7.9,7.9,0,0,0,0,0,0,0,0,0,"BBH",0,0
1.0365853659,3,0,0,400,1003490,"2021-12-15T00:00:00",0,7.9,7.9,7.9,7.9,7.9,7.9,0,0,0,0,0,0,0,0,0,"BBH",0,0
1.0365853659,3,0,0,400,1003490,"2021-12-14T00:00:00",0,7.9,7.9,7.9,7.9,7.9,7.9,0,0,0,0,0,0,0,0,0,"BBH",0,0
1.0365853659,3,0,0,400,1003490,"2021-12-13T00:00:00",0,7.9,7.9,7.9,7.9,7.9,7.9,0,0,0,0,0,0,0,0,0,"BBH",0,0
1.0365853659,3,0,0,400,1003490,"2021-12-10T00:00:00",0,7.9,7.9,7.9,7.9,7.9,7.9,0,0,0,0,0,0,0,0,0,"BBH",0,0
1.0365853659,5,0,0,2600,1003490,"2021-12-09T00:00:00",0,7.9,7.9,7.9,7.9,7.9,7.9,0,0,0,0,0,0,0,0,0,"BBH",0,0
1.0365853659,5,0,0,1500,1003490,"2021-12-08T00:00:00",0,7.9,7.9,7.9,7.9,7.9,7.9,0,0,0,0,0,0,0,0,0,"BBH",0,0
1.0365853659,6,0,0,1600,1003490,"2021-12-07T00:00:00",0,7.9,7.9,7.9,7.9,7.9,7.9,0,0,0,0,0,0,0,0,0,"BBH",0,0
1.0365853659,4,0,0,1400,1003490,"2021-12-06T00:00:00",0,7.9,7.9,7.9,7.9,7.9,7.9,0,0,0,0,0,0,0,0,0,"BBH",0,0
1.0365853659,5,0,0,1700,1003490,"2021-12-03T00:00:00",0,7.9,7.9,7.9,7.9,7.9,7.9,0,0,0,0,0,0,0,0,0,"BBH",0,0
1.0365853659,7,0,0,1300,1003490,"2021-12-02T00:00:00",0,7.9,7.9,7.9,7.9,7.9,7.9,0,0,0,0,0,0,0,0,0,"BBH",0,0
1.0365853659,5,0,0,900,1003490,"2021-12-01T00:00:00",0,7.9,7.9,7.9,7.9,7.9,7.9,0,0,0,0,0,0,0,0,0,"BBH",0,0
1.0365853659,4,0,0,700,1003490,"2021-11-30T00:00:00",0,7.9,7.9,7.9,7.9,7.9,7.9,0,0,0,0,0,0,0,0,0,"BBH",0,0
1.0365853659,4,0,0,700,1003490,"2021-11-29T00:00:00",0,7.9,7.9,7.9,7.9,7.9,7.9,0,0,0,0,0,0,0,0,0,"BBH",0,0
1.0365853659,6,0,0,8800,1003490,"2021-11-26T00:00:00",0,7.9,7.9,7.9,7.9,7.9,7.9,0,0,0,0,0,0,0,0,0,"BBH",0,0
1.0365853659,4,0,0,8400,10034860,"2021-11-25T00:00:00",0,7.9,7.9,7.9,7.9,7.9,7.9,0,0,0,0,0,0,0,0,0,"BBH",0,0
1.0365853659,4,0,0,8500,1003490,"2021-11-24T00:00:00",0,7.9,7.9,7.9,7.9,7.9,7.9,0,0,0,0,0,0,0,0,0,"BBH",0,0
1.0365853659,5,0,0,8700,1003490,"2021-11-23T00:00:00",0,7.9,7.9,7.9,7.9,7.9,7.9,0,0,0,0,0,0,0,0,0,"BBH",0,0
1.0365853659,4,0,0,8500,1003490,"2021-11-22T00:00:00",0,7.9,7.9,7.9,7.9,7.9,7.9,0,0,0,0,0,0,0,0,0,"BBH",0,0
1.0365853659,4,0,0,10500,1003490,"2021-11-19T00:00:00",0,7.9,7.9,7.9,7.9,7.9,7.9,0,0,0,0,0,0,0,0,0,"BBH",0,0
1.0365853659,6,0,0,11200,1003490,"2021-11-18T00:00:00",0,7.9,7.9,7.9,7.9,7.9,7.9,0,0,0,0,0,0,0,0,0,"BBH",0,0
1.0365853659,4,0,0,10500,1003490,"2021-11-17T00:00:00",0,7.9,7.9,7.9,7.9,7.9,7.9,0,0,0,0,0,0,0,0,0,"BBH",0,0
1.0365853659,4,0,0,10400,1003490,"2021-11-16T00:00:00",0,7.9,7.9,7.9,7.9,7.9,7.9,0,0,0,0,0,0,0,0,0,"BBH",0,0
1.0365853659,6,0,0,10600,1003490,"2021-11-15T00:00:00",0,7.9,7.9,7.9,7.9,7.9,7.9,0,0,0,0,0,0,0,0,0,"BBH",0,0
1.0365853659,5,0,0,700,1003490,"2021-11-12T00:00:00",0,7.9,7.9,7.9,7.9,7.9,7.9,0,0,0,0,0,0,0,0,0,"BBH",0,0
1.0365853659,2,0,0,400,1003490,"2021-11-11T00:00:00",0,7.9,7.9,7.9,7.9,7.9,7.9,0,0,0,0,0,0,0,0,0,"BBH",0,0
1.0365853659,3,0,0,400,1003490,"2021-11-10T00:00:00",0,7.9,7.9,7.9,7.9,7.9,7.9,0,0,0,0,0,0,0,0,0,"BBH",0,0
1.0365853659,6,0,0,700,1003490,"2021-11-09T00:00:00",0,7.9,7.9,7.9,7.9,7.9,7.9,0,0,0,0,0,0,0,0,0,"BBH",0,0
1.0365853659,4,0,0,600,1003490,"2021-11-08T00:00:00",0,7.9,7.9,7.9,7.9,7.9,7.9,0,0,0,0,0,0,0,0,0,"BBH",0,0
1.0365853659,2,0,0,300,1003490,"2021-11-05T00:00:00",0,7.9,7.9,7.9,7.9,7.9,7.9,0,0,0,0,0,0,0,0,0,"BBH",0,0
1.0365853659,4,0,0,500,1003490,"2021-11-04T00:00:00",0,7.9,7.9,7.9,7.9,7.9,7.9,0,0,0,0,0,0,0,0,0,"BBH",0,0
1.0365853659,3,0,0,400,1003490,"2021-11-03T00:00:00",0,7.9,7.9,7.9,7.9,7.9,7.9,0,0,0,0,0,0,0,0,0,"BBH",0,0
1.0365853659,2,0,0,300,1003490,"2021-11-02T00:00:00",0,7.9,7.9,7.9,7.9,7.9,7.9,0,0,0,0,0,0,0,0,0,"BBH",0,0
1.0365853659,1,0,0,200,1003490,"2021-11-01T00:00:00",0,7.9,7.9,7.9,7.9,7.9,7.9,0,0,0,0,0,0,0,0,0,"BBH",0,0
1.0365853659,1,0,0,200,1003490,"2021-10-29T00:00:00",0,7.9,7.9,7.9,7.9,7.9,7.9,0,0,0,0,0,0,0,0,0,"BBH",0,0
1.0365853659,1,0,0,200,1003490,"2021-10-28T00:00:00",0,7.9,7.9,7.9,7.9,7.9,7.9,0,0,0,0,0,0,0,0,0,"BBH",0,0
1.0365853659,2,0,0,1200,1003490,"2021-10-27T00:00:00",0,7.9,7.9,7.9,7.9,7.9,7.9,0,0,0,0,0,0,0,0,0,"BBH",0,0
1.0365853659,1,0,0,200,1003490,"2021-10-26T00:00:00",0,7.9,7.9,7.9,7.9,7.9,7.9,0,0,0,0,0,0,0,0,0,"BBH",0,0
1.0365853659,1,0,0,200,1003490,"2021-10-25T00:00:00",0,7.9,7.9,7.9,7.9,7.9,7.9,0,0,0,0,0,0,0,0,0,"BBH",0,0
1.0365853659,1,0,0,200,1003490,"2021-10-22T00:00:00",0,7.9,7.9,7.9,7.9,7.9,7.9,0,0,0,0,0,0,0,0,0,"BBH",0,0
1.0365853659,4,0,0,1200,1003490,"2021-10-21T00:00:00",0,7.9,7.9,7.9,7.9,7.9,7.9,0,0,0,0,0,0,0,0,0,"BBH",0,0
1.0365853659,1,0,0,200,1003490,"2021-10-20T00:00:00",0,7.9,7.9,7.9,7.9,7.9,7.9,0,0,0,0,0,0,0,0,0,"BBH",0,0
1.0365853659,2,0,0,1400,1003490,"2021-10-19T00:00:00",0,7.9,7.9,7.9,7.9,7.9,7.9,0,0,0,0,0,0,0,0,0,"BBH",0,0
1.0365853659,1,0,0,200,1003490,"2021-10-18T00:00:00",0,7.9,7.9,7.9,7.9,7.9,7.9,,,,0,0,0,0,0,0,"BBH",0,0
1.0365853659,1,0,0,200,1003490,"2021-10-15T00:00:00",0,7.9,7.9,7.9,7.9,7.9,7.9,0,0,0,0,0,0,0,0,0,"BBH",0,0
1.0365853659,1,0,0,200,1003490,"2021-10-14T00:00:00",0,7.9,7.9,7.9,7.9,7.9,7.9,0,0,0,0,0,0,0,0,0,"BBH",0,0
1.0365853659,1,0,0,200,1003490,"2021-10-13T00:00:00",0,7.9,7.9,7.9,7.9,7.9,7.9,0,0,0,0,0,0,0,0,0,"BBH",0,0
1.0365853659,2,0,0,300,1003490,"2021-10-12T00:00:00",0,7.9,7.9,7.9,7.9,7.9,7.9,0,0,0,0,0,0,0,0,0,"BBH",0,0
1.0365853659,1,0,0,200,1003490,"2021-10-11T00:00:00",0,7.9,7.9,7.9,7.9,7.9,7.9,0,0,0,0,0,0,0,0,0,"BBH",0,0
1.0365853659,1,0,0,200,1003490,"2021-10-08T00:00:00",0,7.9,7.9,7.9,7.9,7.9,7.9,0,0,0,0,0,0,0,0,0,"BBH",0,0
1.0365853659,0,0,0,0,1003490,"2021-10-07T00:00:00",0,7.9,7.9,7.9,7.9,7.9,7.9,0,0,0,0,0,0,0,0,0,"BBH",0,0
1.0365853659,1,0,0,700,1003490,"2021-10-06T00:00:00",0,7.9,7.9,7.9,7.9,7.9,7.9,0,0,0,0,0,0,0,0,0,"BBH",0,0
1.0365853659,2,0,0,800,1003490,"2021-10-05T00:00:00",0,7.9,7.9,7.9,7.9,7.9,7.9,0,0,0,0,0,0,0,0,0,"BBH",0,0
1.0365853659,2,0,0,800,1003490,"2021-10-04T00:00:00",0,7.9,7.9,7.9,7.9,7.9,7.9,0,0,0,0,0,0,0,0,0,"BBH",0,0
1.0365853659,0,0,0,0,1003490,"2021-10-01T00:00:00",0,7.9,7.9,7.9,7.9,7.9,7.9,0,0,0,0,0,0,0,0,0,"BBH",0,0
1.0365853659,3,0,0,800,1003490,"2021-09-30T00:00:00",0,7.9,7.9,7.9,7.9,7.9,7.9,,,,0,0,0,0,0,0,"BBH",0,0
1.0365853659,2,0,0,700,1003490,"2021-09-29T00:00:00",0,7.9,7.9,7.9,7.9,7.9,7.9,0,0,0,0,0,0,0,0,0,"BBH",0,0
1.0365853659,2,0,0,700,1003490,"2021-09-28T00:00:00",0,7.9,7.9,7.9,7.9,7.9,7.9,0,0,0,0,0,0,0,0,0,"BBH",0,0
1.0365853659,2,0,0,700,1003490,"2021-09-27T00:00:00",0,7.9,7.9,7.9,7.9,7.9,7.9,0,0,0,0,0,0,0,0,0,"BBH",0,0
1.0365853659,2,0,0,700,1003490,"2021-09-24T00:00:00",0,7.9,7.9,7.9,7.9,7.9,7.9,0,0,0,0,0,0,0,0,0,"BBH",0,0
1.0365853659,2,0,0,700,1003490,"2021-09-23T00:00:00",0,7.9,7.9,7.9,7.9,7.9,7.9,0,0,0,0,0,0,0,0,0,"BBH",0,0
1.0365853659,3,0,0,800,1003490,"2021-09-22T00:00:00",0,7.9,7.9,7.9,7.9,7.9,7.9,0,0,0,0,0,0,0,0,0,"BBH",0,0
1.0365853659,2,0,0,400,1003490,"2021-09-21T00:00:00",0,7.9,7.9,7.9,7.9,7.9,7.9,0,0,0,0,0,0,0,0,0,"BBH",0,0
1.0365853659,3,0,0,900,1003490,"2021-09-20T00:00:00",0,7.9,7.9,7.9,7.9,7.9,7.9,0,0,0,0,0,0,0,0,0,"BBH",0,0
1.0365853659,0,0,0,300,1003490,"2021-09-17T00:00:00",0,7.9,7.9,7.9,7.9,7.9,7.9,0,0,0,0,0,0,0,0,0,"BBH",0,0
1.0365853659,0,0,0,700,1003490,"2021-09-16T00:00:00",0,7.9,7.9,7.9,7.9,7.9,7.9,0,0,0,0,0,0,0,0,0,"BBH",0,0
1.0365853659,0,0,0,200,1003490,"2021-09-15T00:00:00",0,7.9,7.9,7.9,7.9,7.9,7.9,0,0,0,0,0,0,0,0,0,"BBH",0,0
1.0365853659,0,0,0,200,1003490,"2021-09-14T00:00:00",0,7.9,7.9,7.9,7.9,7.9,7.9,0,0,0,0,0,0,0,0,0,"BBH",0,0
1.0365853659,0,0,0,200,1003490,"2021-09-13T00:00:00",0,7.9,7.9,7.9,7.9,7.9,7.9,0,0,0,0,0,0,0,0,0,"BBH",0,0
1.0365853659,0,0,0,200,1003490,"2021-09-10T00:00:00",0,7.9,7.9,7.9,7.9,7.9,7.9,0,0,0,0,0,0,0,0,0,"BBH",0,0
1.0365853659,0,0,0,200,1003490,"2021-09-09T00:00:00",0,7.9,7.9,7.9,7.9,7.9,7.9,0,0,0,0,0,0,0,0,0,"BBH",0,0
1.0365853659,0,0,0,200,1003490,"2021-09-08T00:00:00",0,7.9,7.9,7.9,7.9,7.9,7.9,0,0,0,0,0,0,0,0,0,"BBH",0,0
1.0365853659,1,0,0,500,1003490,"2021-09-07T00:00:00",0,7.9,7.9,7.9,7.9,7.9,7.9,0,0,0,0,0,0,0,0,0,"BBH",0,0
1.0365853659,1,0,0,500,1003490,"2021-09-06T00:00:00",0,7.9,7.9,7.9,7.9,7.9,7.9,0,0,0,0,0,0,0,0,0,"BBH",0,0
1.0365853659,0,0,0,500,1003490,"2021-09-01T00:00:00",0,7.9,7.9,7.9,7.9,7.9,7.9,0,0,0,0,0,0,0,0,0,"BBH",0,0
1.0365853659,1,0,0,500,1003490,"2021-08-31T00:00:00",0,7.9,7.9,7.9,7.9,7.9,7.9,0,0,0,0,0,0,0,0,0,"BBH",0,0
1.0365853659,1,0,0,800,1003490,"2021-08-30T00:00:00",0,7.9,7.9,7.9,7.9,7.9,7.9,0,0,0,0,0,0,0,0,0,"BBH",0,0
1.0365853659,0,0,0,1500,1003490,"2021-08-27T00:00:00",0,7.9,7.9,7.9,7.9,7.9,7.9,0,0,0,0,0,0,0,0,0,"BBH",0,0
1.0365853659,0,0,0,1800,1003490,"2021-08-26T00:00:00",0,7.9,7.9,7.9,7.9,7.9,7.9,0,0,0,0,0,0,0,0,0,"BBH",0,0
1.0365853659,0,0,0,1000,1003490,"2021-08-25T00:00:00",0,7.9,7.9,7.9,7.9,7.9,7.9,0,0,0,0,0,0,0,0,0,"BBH",0,0
1.0365853659,0,0,0,1200,1003490,"2021-08-24T00:00:00",0,7.9,7.9,7.9,7.9,7.9,7.9,0,0,0,0,0,0,0,0,0,"BBH",0,0
1.0365853659,0,0,0,2800,1003490,"2021-08-23T00:00:00",0,7.9,7.9,7.9,7.9,7.9,7.9,0,0,0,0,0,0,0,0,0,"BBH",0,0
1.0365853659,0,0,0,7900,1003490,"2021-08-20T00:00:00",0,7.9,7.9,7.9,7.9,7.9,7.9,0,0,0,0,0,0,0,0,0,"BBH",0,0
1.0365853659,0,0,0,7800,1003490,"2021-08-19T00:00:00",0,7.9,7.9,7.9,7.9,7.9,7.9,0,0,0,0,0,0,0,0,0,"BBH",0,0
1.0365853659,0,0,0,7800,1003490,"2021-08-18T00:00:00",0,7.9,7.9,7.9,7.9,7.9,7.9,0,0,0,0,0,0,0,0,0,"BBH",0,0
1.0365853659,0,0,0,7900,1003490,"2021-08-17T00:00:00",0,7.9,7.9,7.9,7.9,7.9,7.9,0,0,0,0,0,0,0,0,0,"BBH",0,0
1.0365853659,0,0,0,7900,1003490,"2021-08-16T00:00:00",0,7.9,7.9,7.9,7.9,7.9,7.9,0,0,0,0,0,0,0,0,0,"BBH",0,0
1.0365853659,0,0,0,7800,1003490,"2021-08-13T00:00:00",0,7.9,7.9,7.9,7.9,7.9,7.9,0,0,0,0,0,0,0,0,0,"BBH",0,0
1.0365853659,0,0,0,7800,1003490,"2021-08-12T00:00:00",0,7.9,7.9,7.9,7.9,7.9,7.9,0,0,0,0,0,0,0,0,0,"BBH",0,0
1.0365853659,0,0,0,7900,1003490,"2021-08-11T00:00:00",0,7.9,7.9,7.9,7.9,7.9,7.9,0,0,0,0,0,0,0,0,0,"BBH",0,0
1.0365853659,0,0,0,8000,1003490,"2021-08-10T00:00:00",0,7.9,7.9,7.9,7.9,7.9,7.9,0,0,0,0,0,0,0,0,0,"BBH",0,0
1.0365853659,0,0,0,7900,1003490,"2021-08-09T00:00:00",0,7.9,7.9,7.9,7.9,7.9,7.9,0,0,0,0,0,0,0,0,0,"BBH",0,0
1.0365853659,0,0,0,10800,1003490,"2021-08-06T00:00:00",0,7.9,7.9,7.9,7.9,7.9,7.9,0,0,0,0,0,0,0,0,0,"BBH",0,0
1.0365853659,0,0,0,10900,1003490,"2021-08-05T00:00:00",0,7.9,7.9,7.9,7.9,7.9,7.9,0,0,0,0,0,0,0,0,0,"BBH",0,0
1.0365853659,0,0,0,10900,1003490,"2021-08-04T00:00:00",0,7.9,7.9,7.9,7.9,7.9,7.9,0,0,0,0,0,0,0,0,0,"BBH",0,0
1.0365853659,0,0,0,10900,1003490,"2021-08-03T00:00:00",0,7.9,7.9,7.9,7.9,7.9,7.9,0,0,0,0,0,0,0,0,0,"BBH",0,0
1.0365853659,0,0,0,10900,1003490,"2021-08-02T00:00:00",0,7.9,7.9,7.9,7.9,7.9,7.9,0,0,0,0,0,0,0,0,0,"BBH",0,0
1.0365853659,0,0,0,4800,1003490,"2021-07-30T00:00:00",0,7.9,7.9,7.9,7.9,7.9,7.9,0,0,0,0,0,0,0,0,0,"BBH",0,0
1.0365853659,0,0,0,4800,1003490,"2021-07-29T00:00:00",0,7.9,7.9,7.9,7.9,7.9,7.9,0,0,0,0,0,0,0,0,0,"BBH",0,0
1.0365853659,0,0,0,4800,1003490,"2021-07-28T00:00:00",0,7.9,7.9,7.9,7.9,7.9,7.9,0,0,0,0,0,0,0,0,0,"BBH",0,0
1.0365853659,0,0,0,5900,1003490,"2021-07-27T00:00:00",0,7.9,7.9,7.9,7.9,7.9,7.9,0,0,0,0,0,0,0,0,0,"BBH",0,0
1.0365853659,0,0,0,5800,1003490,"2021-07-26T00:00:00",0,7.9,7.9,7.9,7.9,7.9,7.9,0,0,0,0,0,0,0,0,0,"BBH",0,0
1.0365853659,0,0,0,6300,1003490,"2021-07-23T00:00:00",0,7.9,7.9,7.9,7.9,7.9,7.9,0,0,0,0,0,0,0,0,0,"BBH",0,0
1.0365853659,0,0,0,5900,1003490,"2021-07-22T00:00:00",0,7.9,7.9,7.9,7.9,7.9,7.9,0,0,0,0,0,0,0,0,0,"BBH",0,0
1.0365853659,0,0,0,5300,1003490,"2021-07-21T00:00:00",0,7.9,7.9,7.9,7.9,7.9,7.9,0,0,0,0,0,0,0,0,0,"BBH",0,0
1.0365853659,0,0,0,4400,1003490,"2021-07-20T00:00:00",0,7.9,7.9,7.9,7.9,7.9,7.9,0,0,0,0,0,0,0,0,0,"BBH",0,0
1.0365853659,0,0,0,9000,1003490,"2021-07-19T00:00:00",0,7.9,7.9,7.9,7.9,7.9,7.9,0,0,0,0,0,0,0,0,0,"BBH",0,0
1.0365853659,0,0,0,4600,1003490,"2021-07-16T00:00:00",0,7.9,7.9,7.9,7.9,7.9,7.9,0,0,0,0,0,0,0,0,0,"BBH",0,0
1.0365853659,0,0,0,1100,1003490,"2021-07-15T00:00:00",100,7.9,9,7.9,7.9,7.9,7.9,0,0,0,0,0,0,0,0,100,"BBH",1000000,100
1.0365853659,180,0,0,1600,1003490,"2021-07-14T00:00:00",1500,9,15,9,9,9,9,0,0,0,0,0,0,0,0,1500,"BBH",14000000,1500
1.0365853659,0,0,0,0,1003490,"2021-07-13T00:00:00",0,15,15,15,15,15,15,0,0,0,0,0,0,0,0,0,"BBH",0,0
1.0365853659,0,0,0,0,1003490,"2021-07-12T00:00:00",0,15,15,15,15,15,15,0,0,0,0,0,0,0,0,0,"BBH",0,0
1.1056910569945528,0,0,0,0,1003490,"2021-07-09T00:00:00",0,16,16,16,16,16,16,0,0,0,0,0,0,0,0,0,"BBH",0,0
1.1056910569945528,0,0,0,0,1003490,"2021-07-08T00:00:00",0,16,16,16,16,16,16,0,0,0,0,0,0,0,0,0,"BBH",0,0
1.1056910569945528,0,0,0,0,1003490,"2021-07-07T00:00:00",0,16,16,16,16,16,16,0,0,0,0,0,0,0,0,0,"BBH",0,0
1.1056910569945528,0,0,0,0,1003490,"2021-07-06T00:00:00",0,16,16,16,16,16,16,0,0,0,0,0,0,0,0,0,"BBH",0,0
1.1056910569945528,0,0,0,10000,1003490,"2021-07-05T00:00:00",0,16,16,16,16,16,16,0,0,0,0,0,0,0,0,0,"BBH",0,0
1.1056910569945528,0,0,0,0,1003490,"2021-07-02T00:00:00",0,16,16,16,16,16,16,0,0,0,0,0,0,0,0,0,"BBH",0,0
1.1056910569945528,0,0,0,0,1003490,"2021-07-01T00:00:00",0,16,16,16,16,16,16,0,0,0,0,0,0,0,0,0,"BBH",0,0
1.1056910569945528,0,0,0,0,1003490,"2021-06-30T00:00:00",0,16,16,16,16,16,16,0,0,0,0,0,0,0,0,0,"BBH",0,0
1.1056910569945528,0,0,0,0,1003490,"2021-06-29T00:00:00",0,16,16,16,16,16,16,0,0,0,0,0,0,0,0,0,"BBH",0,0
1.1056910569945528,0,0,0,0,1003490,"2021-06-28T00:00:00",0,16,16,16,16,16,16,0,0,0,0,0,0,0,0,0,"BBH",0,0
1.1056910569945528,0,0,0,0,1003490,"2021-06-25T00:00:00",0,16,16,16,16,16,16,0,0,0,0,0,0,0,0,0,"BBH",0,0
1.1056910569945528,0,0,0,0,1003490,"2021-06-24T00:00:00",0,16,16,16,16,16,16,0,0,0,0,0,0,0,0,0,"BBH",0,0
1.1056910569945528,0,0,0,0,1003490,"2021-06-23T00:00:00",0,16,16,16,16,16,16,0,0,0,0,0,0,0,0,0,"BBH",0,0
1.1056910569945528,0,0,0,0,1003490,"2021-06-22T00:00:00",0,16,16,16,16,16,16,0,0,0,0,0,0,0,0,0,"BBH",0,0
1.1056910569945528,0,0,0,0,10034860,"2021-06-21T00:00:00",0,16,16,16,16,16,16,0,0,0,0,0,0,0,0,0,"BBH",0,0
1.1056910569945528,0,0,0,0,1003490,"2021-06-18T00:00:00",0,16,16,16,16,16,16,0,0,0,0,0,0,0,0,0,"BBH",0,0
1.1056910569945528,0,0,0,2500,1003490,"2021-06-17T00:00:00",0,16,16,16,16,16,16,0,0,0,0,0,0,0,0,0,"BBH",0,0
1.1056910569945528,0,0,0,2500,1003490,"2021-06-16T00:00:00",0,16,16,16,16,16,16,0,0,0,0,0,0,0,0,0,"BBH",0,0
1.1056910569945528,0,0,0,0,1003490,"2021-06-15T00:00:00",0,16,16,16,16,16,16,0,0,0,0,0,0,0,0,0,"BBH",0,0
1.1056910569945528,0,0,0,0,1003490,"2021-06-14T00:00:00",0,16,16,16,16,16,16,0,0,0,0,0,0,0,0,2500,"BBH",0,0
1.1056910569945528,0,0,0,0,1003490,"2021-06-11T00:00:00",0,16,16,16,16,16,16,0,0,0,0,0,0,0,0,0,"BBH",0,0
1.1056910569945528,0,0,0,0,1003490,"2021-06-10T00:00:00",0,16,16,16,16,16,16,0,0,0,0,0,0,0,0,0,"BBH",0,0
1.1056910569945528,0,0,0,0,1003490,"2021-06-09T00:00:00",0,16,16,16,16,16,16,0,0,0,0,0,0,0,0,0,"BBH",0,0
1.1056910569945528,0,0,0,0,1003490,"2021-06-08T00:00:00",0,16,16,16,16,16,16,0,0,0,0,0,0,0,0,0,"BBH",0,0
1.1056910569945528,0,0,0,0,1003490,"2021-06-07T00:00:00",0,16,16,16,16,16,16,0,0,0,0,0,0,0,0,0,"BBH",0,0
1.1056910569945528,0,0,0,0,1003490,"2021-06-04T00:00:00",0,16,16,16,16,16,16,0,0,0,0,0,0,0,0,0,"BBH",0,0
1.1056910569945528,0,0,0,0,1003490,"2021-06-03T00:00:00",0,16,16,16,16,16,16,0,0,0,0,0,0,0,0,0,"BBH",0,0
1.1056910569945528,0,0,0,0,1003490,"2021-06-02T00:00:00",0,16,16,16,16,16,16,0,0,0,0,0,0,0,0,0,"BBH",0,0
1.1056910569945528,0,0,0,0,1003490,"2021-06-01T00:00:00",0,16,16,16,16,16,16,0,0,0,0,0,0,0,0,0,"BBH",0,0
1.1056910569945528,0,0,0,0,1003490,"2021-05-31T00:00:00",0,16,16,16,16,16,16,0,0,0,0,0,0,0,0,0,"BBH",0,0
1.1056910569945528,0,0,0,0,1003490,"2021-05-28T00:00:00",0,16,16,16,16,16,16,0,0,0,0,0,0,0,0,0,"BBH",0,0
1.1056910569945528,0,0,0,0,1003490,"2021-05-27T00:00:00",0,16,16,16,16,16,16,0,0,0,0,0,0,0,0,0,"BBH",0,0
1.1056910569945528,0,0,0,0,1003490,"2021-05-26T00:00:00",0,16,16,16,16,16,16,0,0,0,0,0,0,0,0,0,"BBH",0,0
1.1056910569945528,0,0,0,0,1003490,"2021-05-25T00:00:00",0,16,16,16,16,16,16,0,0,0,0,0,0,0,0,0,"BBH",0,0
1.1056910569945528,0,0,0,0,1003490,"2021-05-24T00:00:00",0,16,16,16,16,16,16,0,0,0,0,0,0,0,0,0,"BBH",0,0
1.1056910569945528,0,0,0,0,1003490,"2021-05-21T00:00:00",0,16,16,16,16,16,16,0,0,0,0,0,0,0,0,0,"BBH",0,0
1.1056910569945528,0,0,0,0,1003490,"2021-05-20T00:00:00",0,16,16,16,16,16,16,0,0,0,0,0,0,0,0,0,"BBH",0,0
1.1056910569945528,0,0,0,1000,1003490,"2021-05-19T00:00:00",0,16,16,16,16,16,16,0,0,0,0,0,0,0,0,0,"BBH",0,0
1.1056910569945528,0,0,0,0,1003490,"2021-05-18T00:00:00",0,16,16,16,16,16,16,0,0,0,0,0,0,0,0,0,"BBH",0,0
1.1056910569945528,0,0,0,0,1003490,"2021-05-17T00:00:00",0,16,16,16,16,16,16,0,0,0,0,0,0,0,0,0,"BBH",0,0
1.1056910569945528,0,0,0,0,1003490,"2021-05-14T00:00:00",0,16,16,16,16,16,16,0,0,0,0,0,0,0,0,0,"BBH",0,0
1.1056910569945528,0,0,0,0,1003490,"2021-05-13T00:00:00",0,16,16,16,16,16,16,0,0,0,0,0,0,0,0,0,"BBH",0,0
1.1056910569945528,0,0,0,0,1003490,"2021-05-12T00:00:00",0,16,16,16,16,16,16,0,0,0,0,0,0,0,0,0,"BBH",0,0
1.1056910569945528,0,0,0,0,1003490,"2021-05-11T00:00:00",0,16,16,16,16,16,16,0,0,0,0,0,0,0,0,0,"BBH",0,0
1.1056910569945528,0,0,0,0,1003490,"2021-05-10T00:00:00",0,16,16,16,16,16,16,0,0,0,0,0,0,0,0,0,"BBH",0,0
1.1056910569945528,0,0,0,0,1003490,"2021-05-07T00:00:00",0,16,16,16,16,16,16,0,0,0,0,0,0,0,0,0,"BBH",0,0
1.1056910569945528,0,0,0,0,1003490,"2021-05-06T00:00:00",0,16,16,16,16,16,16,0,0,0,0,0,0,0,0,0,"BBH",0,0
1.1056910569945528,0,0,0,0,1003490,"2021-05-05T00:00:00",0,16,16,16,16,16,16,0,0,0,0,0,0,0,0,0,"BBH",0,0
1.1056910569945528,0,0,0,2000,1003490,"2021-05-04T00:00:00",0,16,16,16,16,16,16,0,0,0,0,0,0,0,0,0,"BBH",0,0
1.1056910569945528,0,0,0,3000,1003490,"2021-04-29T00:00:00",0,16,16,16,16,16,16,0,0,0,0,0,0,0,0,0,"BBH",0,0
1.1056910569945528,0,0,0,100,1003490,"2021-04-28T00:00:00",0,16,16,16,16,16,16,0,0,0,0,0,0,0,0,0,"BBH",0,0
1.1056910569945528,0,0,0,0,1003490,"2021-04-27T00:00:00",0,16,16,16,16,16,16,0,0,0,0,0,0,0,0,0,"BBH",0,0
1.1056910569945528,0,0,0,0,1003490,"2021-04-26T00:00:00",0,16,16,16,16,16,16,0,0,0,0,0,0,0,0,0,"BBH",0,0
1.1056910569945528,0,0,0,0,1003490,"2021-04-23T00:00:00",0,16,16,16,16,16,16,0,0,0,0,0,0,0,0,0,"BBH",0,0
1.1056910569945528,0,0,0,0,1003490,"2021-04-22T00:00:00",0,16,16,16,16,16,16,0,0,0,0,0,0,0,0,0,"BBH",0,0
1.1056910569945528,0,0,0,0,1003490,"2021-04-20T00:00:00",0,16,16,16,16,16,16,0,0,0,0,0,0,0,0,0,"BBH",0,0
1.1056910569945528,0,0,0,0,1003490,"2021-04-19T00:00:00",0,16,16,16,16,16,16,0,0,0,0,0,0,0,0,0,"BBH",0,0
1.1056910569945528,0,0,0,0,1003490,"2021-04-16T00:00:00",0,16,16,16,16,16,16,0,0,0,0,0,0,0,0,0,"BBH",0,0
1.1056910569945528,0,0,0,0,1003490,"2021-04-15T00:00:00",0,16,16,16,16,16,16,0,0,0,0,0,0,0,0,0,"BBH",0,0
1.1056910569945528,0,0,0,100,1003490,"2021-04-14T00:00:00",0,16,16,16,16,16,16,0,0,0,0,0,0,0,0,0,"BBH",0,0
1.1056910569945528,0,0,0,0,1003490,"2021-04-13T00:00:00",0,16,16,16,16,16,16,0,0,0,0,0,0,0,0,0,"BBH",0,0
1.1056910569945528,0,0,0,0,1003490,"2021-04-12T00:00:00",0,16,16,16,16,16,16,0,0,0,0,0,0,0,0,0,"BBH",0,0
1.1056910569945528,0,0,0,0,1003490,"2021-04-09T00:00:00",0,16,16,16,16,16,16,0,0,0,0,0,0,0,0,0,"BBH",0,0
1.1056910569945528,0,0,0,0,1003490,"2021-04-08T00:00:00",0,16,16,16,16,16,16,0,0,0,0,0,0,0,0,0,"BBH",0,0
1.1056910569945528,0,0,0,0,1003490,"2021-04-07T00:00:00",0,16,16,16,16,16,16,0,0,0,0,0,0,0,0,0,"BBH",0,0
1.1056910569945528,0,0,0,0,1003490,"2021-04-06T00:00:00",0,16,16,16,16,16,16,0,0,0,0,0,0,0,0,0,"BBH",0,0
1.1056910569945528,0,0,0,0,1003490,"2021-04-05T00:00:00",0,16,16,16,16,16,16,0,0,0,0,0,0,0,0,0,"BBH",0,0
1.1056910569945528,0,0,0,200,1003490,"2021-04-02T00:00:00",0,16,16,16,16,16,16,,,,0,0,0,0,0,0,"BBH",0,0
1.1056910569945528,0,0,0,0,1003490,"2021-04-01T00:00:00",0,16,16,16,16,16,16,,,,0,0,0,0,0,0,"BBH",0,0
1.1056910569945528,0,0,0,0,1003490,"2021-03-31T00:00:00",0,16,16,16,16,16,16,,,,0,0,0,0,0,0,"BBH",0,0
1.1056910569945528,0,0,0,0,1003490,"2021-03-30T00:00:00",0,16,16,16,16,16,16,,,,0,0,0,0,0,0,"BBH",0,0
1.1056910569945528,0,0,0,0,1003490,"2021-03-29T00:00:00",0,16,16,16,16,16,16,,,,0,0,0,0,0,0,"BBH",0,0
1.1056910569945528,0,0,0,0,1003490,"2021-03-26T00:00:00",0,16,16,16,16,16,16,,,,0,0,0,0,0,0,"BBH",0,0
1.1056910569945528,0,0,0,0,1003490,"2021-03-25T00:00:00",0,16,16,16,16,16,16,,,,0,0,0,0,0,0,"BBH",0,0
1.1056910569945528,0,0,0,0,1003490,"2021-03-24T00:00:00",0,16,16,16,16,16,16,,,,0,0,0,0,0,0,"BBH",0,0
1.1056910569945528,0,0,0,0,1003490,"2021-03-23T00:00:00",0,16,16,16,16,16,16,,,,0,0,0,0,0,0,"BBH",0,0
1.1056910569945528,0,0,0,0,1003490,"2021-03-22T00:00:00",0,16,16,16,16,16,16,,,,0,0,0,0,0,0,"BBH",0,0
1.1056910569945528,0,0,0,0,1003490,"2021-03-19T00:00:00",0,16,16,16,16,16,16,,,,0,0,0,0,0,0,"BBH",0,0
1.1056910569945528,0,0,0,0,1003490,"2021-03-18T00:00:00",0,16,16,16,16,16,16,,,,0,0,0,0,0,0,"BBH",0,0
1.1056910569945528,0,0,0,0,1003490,"2021-03-17T00:00:00",0,16,16,16,16,16,16,,,,0,0,0,0,0,0,"BBH",0,0
1.1056910569945528,0,0,0,0,1003490,"2021-03-16T00:00:00",0,16,16,16,16,16,16,,,,0,0,0,0,0,0,"BBH",0,0
1.1056910569945528,0,0,0,0,1003490,"2021-03-15T00:00:00",0,16,16,16,16,16,16,,,,0,0,0,0,0,0,"BBH",0,0
1.1056910569945528,0,0,0,0,1003490,"2021-03-12T00:00:00",0,16,16,16,16,16,16,,,,0,0,0,0,0,0,"BBH",0,0
1.1056910569945528,0,0,0,0,1003490,"2021-03-11T00:00:00",0,16,16,16,16,16,16,,,,0,0,0,0,0,0,"BBH",0,0
1.1056910569945528,0,0,0,0,1003490,"2021-03-10T00:00:00",0,16,16,16,16,16,16,,,,0,0,0,0,0,0,"BBH",0,0
1.1056910569945528,0,0,0,0,1003490,"2021-03-09T00:00:00",0,16,16,16,16,16,16,,,,0,0,0,0,0,0,"BBH",0,0
1.1056910569945528,0,0,0,0,1003490,"2021-03-08T00:00:00",0,16,16,16,16,16,16,,,,0,0,0,0,0,0,"BBH",0,0
1.1056910569945528,0,0,0,0,1003490,"2021-03-05T00:00:00",0,16,16,16,16,16,16,,,,0,0,0,0,0,0,"BBH",0,0
1.1056910569945528,0,0,0,0,1003490,"2021-03-04T00:00:00",0,16,16,16,16,16,16,,,,0,0,0,0,0,0,"BBH",0,0
1.1056910569945528,0,0,0,0,1003490,"2021-03-03T00:00:00",0,16,16,16,16,16,16,,,,0,0,0,0,0,0,"BBH",0,0
1.1056910569945528,0,0,0,0,1003490,"2021-03-02T00:00:00",0,16,16,16,16,16,16,,,,0,0,0,0,0,0,"BBH",0,0
1.1056910569945528,0,0,0,0,1003490,"2021-03-01T00:00:00",0,16,16,16,16,16,16,,,,0,0,0,0,0,0,"BBH",0,0
1.1056910569945528,0,0,0,1000,1003490,"2021-02-26T00:00:00",0,16,16,16,16,16,16,,,,0,0,0,0,0,0,"BBH",0,0
1.1056910569945528,0,0,0,1000,1003490,"2021-02-25T00:00:00",0,16,16,16,16,16,16,,,,0,0,0,0,0,0,"BBH",0,0
1.1056910569945528,0,0,0,1000,1003490,"2021-02-24T00:00:00",0,16,16,16,16,16,16,,,,0,0,0,0,0,0,"BBH",0,0
1.1056910569945528,0,0,0,3000,1003490,"2021-02-23T00:00:00",0,16,16,16,16,16,16,,,,0,0,0,0,0,0,"BBH",0,0
1.1056910569945528,0,0,0,0,1003490,"2021-02-22T00:00:00",0,16,16,16,16,16,16,,,,0,0,0,0,0,0,"BBH",0,0
1.1056910569945528,0,0,0,0,1003490,"2021-02-19T00:00:00",0,16,16,16,16,16,16,,,,0,0,0,0,0,0,"BBH",0,0
1.1056910569945528,0,0,0,0,1003490,"2021-02-18T00:00:00",0,16,16,16,16,16,16,,,,0,0,0,0,0,0,"BBH",0,0
1.1056910569945528,0,0,0,0,1003490,"2021-02-17T00:00:00",0,16,16,16,16,16,16,,,,0,0,0,0,0,0,"BBH",0,0
1.1056910569945528,0,0,0,0,1003490,"2021-02-09T00:00:00",0,16,16,16,16,16,16,,,,0,0,0,0,0,0,"BBH",0,0
1.1056910569945528,0,0,0,0,1003490,"2021-02-08T00:00:00",0,16,16,16,16,16,16,,,,0,0,0,0,0,0,"BBH",0,0
1.1056910569945528,0,0,0,0,1003490,"2021-02-05T00:00:00",0,16,16,16,16,16,16,,,,0,0,0,0,0,0,"BBH",0,0
1.1056910569945528,0,0,0,0,1003490,"2021-02-04T00:00:00",0,16,16,16,16,16,16,,,,0,0,0,0,0,0,"BBH",0,0
1.1056910569945528,0,0,0,0,1003490,"2021-02-03T00:00:00",0,16,16,16,16,16,16,,,,0,0,0,0,0,0,"BBH",0,0
1.1056910569945528,0,0,0,0,1003490,"2021-02-02T00:00:00",0,16,16,16,16,16,16,,,,0,0,0,0,0,0,"BBH",0,0
1.1056910569945528,0,0,0,0,1003490,"2021-02-01T00:00:00",0,16,16,16,16,16,16,,,,0,0,0,0,0,0,"BBH",0,0
1.1056910569945528,0,0,0,0,1003490,"2021-01-29T00:00:00",0,16,16,16,16,16,16,,,,0,0,0,0,0,0,"BBH",0,0
1.1056910569945528,0,0,0,0,1003490,"2021-01-28T00:00:00",0,16,16,16,16,16,16,,,,0,0,0,0,0,0,"BBH",0,0
1.1056910569945528,0,0,0,0,1003490,"2021-01-27T00:00:00",0,16,16,16,16,16,16,,,,0,0,0,0,0,0,"BBH",0,0
1.1056910569945528,0,0,0,0,1003490,"2021-01-26T00:00:00",0,16,16,16,16,16,16,,,,0,0,0,0,0,0,"BBH",0,0
1.1056910569945528,0,0,0,0,1003490,"2021-01-25T00:00:00",0,16,16,16,16,16,16,,,,0,0,0,0,0,0,"BBH",0,0
1.1056910569945528,0,0,0,0,1003490,"2021-01-22T00:00:00",0,16,16,16,16,16,16,,,,0,0,0,0,0,0,"BBH",0,0
1.1056910569945528,0,0,0,0,1003490,"2021-01-21T00:00:00",0,16,16,16,16,16,16,,,,0,0,0,0,0,0,"BBH",0,0
1.1056910569945528,0,0,0,0,1003490,"2021-01-20T00:00:00",0,16,16,16,16,16,16,,,,0,0,0,0,0,0,"BBH",0,0
1.1056910569945528,0,0,0,0,1003490,"2021-01-19T00:00:00",0,16,16,16,16,16,16,,,,0,0,0,0,0,0,"BBH",0,0
1.1056910569945528,0,0,0,0,1003490,"2021-01-18T00:00:00",0,16,16,16,16,16,16,,,,0,0,0,0,0,0,"BBH",0,0
1.1056910569945528,0,0,0,0,1003490,"2021-01-15T00:00:00",0,16,16,16,16,16,16,,,,0,0,0,0,0,0,"BBH",0,0
1.1056910569945528,0,0,0,0,1003490,"2021-01-14T00:00:00",0,16,16,16,16,16,16,,,,0,0,0,0,0,0,"BBH",0,0
1.1056910569945528,0,0,0,0,1003490,"2021-01-13T00:00:00",0,16,16,16,16,16,16,,,,0,0,0,0,0,0,"BBH",0,0
1.1056910569945528,0,0,0,0,1003490,"2021-01-12T00:00:00",0,16,16,16,16,16,16,,,,0,0,0,0,0,0,"BBH",0,0
1.1056910569945528,0,0,0,0,1003490,"2021-01-11T00:00:00",0,16,16,16,16,16,16,,,,0,0,0,0,0,0,"BBH",0,0
1.1056910569945528,0,0,0,0,1003490,"2021-01-08T00:00:00",0,16,16,16,16,16,16,,,,0,0,0,0,0,0,"BBH",0,0
1.1056910569945528,0,0,0,1000,1003490,"2021-01-07T00:00:00",0,16,16,16,16,16,16,,,,0,0,0,0,0,0,"BBH",0,0
1.1056910569945528,0,0,0,0,1003490,"2021-01-06T00:00:00",0,16,16,16,16,16,16,,,,0,0,0,0,0,0,"BBH",0,0
1.1056910569945528,0,0,0,0,1003490,"2021-01-05T00:00:00",0,16,16,16,16,16,16,,,,0,0,0,0,0,0,"BBH",0,0
1.1056910569945528,0,0,0,0,1003490,"2021-01-04T00:00:00",0,16,16,16,16,16,16,,,,0,0,0,0,0,0,"BBH",0,0
1.1056910569945528,0,0,0,0,1003490,"2020-12-31T00:00:00",0,16,16,16,16,16,16,,,,0,0,0,0,0,0,"BBH",0,0
1.1056910569945528,0,0,0,0,1003490,"2020-12-30T00:00:00",0,16,16,16,16,16,16,,,,0,0,0,0,0,0,"BBH",0,0
1.1056910569945528,0,0,0,0,1003490,"2020-12-29T00:00:00",0,16,16,16,16,16,16,,,,0,0,0,0,0,0,"BBH",0,0
1.1056910569945528,0,0,0,0,1003490,"2020-12-28T00:00:00",0,16,16,16,16,16,16,,,,0,0,0,0,0,0,"BBH",0,0
1.1056910569945528,0,0,0,0,1003490,"2020-12-25T00:00:00",0,16,16,16,16,16,16,,,,0,0,0,0,0,0,"BBH",0,0
1.1056910569945528,0,0,0,0,1003490,"2020-12-24T00:00:00",0,16,16,16,16,16,16,,,,0,0,0,0,0,0,"BBH",0,0
1.1056910569945528,0,0,0,0,1003490,"2020-12-23T00:00:00",0,16,16,16,16,16,16,,,,0,0,0,0,0,0,"BBH",0,0
1.1056910569945528,0,0,0,0,1003490,"2020-12-22T00:00:00",0,16,16,16,16,16,16,,,,0,0,0,0,0,0,"BBH",0,0
1.1056910569945528,0,0,0,0,1003490,"2020-12-21T00:00:00",0,16,16,16,16,16,16,,,,0,0,0,0,0,0,"BBH",0,0
1.1056910569945528,0,0,0,0,1003490,"2020-12-18T00:00:00",0,16,16,16,16,16,16,,,,0,0,0,0,0,0,"BBH",0,0
1.1056910569945528,0,0,0,0,1003490,"2020-12-17T00:00:00",0,16,16,16,16,16,16,,,,0,0,0,0,0,0,"BBH",0,0
1.1056910569945528,0,0,0,0,1003490,"2020-12-16T00:00:00",0,16,16,16,16,16,16,,,,0,0,0,0,0,0,"BBH",0,0
1.1056910569945528,0,0,0,0,1003490,"2020-12-15T00:00:00",0,16,16,16,16,16,16,,,,0,0,0,0,0,0,"BBH",0,0
1.1056910569945528,0,0,0,0,1003490,"2020-12-14T00:00:00",0,16,16,16,16,16,16,,,,0,0,0,0,0,0,"BBH",0,0
1.1056910569945528,0,0,0,0,1003490,"2020-12-11T00:00:00",0,16,16,16,16,16,16,,,,0,0,0,0,0,0,"BBH",0,0
1.1056910569945528,0,0,0,0,1003490,"2020-12-10T00:00:00",0,16,16,16,16,16,16,,,,0,0,0,0,0,0,"BBH",0,0
1.1056910569945528,0,0,0,0,1003490,"2020-12-09T00:00:00",0,16,16,16,16,16,16,,,,0,0,0,0,0,0,"BBH",0,0
1.1056910569945528,0,0,0,0,1003490,"2020-12-08T00:00:00",0,16,16,16,16,16,16,,,,0,0,0,0,0,0,"BBH",0,0
1.1056910569945528,0,0,0,0,1003490,"2020-12-07T00:00:00",0,16,16,16,16,16,16,,,,0,0,0,0,0,0,"BBH",0,0
1.1056910569945528,0,0,0,0,1003490,"2020-12-04T00:00:00",0,16,16,16,16,16,16,,,,0,0,0,0,0,0,"BBH",0,0
1.1056910569945528,0,0,0,0,1003490,"2020-12-03T00:00:00",0,16,16,16,16,16,16,,,,0,0,0,0,0,0,"BBH",0,0
1.1056910569945528,0,0,0,0,1003490,"2020-12-02T00:00:00",0,16,16,16,16,16,16,,,,0,0,0,0,0,0,"BBH",0,0
1.1056910569945528,0,0,0,0,1003490,"2020-12-01T00:00:00",0,16,16,16,16,16,16,,,,0,0,0,0,0,0,"BBH",0,0
1.1056910569945528,0,0,0,0,1003490,"2020-11-30T00:00:00",0,16,16,16,16,16,16,,,,0,0,0,0,0,0,"BBH",0,0
1.1056910569945528,0,0,0,0,1003490,"2020-11-27T00:00:00",0,16,16,16,16,16,16,,,,0,0,0,0,0,0,"BBH",0,0
1.1056910569945528,0,0,0,0,1003490,"2020-11-26T00:00:00",0,16,16,16,16,16,16,,,,0,0,0,0,0,0,"BBH",0,0
1.1056910569945528,0,0,0,0,1003490,"2020-11-25T00:00:00",0,16,16,16,16,16,16,,,,0,0,0,0,0,0,"BBH",0,0
1.1056910569945528,0,0,0,0,1003490,"2020-11-24T00:00:00",0,16,16,16,16,16,16,,,,0,0,0,0,0,0,"BBH",0,0
1.1056910569945528,0,0,0,0,1003490,"2020-11-23T00:00:00",0,16,16,16,16,16,16,,,,0,0,0,0,0,0,"BBH",0,0
1.1056910569945528,0,0,0,0,1003490,"2020-11-20T00:00:00",0,16,16,16,16,16,16,,,,0,0,0,0,0,0,"BBH",0,0
1.1056910569945528,0,0,0,0,1003490,"2020-11-19T00:00:00",0,16,16,16,16,16,16,,,,0,0,0,0,0,0,"BBH",0,0
1.1056910569945528,0,0,0,0,1003490,"2020-11-18T00:00:00",0,16,16,16,16,16,16,,,,0,0,0,0,0,0,"BBH",0,0
1.1056910569945528,120,0,0,151625,1003490,"2020-11-17T00:00:00",1000,16,15.6,16,16,16,16,,,,0,0,0,0,0,2562,"BBH",16000000,1000
1.1056910569945528,0,0,0,0,1003490,"2020-11-16T00:00:00",0,15.6,15.6,15.6,15.6,15.6,15.6,,,,0,0,0,0,0,0,"BBH",0,0
1.1056910569945528,0,0,0,0,1003490,"2020-11-13T00:00:00",0,15.6,15.6,15.6,15.6,15.6,15.6,,,,0,0,0,0,0,0,"BBH",0,0
1.1056910569945528,0,0,0,0,1003490,"2020-11-12T00:00:00",0,15.6,15.6,15.6,15.6,15.6,15.6,,,,0,0,0,0,0,0,"BBH",0,0
1.1056910569945528,0,0,0,0,1003490,"2020-11-11T00:00:00",0,15.6,15.6,15.6,15.6,15.6,15.6,,,,0,0,0,0,0,0,"BBH",0,0
1.1056910569945528,0,0,0,0,1003490,"2020-11-10T00:00:00",0,15.6,15.6,15.6,15.6,15.6,15.6,,,,0,0,0,0,0,0,"BBH",0,0
1.1056910569945528,0,0,0,0,10034860,"2020-11-09T00:00:00",0,15.6,15.6,15.6,15.6,15.6,15.6,,,,0,0,0,0,0,0,"BBH",0,0
1.1056910569945528,0,0,0,0,10034860,"2020-11-06T00:00:00",0,15.6,15.6,15.6,15.6,15.6,15.6,,,,0,0,0,0,0,0,"BBH",0,0
1.1056910569945528,0,0,0,0,10034860,"2020-11-05T00:00:00",0,15.6,15.6,15.6,15.6,15.6,15.6,,,,0,0,0,0,0,0,"BBH",0,0
1.1056910569945528,0,0,0,0,10034860,"2020-11-04T00:00:00",0,15.6,15.6,15.6,15.6,15.6,15.6,,,,0,0,0,0,0,0,"BBH",0,0
1.1056910569945528,0,0,0,0,10034860,"2020-11-03T00:00:00",0,15.6,15.6,15.6,15.6,15.6,15.6,,,,0,0,0,0,0,0,"BBH",0,0
1.1056910569945528,0,0,0,0,10034860,"2020-11-02T00:00:00",0,15.6,15.6,15.6,15.6,15.6,15.6,,,,0,0,0,0,0,0,"BBH",0,0
1.1056910569945528,0,0,0,0,10034860,"2020-10-30T00:00:00",0,15.6,15.6,15.6,15.6,15.6,15.6,,,,0,0,0,0,0,0,"BBH",0,0
1.1056910569945528,0,0,0,0,1003486,"2020-10-29T00:00:00",0,15.6,15.6,15.6,15.6,15.6,15.6,,,,0,0,0,0,0,0,"BBH",0,0
1.1056910569945528,0,0,0,0,1003486,"2020-10-28T00:00:00",0,15.6,15.6,15.6,15.6,15.6,15.6,,,,0,0,0,0,0,0,"BBH",0,0
1.1056910569945528,0,0,0,0,1003486,"2020-10-27T00:00:00",0,15.6,15.6,15.6,15.6,15.6,15.6,,,,0,0,0,0,0,0,"BBH",0,0
1.1056910569945528,0,0,0,0,1003486,"2020-10-26T00:00:00",0,15.6,15.6,15.6,15.6,15.6,15.6,,,,0,0,0,0,0,0,"BBH",0,0
1.1056910569945528,0,0,0,0,1003486,"2020-10-23T00:00:00",0,15.6,15.6,15.6,15.6,15.6,15.6,,,,0,0,0,0,0,0,"BBH",0,0
1.1056910569945528,0,0,0,0,1003486,"2020-10-22T00:00:00",0,15.6,15.6,15.6,15.6,15.6,15.6,,,,0,0,0,0,0,0,"BBH",0,0
1.1056910569945528,0,0,0,0,1003486,"2020-10-21T00:00:00",0,15.6,15.6,15.6,15.6,15.6,15.6,,,,0,0,0,0,0,0,"BBH",0,0
1.1056910569945528,0,0,0,0,1003486,"2020-10-20T00:00:00",0,15.6,15.6,15.6,15.6,15.6,15.6,,,,0,0,0,0,0,0,"BBH",0,0
1.1056910569945528,0,0,0,0,1003486,"2020-10-19T00:00:00",0,15.6,15.6,15.6,15.6,15.6,15.6,,,,0,0,0,0,0,0,"BBH",0,0
1.1056910569945528,0,0,0,200,1003486,"2020-10-16T00:00:00",0,15.6,15.6,15.6,15.6,15.6,15.6,,,,0,0,0,0,0,0,"BBH",0,0
1.1056910569945528,0,0,0,0,1003486,"2020-10-15T00:00:00",0,15.6,15.6,15.6,15.6,15.6,15.6,,,,0,0,0,0,0,0,"BBH",0,0
1.1056910569945528,0,0,0,0,1003486,"2020-10-14T00:00:00",0,15.6,15.6,15.6,15.6,15.6,15.6,,,,0,0,0,0,0,0,"BBH",0,0
1.1056910569945528,0,0,0,0,1003486,"2020-10-13T00:00:00",0,15.6,15.6,15.6,15.6,15.6,15.6,,,,0,0,0,0,0,0,"BBH",0,0
1.1056910569945528,0,0,0,0,1003486,"2020-10-12T00:00:00",0,15.6,15.6,15.6,15.6,15.6,15.6,,,,0,0,0,0,0,0,"BBH",0,0
1.1056910569945528,0,0,0,0,1003486,"2020-10-09T00:00:00",0,15.6,15.6,15.6,15.6,15.6,15.6,,,,0,0,0,0,0,0,"BBH",0,0
1.1056910569945528,0,0,0,0,1003486,"2020-10-08T00:00:00",0,15.6,15.6,15.6,15.6,15.6,15.6,,,,0,0,0,0,0,0,"BBH",0,0
1.1056910569945528,0,0,0,0,1003486,"2020-10-07T00:00:00",0,15.6,15.6,15.6,15.6,15.6,15.6,,,,0,0,0,0,0,0,"BBH",0,0
1.1056910569945528,0,0,0,0,1003486,"2020-10-06T00:00:00",0,15.6,15.6,15.6,15.6,15.6,15.6,,,,0,0,0,0,0,0,"BBH",0,0
1.1056910569945528,0,0,0,0,1003486,"2020-10-05T00:00:00",0,15.6,15.6,15.6,15.6,15.6,15.6,,,,0,0,0,0,0,0,"BBH",0,0
1.1056910569945528,0,0,0,0,1003486,"2020-10-02T00:00:00",0,15.6,15.6,15.6,15.6,15.6,15.6,,,,0,0,0,0,0,0,"BBH",0,0
1.1056910569945528,0,0,0,0,1003486,"2020-10-01T00:00:00",0,15.6,15.6,15.6,15.6,15.6,15.6,,,,0,0,0,0,0,0,"BBH",0,0
1.1056910569945528,0,0,0,0,1003486,"2020-09-30T00:00:00",0,15.6,15.6,15.6,15.6,15.6,15.6,,,,0,0,0,0,0,0,"BBH",0,0
1.1056910569945528,0,0,0,0,1003486,"2020-09-29T00:00:00",0,15.6,15.6,15.6,15.6,15.6,15.6,,,,0,0,0,0,0,0,"BBH",0,0
1.1056910569945528,0,0,0,0,1003486,"2020-09-28T00:00:00",0,15.6,15.6,15.6,15.6,15.6,15.6,,,,0,0,0,0,0,0,"BBH",0,0
1.1056910569945528,0,0,0,0,1003486,"2020-09-25T00:00:00",0,15.6,15.6,15.6,15.6,15.6,15.6,,,,0,0,0,0,0,0,"BBH",0,0
1.1056910569945528,0,0,0,0,1003486,"2020-09-24T00:00:00",0,15.6,15.6,15.6,15.6,15.6,15.6,,,,0,0,0,0,0,0,"BBH",0,0
1.1056910569945528,0,0,0,0,1003486,"2020-09-23T00:00:00",0,15.6,15.6,15.6,15.6,15.6,15.6,,,,0,0,0,0,0,0,"BBH",0,0
1.1056910569945528,0,0,0,0,1003486,"2020-09-22T00:00:00",0,15.6,15.6,15.6,15.6,15.6,15.6,,,,0,0,0,0,0,0,"BBH",0,0
1.1056910569945528,0,0,0,0,1003486,"2020-09-21T00:00:00",0,15.6,15.6,15.6,15.6,15.6,15.6,,,,0,0,0,0,0,0,"BBH",0,0
1.1056910569945528,0,0,0,0,1003486,"2020-09-18T00:00:00",0,15.6,15.6,15.6,15.6,15.6,15.6,,,,0,0,0,0,0,0,"BBH",0,0
1.1056910569945528,0,0,0,0,1003486,"2020-09-17T00:00:00",0,15.6,15.6,15.6,15.6,15.6,15.6,,,,0,0,0,0,0,0,"BBH",0,0
1.1056910569945528,0,0,0,1000,1003486,"2020-09-16T00:00:00",0,15.6,15.6,15.6,15.6,15.6,15.6,,,,0,0,0,0,0,0,"BBH",0,0
1.1056910569945528,0,0,0,0,1003486,"2020-09-15T00:00:00",0,15.6,15.6,15.6,15.6,15.6,15.6,,,,0,0,0,0,0,0,"BBH",0,0
1.1056910569945528,0,0,0,0,1003486,"2020-09-14T00:00:00",0,15.6,15.6,15.6,15.6,15.6,15.6,,,,0,0,0,0,0,0,"BBH",0,0
1.1056910569945528,0,0,0,0,1003486,"2020-09-11T00:00:00",0,15.6,15.6,15.6,15.6,15.6,15.6,,,,0,0,0,0,0,0,"BBH",0,0
1.1056910569945528,0,0,0,0,1003486,"2020-09-10T00:00:00",0,15.6,15.6,15.6,15.6,15.6,15.6,,,,0,0,0,0,0,0,"BBH",0,0
1.1056910569945528,0,0,0,0,1003486,"2020-09-09T00:00:00",0,15.6,15.6,15.6,15.6,15.6,15.6,,,,0,0,0,0,0,0,"BBH",0,0
1.1056910569945528,0,0,0,0,1003486,"2020-09-08T00:00:00",0,15.6,15.6,15.6,15.6,15.6,15.6,,,,0,0,0,0,0,0,"BBH",0,0
1.1056910569945528,0,0,0,2800,1003486,"2020-09-07T00:00:00",0,15.6,15.6,15.6,15.6,15.6,15.6,,,,0,0,0,0,0,0,"BBH",0,0
1.1056910569945528,0,0,0,3100,1003486,"2020-09-04T00:00:00",3000,15.6,25.6,15.6,15.6,15.6,15.6,,,,0,0,0,0,0,3000,"BBH",46800000,3000
1.1056910569945528,0,0,0,0,1003486,"2020-09-03T00:00:00",0,25.6,25.6,25.6,25.6,25.6,25.6,,,,0,0,0,0,0,0,"BBH",0,0
1.1056910569945528,0,0,0,0,1003486,"2020-09-01T00:00:00",0,25.6,25.6,25.6,25.6,25.6,25.6,,,,0,0,0,0,0,0,"BBH",0,0
1.1056910569945528,0,0,0,0,1003486,"2020-08-31T00:00:00",0,25.6,25.6,25.6,25.6,25.6,25.6,,,,0,0,0,0,0,0,"BBH",0,0
1.1056910569945528,0,0,0,0,1003486,"2020-08-28T00:00:00",0,25.6,25.6,25.6,25.6,25.6,25.6,,,,0,0,0,0,0,0,"BBH",0,0
1.1056910569945528,0,0,0,0,1003486,"2020-08-27T00:00:00",0,25.6,25.6,25.6,25.6,25.6,25.6,,,,0,0,0,0,0,0,"BBH",0,0
1.1056910569945528,0,0,0,0,1003486,"2020-08-26T00:00:00",0,25.6,25.6,25.6,25.6,25.6,25.6,,,,0,0,0,0,0,0,"BBH",0,0
1.1056910569945528,0,0,0,100,1003486,"2020-08-25T00:00:00",0,25.6,25.6,25.6,25.6,25.6,25.6,,,,0,0,0,0,0,0,"BBH",0,0
1.1056910569945528,0,0,0,0,1003486,"2020-08-24T00:00:00",0,25.6,25.6,25.6,25.6,25.6,25.6,,,,0,0,0,0,0,0,"BBH",0,0
1.1056910569945528,0,0,0,0,1003486,"2020-08-21T00:00:00",0,25.6,25.6,25.6,25.6,25.6,25.6,,,,0,0,0,0,0,0,"BBH",0,0
1.1056910569945528,0,0,0,0,1003486,"2020-08-20T00:00:00",0,25.6,25.6,25.6,25.6,25.6,25.6,,,,0,0,0,0,0,0,"BBH",0,0
1.1056910569945528,0,0,0,0,1003486,"2020-08-19T00:00:00",0,25.6,25.6,25.6,25.6,25.6,25.6,,,,0,0,0,0,0,0,"BBH",0,0
1.1056910569945528,0,0,0,0,1003486,"2020-08-18T00:00:00",0,25.6,25.6,25.6,25.6,25.6,25.6,,,,0,0,0,0,0,0,"BBH",0,0
1.1056910569945528,0,0,0,0,1003486,"2020-08-17T00:00:00",0,25.6,25.6,25.6,25.6,25.6,25.6,,,,0,0,0,0,0,0,"BBH",0,0
1.1056910569945528,0,0,0,0,1003486,"2020-08-14T00:00:00",0,25.6,25.6,25.6,25.6,25.6,25.6,,,,0,0,0,0,0,3500,"BBH",0,0
1.1056910569945528,0,0,0,0,1003486,"2020-08-13T00:00:00",0,25.6,25.6,25.6,25.6,25.6,25.6,,,,0,0,0,0,0,3500,"BBH",0,0
1.1056910569945528,0,0,0,0,1003486,"2020-08-12T00:00:00",0,25.6,25.6,25.6,25.6,25.6,25.6,,,,0,0,0,0,0,3500,"BBH",0,0
1.1056910569945528,0,0,0,0,1003486,"2020-08-11T00:00:00",0,25.6,25.6,25.6,25.6,25.6,25.6,,,,0,0,0,0,0,3500,"BBH",0,0
1.1056910569945528,0,0,0,100,1003486,"2020-08-10T00:00:00",0,25.6,25.6,25.6,25.6,25.6,25.6,,,,0,0,0,0,0,3500,"BBH",0,0
1.1056910569945528,0,0,0,100,1003486,"2020-08-07T00:00:00",0,25.6,25.6,25.6,25.6,25.6,25.6,,,,0,0,0,0,0,3500,"BBH",0,0
1.1056910569945528,0,0,0,0,1003486,"2020-08-06T00:00:00",0,25.6,25.6,25.6,25.6,25.6,25.6,,,,0,0,0,0,0,3500,"BBH",0,0
1.1056910569945528,0,0,0,0,1003486,"2020-08-05T00:00:00",0,25.6,25.6,25.6,25.6,25.6,25.6,,,,0,0,0,0,0,3500,"BBH",0,0
1.1056910569945528,0,0,0,0,1003486,"2020-08-04T00:00:00",0,25.6,25.6,25.6,25.6,25.6,25.6,,,,0,0,0,0,0,0,"BBH",0,0
1.1056910569945528,0,0,0,0,1003486,"2020-08-03T00:00:00",0,25.6,25.6,25.6,25.6,25.6,25.6,,,,0,0,0,0,0,0,"BBH",0,0
1.1056910569945528,0,0,0,0,1003486,"2020-07-31T00:00:00",0,25.6,25.6,25.6,25.6,25.6,25.6,,,,0,0,0,0,0,0,"BBH",0,0
1.1056910569945528,0,0,0,0,1003486,"2020-07-30T00:00:00",0,25.6,25.6,25.6,25.6,25.6,25.6,,,,0,0,0,0,0,0,"BBH",0,0
1.1056910569945528,0,0,0,0,1003486,"2020-07-29T00:00:00",0,25.6,25.6,25.6,25.6,25.6,25.6,,,,0,0,0,0,0,0,"BBH",0,0
1.1056910569945528,0,0,0,0,1003486,"2020-07-28T00:00:00",0,25.6,25.6,25.6,25.6,25.6,25.6,,,,0,0,0,0,0,0,"BBH",0,0
1.1056910569945528,0,0,0,0,1003486,"2020-07-27T00:00:00",0,25.6,25.6,25.6,25.6,25.6,25.6,,,,0,0,0,0,0,0,"BBH",0,0
1.1056910569945528,0,0,0,0,1003486,"2020-07-24T00:00:00",0,25.6,25.6,25.6,25.6,25.6,25.6,,,,0,0,0,0,0,0,"BBH",0,0
1.1056910569945528,0,0,0,0,1003486,"2020-07-23T00:00:00",0,25.6,25.6,25.6,25.6,25.6,25.6,,,,0,0,0,0,0,0,"BBH",0,0
1.1056910569945528,0,0,0,0,1003486,"2020-07-22T00:00:00",0,25.6,25.6,25.6,25.6,25.6,25.6,,,,0,0,0,0,0,0,"BBH",0,0
1.1056910569945528,0,0,0,0,1003486,"2020-07-21T00:00:00",0,25.6,25.6,25.6,25.6,25.6,25.6,,,,0,0,0,0,0,0,"BBH",0,0
1.1056910569945528,0,0,0,0,1003486,"2020-07-20T00:00:00",0,25.6,25.6,25.6,25.6,25.6,25.6,,,,0,0,0,0,0,0,"BBH",0,0
1.1056910569945528,0,0,0,0,1003486,"2020-07-17T00:00:00",0,25.6,25.6,25.6,25.6,25.6,25.6,,,,0,0,0,0,0,0,"BBH",0,0
1.1056910569945528,0,0,0,0,1003486,"2020-07-16T00:00:00",0,25.6,25.6,25.6,25.6,25.6,25.6,,,,0,0,0,0,0,0,"BBH",0,0
1.1056910569945528,0,0,0,0,1003486,"2020-07-15T00:00:00",0,25.6,26.8,25.6,25.6,25.6,25.6,,,,0,0,0,0,0,0,"BBH",0,0
1.1575203252911725,0,0,0,0,1003486,"2020-07-14T00:00:00",0,26.8,26.8,26.8,26.8,26.8,26.8,,,,0,0,0,0,0,0,"BBH",0,0
1.1575203252911725,0,0,0,0,1003486,"2020-07-13T00:00:00",0,26.8,26.8,26.8,26.8,26.8,26.8,,,,0,0,0,0,0,0,"BBH",0,0
1.1575203252911725,0,0,0,0,1003486,"2020-07-10T00:00:00",0,26.8,26.8,26.8,26.8,26.8,26.8,,,,0,0,0,0,0,0,"BBH",0,0
1.1575203252911725,0,0,0,0,1003486,"2020-07-09T00:00:00",0,26.8,26.8,26.8,26.8,26.8,26.8,,,,0,0,0,0,0,0,"BBH",0,0
1.1575203252911725,0,0,0,0,1003486,"2020-07-08T00:00:00",0,26.8,26.8,26.8,26.8,26.8,26.8,,,,0,0,0,0,0,0,"BBH",0,0
1.1575203252911725,0,0,0,0,1003486,"2020-07-07T00:00:00",0,26.8,26.8,26.8,26.8,26.8,26.8,,,,0,0,0,0,0,0,"BBH",0,0
1.1575203252911725,0,0,0,0,1003486,"2020-07-06T00:00:00",0,26.8,26.8,26.8,26.8,26.8,26.8,,,,0,0,0,0,0,0,"BBH",0,0
1.1575203252911725,0,0,0,0,1003486,"2020-07-03T00:00:00",0,26.8,26.8,26.8,26.8,26.8,26.8,,,,0,0,0,0,0,0,"BBH",0,0
1.1575203252911725,0,0,0,0,1003486,"2020-07-02T00:00:00",0,26.8,26.8,26.8,26.8,26.8,26.8,,,,0,0,0,0,0,0,"BBH",0,0
1.1575203252911725,0,0,0,0,1003486,"2020-07-01T00:00:00",0,26.8,26.8,26.8,26.8,26.8,26.8,,,,0,0,0,0,0,0,"BBH",0,0
1.1575203252911725,0,0,0,0,1003486,"2020-06-30T00:00:00",0,26.8,26.8,26.8,26.8,26.8,26.8,,,,0,0,0,0,0,0,"BBH",0,0
1.1575203252911725,0,0,0,0,1003486,"2020-06-29T00:00:00",0,26.8,26.8,26.8,26.8,26.8,26.8,,,,0,0,0,0,0,0,"BBH",0,0
1.1575203252911725,0,0,0,0,1003486,"2020-06-26T00:00:00",0,26.8,26.8,26.8,26.8,26.8,26.8,,,,0,0,0,0,0,0,"BBH",0,0
1.1575203252911725,0,0,0,0,1003486,"2020-06-25T00:00:00",0,26.8,26.8,26.8,26.8,26.8,26.8,,,,0,0,0,0,0,0,"BBH",0,0
1.1575203252911725,0,0,0,0,1003486,"2020-06-24T00:00:00",0,26.8,26.8,26.8,26.8,26.8,26.8,,,,0,0,0,0,0,0,"BBH",0,0
1.1575203252911725,0,0,0,0,1003486,"2020-06-23T00:00:00",0,26.8,26.8,26.8,26.8,26.8,26.8,,,,0,0,0,0,0,0,"BBH",0,0
1.1575203252911725,0,0,0,0,1003486,"2020-06-22T00:00:00",0,26.8,26.8,26.8,26.8,26.8,26.8,,,,0,0,0,0,0,0,"BBH",0,0
1.1575203252911725,0,0,0,0,1003486,"2020-06-19T00:00:00",0,26.8,26.8,26.8,26.8,26.8,26.8,,,,0,0,0,0,0,0,"BBH",0,0
1.1575203252911725,0,0,0,0,1003486,"2020-06-18T00:00:00",0,26.8,26.8,26.8,26.8,26.8,26.8,,,,0,0,0,0,0,0,"BBH",0,0
1.1575203252911725,0,0,0,0,1003486,"2020-06-17T00:00:00",0,26.8,26.8,26.8,26.8,26.8,26.8,,,,0,0,0,0,0,0,"BBH",0,0
1.1575203252911725,0,0,0,0,1003486,"2020-06-16T00:00:00",0,26.8,26.8,26.8,26.8,26.8,26.8,,,,0,0,0,0,0,0,"BBH",0,0
1.1575203252911725,0,0,0,0,1003486,"2020-06-15T00:00:00",0,26.8,26.8,26.8,26.8,26.8,26.8,,,,0,0,0,0,0,0,"BBH",0,0
1.1575203252911725,0,0,0,0,1003486,"2020-06-12T00:00:00",0,26.8,26.8,26.8,26.8,26.8,26.8,,,,0,0,0,0,0,0,"BBH",0,0
1.1575203252911725,0,0,0,0,1003486,"2020-06-11T00:00:00",0,26.8,26.8,26.8,26.8,26.8,26.8,,,,0,0,0,0,0,0,"BBH",0,0
1.1575203252911725,0,0,0,0,1003486,"2020-06-10T00:00:00",0,26.8,26.8,26.8,26.8,26.8,26.8,,,,0,0,0,0,0,0,"BBH",0,0
1.1575203252911725,0,0,0,0,1003486,"2020-06-09T00:00:00",0,26.8,26.8,26.8,26.8,26.8,26.8,,,,0,0,0,0,0,0,"BBH",0,0
1.1575203252911725,0,0,0,0,1003486,"2020-06-08T00:00:00",0,26.8,26.8,26.8,26.8,26.8,26.8,,,,0,0,0,0,0,0,"BBH",0,0
1.1575203252911725,0,0,0,0,1003486,"2020-06-05T00:00:00",0,26.8,26.8,26.8,26.8,26.8,26.8,,,,0,0,0,0,0,0,"BBH",0,0
1.1575203252911725,0,0,0,0,1003486,"2020-06-04T00:00:00",0,26.8,26.8,26.8,26.8,26.8,26.8,,,,0,0,0,0,0,0,"BBH",0,0
1.1575203252911725,0,0,0,0,1003486,"2020-06-03T00:00:00",0,26.8,26.8,26.8,26.8,26.8,26.8,,,,0,0,0,0,0,0,"BBH",0,0
1.1575203252911725,0,0,0,0,1003486,"2020-06-02T00:00:00",0,26.8,26.8,26.8,26.8,26.8,26.8,,,,0,0,0,0,0,0,"BBH",0,0
1.1575203252911725,0,0,0,100,1003486,"2020-06-01T00:00:00",0,26.8,26.8,26.8,26.8,26.8,26.8,,,,0,0,0,0,0,0,"BBH",0,0
1.1575203252911725,0,0,0,0,1003486,"2020-05-29T00:00:00",0,26.8,26.8,26.8,26.8,26.8,26.8,,,,0,0,0,0,0,0,"BBH",0,0
1.1575203252911725,0,0,0,0,1003486,"2020-05-28T00:00:00",0,26.8,26.8,26.8,26.8,26.8,26.8,,,,0,0,0,0,0,0,"BBH",0,0
1.1575203252911725,0,0,0,0,1003486,"2020-05-27T00:00:00",0,26.8,26.8,26.8,26.8,26.8,26.8,,,,0,0,0,0,0,0,"BBH",0,0
1.1575203252911725,0,0,0,0,1003486,"2020-05-26T00:00:00",0,26.8,26.8,26.8,26.8,26.8,26.8,,,,0,0,0,0,0,0,"BBH",0,0
1.1575203252911725,0,0,0,0,1003486,"2020-05-25T00:00:00",0,26.8,26.8,26.8,26.8,26.8,26.8,,,,0,0,0,0,0,0,"BBH",0,0
1.1575203252911725,0,0,0,0,1003486,"2020-05-22T00:00:00",0,26.8,26.8,26.8,26.8,26.8,26.8,,,,0,0,0,0,0,0,"BBH",0,0
1.1575203252911725,0,0,0,0,1003486,"2020-05-21T00:00:00",0,26.8,26.8,26.8,26.8,26.8,26.8,,,,0,0,0,0,0,0,"BBH",0,0
1.1575203252911725,0,0,0,0,1003486,"2020-05-20T00:00:00",0,26.8,26.8,26.8,26.8,26.8,26.8,,,,0,0,0,0,0,0,"BBH",0,0
1.1575203252911725,0,0,0,0,1003486,"2020-05-19T00:00:00",0,26.8,26.8,26.8,26.8,26.8,26.8,,,,0,0,0,0,0,0,"BBH",0,0
1.1575203252911725,0,0,0,0,1003486,"2020-05-18T00:00:00",0,26.8,26.8,26.8,26.8,26.8,26.8,,,,0,0,0,0,0,0,"BBH",0,0
1.1575203252911725,0,0,0,0,1003486,"2020-05-15T00:00:00",0,26.8,26.8,26.8,26.8,26.8,26.8,,,,0,0,0,0,0,0,"BBH",0,0
