"adjRatio","buyCount","buyForeignQuantity","buyForeignValue","buyQuantity","currentForeignRoom","date","dealVolume","priceAverage","priceBasic","priceClose","priceHigh","priceLow","priceOpen","propTradingNetDealValue","propTradingNetPTValue","propTradingNetValue","putthroughValue","putthroughVolume","sellCount","sellForeignQuantity","sellForeignValue","sellQuantity","symbol","totalValue"
1,0,0,0,41100,0,"2022-12-12T00:00:00",16100,5.01242,5.1,4.9,5.2,4.9,5.1,,,,0,0,0,0,0,48000,"BCA",80699962
1,0,0,0,33700,0,"2022-12-09T00:00:00",10200,5.06863,5.1,4.9,5.2,4.9,5.1,0,0,0,0,0,0,0,0,35600,"BCA",51700026
1,0,0,0,45800,0,"2022-12-08T00:00:00",22000,5.062270000000001,5,5,5.2,5,5,0,0,0,0,0,0,0,0,68900,"BCA",111369940
1,50,0,0,65520,0,"2022-12-07T00:00:00",53900,5,5.2,5,5.3,4.8,5.2,0,0,0,0,0,39,0,0,90000,"BCA",268900093
1,38,0,0,43500,0,"2022-12-06T00:00:00",18600,5.2,5.3,5,5.5,4.9,5.3,0,0,0,0,0,26,0,0,46900,"BCA",96740088
1,40,0,0,47700,0,"2022-12-05T00:00:00",22800,5.3,5.3,5.4,5.4,5.2,5.3,0,0,0,0,0,30,0,0,53500,"BCA",121420032
1,33,0,0,41000,0,"2022-12-02T00:00:00",15600,5.3,5.4,5.2,5.5,5.2,5.4,0,0,0,0,0,33,0,0,45400,"BCA",82039932
1,32,0,0,49800,0,"2022-12-01T00:00:00",22500,5.4,5.2,5.3,5.5,5.2,5.2,0,0,0,0,0,24,0,0,31200,"BCA",121149900
1,39,0,0,47800,0,"2022-11-30T00:00:00",22100,5.2,5.1,5.1,5.2,5.1,5.1,0,0,0,0,0,29,0,0,34000,"BCA",113910030
1,27,0,0,32500,0,"2022-11-29T00:00:00",9800,5.1,5,5.1,5.2,5,5,0,0,0,0,0,22,0,0,21900,"BCA",49890036
1,35,0,0,40471,0,"2022-11-28T00:00:00",14200,5,4.8,4.9,5.1,4.8,4.8,0,0,0,0,0,24,0,0,22900,"BCA",70660052
1,26,0,0,32501,0,"2022-11-25T00:00:00",12300,4.8,4.8,4.7,4.9,4.7,4.8,0,0,0,0,0,22,0,0,28200,"BCA",58930038
1,20,0,0,25900,0,"2022-11-24T00:00:00",9600,4.8,4.9,4.7,4.9,4.7,4.9,0,0,0,0,0,19,0,0,26300,"BCA",46300032
1,15,0,0,25900,0,"2022-11-23T00:00:00",8300,4.9,5,4.8,5,4.8,5,0,0,0,0,0,24,0,0,33500,"BCA",40960002
1,22,0,0,29000,0,"2022-11-22T00:00:00",10800,5,5,5,5.1,5,5,0,0,0,0,0,22,0,0,26400,"BCA",54409968
1,33,0,0,32900,0,"2022-11-21T00:00:00",10700,5,4.9,5.1,5.1,4.9,4.9,0,0,0,0,0,21,0,0,39500,"BCA",53300017
1,22,0,0,32500,0,"2022-11-18T00:00:00",12400,4.9,4.8,4.9,4.9,4.8,4.8,0,0,0,0,0,17,0,0,30300,"BCA",60729992
1,22,0,0,37600,0,"2022-11-17T00:00:00",7200,4.8,4.7,4.8,4.9,4.7,4.7,0,0,0,0,0,15,0,0,21500,"BCA",34609968
1,15,0,0,9900,0,"2022-11-16T00:00:00",1900,4.7,4.8,4.7,4.9,4.7,4.8,0,0,0,0,0,19,0,0,10200,"BCA",9010009
1,20,0,0,27400,0,"2022-11-15T00:00:00",15700,4.8,4.9,4.8,5,4.5,4.9,0,0,0,0,0,25,0,0,44400,"BCA",75419974
1,20,0,0,36600,0,"2022-11-14T00:00:00",19700,4.9,5,4.8,5,4.8,5,0,0,0,0,0,25,0,0,46300,"BCA",96370036
1,26,0,0,27100,0,"2022-11-11T00:00:00",11900,5,5,5,5.1,4.9,5,0,0,0,0,0,22,0,0,58900,"BCA",59589964
1,22,0,0,42500,0,"2022-11-10T00:00:00",11100,5,5.1,4.8,5.1,4.8,5.1,0,0,0,0,0,29,0,0,59300,"BCA",55270008
1,28,0,0,47600,0,"2022-11-09T00:00:00",19300,5.1,5.3,4.9,5.3,4.8,5.3,0,0,0,0,0,29,0,0,74300,"BCA",97580028
1,25,0,0,45900,0,"2022-11-08T00:00:00",19800,5.3,5.4,5.2,5.4,5.2,5.4,0,0,0,0,0,36,0,0,82400,"BCA",104620032
1,38,0,0,77000,0,"2022-11-07T00:00:00",48800,5.4,5.6,5.1,5.6,5.1,5.6,0,0,0,0,0,46,0,0,109100,"BCA",262489832
1,30,0,0,52300,0,"2022-11-04T00:00:00",21200,5.6,5.7,5.4,5.7,5.4,5.7,0,0,0,0,0,34,0,0,93300,"BCA",118619936
1,32,0,0,49600,0,"2022-11-03T00:00:00",22900,5.7,5.7,5.6,5.8,5.6,5.7,0,0,0,0,0,29,0,0,64900,"BCA",129820100
1,37,0,0,52000,0,"2022-11-02T00:00:00",21800,5.7,5.8,5.7,5.8,5.7,5.8,0,0,0,0,0,26,0,0,53000,"BCA",124309922
1,46,0,0,72310,0,"2022-11-01T00:00:00",52900,5.8,6.1,5.7,6.1,5.7,6.1,0,0,0,0,0,31,0,0,91100,"BCA",309259748
1,44,0,0,57800,0,"2022-10-31T00:00:00",23700,6.1,6.1,6,6.2,5.9,6.1,0,0,0,0,0,36,0,0,84800,"BCA",144090075
1,38,0,0,65300,0,"2022-10-28T00:00:00",29200,6.1,6.1,6.1,6.1,6,6.1,0,0,0,0,0,38,0,0,83400,"BCA",178009916
1,34,0,0,63200,0,"2022-10-27T00:00:00",39400,6.1,6.1,6,6.2,5.9,6.1,0,0,0,0,0,35,0,0,72000,"BCA",238990156
1,36,0,0,43600,0,"2022-10-26T00:00:00",18300,6.1,6.2,6.1,6.2,6,6.2,0,0,0,0,0,39,0,0,67500,"BCA",111860031
1,37,0,0,62971,0,"2022-10-25T00:00:00",38000,6.2,6.5,6.3,6.5,6,6.5,0,0,0,0,0,45,0,0,72200,"BCA",236839940
1,48,0,0,64100,0,"2022-10-24T00:00:00",36000,6.5,6.5,6.3,6.5,6.3,6.5,0,0,0,0,0,38,0,0,79000,"BCA",233460000
1,51,0,0,67200,0,"2022-10-21T00:00:00",28700,6.5,6.5,6.4,6.5,6.4,6.5,0,0,0,0,0,46,0,0,116300,"BCA",186269888
1,60,0,0,96600,0,"2022-10-20T00:00:00",48700,6.5,6.5,6.5,6.5,6.4,6.5,0,0,0,0,0,46,0,0,99600,"BCA",315800020
1,55,0,0,93908,0,"2022-10-19T00:00:00",56400,6.5,6.6,6.4,6.7,6.4,6.6,0,0,0,0,0,38,0,0,105900,"BCA",369360216
1,67,0,0,95500,0,"2022-10-18T00:00:00",58100,6.6,6.6,6.4,6.8,6.4,6.6,0,0,0,0,0,47,0,0,115500,"BCA",381669939
1,80,0,0,163795,0,"2022-10-17T00:00:00",77500,6.6,6.6,6.7,6.7,6.6,6.6,0,0,0,0,0,46,0,0,124300,"BCA",511510075
1,59,0,0,96601,0,"2022-10-14T00:00:00",45800,6.6,6.6,6.6,6.6,6.5,6.6,0,0,0,0,0,34,0,0,101200,"BCA",301680020
1,50,0,0,79801,0,"2022-10-13T00:00:00",39500,6.6,6.6,6.6,6.7,6.6,6.6,0,0,0,0,0,33,0,0,100300,"BCA",262249980
1,63,0,0,79700,0,"2022-10-12T00:00:00",42200,6.6,6.8,6.7,6.8,6.6,6.8,0,0,0,0,0,48,0,0,120000,"BCA",279510012
1,46,0,0,86900,0,"2022-10-11T00:00:00",44000,6.8,6.8,6.6,6.9,6.6,6.8,0,0,0,0,0,39,0,0,99200,"BCA",297429880
1,55,0,0,70500,0,"2022-10-10T00:00:00",39800,6.8,6.9,6.8,6.9,6.8,6.9,0,0,0,0,0,44,0,0,91701,"BCA",272179862
1,50,0,0,64300,0,"2022-10-07T00:00:00",40100,6.9,6.9,6.8,7,6.7,6.9,0,0,0,0,0,45,0,0,102319,"BCA",275780131
1,45,0,0,76100,0,"2022-10-06T00:00:00",47900,6.9,6.9,7,7.1,6.8,6.9,0,0,0,0,0,36,0,0,99619,"BCA",331820065
1,69,0,0,92000,0,"2022-10-05T00:00:00",60100,6.9,6.9,7,7,6.9,6.9,0,0,0,0,0,47,0,0,132319,"BCA",415049999
1,42,0,0,61701,0,"2022-10-04T00:00:00",33400,6.9,6.9,6.9,7,6.9,6.9,0,0,0,0,0,37,0,0,96920,"BCA",230670086
1,39,0,0,69808,0,"2022-10-03T00:00:00",42000,6.9,7,6.9,7,6.5,7,0,0,0,0,0,35,0,0,95500,"BCA",288390060
1,57,0,0,92108,0,"2022-09-30T00:00:00",69100,7,7.2,7,7.2,6.7,7.2,0,0,0,0,0,49,0,0,118220,"BCA",481729959
1,71,0,0,108400,0,"2022-09-29T00:00:00",73200,7.2,7.2,7.1,7.2,7.1,7.2,0,0,0,0,0,55,0,0,143000,"BCA",526810152
1,68,0,0,120100,0,"2022-09-28T00:00:00",61300,7.2,7.3,7.2,7.4,7.1,7.3,0,0,0,0,0,47,0,0,111200,"BCA",443319761
1,86,0,0,117000,0,"2022-09-27T00:00:00",77100,7.3,7.2,7.2,7.3,7.1,7.2,0,0,0,0,0,57,0,0,143508,"BCA",560170050
1,59,0,0,129300,0,"2022-09-26T00:00:00",84300,7.2,7.4,7.1,7.4,7.1,7.4,0,0,0,0,0,56,0,0,165500,"BCA",609520191
1,63,0,0,123100,0,"2022-09-23T00:00:00",80100,7.4,7.5,7.4,7.5,7.3,7.5,0,0,0,0,0,59,0,0,157400,"BCA",592800075
1,74,0,0,146801,0,"2022-09-22T00:00:00",74500,7.5,7.5,7.5,7.5,7.4,7.5,0,0,0,0,0,49,0,0,139300,"BCA",555860145
1,71,0,0,154200,0,"2022-09-21T00:00:00",79900,7.5,7.5,7.5,7.6,7.4,7.5,0,0,0,0,0,47,0,0,133600,"BCA",599150125
1,58,0,0,147300,0,"2022-09-20T00:00:00",85600,7.5,7.8,7.3,7.7,7.3,7.7,0,0,0,0,0,57,0,0,145908,"BCA",639229984
1,65,0,0,137700,0,"2022-09-19T00:00:00",74800,7.8,7.8,7.7,7.9,7.6,7.8,0,0,0,0,0,64,0,0,139200,"BCA",579830152
1,68,0,0,132600,0,"2022-09-16T00:00:00",85200,7.8,7.8,7.8,7.9,7.7,7.8,0,0,0,0,0,61,0,0,141610,"BCA",665030304
1,66,0,0,119500,0,"2022-09-15T00:00:00",62600,7.8,7.7,7.8,7.9,7.6,7.7,0,0,0,0,0,52,0,0,116800,"BCA",486450202
1,66,0,0,146400,0,"2022-09-14T00:00:00",103000,7.7,7.9,7.6,7.9,7.6,7.9,0,0,0,0,0,65,0,0,161900,"BCA",797099490
1,53,0,0,119100,0,"2022-09-13T00:00:00",60800,7.9,7.9,7.8,8,7.8,7.9,0,0,0,0,0,57,0,0,123000,"BCA",480079840
1,101,0,0,242200,0,"2022-09-12T00:00:00",188800,7.9,7.7,7.9,8,7.6,7.7,0,0,0,0,0,114,0,0,233501,"BCA",1484290848
1,63,0,0,122000,0,"2022-09-09T00:00:00",71100,7.7,7.7,7.7,7.8,7.6,7.7,0,0,0,0,0,59,0,0,138900,"BCA",546800238
1,79,0,0,138700,0,"2022-09-08T00:00:00",79600,7.7,7.7,7.7,7.7,7.5,7.6,0,0,0,0,0,66,0,0,132900,"BCA",611129796
1,85,0,0,141230,0,"2022-09-07T00:00:00",93400,7.7,7.8,7.3,7.8,7.3,7.8,0,0,0,0,0,70,0,0,161600,"BCA",717510008
1,68,0,0,131801,0,"2022-09-06T00:00:00",81700,7.8,7.9,7.8,8,7.6,7.9,0,0,0,0,0,75,0,0,133021,"BCA",635000178
1,72,0,0,150100,0,"2022-09-05T00:00:00",83400,7.9,7.8,7.9,7.9,7.8,7.8,0,0,0,0,0,76,0,0,155800,"BCA",656970156
1,55,0,0,124300,0,"2022-08-31T00:00:00",65000,7.8,7.8,7.8,8,7.7,7.8,0,0,0,0,0,64,0,0,120500,"BCA",509620150
1,91,0,0,193700,0,"2022-08-30T00:00:00",122800,7.8,7.7,8,8,7.5,7.7,0,0,0,0,0,98,0,0,176310,"BCA",952460132
1,90,0,0,192800,0,"2022-08-29T00:00:00",128000,7.7,7.7,7.6,7.8,7.5,7.7,0,0,0,0,0,86,0,0,169500,"BCA",980679680
1,121,0,0,161300,0,"2022-08-26T00:00:00",91000,7.7,7.7,7.8,7.8,7.6,7.7,0,0,0,0,0,74,0,0,139500,"BCA",699830040
1,118,0,0,128712,0,"2022-08-25T00:00:00",81300,7.7,7.8,7.7,7.9,7.5,7.8,0,0,0,0,0,68,0,0,150000,"BCA",626319753
1,101,0,0,146004,0,"2022-08-24T00:00:00",64600,7.8,7.6,7.8,7.9,7.6,7.6,0,0,0,0,0,60,0,0,123200,"BCA",500790182
1,89,0,0,186200,0,"2022-08-23T00:00:00",86400,7.6,7.6,7.7,7.7,7.5,7.6,0,0,0,0,0,61,0,0,138600,"BCA",656740224
1,123,0,0,153856,0,"2022-08-22T00:00:00",97100,7.6,7.9,7.5,8,7.2,7.8,0,0,0,0,0,63,0,0,153400,"BCA",742389702
1,104,0,0,111200,0,"2022-08-19T00:00:00",57200,7.9,8.1,7.6,8.2,7.5,8.1,0,0,0,0,0,64,0,0,169300,"BCA",450320156
1,94,0,0,127300,0,"2022-08-18T00:00:00",67700,8.1,8.1,8,8.2,7.9,8.1,0,0,0,0,0,69,0,0,132000,"BCA",545299805
1,112,0,0,155100,0,"2022-08-17T00:00:00",91100,8.1,8,8.1,8.2,8,8,0,0,0,0,0,79,0,0,146700,"BCA",740150149
1,76,0,0,158900,0,"2022-08-16T00:00:00",66000,8,8,8.2,8.2,7.9,8,0,0,0,0,0,68,0,0,132300,"BCA",528349800
1,123,0,0,162850,0,"2022-08-15T00:00:00",88800,8,8.1,7.9,8.1,7.9,8.1,0,0,0,0,0,82,0,0,156900,"BCA",709179888
1,78,0,0,125400,0,"2022-08-12T00:00:00",87500,8.1,8.3,8,8.5,7.9,8.3,0,0,0,0,0,98,0,0,159200,"BCA",710070375
1,101,0,0,237700,0,"2022-08-11T00:00:00",169900,8.3,7.6,8.4,8.6,7.6,7.7,0,0,0,0,0,122,0,0,214500,"BCA",1401700485
1,136,0,0,227500,0,"2022-08-10T00:00:00",120900,7.6,7.5,7.7,7.8,7.5,7.5,0,0,0,0,0,86,0,0,176000,"BCA",922290486
1,80,0,0,196300,0,"2022-08-09T00:00:00",93000,7.5,7.4,7.6,7.6,7.4,7.4,0,0,0,0,0,76,0,0,155600,"BCA",696719730
1,75,0,0,156700,0,"2022-08-08T00:00:00",81200,7.4,7.4,7.5,7.5,7.3,7.5,0,0,0,0,0,64,0,0,143600,"BCA",600110224
1,109,0,0,204130,0,"2022-08-05T00:00:00",101500,7.4,7.4,7.5,7.5,7.3,7.4,0,0,0,0,0,75,0,0,173400,"BCA",751310105
1,75,0,0,124600,0,"2022-08-04T00:00:00",65900,7.4,7.3,7.5,7.6,7.3,7.4,0,0,0,0,0,73,0,0,132300,"BCA",489979680
1,115,0,0,165200,0,"2022-08-03T00:00:00",89500,7.3,7.3,7.5,7.5,7.3,7.3,0,0,0,0,0,63,0,0,150200,"BCA",655120310
1,115,0,0,215200,0,"2022-08-02T00:00:00",134600,7.3,7.2,7.4,7.4,7.2,7.2,0,0,0,0,0,94,0,0,198800,"BCA",977540576
1,130,0,0,140200,0,"2022-08-01T00:00:00",87600,7.2,7.1,7.2,8,7,7.2,0,0,0,0,0,70,0,0,127700,"BCA",633020376
1,78,0,0,123900,0,"2022-07-29T00:00:00",55800,7.1,7.1,7.1,7.1,7,7.1,0,0,0,0,0,40,0,0,104600,"BCA",396090162
1,106,0,0,154100,0,"2022-07-28T00:00:00",73900,7.1,7.1,7.2,7.2,7,7.1,0,0,0,0,0,54,0,0,136700,"BCA",527669648
1,95,0,0,123950,0,"2022-07-27T00:00:00",57700,7.1,7.2,7.2,7.2,7,7.2,0,0,0,0,0,56,0,0,117400,"BCA",412419982
1,66,0,0,154200,0,"2022-07-26T00:00:00",100600,7.2,7.3,7.2,7.3,7.2,7.3,0,0,0,0,0,60,0,0,154800,"BCA",724390420
1,130,0,0,179700,0,"2022-07-25T00:00:00",112200,7.3,7.3,7.4,7.4,7.2,7.2,0,0,0,0,0,59,0,0,153900,"BCA",818640372
1,130,0,0,198400,0,"2022-07-22T00:00:00",106300,7.3,7.4,7.2,7.4,7.2,7.4,0,0,0,0,0,68,0,0,163400,"BCA",775670037
1,119,0,0,178500,0,"2022-07-21T00:00:00",103200,7.4,7.7,7.3,7.6,7.2,7.6,0,0,0,0,0,76,0,0,170300,"BCA",762989592
1,102,0,0,160118,0,"2022-07-20T00:00:00",101900,7.7,7.7,7.7,7.8,7.6,7.7,0,0,0,0,0,78,0,0,172600,"BCA",784850104
1,110,0,0,192400,0,"2022-07-19T00:00:00",132900,7.7,7.4,7.8,7.9,7.6,7.9,0,0,0,0,0,86,0,0,170700,"BCA",1029790269
1,143,0,0,248500,0,"2022-07-18T00:00:00",173400,7.4,7.1,7.9,7.9,7,7.1,0,0,0,0,0,81,0,0,194500,"BCA",1287869544
1,88,0,0,99809,0,"2022-07-15T00:00:00",40900,7.1,7.3,7.2,7.3,7,7.3,0,0,0,0,0,41,0,0,104800,"BCA",291689802
1,95,0,0,128509,0,"2022-07-14T00:00:00",46000,7.3,7.5,7.4,7.5,7.2,7.5,0,0,0,0,0,44,0,0,94100,"BCA",334569960
1,67,0,0,96900,0,"2022-07-13T00:00:00",40100,7.5,7.7,7.6,7.7,7.4,7.7,0,0,0,0,0,33,0,0,79300,"BCA",300089954
1,96,0,0,109700,0,"2022-07-12T00:00:00",62500,7.7,8,7.7,8,7.5,8,0,0,0,0,0,59,0,0,141500,"BCA",483450000
1,53,0,0,113910,0,"2022-07-11T00:00:00",58400,8,8.1,8,8.3,7.8,8.1,0,0,0,0,0,54,0,0,128702,"BCA",466540080
1,66,0,0,82300,0,"2022-07-08T00:00:00",27700,8.1,8.2,8,8.2,8,8.2,0,0,0,0,0,37,0,0,95700,"BCA",223229868
1,74,0,0,91800,0,"2022-07-07T00:00:00",54900,8.2,8.6,8.2,8.6,7.9,8.6,0,0,0,0,0,44,0,0,131800,"BCA",449169840
1,83,0,0,104000,0,"2022-07-06T00:00:00",49500,8.6,8.8,8.5,8.9,8.3,8.8,0,0,0,0,0,46,0,0,128000,"BCA",426709800
1,80,0,0,145600,0,"2022-07-05T00:00:00",91900,8.8,9,8.7,9,8.6,9,0,0,0,0,0,66,0,0,171500,"BCA",809219936
1,87,0,0,158104,0,"2022-07-04T00:00:00",99600,9,9,9,9.1,9,9,0,0,0,0,0,60,0,0,170800,"BCA",896739636
1,75,0,0,130500,0,"2022-07-01T00:00:00",69200,9,9,9,9.1,8.9,9,0,0,0,0,0,49,0,0,148300,"BCA",620490104
1,75,0,0,140219,0,"2022-06-30T00:00:00",81200,9,9.1,9,9.2,9,9.1,0,0,0,0,0,46,0,0,137400,"BCA",732969664
1,86,0,0,141020,0,"2022-06-29T00:00:00",82900,9.1,9.1,9.1,9.2,9.1,9.2,0,0,0,0,0,55,0,0,137601,"BCA",756829747
1,79,0,0,115200,0,"2022-06-28T00:00:00",50800,9.1,9.2,9.3,9.3,9,9.2,0,0,0,0,0,41,0,0,111000,"BCA",464350100
1,80,0,0,124700,0,"2022-06-27T00:00:00",70400,9.2,9.1,9.2,9.2,9.1,9.1,0,0,0,0,0,48,0,0,129000,"BCA",646840128
1,67,0,0,110000,0,"2022-06-24T00:00:00",48500,9.1,9,9.1,9.1,9,9,0,0,0,0,0,46,0,0,107100,"BCA",439379930
1,52,0,0,75300,0,"2022-06-23T00:00:00",23000,9,9.1,9,9.1,8.9,9.1,0,0,0,0,0,38,0,0,82200,"BCA",207100050
1,44,0,0,112000,0,"2022-06-22T00:00:00",73700,9.1,9.3,9,9.3,8.9,9.3,0,0,0,0,0,55,0,0,141700,"BCA",673959968
1,77,0,0,133500,0,"2022-06-21T00:00:00",92700,9.3,9.4,9,9.4,9,9.4,0,0,0,0,0,63,0,0,172300,"BCA",865940364
1,112,0,0,152300,0,"2022-06-20T00:00:00",109000,9.4,9.4,9.4,9.6,9.2,9.4,0,0,0,0,0,74,0,0,183200,"BCA",1024609810
1,69,0,0,208500,0,"2022-06-17T00:00:00",151200,9.4,9.6,9.4,9.6,9.3,9.6,0,0,0,0,0,92,0,0,217020,"BCA",1424849832
1,116,0,0,162700,0,"2022-06-16T00:00:00",107900,9.6,9.6,9.6,9.7,9.4,9.7,0,0,0,0,0,81,0,0,171300,"BCA",1033679842
1,132,0,0,321021,0,"2022-06-15T00:00:00",254700,9.6,9.7,9.7,9.7,9.5,9.6,0,0,0,0,0,115,0,0,332800,"BCA",2439778941
1,115,0,0,249000,0,"2022-06-14T00:00:00",183300,9.7,9.8,9.8,9.9,9.6,9.8,0,0,0,0,0,87,0,0,246600,"BCA",1786100862
1,126,0,0,274642,0,"2022-06-13T00:00:00",200600,9.8,10,9.7,10.1,9.5,10,0,0,0,0,0,83,0,0,261800,"BCA",1970939132
1,105,0,0,185700,0,"2022-06-10T00:00:00",101700,10,9.9,10,10.1,9.8,10.1,0,0,0,0,0,82,0,0,174728,"BCA",1014179859
1,116,0,0,211800,0,"2022-06-09T00:00:00",102300,9.9,9.8,10.1,10.1,9.8,9.9,0,0,0,0,0,65,0,0,156028,"BCA",1016420064
1,106,0,0,284100,0,"2022-06-08T00:00:00",194900,9.8,9.8,10,10,9.7,9.9,0,0,0,0,0,101,0,0,242600,"BCA",1917170881
1,94,0,0,192577,0,"2022-06-07T00:00:00",106700,9.8,9.9,9.9,10.1,9.6,10.1,0,0,0,0,0,63,0,0,162602,"BCA",1047400277
1,98,0,0,336300,0,"2022-06-06T00:00:00",254100,9.9,10,10.1,10.1,9.9,10,0,0,0,0,0,114,0,0,311202,"BCA",2524000710
1,85,0,0,282700,0,"2022-06-03T00:00:00",203900,10,10,9.9,10.3,9.8,10,0,0,0,0,0,106,0,0,268000,"BCA",2037340254
1,95,0,0,228800,0,"2022-06-02T00:00:00",153500,10,9.9,10,10.1,9.9,9.9,0,0,0,0,0,85,0,0,218900,"BCA",1528979730
1,92,0,0,274000,0,"2022-06-01T00:00:00",173900,9.9,10,10,10.1,9.8,10,0,0,0,0,0,97,0,0,243600,"BCA",1722009970
1,108,0,0,406700,0,"2022-05-31T00:00:00",300900,10,9.9,10,10.2,9.8,10.2,0,0,0,0,0,151,0,0,392500,"BCA",3005711163
1,111,0,0,345604,0,"2022-05-30T00:00:00",246300,9.9,10,10.1,10.1,9.8,10,0,0,0,0,0,115,0,0,310800,"BCA",2445098916
1,84,0,0,259900,0,"2022-05-27T00:00:00",160500,10,10,10,10.1,9.9,10,0,0,0,0,0,102,0,0,248200,"BCA",1603070790
1,92,0,0,212000,0,"2022-05-26T00:00:00",103400,10,10,10,10.1,9.8,10.1,0,0,0,0,0,72,0,0,162700,"BCA",1029039902
1,93,0,0,186300,0,"2022-05-25T00:00:00",105400,10,10,10.1,10.3,9.9,10.1,0,0,0,0,0,79,0,0,161310,"BCA",1059029688
1,99,0,0,232616,0,"2022-05-24T00:00:00",158800,10,10,10.1,10.1,9.8,10.1,0,0,0,0,0,99,0,0,206000,"BCA",1586319896
1,105,0,0,363500,0,"2022-05-23T00:00:00",307000,10,9.9,10.1,10.2,9.7,10.1,0,0,0,0,0,151,0,0,359208,"BCA",3067878630
1,150,0,0,321008,0,"2022-05-20T00:00:00",250400,9.9,9.9,10.1,10.1,9.8,9.9,0,0,0,0,0,124,0,0,295502,"BCA",2484301032
1,98,0,0,191501,0,"2022-05-19T00:00:00",103100,9.9,10,10,10,9.7,10,0,0,0,0,0,68,0,0,161100,"BCA",1018949672
1,102,0,0,195101,0,"2022-05-18T00:00:00",105500,10,9.9,10,10.1,9.8,9.8,0,0,0,0,0,79,0,0,165708,"BCA",1052139895
1,132,0,0,246809,0,"2022-05-17T00:00:00",156400,9.9,10,10.1,10.1,9.7,10,0,0,0,0,0,90,0,0,212908,"BCA",1547190128
1,138,0,0,295727,0,"2022-05-16T00:00:00",210300,10,9.9,10,10.3,9.8,9.9,,,,0,0,107,0,0,285418,"BCA",2108009346
1,111,0,0,278300,0,"2022-05-13T00:00:00",189300,9.9,10.1,9.9,10.1,9.7,10.1,,,,0,0,109,0,0,255400,"BCA",1876659624
1,98,0,0,230300,0,"2022-05-12T00:00:00",117600,10.1,10,10,10.3,9.7,10.1,,,,0,0,74,0,0,186100,"BCA",1182119904
1,114,0,0,225718,0,"2022-05-11T00:00:00",108900,10,10.1,10.1,10.2,9.9,10.2,,,,0,0,75,0,0,158226,"BCA",1091780217
1,135,0,0,293700,0,"2022-05-10T00:00:00",197200,10.1,10.1,10.2,10.3,9.9,10.3,,,,0,0,123,0,0,251626,"BCA",1992199196
1,150,0,0,225900,0,"2022-05-09T00:00:00",150000,10.1,10.5,10.3,10.4,9.9,10.4,,,,0,0,101,0,0,204620,"BCA",1510069500
1,142,0,0,214614,0,"2022-05-06T00:00:00",119200,10.5,10.6,10.4,10.7,10.3,10.7,,,,0,0,85,0,0,196302,"BCA",1246599560
1,168,0,0,247100,0,"2022-05-05T00:00:00",168100,10.6,10.2,10.7,10.8,10.3,10.5,,,,0,0,111,0,0,262902,"BCA",1778109689
1,265,0,0,401976,0,"2022-05-04T00:00:00",256700,10.2,10,10.5,10.5,9.9,10,,,,0,0,126,0,0,298026,"BCA",2606860376
1,171,0,0,274512,0,"2022-04-29T00:00:00",202400,10,9.9,10,10,9.8,9.9,,,,0,0,96,0,0,273738,"BCA",2017930024
1,163,0,0,254850,0,"2022-04-28T00:00:00",158400,9.9,9.9,9.9,10,9.6,9.9,,,,0,0,101,0,0,212008,"BCA",1563430176
1,164,0,0,351101,0,"2022-04-27T00:00:00",152600,9.9,9.9,10,10.1,9.7,9.9,,,,0,0,81,0,0,199540,"BCA",1515499594
1,191,0,0,428501,0,"2022-04-26T00:00:00",208800,9.9,9.8,9.9,10,9.7,9.8,,,,0,0,114,0,0,252039,"BCA",2065560264
1,219,0,0,315402,0,"2022-04-25T00:00:00",220000,9.8,9.8,9.8,10.2,9.3,10.2,,,,0,0,110,0,0,283113,"BCA",2160659600
1,162,0,0,288802,0,"2022-04-22T00:00:00",207000,9.8,10.1,10.2,10.2,9.6,9.7,,,,0,0,102,0,0,264115,"BCA",2038440780
1,160,0,0,275705,0,"2022-04-21T00:00:00",223900,10.1,10.6,9.7,10.8,9.6,10.7,,,,0,0,121,0,0,304720,"BCA",2262840872
1,211,0,0,210263,0,"2022-04-20T00:00:00",132200,10.6,10.7,10.5,10.8,10.4,10.7,,,,0,0,98,0,0,218600,"BCA",1401629348
1,337,0,0,294140,0,"2022-04-19T00:00:00",203800,10.7,10.7,10.6,10.8,10.4,10.7,,,,0,0,112,0,0,315100,"BCA",2171160882
1,267,0,0,320775,0,"2022-04-18T00:00:00",205000,10.7,10.8,10.9,10.9,10.5,10.8,,,,0,0,107,0,0,257330,"BCA",2188789100
1,261,0,0,333910,0,"2022-04-15T00:00:00",225500,10.8,10.7,10.8,11,10.6,11,,,,0,0,129,0,0,371428,"BCA",2432118975
1,298,0,0,444918,0,"2022-04-14T00:00:00",325000,10.7,11.2,11,11.2,10.4,11.2,,,,0,0,170,0,0,416612,"BCA",3469000000
1,151,0,0,247600,0,"2022-04-13T00:00:00",148800,11.2,11.3,11,11.7,10.9,11.4,,,,0,0,140,0,0,249610,"BCA",1664740176
1,142,0,0,320600,0,"2022-04-12T00:00:00",226400,11.3,11.7,11.2,11.7,11.1,11.7,,,,0,0,152,0,0,363220,"BCA",2567000000
1,166,0,0,373732,0,"2022-04-08T00:00:00",199300,11.7,11.7,11.6,12,11.2,11.7,,,,0,0,162,0,0,362330,"BCA",2327969489
1,185,0,0,257614,0,"2022-04-07T00:00:00",167700,11.7,11.6,11.8,12.1,11.5,11.6,,,,0,0,188,0,0,309948,"BCA",1969210542
1,134,0,0,278637,0,"2022-04-06T00:00:00",167600,11.6,11.5,11.6,11.7,11.4,11.5,,,,0,0,136,0,0,320002,"BCA",1937290076
1,174,0,0,333719,0,"2022-04-05T00:00:00",202000,11.5,11.4,11.5,11.5,11.2,11.4,,,,0,0,131,0,0,348300,"BCA",2312819200
1,154,0,0,359819,0,"2022-04-04T00:00:00",231800,11.4,11.5,11.3,11.6,11.3,11.5,,,,0,0,138,0,0,355800,"BCA",2632879438
1,162,0,0,278717,0,"2022-04-01T00:00:00",183800,11.5,11.4,11.5,11.6,11.3,11.4,,,,0,0,154,0,0,310500,"BCA",2111000000
1,137,0,0,284800,0,"2022-03-31T00:00:00",174800,11.4,11.3,11.4,11.6,11.3,11.3,,,,0,0,146,0,0,289400,"BCA",2000369248
1,187,0,0,373400,0,"2022-03-30T00:00:00",260300,11.3,11.3,11.4,11.5,11.1,11.3,,,,0,0,167,0,0,332400,"BCA",2939000000
1,169,0,0,307390,0,"2022-03-29T00:00:00",156500,11.3,11.3,11.4,11.5,11.1,11.2,,,,0,0,132,0,0,282600,"BCA",1772930595
1,305,0,0,362500,0,"2022-03-28T00:00:00",242800,11.3,11.4,11.3,11.5,11.2,11.4,,,,0,0,152,0,0,356100,"BCA",2751679108
1,273,0,0,365920,0,"2022-03-25T00:00:00",216300,11.4,11.4,11.5,11.5,11.2,11.4,,,,0,0,138,0,0,340220,"BCA",2460369240
1,328,0,0,446111,0,"2022-03-24T00:00:00",279000,11.4,11.5,11.5,11.8,11.2,11.7,,,,0,0,133,0,0,386400,"BCA",3176850240
1,292,0,0,351530,0,"2022-03-23T00:00:00",211700,11.5,11.9,11.6,11.9,11.3,11.9,,,,0,0,132,0,0,312400,"BCA",2442000000
1,208,0,0,284130,0,"2022-03-22T00:00:00",152000,11.9,12,11.8,12.1,11.7,12,,,,0,0,135,0,0,338600,"BCA",1802759520
1,210,0,0,369600,0,"2022-03-21T00:00:00",228200,12,11.9,12.1,12.3,11.7,12.3,,,,0,0,188,0,0,382300,"BCA",2731000000
1,269,0,0,657751,0,"2022-03-18T00:00:00",453000,11.9,11.6,12.3,12.5,11.5,11.6,,,,0,0,213,0,0,562211,"BCA",5390817780
1,226,0,0,274102,0,"2022-03-17T00:00:00",182700,11.6,11.5,11.7,11.8,11.4,11.5,,,,0,0,137,0,0,315101,"BCA",2114000000
1,206,0,0,304662,0,"2022-03-16T00:00:00",173500,11.5,11.7,11.6,11.7,11.2,11.7,,,,0,0,105,0,0,273800,"BCA",1986790140
1,204,0,0,473702,0,"2022-03-15T00:00:00",363200,11.7,12,11.5,12,11.3,12,,,,0,0,199,0,0,498600,"BCA",4261781536
1,178,0,0,275021,0,"2022-03-14T00:00:00",190900,12,12.7,12,12.9,11.4,12.7,,,,0,0,168,0,0,316219,"BCA",2296189107
1,288,0,0,539739,0,"2022-03-11T00:00:00",403200,12.7,11.3,12.5,12.9,11.5,11.5,,,,0,0,294,0,0,475301,"BCA",5112301824
1,333,0,0,723487,0,"2022-03-10T00:00:00",478300,11.3,10.7,11.7,11.9,10.7,10.7,,,,0,0,321,0,0,547949,"BCA",5406588408
1,215,0,0,379461,0,"2022-03-09T00:00:00",250200,10.7,10.8,10.8,10.9,10.6,10.7,,,,0,0,152,0,0,370700,"BCA",2686940334
1,190,0,0,330222,0,"2022-03-08T00:00:00",215300,10.8,10.8,10.6,11,10.6,11,,,,0,0,142,0,0,323100,"BCA",2325580174
1,235,0,0,409290,0,"2022-03-07T00:00:00",248100,10.8,10.7,11,11,10.6,10.7,,,,0,0,167,0,0,351137,"BCA",2673800991
1,201,0,0,341800,0,"2022-03-04T00:00:00",214000,10.7,10.6,10.8,10.9,10.4,10.5,0,0,0,0,0,146,0,0,322037,"BCA",2283910720
1,249,0,0,410540,0,"2022-03-03T00:00:00",303600,10.6,10.6,10.8,10.8,10.5,10.6,,,,0,0,168,0,0,405937,"BCA",3225000108
1,164,0,0,292040,0,"2022-03-02T00:00:00",185200,10.6,10.7,10.7,10.9,10.5,10.7,0,0,0,0,0,138,0,0,334637,"BCA",1969850168
1,185,0,0,304680,0,"2022-03-01T00:00:00",209200,10.7,10.6,10.6,10.9,10.5,10.9,0,0,0,0,0,139,0,0,353600,"BCA",2228630612
1,149,0,0,298500,0,"2022-02-28T00:00:00",182600,10.6,10.6,10.7,10.8,10.5,10.6,0,0,0,0,0,131,0,0,339300,"BCA",1940559588
1,186,0,0,344150,0,"2022-02-25T00:00:00",230800,10.6,10.6,10.5,10.6,10.5,10.6,0,0,0,0,0,134,0,0,379410,"BCA",2443749636
1,210,0,0,364899,0,"2022-02-24T00:00:00",271000,10.6,10.6,10.7,10.7,10.3,10.6,0,0,0,0,0,150,0,0,372837,"BCA",2862079780
1,214,0,0,350168,0,"2022-02-23T00:00:00",212200,10.6,10.6,10.8,10.8,10.4,10.6,0,0,0,0,0,124,0,0,318828,"BCA",2243499354
1,183,0,0,306850,0,"2022-02-22T00:00:00",196900,10.6,10.7,10.7,10.8,10.5,10.8,0,0,0,0,0,95,0,0,296010,"BCA",2087189225
1,227,0,0,322918,0,"2022-02-21T00:00:00",201500,10.7,10.8,10.8,10.8,10.6,10.8,0,0,0,0,0,111,0,0,298410,"BCA",2150200455
1,215,0,0,348699,0,"2022-02-18T00:00:00",226200,10.8,11,10.8,11,10.7,11,0,0,0,0,0,131,0,0,383347,"BCA",2439700458
1,163,0,0,288403,0,"2022-02-17T00:00:00",200500,11,11.2,11,11.2,10.8,11.2,0,0,0,0,0,137,0,0,327231,"BCA",2198680995
1,131,0,0,297151,0,"2022-02-16T00:00:00",215200,11.2,11.3,11.1,11.4,11,11.2,0,0,0,0,0,128,0,0,326028,"BCA",2401000000
1,118,0,0,235300,0,"2022-02-15T00:00:00",160200,11.3,11.2,11,11.4,11,11.3,0,0,0,0,0,122,0,0,288420,"BCA",1803000000
1,149,0,0,314121,0,"2022-02-14T00:00:00",232800,11.2,11.1,11.2,11.2,11.1,11.2,0,0,0,0,0,123,0,0,327039,"BCA",2602389720
1,131,0,0,324548,0,"2022-02-11T00:00:00",217300,11.1,11.1,11.2,11.3,10.9,11.1,0,0,0,0,0,137,0,0,308510,"BCA",2413340319
1,191,0,0,388600,0,"2022-02-10T00:00:00",300800,11.1,11.1,11.2,11.3,10.9,11.1,0,0,0,0,0,151,0,0,410300,"BCA",3345831488
1,165,0,0,339220,0,"2022-02-09T00:00:00",205100,11.1,10.9,11.1,11.3,10.9,10.9,0,0,0,0,0,120,0,0,288000,"BCA",2282180516
1,192,0,0,333850,0,"2022-02-08T00:00:00",241600,10.9,10.9,11,11.1,10.6,10.9,0,0,0,0,0,145,0,0,336550,"BCA",2626530240
1,230,0,0,548401,0,"2022-02-07T00:00:00",421500,10.9,10.7,11,11,10.7,10.7,0,0,0,0,0,190,0,0,511700,"BCA",4591568100
1,188,0,0,454500,0,"2022-01-28T00:00:00",343500,10.7,10.5,10.7,10.7,10.4,10.5,0,0,0,0,0,141,0,0,420200,"BCA",3666220155
1,144,0,0,371292,0,"2022-01-27T00:00:00",263200,10.5,10.6,10.5,10.8,10.2,10.6,0,0,0,0,0,109,0,0,339700,"BCA",2750318928
1,117,0,0,258907,0,"2022-01-26T00:00:00",147200,10.6,10.7,10.5,10.7,10.4,10.7,0,0,0,0,0,100,0,0,250500,"BCA",1555930496
1,157,0,0,522986,0,"2022-01-25T00:00:00",423000,10.7,11,10.7,11.2,10.5,11.1,0,0,0,0,0,171,0,0,531700,"BCA",4539428730
1,141,0,0,289485,0,"2022-01-24T00:00:00",219700,11,11.1,10.8,11.2,10.7,11.1,0,0,0,0,0,156,0,0,318200,"BCA",2409000000
1,148,0,0,346587,0,"2022-01-21T00:00:00",242700,11.1,10.9,11,11.1,10.9,10.9,0,0,0,0,0,138,0,0,341900,"BCA",2689749447
1,136,0,0,363888,0,"2022-01-20T00:00:00",252700,10.9,10.7,11,11.1,10.5,10.7,0,0,0,0,0,133,0,0,329400,"BCA",2763800116
1,134,0,0,434603,0,"2022-01-19T00:00:00",336600,10.7,10.6,10.7,10.8,10.6,10.6,0,0,0,0,0,143,0,0,441900,"BCA",3604821066
1,137,0,0,365715,0,"2022-01-18T00:00:00",298000,10.6,11.2,10.5,11.2,10.4,11.2,0,0,0,0,0,139,0,0,408000,"BCA",3170430940
1,169,0,0,352890,0,"2022-01-17T00:00:00",268700,11.2,11.3,11,11.5,10.9,11,0,0,0,0,0,139,0,0,409900,"BCA",3012089382
1,152,0,0,311600,0,"2022-01-14T00:00:00",235500,11.3,11.3,11.1,11.5,11.1,11.3,0,0,0,0,0,167,0,0,384500,"BCA",2664560040
1,184,0,0,390600,0,"2022-01-13T00:00:00",260500,11.3,11.2,11.2,11.5,11,11,0,0,0,0,0,162,0,0,398700,"BCA",2931360000
1,196,0,0,368501,0,"2022-01-12T00:00:00",282700,11.2,11.4,11,11.4,10.8,11.4,0,0,0,0,0,167,0,0,379800,"BCA",3159000000
1,181,0,0,297550,0,"2022-01-11T00:00:00",244900,11.4,11.6,11.4,11.7,11.2,11.6,0,0,0,0,0,164,0,0,381100,"BCA",2798000000
1,282,0,0,467416,0,"2022-01-10T00:00:00",364300,11.6,11.8,11.4,11.9,11.4,11.8,0,0,0,0,0,239,0,0,496999,"BCA",4231210000
1,207,0,0,346475,0,"2022-01-07T00:00:00",247000,11.8,12.1,11.7,12.1,11.6,12.1,0,0,0,0,0,182,0,0,393700,"BCA",2912000000
1,230,0,0,445008,0,"2022-01-06T00:00:00",353400,12.1,12.1,12,12.3,12,12.2,0,0,0,0,0,221,0,0,468100,"BCA",4293410000
1,311,0,0,438993,0,"2022-01-05T00:00:00",319200,12.1,11.6,12.2,12.3,11.6,11.7,0,0,0,0,0,247,0,0,420100,"BCA",3847000000
1,237,0,0,396181,0,"2022-01-04T00:00:00",260600,11.6,11.3,11.8,11.8,11.3,11.5,0,0,0,0,0,204,0,0,350600,"BCA",3015040366
1,210,0,0,379500,0,"2021-12-31T00:00:00",233900,11.3,11.3,11.5,11.5,11.2,11.3,0,0,0,0,0,251,0,0,324000,"BCA",2647000000
1,249,0,0,352230,0,"2021-12-30T00:00:00",216600,11.3,11.2,11.4,11.4,11.1,11.2,0,0,0,0,0,142,0,0,315500,"BCA",2438679906
1,228,0,0,339960,0,"2021-12-29T00:00:00",261200,11.2,11.3,11.3,11.4,11.1,11.2,0,0,0,0,0,231,0,0,327300,"BCA",2936940636
1,276,0,0,516201,0,"2021-12-28T00:00:00",354100,11.3,11.3,11.3,11.5,11.2,11.3,0,0,0,0,0,314,0,0,466880,"BCA",4013758910
1,231,0,0,466488,0,"2021-12-27T00:00:00",284900,11.3,11.4,11.3,11.5,11.1,11.4,0,0,0,0,0,205,0,0,402500,"BCA",3222900000
1,233,0,0,704480,0,"2021-12-24T00:00:00",473500,11.4,11.1,11.6,11.6,11.1,11.1,,,,0,0,312,0,0,648200,"BCA",5412610000
1,195,0,0,425990,0,"2021-12-23T00:00:00",260100,11.1,11.1,11.1,11.3,11,11.1,0,0,0,0,0,198,0,0,392000,"BCA",2896180000
1,207,0,0,359738,0,"2021-12-22T00:00:00",212500,11.1,11.2,11.2,11.3,11,11.2,0,0,0,0,0,169,0,0,293100,"BCA",2363000000
1,177,0,0,321861,0,"2021-12-21T00:00:00",209200,11.2,11.3,11.2,11.5,11.1,11.5,0,0,0,0,0,198,0,0,329100,"BCA",2347370000
1,226,0,0,345768,0,"2021-12-20T00:00:00",199200,11.3,11.7,11.3,11.7,11.1,11.7,0,0,0,0,0,206,0,0,328200,"BCA",2248490000
1,179,0,0,417080,0,"2021-12-17T00:00:00",309500,11.7,11.8,11.6,11.8,11.6,11.7,0,0,0,0,0,217,0,0,436200,"BCA",3620280000
1,206,0,0,382544,0,"2021-12-16T00:00:00",266900,11.8,11.9,11.7,12.2,11.4,12,0,0,0,0,0,180,0,0,409900,"BCA",3138010000
1,227,0,0,488031,0,"2021-12-15T00:00:00",348200,11.9,11.8,12,12.1,11.8,11.8,0,0,0,0,0,207,0,0,448600,"BCA",4160600000
1,246,0,0,483141,0,"2021-12-14T00:00:00",308700,11.8,11.3,11.9,12.2,11.1,11.3,0,0,0,0,0,197,0,0,399000,"BCA",3639640000
1,248,0,0,441544,0,"2021-12-13T00:00:00",262500,11.3,11.5,11.4,11.6,11,11.5,0,0,0,0,0,126,0,0,353000,"BCA",2976600000
1,335,0,0,604113,0,"2021-12-10T00:00:00",434600,11.5,11.9,11.4,11.9,11,11.9,0,0,0,0,0,227,0,0,585600,"BCA",5018950000
1,212,0,0,325886,0,"2021-12-09T00:00:00",196000,11.9,12,11.7,12.5,11.6,12.2,0,0,0,0,0,153,0,0,303900,"BCA",2331000000
1,165,0,0,297301,0,"2021-12-08T00:00:00",172700,12,12.2,11.9,12.2,11.6,12,0,0,0,0,0,137,0,0,288400,"BCA",2065880000
1,135,0,0,284291,0,"2021-12-07T00:00:00",171300,12.2,12.4,12,12.5,11.7,12.2,0,0,0,0,0,140,0,0,255300,"BCA",2086760000
1,206,0,0,277471,0,"2021-12-06T00:00:00",211500,12.4,12.8,11.8,12.8,11.8,12.7,0,0,0,0,0,173,0,0,427900,"BCA",2620000000
1,231,0,0,481411,0,"2021-12-03T00:00:00",382200,12.8,12.8,12.7,13,12.6,12.8,0,0,0,0,0,212,0,0,506900,"BCA",4878760000
1,209,0,0,460101,0,"2021-12-02T00:00:00",327800,12.830567419158024,12.8,12.8,13,12.7,12.8,0,0,0,0,0,188,0,0,475800,"BCA",4205860000
1,149,0,0,485211,0,"2021-12-01T00:00:00",340000,12.8,12.8,12.8,13,12.8,12.8,0,0,0,0,0,181,0,0,429900,"BCA",4354020000
1,231,0,0,429401,0,"2021-11-30T00:00:00",324300,12.8,12.9,12.6,13.1,12.6,12.8,0,0,0,0,0,166,0,0,404900,"BCA",4166460000
1,277,0,0,500817,0,"2021-11-29T00:00:00",421600,12.9,13.1,12.8,13.2,12.8,13.1,0,0,0,0,0,231,0,0,536400,"BCA",5440310000
1,291,0,0,503029,0,"2021-11-26T00:00:00",393100,13.1,13.2,13.2,13.3,12.9,13.2,0,0,0,0,0,203,0,0,473300,"BCA",5141000000
1,250,0,0,491609,0,"2021-11-25T00:00:00",377400,13.2,13.1,13.2,13.3,13.1,13.1,0,0,0,0,0,149,0,0,460400,"BCA",4978849500
1,296,0,0,447165,0,"2021-11-24T00:00:00",324600,13.1,13.4,13.1,13.4,12.9,13,0,0,0,0,0,168,0,0,397300,"BCA",4242000000
1,183,0,0,461819,0,"2021-11-23T00:00:00",367900,13.4,13.8,13.1,13.6,13,13.5,0,0,0,0,0,148,0,0,467100,"BCA",4926540000
1,268,0,0,558818,0,"2021-11-22T00:00:00",490000,13.8,14.2,13.6,14.3,13.4,14.1,0,0,0,0,0,278,0,0,618600,"BCA",6746900000
1,243,0,0,431130,0,"2021-11-19T00:00:00",323300,14.2,14.4,14,14.5,13.9,14.4,0,0,0,0,0,194,0,0,441200,"BCA",4596240000
1,230,0,0,599820,0,"2021-11-18T00:00:00",508300,14.4,14.5,14.4,14.6,14.2,14.5,0,0,0,0,0,265,0,0,658600,"BCA",7297000000
1,237,0,0,470153,0,"2021-11-17T00:00:00",358500,14.5,14.5,14.6,14.7,14,14,0,0,0,0,0,218,0,0,455300,"BCA",5207000000
1,361,0,0,641113,0,"2021-11-16T00:00:00",548200,14.5,14.3,14.6,14.7,14.3,14.3,0,0,0,0,0,300,0,0,631000,"BCA",7968720000
1,269,0,0,434613,0,"2021-11-15T00:00:00",307300,14.3,14.4,14.5,14.5,14.3,14.4,0,0,0,0,0,187,0,0,389000,"BCA",4406000000
1,286,0,0,604913,0,"2021-11-12T00:00:00",505200,14.4,14.4,14.4,14.6,14.2,14.5,0,0,0,0,0,241,0,0,566800,"BCA",7260700000
1,368,0,0,555917,0,"2021-11-11T00:00:00",455300,14.4,14.7,14.5,14.8,14.2,14.6,0,0,0,0,0,245,0,0,526800,"BCA",6552000000
1,247,0,0,438001,0,"2021-11-10T00:00:00",347900,14.7,15,14.8,15.1,14.6,15,0,0,0,0,0,150,0,0,445700,"BCA",5115160000
1,356,0,0,701256,0,"2021-11-09T00:00:00",582300,15,14.6,14.9,15.1,14.6,14.6,0,0,0,0,0,294,0,0,673400,"BCA",8709000000
1,253,0,0,567885,0,"2021-11-08T00:00:00",430200,14.608902835890284,14.6,14.6,14.7,14.5,14.6,0,0,0,0,0,162,0,0,492700,"BCA",6284750000
1,125,0,0,310526,0,"2021-11-05T00:00:00",246700,14.6,14.5,14.6,14.7,14.5,14.5,0,0,0,0,0,136,0,0,313300,"BCA",3595000000
1,156,0,0,365001,0,"2021-11-04T00:00:00",294200,14.5,14.3,14.4,14.5,14.3,14.3,0,0,0,0,0,163,0,0,360800,"BCA",4257520000
1,172,0,0,376101,0,"2021-11-03T00:00:00",298000,14.3,14.4,14.4,14.4,14.1,14.4,0,0,0,0,0,135,0,0,369900,"BCA",4258560000
1,241,0,0,471521,0,"2021-11-02T00:00:00",404700,14.4,14.8,14.4,14.8,14.3,14.8,0,0,0,0,0,153,0,0,485500,"BCA",5835000000
1,229,0,0,522721,0,"2021-11-01T00:00:00",437200,14.8,14.7,14.8,14.9,14.7,14.7,0,0,0,0,0,180,0,0,485100,"BCA",6481610000
1,143,0,0,338081,0,"2021-10-29T00:00:00",280400,14.7,14.9,14.7,15,14.6,15,0,0,0,0,0,133,0,0,355500,"BCA",4112890000
1,153,0,0,326201,0,"2021-10-28T00:00:00",265500,14.9,15.1,14.9,15.1,14.8,15,0,0,0,0,0,164,0,0,319500,"BCA",3966510000
1,158,0,0,343501,0,"2021-10-27T00:00:00",287500,15.1,15.1,15,15.2,14.9,15.1,0,0,0,0,0,163,0,0,353700,"BCA",4337610000
1,155,0,0,387401,0,"2021-10-26T00:00:00",319400,15.1,15.2,15.1,15.3,15,15.2,0,0,0,0,0,165,0,0,379400,"BCA",4829000000
1,192,0,0,552401,0,"2021-10-25T00:00:00",494900,15.2,15.2,15.1,15.5,14.9,15.2,0,0,0,0,0,158,0,0,546400,"BCA",7502000000
1,77,0,0,188300,0,"2021-10-22T00:00:00",106800,15.2,15,15.2,15.3,15,15,0,0,0,0,0,65,0,0,162600,"BCA",1619000000
1,65,0,0,158800,0,"2021-10-21T00:00:00",94800,15,15.1,15,15.1,14.7,15.1,0,0,0,0,0,55,0,0,138400,"BCA",1426000000
1,79,0,0,192000,0,"2021-10-20T00:00:00",116400,15.1,15.1,15,15.1,15,15.1,0,0,0,0,0,65,0,0,163400,"BCA",1754000000
1,74,0,0,169800,0,"2021-10-19T00:00:00",99700,15.1,15.1,15,15.2,15,15.1,0,0,0,0,0,73,0,0,148200,"BCA",1501000000
1,66,0,0,152800,0,"2021-10-18T00:00:00",90400,15.1,15.2,15,15.2,14.9,15.2,,,,0,0,77,0,0,138200,"BCA",1368000000
1,117,0,0,244900,0,"2021-10-15T00:00:00",172300,15.2,15.1,15,15.3,15,15.1,0,0,0,0,0,152,0,0,218900,"BCA",2614000000
1,76,0,0,181900,0,"2021-10-14T00:00:00",113000,15.1,15.1,15.1,15.2,15,15.1,0,0,0,0,0,105,0,0,164300,"BCA",1711000000
1,125,0,0,232000,0,"2021-10-13T00:00:00",172200,15.1,15,15.1,17,14.9,17,0,0,0,0,0,129,0,0,209000,"BCA",2593000000
1,124,0,0,266900,0,"2021-10-12T00:00:00",201200,15,15.1,15,15.1,14.7,15.1,0,0,0,0,0,165,0,0,247200,"BCA",3009000000
1,174,0,0,398000,0,"2021-10-11T00:00:00",347800,15.1,15.2,15,15.2,15,15.2,0,0,0,0,0,173,0,0,388000,"BCA",5237000000
1,61,0,0,149600,0,"2021-10-08T00:00:00",91600,15.2,15.4,15.1,15.4,15,15.4,0,0,0,0,0,107,0,0,131200,"BCA",1390000000
1,94,0,0,206856,0,"2021-10-07T00:00:00",155900,15.4,15.3,15.4,15.5,15.2,15.3,0,0,0,0,0,114,0,0,191920,"BCA",2398000000
1,104,0,0,228100,0,"2021-10-06T00:00:00",172000,15.3,15.2,15.3,15.4,15,15,0,0,0,0,0,126,0,0,218500,"BCA",2630000000
1,175,0,0,391700,0,"2021-10-05T00:00:00",322500,15.2,15.2,15.2,15.4,15,15,0,0,0,0,0,214,0,0,366900,"BCA",4894000000
1,83,0,0,186000,0,"2021-10-04T00:00:00",141000,15.2,15.4,15.1,15.4,15,15.4,0,0,0,0,0,109,0,0,187300,"BCA",2139000000
1,97,0,0,244525,0,"2021-10-01T00:00:00",168600,15.4,15.8,15.5,15.8,15.4,15.8,0,0,0,0,0,122,0,0,236161,"BCA",2602000000
1,57,0,0,117700,0,"2021-09-30T00:00:00",57000,15.8,15.9,15.7,16,15.6,15.9,,,,0,0,67,0,0,136200,"BCA",899000000
1,102,0,0,288300,0,"2021-09-29T00:00:00",199200,15.9,15.7,15.9,16,15.5,15.7,0,0,0,0,0,127,0,0,253200,"BCA",3159000000
1,102,0,0,278200,0,"2021-09-28T00:00:00",189300,15.7,15.5,15.6,15.7,15.5,15.5,0,0,0,0,0,135,0,0,266400,"BCA",2969000000
1,133,0,0,363600,0,"2021-09-27T00:00:00",291900,15.5,15.1,15.5,15.6,15,15.1,0,0,0,0,0,157,0,0,348800,"BCA",4510000000
1,79,0,0,127400,0,"2021-09-24T00:00:00",72900,15.1,15.7,15.1,15.7,14.7,15.7,0,0,0,0,0,77,0,0,130400,"BCA",1097000000
1,98,0,0,126900,0,"2021-09-23T00:00:00",104100,15.7,17.2,15.4,16.8,15.2,16.8,0,0,0,0,0,119,0,0,167700,"BCA",1637000000
1,122,0,0,606700,0,"2021-09-22T00:00:00",350800,17.2,19.2,16.8,18,16.8,18,0,0,0,0,0,189,0,0,431900,"BCA",6051000000
1,190,0,0,985100,0,"2021-09-21T00:00:00",760800,19.2,20.1,18.6,20.4,18.5,19.3,0,0,0,0,0,176,0,0,836800,"BCA",14590000000
1,173,0,0,1139100,0,"2021-09-20T00:00:00",658100,20.1,17.7,18.9,20.3,18.8,20.3,0,0,0,0,0,112,0,0,779500,"BCA",13208000000
1,39,0,0,274600,0,"2021-09-17T00:00:00",114900,17.7,15.4,17.7,17.7,17.7,17.7,0,0,0,0,0,40,0,0,114900,"BCA",2034000000
1,1,0,0,127600,0,"2021-09-16T00:00:00",1800,15.4,11,15.4,15.4,15.4,15.4,0,0,0,0,0,1,0,0,1800,"BCA",28000000
1,0,0,0,30100,0,"2021-09-15T00:00:00",0,11,11,11,11,11,11,0,0,0,0,0,0,0,0,0,"BCA",0
1,0,0,0,75300,0,"2021-09-14T00:00:00",0,11,11,11,11,11,11,0,0,0,0,0,0,0,0,0,"BCA",0
1,0,0,0,55600,0,"2021-09-13T00:00:00",0,11,11,11,11,11,11,0,0,0,0,0,0,0,0,0,"BCA",0
1,0,0,0,94200,0,"2021-09-10T00:00:00",0,11,11,11,11,11,11,0,0,0,0,0,0,0,0,0,"BCA",0
1,0,0,0,140900,0,"2021-09-09T00:00:00",0,11,11,11,11,11,11,0,0,0,0,0,0,0,0,0,"BCA",0
1,124,0,0,288600,0,"2021-09-08T00:00:00",0,11,11,11,11,11,11,0,0,0,0,0,0,0,0,0,"BCA",0
