"adjRatio","buyCount","buyForeignQuantity","buyForeignValue","buyQuantity","currentForeignRoom","date","dealVolume","priceAverage","priceBasic","priceClose","priceHigh","priceLow","priceOpen","propTradingNetDealValue","propTradingNetPTValue","propTradingNetValue","putthroughValue","putthroughVolume","sellCount","sellForeignQuantity","sellForeignValue","sellQuantity","symbol","totalValue","totalVolume"
1,0,0,0,14200,0,"2023-06-13T00:00:00",7400,31.68784,31.5,31.8,31.8,31.5,31.5,,,,0,0,0,0,0,17300,"CAR",234490016,7400
1,13,0,0,9001,0,"2023-06-12T00:00:00",7100,31.5,31.7,31.4,31.7,31.4,31.7,0,0,0,0,0,18,0,0,13500,"CAR",223509988,7100
1,21,0,0,15611,0,"2023-06-09T00:00:00",7100,31.7,31.8,31.7,31.8,31.6,31.8,0,0,0,0,0,16,0,0,18000,"CAR",225119984,7100
1,19,0,0,13709,0,"2023-06-08T00:00:00",7100,31.8,31.7,31.8,31.9,31.7,31.7,0,0,0,0,0,17,0,0,16100,"CAR",225680032,7100
1,29,0,0,16102,0,"2023-06-07T00:00:00",7200,31.7,31.6,31.7,31.8,31.6,31.6,0,0,0,0,0,19,0,0,14800,"CAR",227949984,7200
1,13,0,0,9601,0,"2023-06-06T00:00:00",7200,31.6,31.8,31.6,31.8,31.5,31.8,0,0,0,0,0,26,0,0,18300,"CAR",227849976,7200
1,19,0,0,11301,0,"2023-06-05T00:00:00",7300,31.8,31.7,31.8,31.9,31.7,31.7,0,0,0,0,0,18,0,0,17600,"CAR",232049991,7300
1,28,0,0,17902,0,"2023-06-02T00:00:00",8200,31.7,31.5,31.7,31.8,31.5,31.5,0,0,0,0,0,20,0,0,19300,"CAR",259540004,8200
1,28,0,0,19305,0,"2023-06-01T00:00:00",8200,31.5,31.3,31.6,31.6,31.3,31.3,0,0,0,0,0,20,0,0,18600,"CAR",258059986,8200
1,14,0,0,11700,0,"2023-05-31T00:00:00",6800,31.3,31.4,31.2,31.4,31.2,31.4,0,0,0,0,0,26,0,0,19200,"CAR",212879984,6800
1,16,0,0,12800,0,"2023-05-30T00:00:00",6400,31.4,31.6,31.4,31.6,31.3,31.6,0,0,0,0,0,26,0,0,21100,"CAR",201209984,6400
1,21,0,0,16501,0,"2023-05-29T00:00:00",8100,31.6,31.4,31.7,31.7,31.4,31.4,0,0,0,0,0,20,0,0,20700,"CAR",255560022,8100
1,22,0,0,22800,0,"2023-05-26T00:00:00",8100,31.4,31.2,31.5,31.5,31.2,31.2,0,0,0,0,0,16,0,0,13100,"CAR",253940022,8100
1,20,0,0,14802,0,"2023-05-25T00:00:00",8100,31.2,31.1,31.4,31.4,31.1,31.1,0,0,0,0,0,19,0,0,22100,"CAR",252950040,8100
1,23,0,0,21700,0,"2023-05-24T00:00:00",7200,31.1,31.2,31.2,31.2,31,31.2,0,0,0,0,0,12,0,0,14100,"CAR",223719984,7200
1,24,0,0,25800,0,"2023-05-23T00:00:00",8100,31.2,31,31.2,31.3,31,31,0,0,0,0,0,21,0,0,20600,"CAR",253029987,8100
1,23,0,0,20002,0,"2023-05-22T00:00:00",7400,31,31.2,31.1,31.2,30.9,31.2,0,0,0,0,0,17,0,0,25800,"CAR",229620002,7400
1,29,0,0,37911,0,"2023-05-19T00:00:00",8600,31.2,31.1,31.3,31.4,31.1,31.1,0,0,0,0,0,17,0,0,23400,"CAR",268689972,8600
1,23,0,0,21900,0,"2023-05-18T00:00:00",7900,31.1,31,31.2,31.2,30.9,31.1,0,0,0,0,0,12,0,0,20500,"CAR",245329997,7900
1,33,0,0,40100,0,"2023-05-17T00:00:00",8900,31,30.9,31.2,31.2,30.8,30.9,0,0,0,0,0,16,0,0,24500,"CAR",275819989,8900
1,28,0,0,31601,0,"2023-05-16T00:00:00",6100,30.9,31,31.1,31.1,30.8,31,0,0,0,0,0,16,0,0,21600,"CAR",188599983,6100
1,20,0,0,22602,0,"2023-05-15T00:00:00",7100,31,31.1,30.9,31.2,30.9,31.1,0,0,0,0,0,16,0,0,26500,"CAR",220159995,7100
1,18,0,0,28701,0,"2023-05-12T00:00:00",7100,31.1,31,31,31.2,31,31,0,0,0,0,0,21,0,0,24200,"CAR",220929990,7100
1,28,0,0,24721,0,"2023-05-11T00:00:00",8200,31,31,31.1,31.2,30.8,31,0,0,0,0,0,23,0,0,29000,"CAR",254080034,8200
1,15,0,0,26900,0,"2023-05-10T00:00:00",8100,31,31.2,30.8,31.4,30.8,31.3,0,0,0,0,0,30,0,0,30700,"CAR",251239968,8100
1,25,0,0,26506,0,"2023-05-09T00:00:00",8300,31.2,31.5,31.1,31.5,31,31.5,0,0,0,0,0,27,0,0,22600,"CAR",258750010,8300
1,25,0,0,26100,0,"2023-05-08T00:00:00",10200,31.5,31.4,31.2,31.9,31.1,31.5,0,0,0,0,0,24,0,0,27100,"CAR",321319992,10200
1,25,0,0,24700,0,"2023-05-05T00:00:00",8100,31.4,31.7,31.2,31.7,31.1,31.7,0,0,0,0,0,24,0,0,28100,"CAR",254039976,8100
1,39,0,0,32706,0,"2023-05-04T00:00:00",8600,31.7,31.3,31.9,31.9,31.3,31.3,0,0,0,0,0,12,0,0,25100,"CAR",272470016,8600
1,42,0,0,37905,0,"2023-04-28T00:00:00",11100,31.3,30.9,31.6,31.6,30.9,30.9,0,0,0,0,0,16,0,0,27000,"CAR",347870004,11100
1,30,0,0,25905,0,"2023-04-27T00:00:00",8400,30.9,30.7,31.1,31.1,30.7,30.7,0,0,0,0,0,14,0,0,19500,"CAR",259760004,8400
1,22,0,0,20105,0,"2023-04-26T00:00:00",7900,30.7,30.8,31,31,30.6,30.8,0,0,0,0,0,22,0,0,21000,"CAR",242700008,7900
1,33,0,0,27000,0,"2023-04-25T00:00:00",8700,30.8,30.4,31,31,30.4,30.4,0,0,0,0,0,15,0,0,19400,"CAR",268170018,8700
1,22,0,0,23800,0,"2023-04-24T00:00:00",8400,30.4,30.5,30.3,30.5,30.3,30.5,0,0,0,0,0,26,0,0,26800,"CAR",255029964,8400
1,29,0,0,28604,0,"2023-04-21T00:00:00",8200,30.5,30.5,30.6,30.6,30.3,30.5,0,0,0,0,0,25,0,0,27000,"CAR",250100000,8200
1,12,0,0,21700,0,"2023-04-20T00:00:00",8200,30.5,30.8,30.3,30.8,30.3,30.8,0,0,0,0,0,34,0,0,26400,"CAR",249950022,8200
1,33,0,0,26906,0,"2023-04-19T00:00:00",8200,30.8,30.5,31,31,30.5,30.5,0,0,0,0,0,16,0,0,22000,"CAR",252800014,8200
1,26,0,0,21004,0,"2023-04-18T00:00:00",8200,30.5,30.3,30.4,30.6,30.3,30.4,0,0,0,0,0,24,0,0,30600,"CAR",250059984,8200
1,21,0,0,26405,0,"2023-04-17T00:00:00",8600,30.3,30.6,30.2,30.7,30.2,30.7,0,0,0,0,0,33,0,0,29300,"CAR",261000024,8600
1,20,0,0,23800,0,"2023-04-14T00:00:00",8600,30.6,31,30.5,31,30.5,31,0,0,0,0,0,26,0,0,26400,"CAR",263559986,8600
1,27,0,0,24100,0,"2023-04-13T00:00:00",8500,31,30.7,31,31.1,30.7,30.7,0,0,0,0,0,14,0,0,13500,"CAR",263299995,8500
1,36,0,0,32506,0,"2023-04-12T00:00:00",9200,30.7,30.4,30.9,30.9,30.4,30.4,0,0,0,0,0,14,0,0,20900,"CAR",282399980,9200
1,23,0,0,22703,0,"2023-04-11T00:00:00",8600,30.4,30.7,30.2,30.7,30.2,30.7,0,0,0,0,0,29,0,0,27300,"CAR",261100042,8600
1,31,0,0,23407,0,"2023-04-10T00:00:00",8500,30.7,30.5,30.8,30.9,30.5,30.5,0,0,0,0,0,21,0,0,24600,"CAR",261150005,8500
1,17,0,0,22400,0,"2023-04-07T00:00:00",8600,30.5,30.8,30.4,30.8,30.4,30.8,0,0,0,0,0,33,0,0,32700,"CAR",262639958,8600
1,28,0,0,28603,0,"2023-04-06T00:00:00",8100,30.8,31.1,30.8,31.1,30.6,31.1,0,0,0,0,0,22,0,0,24700,"CAR",249109992,8100
1,28,0,0,28708,0,"2023-04-05T00:00:00",10200,31.1,30.9,31.1,31.3,30.9,30.9,0,0,0,0,0,27,0,0,33900,"CAR",317610048,10200
1,40,0,0,32411,0,"2023-04-04T00:00:00",10100,30.9,30.6,31.1,31.1,30.6,30.6,0,0,0,0,0,17,0,0,29600,"CAR",312439965,10100
1,25,0,0,28513,0,"2023-04-03T00:00:00",8600,30.6,31,30.5,31,30.5,31,0,0,0,0,0,32,0,0,44400,"CAR",263489982,8600
1,41,0,0,39208,0,"2023-03-31T00:00:00",10700,31,30.3,31.2,31.2,30.5,30.5,0,0,0,0,0,18,0,0,35100,"CAR",331800045,10700
1,46,0,0,67403,0,"2023-03-30T00:00:00",8400,30.3,30,30.5,30.6,30,30,0,0,0,381440000,14900,20,0,0,44500,"CAR",636070040,23300
1,18,0,0,25900,0,"2023-03-29T00:00:00",6400,30,30,30.1,30.1,29.9,30,0,0,0,0,0,21,0,0,18100,"CAR",192129984,6400
1,25,0,0,46100,0,"2023-03-28T00:00:00",6300,30,30,30.1,30.1,29.9,30,0,0,0,512000000,20000,16,0,0,39500,"CAR",701099981,26300
1,28,0,0,25201,0,"2023-03-27T00:00:00",6700,30,30,30.1,30.1,29.9,30,0,0,0,0,0,19,0,0,19700,"CAR",201220028,6700
1,24,0,0,42811,0,"2023-03-24T00:00:00",6400,30,29.9,30.1,30.1,29.9,29.9,0,0,0,512000000,20000,21,0,0,39100,"CAR",704100032,26400
1,20,0,0,20312,0,"2023-03-23T00:00:00",6700,29.9,30.1,29.9,30.1,29.7,30.1,0,0,0,0,0,26,0,0,21500,"CAR",200299984,6700
1,22,0,0,15904,0,"2023-03-22T00:00:00",6700,30.1,30.1,30.3,30.3,30,30.1,0,0,0,0,0,20,0,0,20500,"CAR",201970026,6700
1,28,0,0,44315,0,"2023-03-21T00:00:00",6900,30.1,30.1,30.1,30.2,30,30.1,0,0,0,413770000,16100,20,0,0,36100,"CAR",621490015,23000
1,30,0,0,21923,0,"2023-03-20T00:00:00",6800,30.1,30.1,30.1,30.2,30,30.1,0,0,0,0,0,21,0,0,19900,"CAR",204589968,6800
1,25,0,0,45813,0,"2023-03-17T00:00:00",7100,30.1,30.2,30.2,30.3,29.8,30.2,0,0,0,528900000,20500,25,0,0,44300,"CAR",742479999,27600
1,22,0,0,21204,0,"2023-03-16T00:00:00",8100,30.2,30.9,30,30.5,30,30.5,0,0,0,0,0,28,0,0,26700,"CAR",244720035,8100
1,31,0,0,41504,0,"2023-03-15T00:00:00",7100,30.9,30.9,30.9,31,30.9,30.9,0,0,0,528000000,20000,24,0,0,44300,"CAR",747540023,27100
1,15,0,0,33701,0,"2023-03-14T00:00:00",5800,30.9,31.2,30.8,31.2,30.8,31.2,0,0,0,255360000,9600,28,0,0,34500,"CAR",434550014,15400
1,17,0,0,31001,0,"2023-03-13T00:00:00",8300,31.2,31.6,31,31.6,31,31.6,0,0,0,256500000,9500,35,0,0,23600,"CAR",515310019,17800
1,13,0,0,23101,0,"2023-03-10T00:00:00",7100,31.6,32.1,31.5,32,31.5,32,0,0,0,0,0,32,0,0,20000,"CAR",224609991,7100
1,31,0,0,35006,0,"2023-03-09T00:00:00",7200,32.1,32.4,32,32.2,32,32.1,0,0,0,510600000,18500,25,0,0,45000,"CAR",741760032,25700
1,18,0,0,28501,0,"2023-03-08T00:00:00",10200,32.4,33.4,32,33,32,33,0,0,0,0,0,37,0,0,35500,"CAR",330039972,10200
1,29,0,0,24201,0,"2023-03-07T00:00:00",11500,33.4,33.6,33,33.9,32.8,33.7,0,0,0,0,0,48,0,0,41700,"CAR",384499970,11500
1,60,0,0,67601,0,"2023-03-06T00:00:00",10900,33.6,33.2,34,34,33.3,33.3,0,0,0,418840000,14800,18,0,0,60900,"CAR",784780032,25700
1,55,0,0,28501,0,"2023-03-03T00:00:00",11300,33.2,33,33.6,33.6,33,33,0,0,0,0,0,16,0,0,42000,"CAR",375640024,11300
1,53,0,0,34401,0,"2023-03-02T00:00:00",11300,33,32.7,33.3,33.3,32.7,32.7,0,0,0,0,0,14,0,0,39000,"CAR",372710047,11300
1,45,0,0,60101,0,"2023-03-01T00:00:00",11100,32.7,32.3,33,33,32.4,32.4,0,0,0,132000000,4800,15,0,0,66700,"CAR",494810049,15900
1,55,0,0,48310,0,"2023-02-28T00:00:00",11200,32.3,31.9,32.6,32.6,32,32,0,0,0,0,0,12,0,0,45100,"CAR",362289984,11200
1,29,0,0,33804,0,"2023-02-27T00:00:00",10200,31.9,32.2,32,32.2,31.8,32,0,0,0,0,0,21,0,0,38800,"CAR",325570026,10200
1,16,0,0,39601,0,"2023-02-24T00:00:00",9800,32.2,32.6,32,32.6,32,32.6,0,0,0,0,0,47,0,0,76700,"CAR",315470036,9800
1,13,0,0,32700,0,"2023-02-23T00:00:00",9300,32.6,32.8,32.4,32.8,32.4,32.8,0,0,0,0,0,46,0,0,56100,"CAR",303089976,9300
1,19,0,0,28900,0,"2023-02-22T00:00:00",10400,32.8,32.1,32.5,33,32.5,33,0,0,0,0,0,36,0,0,75000,"CAR",341040024,10400
1,46,0,0,39830,0,"2023-02-21T00:00:00",12800,32.1,30.8,33,33,30.9,30.9,0,0,0,0,0,14,0,0,31900,"CAR",411369984,12800
1,50,0,0,33800,0,"2023-02-20T00:00:00",10500,30.8,30.2,31.2,31.2,30.2,30.2,0,0,0,0,0,16,0,0,30200,"CAR",323090040,10500
1,19,0,0,4001,0,"2023-02-17T00:00:00",2000,30.2,30.1,30.5,30.5,30.1,30.2,0,0,0,0,0,20,0,0,4800,"CAR",60480000,2000
1,21,0,0,4400,0,"2023-02-16T00:00:00",2000,30.1,30.1,30.3,30.3,29.8,30.1,0,0,0,0,0,23,0,0,5000,"CAR",60140000,2000
1,27,0,0,5102,0,"2023-02-15T00:00:00",2400,30.1,29.8,30.2,30.4,29.8,29.8,0,0,0,0,0,20,0,0,5200,"CAR",72300000,2400
1,24,0,0,7001,0,"2023-02-14T00:00:00",3200,29.8,29.3,30.4,30.4,29.2,29.2,0,0,0,0,0,23,0,0,5500,"CAR",95230016,3200
1,25,0,0,5902,0,"2023-02-13T00:00:00",3000,29.3,28.9,29.9,29.9,28.8,28.8,0,0,0,0,0,22,0,0,5300,"CAR",87840000,3000
1,26,0,0,7800,0,"2023-02-10T00:00:00",3700,28.9,28.8,29.4,29.4,28.4,28.7,0,0,0,0,0,24,0,0,5700,"CAR",107049991,3700
1,31,0,0,6700,0,"2023-02-09T00:00:00",2400,28.8,28.6,29.2,29.3,28.5,28.5,0,0,0,0,0,18,0,0,4500,"CAR",69160008,2400
1,26,0,0,5300,0,"2023-02-08T00:00:00",2700,28.6,28.3,29.1,29.1,28.2,28.2,0,0,0,0,0,21,0,0,4900,"CAR",77229990,2700
1,18,0,0,3302,0,"2023-02-07T00:00:00",1000,28.3,28.3,28.3,28.4,28.2,28.2,0,0,0,0,0,24,0,0,5000,"CAR",28260000,1000
1,26,0,0,4801,0,"2023-02-06T00:00:00",2400,28.3,27.9,28.7,28.7,27.9,27.9,0,0,0,0,0,24,0,0,5100,"CAR",67800000,2400
1,28,0,0,5102,0,"2023-02-03T00:00:00",2400,27.9,27.6,28.3,28.3,27.6,27.6,0,0,0,0,0,20,0,0,4900,"CAR",66919992,2400
1,34,0,0,6102,0,"2023-02-02T00:00:00",2500,27.6,27.2,28,28,27.2,27.2,0,0,0,0,0,18,0,0,4800,"CAR",68900000,2500
1,27,0,0,4603,0,"2023-02-01T00:00:00",1700,27.2,27,27.5,27.5,27,27,0,0,0,0,0,19,0,0,5100,"CAR",46209995,1700
1,17,0,0,3403,0,"2023-01-31T00:00:00",1100,27,27,27.1,27.1,27,27,0,0,0,0,0,10,0,0,3400,"CAR",29709999,1100
1,25,0,0,4902,0,"2023-01-30T00:00:00",2400,27,26.9,27.2,27.4,26.8,26.8,0,0,0,0,0,20,0,0,5600,"CAR",64900008,2400
1,13,0,0,3202,0,"2023-01-27T00:00:00",800,26.9,26.9,26.9,26.9,26.9,26.9,0,0,0,0,0,14,0,0,5400,"CAR",21520000,800
1,25,0,0,5601,0,"2023-01-19T00:00:00",1800,26.9,26.8,27.1,27.1,26.8,26.8,0,0,0,0,0,13,0,0,5000,"CAR",48389994,1800
1,24,0,0,5801,0,"2023-01-18T00:00:00",2100,26.8,26.8,27.1,27.1,26.7,26.7,0,0,0,0,0,13,0,0,5000,"CAR",56339997,2100
1,16,0,0,3502,0,"2023-01-17T00:00:00",1800,26.8,26.8,27,27,26.7,26.7,0,0,0,0,0,14,0,0,5500,"CAR",48200004,1800
1,19,0,0,4700,0,"2023-01-16T00:00:00",1500,26.8,27,26.7,26.9,26.7,26.9,0,0,0,0,0,21,0,0,7200,"CAR",40249995,1500
1,30,0,0,6100,0,"2023-01-13T00:00:00",2300,27,27,27,27.2,26.9,26.9,0,0,0,0,0,24,0,0,7800,"CAR",62150002,2300
1,33,0,0,6900,0,"2023-01-12T00:00:00",1900,27,27,27.2,27.2,26.9,26.9,0,0,0,0,0,19,0,0,7000,"CAR",51380009,1900
1,18,0,0,4500,0,"2023-01-11T00:00:00",1800,27,27.1,27,27.1,26.9,27,0,0,0,0,0,17,0,0,5500,"CAR",48569994,1800
1,26,0,0,6800,0,"2023-01-10T00:00:00",2500,27.1,27.4,27.3,27.3,27,27.3,0,0,0,0,0,33,0,0,9600,"CAR",67820000,2500
1,36,0,0,7900,0,"2023-01-09T00:00:00",3200,27.4,27.4,27.3,27.6,27.2,27.2,0,0,0,0,0,27,0,0,9800,"CAR",87740000,3200
1,25,0,0,6901,0,"2023-01-06T00:00:00",3500,27.4,27.7,27.7,27.7,27.2,27.6,0,0,0,0,0,35,0,0,10700,"CAR",95959990,3500
1,40,0,0,8200,0,"2023-01-05T00:00:00",2500,27.7,27.6,28,28,27.5,27.5,0,0,0,0,0,21,0,0,8000,"CAR",69340000,2500
1,30,0,0,6300,0,"2023-01-04T00:00:00",2600,27.6,27.5,27.9,27.9,27.4,27.4,0,0,0,0,0,14,0,0,5400,"CAR",71820008,2600
1,40,0,0,8400,0,"2023-01-03T00:00:00",2800,27.5,27.3,27.8,27.8,27.2,27.2,0,0,0,0,0,25,0,0,8900,"CAR",76860000,2800
1,22,0,0,6000,0,"2022-12-30T00:00:00",3100,27.3,27.7,27.4,27.6,27,27.6,0,0,0,0,0,42,0,0,12200,"CAR",84599992,3100
1,21,0,0,5500,0,"2022-12-29T00:00:00",2500,27.7,28,27.8,27.9,27.5,27.9,0,0,0,0,0,37,0,0,11200,"CAR",69260000,2500
1,33,0,0,8600,0,"2022-12-28T00:00:00",4000,28,28.2,28.3,28.3,27.7,28.1,0,0,0,0,0,38,0,0,11100,"CAR",111880000,4000
1,31,0,0,8800,0,"2022-12-27T00:00:00",3700,28.2,28.3,28.5,28.5,27.9,28.2,0,0,0,0,0,36,0,0,11000,"CAR",104180012,3700
1,27,0,0,7100,0,"2022-12-26T00:00:00",3600,28.3,28.8,28.2,28.6,28,28.6,0,0,0,0,0,46,0,0,12600,"CAR",101859984,3600
1,24,0,0,6800,0,"2022-12-23T00:00:00",3700,28.8,29.2,28.9,29.1,28.5,29.1,0,0,0,0,0,43,0,0,11700,"CAR",106489996,3700
1,35,0,0,7500,0,"2022-12-22T00:00:00",3300,29.2,29.2,29,29.4,29,29,0,0,0,0,0,34,0,0,10900,"CAR",96360000,3300
1,36,0,0,7500,0,"2022-12-21T00:00:00",3700,29.2,29.1,28.8,29.5,28.8,29.1,0,0,0,0,0,32,0,0,11200,"CAR",107969996,3700
1,22,0,0,7100,0,"2022-12-20T00:00:00",3500,29.1,29.7,29.1,29.5,28.8,29.5,0,0,0,0,0,43,0,0,12300,"CAR",101939985,3500
1,35,0,0,8100,0,"2022-12-19T00:00:00",3600,29.7,29.8,29.7,30,29.4,29.6,0,0,0,0,0,31,0,0,10500,"CAR",106809984,3600
1,40,0,0,9600,0,"2022-12-16T00:00:00",4100,29.8,30,30.2,30.2,29.4,29.7,0,0,0,0,0,37,0,0,11300,"CAR",122239983,4100
1,39,0,0,8300,0,"2022-12-15T00:00:00",3800,30,30,30,30.3,29.7,29.8,0,0,0,0,0,45,0,0,13600,"CAR",114079990,3800
1,51,0,0,10000,0,"2022-12-14T00:00:00",3900,30,29.8,30.4,30.4,29.6,29.6,0,0,0,0,0,28,0,0,9700,"CAR",116940018,3900
1,42,0,0,8300,0,"2022-12-13T00:00:00",3300,29.8,29.6,30,30.2,29.5,29.5,0,0,0,0,0,24,0,0,8800,"CAR",98499984,3300
1,45,0,0,10300,0,"2022-12-12T00:00:00",4300,29.6,29.3,29.7,30,29.2,29.2,0,0,0,0,0,33,0,0,12100,"CAR",127299995,4300
1,34,0,0,7200,0,"2022-12-09T00:00:00",3700,29.3,29.5,29.1,29.6,29.1,29.3,0,0,0,0,0,46,0,0,13000,"CAR",108470014,3700
1,47,0,0,8700,0,"2022-12-08T00:00:00",3800,29.5,29.3,29.6,29.8,29.1,29.1,0,0,0,0,0,30,0,0,11300,"CAR",112010016,3800
1,31,0,0,7300,0,"2022-12-07T00:00:00",3100,29.3,29.7,29.6,29.6,29.1,29.5,0,0,0,0,0,40,0,0,11700,"CAR",90930006,3100
1,30,0,0,6000,0,"2022-12-06T00:00:00",2900,29.7,30.3,29.9,30,29.3,30,0,0,0,0,0,45,0,0,13700,"CAR",86059994,2900
1,41,0,0,8300,0,"2022-12-05T00:00:00",3700,30.3,30.1,30.5,30.7,29.9,29.9,0,0,0,0,0,33,0,0,11900,"CAR",112220001,3700
1,56,0,0,10603,0,"2022-12-02T00:00:00",4200,30.1,29.8,30.6,30.6,29.6,29.6,0,0,0,0,0,25,0,0,9500,"CAR",126290010,4200
1,44,0,0,7701,0,"2022-12-01T00:00:00",4900,29.8,29.6,29.5,30.2,29.4,29.4,0,0,0,0,0,34,0,0,12000,"CAR",145939983,4900
1,38,0,0,10401,0,"2022-11-30T00:00:00",4800,29.6,29.8,30.1,30.1,29.1,29.7,0,0,0,0,0,47,0,0,13100,"CAR",141950016,4800
1,51,0,0,11201,0,"2022-11-29T00:00:00",4400,29.8,29.5,30.4,30.4,29.3,29.3,0,0,0,0,0,32,0,0,11500,"CAR",131150008,4400
1,58,0,0,11513,0,"2022-11-28T00:00:00",4300,29.5,29.2,30,30,29,29,0,0,0,0,0,27,0,0,10000,"CAR",126779996,4300
1,42,0,0,8212,0,"2022-11-25T00:00:00",2300,29.2,29.2,29.5,29.5,29,29,0,0,0,0,0,31,0,0,11500,"CAR",67170005,2300
1,34,0,0,7801,0,"2022-11-24T00:00:00",4100,29.2,29.5,29.1,29.5,29,29.3,0,0,0,0,0,50,0,0,14700,"CAR",119819999,4100
1,48,0,0,9702,0,"2022-11-23T00:00:00",4200,29.5,29.3,29.7,29.9,29.1,29.1,0,0,0,0,0,35,0,0,12900,"CAR",124049982,4200
1,40,0,0,9307,0,"2022-11-22T00:00:00",5200,29.3,29.3,29.7,29.7,28.8,29.1,0,0,0,0,0,46,0,0,14100,"CAR",152299992,5200
1,45,0,0,9803,0,"2022-11-21T00:00:00",4500,29.3,29.1,29.4,29.7,28.9,28.9,0,0,0,0,0,37,0,0,14300,"CAR",131959980,4500
1,52,0,0,10302,0,"2022-11-18T00:00:00",5200,29.1,28.7,29.2,29.5,28.5,28.5,0,0,0,0,0,34,0,0,13500,"CAR",151110024,5200
1,54,0,0,11707,0,"2022-11-17T00:00:00",4600,28.7,28.2,29.3,29.3,28,28,0,0,0,0,0,34,0,0,12100,"CAR",131929978,4600
1,47,0,0,10604,0,"2022-11-16T00:00:00",4600,28.2,27.9,28.8,28.8,27.6,27.8,0,0,0,0,0,42,0,0,12600,"CAR",129530020,4600
1,29,0,0,5608,0,"2022-11-15T00:00:00",3000,27.9,28.4,27.7,28.3,27.5,28.3,0,0,0,0,0,49,0,0,15400,"CAR",83570010,3000
1,26,0,0,6102,0,"2022-11-14T00:00:00",2800,28.4,29,28.5,28.8,28,28.8,0,0,0,0,0,50,0,0,15500,"CAR",79490012,2800
1,50,0,0,9803,0,"2022-11-11T00:00:00",3900,29,28.6,29.4,29.4,28.5,28.5,0,0,0,0,0,33,0,0,11900,"CAR",112950006,3900
1,30,0,0,5703,0,"2022-11-10T00:00:00",3200,28.6,28.8,28.2,28.9,28.2,28.6,0,0,0,0,0,50,0,0,15700,"CAR",91620000,3200
1,43,0,0,9202,0,"2022-11-09T00:00:00",4700,28.8,28.4,28.6,29.2,28.3,28.3,0,0,0,0,0,43,0,0,14600,"CAR",135160015,4700
1,39,0,0,8203,0,"2022-11-08T00:00:00",3700,28.4,28.4,28.9,28.9,28,28.3,0,0,0,0,0,42,0,0,13700,"CAR",105210018,3700
1,30,0,0,7502,0,"2022-11-07T00:00:00",3800,28.4,28.8,28.7,28.7,28,28.7,0,0,0,0,0,51,0,0,15700,"CAR",107780008,3800
1,25,0,0,6202,0,"2022-11-04T00:00:00",3600,28.8,29.3,28.9,29.1,28.5,29.1,0,0,0,0,0,57,0,0,16300,"CAR",103529988,3600
1,25,0,0,5702,0,"2022-11-03T00:00:00",2200,29.3,29.7,29.3,29.5,29,29.5,0,0,0,0,0,45,0,0,14300,"CAR",64429992,2200
1,34,0,0,7802,0,"2022-11-02T00:00:00",3500,29.7,30.1,30.1,30.1,29.4,29.9,0,0,0,0,0,53,0,0,15400,"CAR",104030010,3500
1,49,0,0,9501,0,"2022-11-01T00:00:00",4300,30.1,29.8,30.4,30.6,29.6,29.6,0,0,0,0,0,40,0,0,14100,"CAR",129640012,4300
1,34,0,0,8001,0,"2022-10-31T00:00:00",4500,29.8,30.2,30,30.2,29.4,30,0,0,0,0,0,52,0,0,15900,"CAR",134170020,4500
1,50,0,0,10901,0,"2022-10-28T00:00:00",5000,30.2,29.8,30.7,30.8,29.6,29.6,0,0,0,0,0,42,0,0,15000,"CAR",151160000,5000
1,44,0,0,10400,0,"2022-10-27T00:00:00",4800,29.8,29.4,30.3,30.4,29.2,29.2,0,0,0,0,0,35,0,0,12200,"CAR",142910016,4800
1,30,0,0,6601,0,"2022-10-26T00:00:00",3000,29.4,29.9,29.6,29.8,29.1,29.8,0,0,0,0,0,55,0,0,17500,"CAR",88340010,3000
1,36,0,0,9102,0,"2022-10-25T00:00:00",4300,29.9,30.1,30.4,30.4,29.4,29.9,0,0,0,0,0,51,0,0,15500,"CAR",128550005,4300
1,26,0,0,4901,0,"2022-10-24T00:00:00",2700,30.1,30.2,29.8,30.3,29.8,30,0,0,0,0,0,47,0,0,15500,"CAR",81290007,2700
1,21,0,0,4601,0,"2022-10-21T00:00:00",2700,30.2,30.9,29.7,30.7,29.7,30.7,0,0,0,0,0,54,0,0,15500,"CAR",81579987,2700
1,36,0,0,7901,0,"2022-10-20T00:00:00",3800,30.9,31.2,31.4,31.4,30.5,30.8,0,0,0,0,0,40,0,0,13300,"CAR",117420000,3800
1,31,0,0,6700,0,"2022-10-19T00:00:00",3200,31.2,31.1,31,31.5,30.9,30.9,0,0,0,0,0,43,0,0,13600,"CAR",99760000,3200
1,45,0,0,10203,0,"2022-10-18T00:00:00",5300,31.1,30.6,31.1,31.5,30.5,30.5,0,0,0,0,0,37,0,0,13500,"CAR",164770004,5300
1,23,0,0,4800,0,"2022-10-17T00:00:00",2500,30.6,31.2,30,31,30,31,0,0,0,0,0,53,0,0,15900,"CAR",76390000,2500
1,51,0,0,11000,0,"2022-10-14T00:00:00",4600,31.2,30.7,31.7,31.7,30.6,30.6,0,0,0,0,0,32,0,0,11600,"CAR",143299982,4600
1,36,0,0,8900,0,"2022-10-13T00:00:00",4500,30.7,30.7,31.2,31.2,30.2,30.5,0,0,0,0,0,37,0,0,12300,"CAR",137950020,4500
1,39,0,0,9500,0,"2022-10-12T00:00:00",4500,30.7,30.5,31.3,31.3,30.2,30.4,0,0,0,0,0,40,0,0,13200,"CAR",138109995,4500
1,36,0,0,463503,0,"2022-10-11T00:00:00",3400,30.5,30.5,30.3,30.8,30.3,30.3,0,0,0,13258800000,457200,44,0,0,470600,"CAR",13362500000,460600
1,35,0,0,8703,0,"2022-10-10T00:00:00",4300,30.5,31,31,31,30,30.6,0,0,0,0,0,44,0,0,13700,"CAR",130980021,4300
1,26,0,0,4805,0,"2022-10-07T00:00:00",2800,31,31.9,30.3,31.6,30.3,31.6,0,0,0,0,0,61,0,0,17300,"CAR",86720004,2800
1,45,0,0,9101,0,"2022-10-06T00:00:00",4800,31.9,31.7,32,32.3,31.3,31.3,0,0,0,0,0,37,0,0,13500,"CAR",152889984,4800
1,54,0,0,13101,0,"2022-10-05T00:00:00",7200,31.7,31.3,32.7,32.7,30.8,30.8,0,0,0,0,0,34,0,0,12100,"CAR",228430008,7200
1,46,0,0,167500,0,"2022-10-04T00:00:00",5900,31.3,30.8,31.6,32,30.6,30.6,0,0,0,5017600000,156800,37,0,0,169000,"CAR",5202510012,162700
1,24,0,0,158802,0,"2022-10-03T00:00:00",2500,30.8,31.6,30.4,31.3,30.4,31.3,0,0,0,5236000000,154000,49,0,0,169200,"CAR",5313070000,156500
1,43,0,0,11204,0,"2022-09-30T00:00:00",6200,31.6,31.6,32.4,32.4,30.8,31.4,0,0,0,0,0,41,0,0,12400,"CAR",195810012,6200
1,32,0,0,7501,0,"2022-09-29T00:00:00",4100,31.6,31.4,31.4,32,31.2,31.2,0,0,0,0,0,38,0,0,13100,"CAR",129659999,4100
1,21,0,0,5000,0,"2022-09-28T00:00:00",2100,31.4,31.8,31.6,31.6,31.1,31.5,0,0,0,0,0,35,0,0,11100,"CAR",65849994,2100
1,19,0,0,3204,0,"2022-09-27T00:00:00",1100,31.8,32.4,31.6,32,31.6,32,0,0,0,0,0,29,0,0,9700,"CAR",34950003,1100
1,46,0,0,9600,0,"2022-09-26T00:00:00",6700,32.4,32,31.5,33.1,31.5,32.2,0,0,0,0,0,47,0,0,16400,"CAR",217300028,6700
1,118,0,0,27802,0,"2022-09-23T00:00:00",19400,32,30.4,34.1,34.1,29.9,29.9,0,0,0,0,0,73,0,0,23600,"CAR",620650038,19400
1,101,0,0,19600,0,"2022-09-22T00:00:00",13200,30.4,29.1,31.5,31.6,28.8,28.8,0,0,0,0,0,64,0,0,17800,"CAR",400889940,13200
1,69,0,0,13103,0,"2022-09-21T00:00:00",7800,29.1,29.1,29.7,30,28.2,28.4,0,0,0,0,0,43,0,0,13300,"CAR",227260020,7800
1,72,0,0,12501,0,"2022-09-20T00:00:00",8200,29.1,29,29.8,29.8,28.5,28.5,0,0,0,0,0,41,0,0,12700,"CAR",238589988,8200
1,40,0,0,7901,0,"2022-09-19T00:00:00",4500,29,29.8,28.9,29.3,28.6,29.3,0,0,0,0,0,53,0,0,13800,"CAR",130540005,4500
1,52,0,0,9200,0,"2022-09-16T00:00:00",6200,29.8,30.1,29.9,30.2,29.3,29.7,0,0,0,0,0,57,0,0,14800,"CAR",184589996,6200
1,49,0,0,9200,0,"2022-09-15T00:00:00",6800,30.1,30.3,30,30.5,29.7,29.8,0,0,0,0,0,60,0,0,17600,"CAR",204960024,6800
1,31,0,0,5700,0,"2022-09-14T00:00:00",3400,30.3,30.9,30.3,30.6,30.1,30.3,0,0,0,0,0,44,0,0,15100,"CAR",103109998,3400
1,53,0,0,11001,0,"2022-09-13T00:00:00",7300,30.9,31.5,31.2,31.5,30.4,31.3,0,0,0,0,0,69,0,0,18200,"CAR",225900033,7300
1,54,0,0,10401,0,"2022-09-12T00:00:00",5400,31.5,31.3,32.2,32.2,31,31,0,0,0,0,0,36,0,0,13500,"CAR",170030016,5400
1,63,0,0,10707,0,"2022-09-09T00:00:00",7000,31.3,30.8,31.6,31.9,30.5,30.5,0,0,0,0,0,47,0,0,14700,"CAR",218789970,7000
1,33,0,0,6200,0,"2022-09-08T00:00:00",3800,30.8,31.3,30.6,31.2,30.4,30.5,0,0,0,0,0,40,0,0,12300,"CAR",116989992,3800
1,47,0,0,9602,0,"2022-09-07T00:00:00",7200,31.3,32.7,30,32.5,30,32.4,0,0,0,0,0,75,0,0,16900,"CAR",225270000,7200
1,32,0,0,6300,0,"2022-09-06T00:00:00",5300,32.7,33.1,32,33.2,32,32.5,0,0,0,0,0,52,0,0,14800,"CAR",173280002,5300
1,70,0,0,13601,0,"2022-09-05T00:00:00",10700,33.1,34.4,32.4,34.3,31.9,33.8,0,0,0,0,0,81,0,0,18600,"CAR",354490037,10700
1,94,0,0,17902,0,"2022-08-31T00:00:00",15500,34.4,33.7,32.9,35.4,32.9,33.3,0,0,0,0,0,77,0,0,25800,"CAR",533049960,15500
1,84,0,0,16501,0,"2022-08-30T00:00:00",11300,33.7,34,34.9,34.9,32.3,33.5,0,0,0,0,0,56,0,0,14000,"CAR",380480040,11300
1,85,0,0,17401,0,"2022-08-29T00:00:00",12000,34,34.7,35.4,35.4,32.3,34.5,0,0,0,0,0,71,0,0,16100,"CAR",408459960,12000
1,70,0,0,11302,0,"2022-08-26T00:00:00",7800,34.7,34.4,34.9,35.5,34,34,0,0,0,0,0,41,0,0,16700,"CAR",270909990,7800
1,110,0,0,17600,0,"2022-08-25T00:00:00",12100,34.4,33.3,35.3,35.3,32.9,32.9,0,0,0,0,0,45,0,0,17700,"CAR",415630039,12100
1,112,0,0,18500,0,"2022-08-24T00:00:00",13100,33.3,32.2,34.6,34.6,31.9,31.9,0,0,0,0,0,46,0,0,17800,"CAR",436299954,13100
1,64,0,0,8901,0,"2022-08-23T00:00:00",5900,32.2,31.9,32.7,32.9,31.5,31.5,0,0,0,0,0,34,0,0,13100,"CAR",190149979,5900
1,107,0,0,17601,0,"2022-08-22T00:00:00",14600,31.9,31.5,32.4,33.3,30.6,31,0,0,0,0,0,63,0,0,21200,"CAR",465749928,14600
1,83,0,0,102000,0,"2022-08-19T00:00:00",8300,31.5,31,32.7,32.7,30.5,30.7,0,0,0,2709930000,87700,44,0,0,105700,"CAR",2971420006,96000
1,24,0,0,5100,0,"2022-08-18T00:00:00",3500,31,32.2,30.5,31.5,30.5,31.5,0,0,0,0,0,43,0,0,12200,"CAR",108570000,3500
1,44,0,0,8500,0,"2022-08-17T00:00:00",5000,32.2,32.6,32.5,32.5,31.8,32,0,0,0,0,0,27,0,0,10100,"CAR",160800000,5000
1,55,0,0,9300,0,"2022-08-16T00:00:00",8300,32.6,32.8,31.9,33.3,31.8,32.5,0,0,0,0,0,59,0,0,24000,"CAR",270310001,8300
1,87,0,0,24001,0,"2022-08-15T00:00:00",17400,32.8,33.4,34.4,34.4,31.5,32.7,0,0,0,0,0,66,0,0,17700,"CAR",571489950,17400
1,60,0,0,10901,0,"2022-08-12T00:00:00",9200,33.4,33.8,32.7,34,32.7,33,0,0,0,0,0,42,0,0,19100,"CAR",306900040,9200
1,68,0,0,13201,0,"2022-08-11T00:00:00",9600,33.8,33,33.9,34.8,32.8,33,0,0,0,0,0,42,0,0,17100,"CAR",324390048,9600
1,114,0,0,27301,0,"2022-08-10T00:00:00",17600,33,30.5,34.9,34.9,30.4,30.4,0,0,0,0,0,34,0,0,26300,"CAR",579969984,17600
1,17,0,0,2801,0,"2022-08-09T00:00:00",1600,30.5,30.7,30.5,30.6,30.3,30.5,0,0,0,0,0,17,0,0,8300,"CAR",48760000,1600
1,59,0,0,8303,0,"2022-08-08T00:00:00",5700,30.7,30.6,30.5,31,30.5,30.5,0,0,0,0,0,21,0,0,9400,"CAR",175070028,5700
1,51,0,0,9101,0,"2022-08-05T00:00:00",5600,30.6,30.4,31,31,30.2,30.2,0,0,0,0,0,10,0,0,5600,"CAR",171370024,5600
1,85,0,0,19801,0,"2022-08-04T00:00:00",15200,30.4,29.9,30.8,30.9,29.9,29.9,0,0,0,0,0,21,0,0,20800,"CAR",462340072,15200
1,68,0,0,14802,0,"2022-08-03T00:00:00",14500,29.9,29.4,29.9,30.5,29.4,30,0,0,0,0,0,27,0,0,20900,"CAR",433429940,14500
1,75,0,0,28101,0,"2022-08-02T00:00:00",19800,29.4,26.4,30,30,26.4,26.4,0,0,0,0,0,29,0,0,22300,"CAR",582319980,19800
1,11,0,0,22301,0,"2022-08-01T00:00:00",14200,26.4,26.6,26.6,26.6,26.2,26.6,0,0,0,0,0,11,0,0,15900,"CAR",375020012,14200
1,31,0,0,27152,0,"2022-07-29T00:00:00",19800,26.6,27.1,27.1,27.3,24.5,27.3,0,0,0,0,0,26,0,0,22100,"CAR",525880080,19800
1,8,0,0,5801,0,"2022-07-28T00:00:00",1800,27.1,27.3,27.3,27.3,26.1,26.8,0,0,0,0,0,21,0,0,8500,"CAR",48690000,1800
1,11,0,0,5201,0,"2022-07-27T00:00:00",2700,27.3,26.2,27.5,27.8,26.3,26.3,0,0,0,0,0,19,0,0,5400,"CAR",73670013,2700
1,23,0,0,19800,0,"2022-07-26T00:00:00",15200,26.2,23.6,26.8,27,25.7,26.1,0,0,0,0,0,32,0,0,17600,"CAR",398089976,15200
1,12,0,0,8202,0,"2022-07-25T00:00:00",3900,23.6,23.9,23.9,23.9,22.5,22.6,0,0,0,0,0,16,0,0,8600,"CAR",92060007,3900
1,23,0,0,22251,0,"2022-07-22T00:00:00",6000,23.9,24.1,24.2,24.2,23.3,24.1,0,0,0,0,0,16,0,0,7500,"CAR",143419980,6000
1,23,0,0,22221,0,"2022-07-21T00:00:00",10800,24.1,23.7,24.1,24.3,24,24.1,0,0,0,0,0,11,0,0,16200,"CAR",260340048,10800
1,36,0,0,12477,0,"2022-07-20T00:00:00",6700,23.7,26.1,27.1,30,22.2,23.2,0,0,0,0,0,26,0,0,6700,"CAR",158639987,6700
1,44,0,0,28851,0,"2022-07-19T00:00:00",12100,26.1,23.3,23.2,26.7,23.2,26.7,0,0,0,0,0,12,0,0,12100,"CAR",316139967,12100
1,21,0,0,20111,0,"2022-07-18T00:00:00",100,23.3,20.3,23.3,23.3,23.3,23.3,0,0,0,0,0,1,0,0,100,"CAR",2330000,100
1,24,0,0,23890,0,"2022-07-15T00:00:00",16700,20.3,17.7,20.3,20.3,20.3,20.3,0,0,0,0,0,11,0,0,16700,"CAR",339010000,16700
1,42,0,0,56800,0,"2022-07-14T00:00:00",100,17.7,15.4,17.7,17.7,17.7,17.7,0,0,0,0,0,1,0,0,100,"CAR",1770000,100
1,25,0,0,41800,0,"2022-07-13T00:00:00",100,15.4,11,15.4,15.4,15.4,15.4,0,0,0,0,0,1,0,0,100,"CAR",1540000,100
