"adjRatio","buyCount","buyForeignQuantity","buyForeignValue","buyQuantity","currentForeignRoom","date","dealVolume","priceAverage","priceBasic","priceClose","priceHigh","priceLow","priceOpen","propTradingNetDealValue","propTradingNetPTValue","propTradingNetValue","putthroughValue","putthroughVolume","sellCount","sellForeignQuantity","sellForeignValue","sellQuantity","symbol","totalValue"
1,0,0,0,8400,0,"2023-01-03T00:00:00",2800,27.45,27.3,27.8,27.8,27.2,27.2,,,,0,0,0,0,0,8900,"CAR",76860000
1,22,0,0,6000,0,"2022-12-30T00:00:00",3100,27.3,27.7,27.4,27.6,27,27.6,0,0,0,0,0,42,0,0,12200,"CAR",84599992
1,21,0,0,5500,0,"2022-12-29T00:00:00",2500,27.7,28,27.8,27.9,27.5,27.9,0,0,0,0,0,37,0,0,11200,"CAR",69260000
1,33,0,0,8600,0,"2022-12-28T00:00:00",4000,28,28.2,28.3,28.3,27.7,28.1,0,0,0,0,0,38,0,0,11100,"CAR",111880000
1,31,0,0,8800,0,"2022-12-27T00:00:00",3700,28.2,28.3,28.5,28.5,27.9,28.2,0,0,0,0,0,36,0,0,11000,"CAR",104180012
1,27,0,0,7100,0,"2022-12-26T00:00:00",3600,28.3,28.8,28.2,28.6,28,28.6,0,0,0,0,0,46,0,0,12600,"CAR",101859984
1,24,0,0,6800,0,"2022-12-23T00:00:00",3700,28.8,29.2,28.9,29.1,28.5,29.1,0,0,0,0,0,43,0,0,11700,"CAR",106489996
1,35,0,0,7500,0,"2022-12-22T00:00:00",3300,29.2,29.2,29,29.4,29,29,0,0,0,0,0,34,0,0,10900,"CAR",96360000
1,36,0,0,7500,0,"2022-12-21T00:00:00",3700,29.2,29.1,28.8,29.5,28.8,29.1,0,0,0,0,0,32,0,0,11200,"CAR",107969996
1,22,0,0,7100,0,"2022-12-20T00:00:00",3500,29.1,29.7,29.1,29.5,28.8,29.5,0,0,0,0,0,43,0,0,12300,"CAR",101939985
1,35,0,0,8100,0,"2022-12-19T00:00:00",3600,29.7,29.8,29.7,30,29.4,29.6,0,0,0,0,0,31,0,0,10500,"CAR",106809984
1,40,0,0,9600,0,"2022-12-16T00:00:00",4100,29.8,30,30.2,30.2,29.4,29.7,0,0,0,0,0,37,0,0,11300,"CAR",122239983
1,39,0,0,8300,0,"2022-12-15T00:00:00",3800,30,30,30,30.3,29.7,29.8,0,0,0,0,0,45,0,0,13600,"CAR",114079990
1,51,0,0,10000,0,"2022-12-14T00:00:00",3900,30,29.8,30.4,30.4,29.6,29.6,0,0,0,0,0,28,0,0,9700,"CAR",116940018
1,42,0,0,8300,0,"2022-12-13T00:00:00",3300,29.8,29.6,30,30.2,29.5,29.5,0,0,0,0,0,24,0,0,8800,"CAR",98499984
1,45,0,0,10300,0,"2022-12-12T00:00:00",4300,29.6,29.3,29.7,30,29.2,29.2,0,0,0,0,0,33,0,0,12100,"CAR",127299995
1,34,0,0,7200,0,"2022-12-09T00:00:00",3700,29.3,29.5,29.1,29.6,29.1,29.3,0,0,0,0,0,46,0,0,13000,"CAR",108470014
1,47,0,0,8700,0,"2022-12-08T00:00:00",3800,29.5,29.3,29.6,29.8,29.1,29.1,0,0,0,0,0,30,0,0,11300,"CAR",112010016
1,31,0,0,7300,0,"2022-12-07T00:00:00",3100,29.3,29.7,29.6,29.6,29.1,29.5,0,0,0,0,0,40,0,0,11700,"CAR",90930006
1,30,0,0,6000,0,"2022-12-06T00:00:00",2900,29.7,30.3,29.9,30,29.3,30,0,0,0,0,0,45,0,0,13700,"CAR",86059994
1,41,0,0,8300,0,"2022-12-05T00:00:00",3700,30.3,30.1,30.5,30.7,29.9,29.9,0,0,0,0,0,33,0,0,11900,"CAR",112220001
1,56,0,0,10603,0,"2022-12-02T00:00:00",4200,30.1,29.8,30.6,30.6,29.6,29.6,0,0,0,0,0,25,0,0,9500,"CAR",126290010
1,44,0,0,7701,0,"2022-12-01T00:00:00",4900,29.8,29.6,29.5,30.2,29.4,29.4,0,0,0,0,0,34,0,0,12000,"CAR",145939983
1,38,0,0,10401,0,"2022-11-30T00:00:00",4800,29.6,29.8,30.1,30.1,29.1,29.7,0,0,0,0,0,47,0,0,13100,"CAR",141950016
1,51,0,0,11201,0,"2022-11-29T00:00:00",4400,29.8,29.5,30.4,30.4,29.3,29.3,0,0,0,0,0,32,0,0,11500,"CAR",131150008
1,58,0,0,11513,0,"2022-11-28T00:00:00",4300,29.5,29.2,30,30,29,29,0,0,0,0,0,27,0,0,10000,"CAR",126779996
1,42,0,0,8212,0,"2022-11-25T00:00:00",2300,29.2,29.2,29.5,29.5,29,29,0,0,0,0,0,31,0,0,11500,"CAR",67170005
1,34,0,0,7801,0,"2022-11-24T00:00:00",4100,29.2,29.5,29.1,29.5,29,29.3,0,0,0,0,0,50,0,0,14700,"CAR",119819999
1,48,0,0,9702,0,"2022-11-23T00:00:00",4200,29.5,29.3,29.7,29.9,29.1,29.1,0,0,0,0,0,35,0,0,12900,"CAR",124049982
1,40,0,0,9307,0,"2022-11-22T00:00:00",5200,29.3,29.3,29.7,29.7,28.8,29.1,0,0,0,0,0,46,0,0,14100,"CAR",152299992
1,45,0,0,9803,0,"2022-11-21T00:00:00",4500,29.3,29.1,29.4,29.7,28.9,28.9,0,0,0,0,0,37,0,0,14300,"CAR",131959980
1,52,0,0,10302,0,"2022-11-18T00:00:00",5200,29.1,28.7,29.2,29.5,28.5,28.5,0,0,0,0,0,34,0,0,13500,"CAR",151110024
1,54,0,0,11707,0,"2022-11-17T00:00:00",4600,28.7,28.2,29.3,29.3,28,28,0,0,0,0,0,34,0,0,12100,"CAR",131929978
1,47,0,0,10604,0,"2022-11-16T00:00:00",4600,28.2,27.9,28.8,28.8,27.6,27.8,0,0,0,0,0,42,0,0,12600,"CAR",129530020
1,29,0,0,5608,0,"2022-11-15T00:00:00",3000,27.9,28.4,27.7,28.3,27.5,28.3,0,0,0,0,0,49,0,0,15400,"CAR",83570010
1,26,0,0,6102,0,"2022-11-14T00:00:00",2800,28.4,29,28.5,28.8,28,28.8,0,0,0,0,0,50,0,0,15500,"CAR",79490012
1,50,0,0,9803,0,"2022-11-11T00:00:00",3900,29,28.6,29.4,29.4,28.5,28.5,0,0,0,0,0,33,0,0,11900,"CAR",112950006
1,30,0,0,5703,0,"2022-11-10T00:00:00",3200,28.6,28.8,28.2,28.9,28.2,28.6,0,0,0,0,0,50,0,0,15700,"CAR",91620000
1,43,0,0,9202,0,"2022-11-09T00:00:00",4700,28.8,28.4,28.6,29.2,28.3,28.3,0,0,0,0,0,43,0,0,14600,"CAR",135160015
1,39,0,0,8203,0,"2022-11-08T00:00:00",3700,28.4,28.4,28.9,28.9,28,28.3,0,0,0,0,0,42,0,0,13700,"CAR",105210018
1,30,0,0,7502,0,"2022-11-07T00:00:00",3800,28.4,28.8,28.7,28.7,28,28.7,0,0,0,0,0,51,0,0,15700,"CAR",107780008
1,25,0,0,6202,0,"2022-11-04T00:00:00",3600,28.8,29.3,28.9,29.1,28.5,29.1,0,0,0,0,0,57,0,0,16300,"CAR",103529988
1,25,0,0,5702,0,"2022-11-03T00:00:00",2200,29.3,29.7,29.3,29.5,29,29.5,0,0,0,0,0,45,0,0,14300,"CAR",64429992
1,34,0,0,7802,0,"2022-11-02T00:00:00",3500,29.7,30.1,30.1,30.1,29.4,29.9,0,0,0,0,0,53,0,0,15400,"CAR",104030010
1,49,0,0,9501,0,"2022-11-01T00:00:00",4300,30.1,29.8,30.4,30.6,29.6,29.6,0,0,0,0,0,40,0,0,14100,"CAR",129640012
1,34,0,0,8001,0,"2022-10-31T00:00:00",4500,29.8,30.2,30,30.2,29.4,30,0,0,0,0,0,52,0,0,15900,"CAR",134170020
1,50,0,0,10901,0,"2022-10-28T00:00:00",5000,30.2,29.8,30.7,30.8,29.6,29.6,0,0,0,0,0,42,0,0,15000,"CAR",151160000
1,44,0,0,10400,0,"2022-10-27T00:00:00",4800,29.8,29.4,30.3,30.4,29.2,29.2,0,0,0,0,0,35,0,0,12200,"CAR",142910016
1,30,0,0,6601,0,"2022-10-26T00:00:00",3000,29.4,29.9,29.6,29.8,29.1,29.8,0,0,0,0,0,55,0,0,17500,"CAR",88340010
1,36,0,0,9102,0,"2022-10-25T00:00:00",4300,29.9,30.1,30.4,30.4,29.4,29.9,0,0,0,0,0,51,0,0,15500,"CAR",128550005
1,26,0,0,4901,0,"2022-10-24T00:00:00",2700,30.1,30.2,29.8,30.3,29.8,30,0,0,0,0,0,47,0,0,15500,"CAR",81290007
1,21,0,0,4601,0,"2022-10-21T00:00:00",2700,30.2,30.9,29.7,30.7,29.7,30.7,0,0,0,0,0,54,0,0,15500,"CAR",81579987
1,36,0,0,7901,0,"2022-10-20T00:00:00",3800,30.9,31.2,31.4,31.4,30.5,30.8,0,0,0,0,0,40,0,0,13300,"CAR",117420000
1,31,0,0,6700,0,"2022-10-19T00:00:00",3200,31.2,31.1,31,31.5,30.9,30.9,0,0,0,0,0,43,0,0,13600,"CAR",99760000
1,45,0,0,10203,0,"2022-10-18T00:00:00",5300,31.1,30.6,31.1,31.5,30.5,30.5,0,0,0,0,0,37,0,0,13500,"CAR",164770004
1,23,0,0,4800,0,"2022-10-17T00:00:00",2500,30.6,31.2,30,31,30,31,0,0,0,0,0,53,0,0,15900,"CAR",76390000
1,51,0,0,11000,0,"2022-10-14T00:00:00",4600,31.2,30.7,31.7,31.7,30.6,30.6,0,0,0,0,0,32,0,0,11600,"CAR",143299982
1,36,0,0,8900,0,"2022-10-13T00:00:00",4500,30.7,30.7,31.2,31.2,30.2,30.5,0,0,0,0,0,37,0,0,12300,"CAR",137950020
1,39,0,0,9500,0,"2022-10-12T00:00:00",4500,30.7,30.5,31.3,31.3,30.2,30.4,0,0,0,0,0,40,0,0,13200,"CAR",138109995
1,36,0,0,463503,0,"2022-10-11T00:00:00",3400,30.5,30.5,30.3,30.8,30.3,30.3,0,0,0,13258800000,457200,44,0,0,470600,"CAR",13362500000
1,35,0,0,8703,0,"2022-10-10T00:00:00",4300,30.5,31,31,31,30,30.6,0,0,0,0,0,44,0,0,13700,"CAR",130980021
1,26,0,0,4805,0,"2022-10-07T00:00:00",2800,31,31.9,30.3,31.6,30.3,31.6,0,0,0,0,0,61,0,0,17300,"CAR",86720004
1,45,0,0,9101,0,"2022-10-06T00:00:00",4800,31.9,31.7,32,32.3,31.3,31.3,0,0,0,0,0,37,0,0,13500,"CAR",152889984
1,54,0,0,13101,0,"2022-10-05T00:00:00",7200,31.7,31.3,32.7,32.7,30.8,30.8,0,0,0,0,0,34,0,0,12100,"CAR",228430008
1,46,0,0,167500,0,"2022-10-04T00:00:00",5900,31.3,30.8,31.6,32,30.6,30.6,0,0,0,5017600000,156800,37,0,0,169000,"CAR",5202510012
1,24,0,0,158802,0,"2022-10-03T00:00:00",2500,30.8,31.6,30.4,31.3,30.4,31.3,0,0,0,5236000000,154000,49,0,0,169200,"CAR",5313070000
1,43,0,0,11204,0,"2022-09-30T00:00:00",6200,31.6,31.6,32.4,32.4,30.8,31.4,0,0,0,0,0,41,0,0,12400,"CAR",195810012
1,32,0,0,7501,0,"2022-09-29T00:00:00",4100,31.6,31.4,31.4,32,31.2,31.2,0,0,0,0,0,38,0,0,13100,"CAR",129659999
1,21,0,0,5000,0,"2022-09-28T00:00:00",2100,31.4,31.8,31.6,31.6,31.1,31.5,0,0,0,0,0,35,0,0,11100,"CAR",65849994
1,19,0,0,3204,0,"2022-09-27T00:00:00",1100,31.8,32.4,31.6,32,31.6,32,0,0,0,0,0,29,0,0,9700,"CAR",34950003
1,46,0,0,9600,0,"2022-09-26T00:00:00",6700,32.4,32,31.5,33.1,31.5,32.2,0,0,0,0,0,47,0,0,16400,"CAR",217300028
1,118,0,0,27802,0,"2022-09-23T00:00:00",19400,32,30.4,34.1,34.1,29.9,29.9,0,0,0,0,0,73,0,0,23600,"CAR",620650038
1,101,0,0,19600,0,"2022-09-22T00:00:00",13200,30.4,29.1,31.5,31.6,28.8,28.8,0,0,0,0,0,64,0,0,17800,"CAR",400889940
1,69,0,0,13103,0,"2022-09-21T00:00:00",7800,29.1,29.1,29.7,30,28.2,28.4,0,0,0,0,0,43,0,0,13300,"CAR",227260020
1,72,0,0,12501,0,"2022-09-20T00:00:00",8200,29.1,29,29.8,29.8,28.5,28.5,0,0,0,0,0,41,0,0,12700,"CAR",238589988
1,40,0,0,7901,0,"2022-09-19T00:00:00",4500,29,29.8,28.9,29.3,28.6,29.3,0,0,0,0,0,53,0,0,13800,"CAR",130540005
1,52,0,0,9200,0,"2022-09-16T00:00:00",6200,29.8,30.1,29.9,30.2,29.3,29.7,0,0,0,0,0,57,0,0,14800,"CAR",184589996
1,49,0,0,9200,0,"2022-09-15T00:00:00",6800,30.1,30.3,30,30.5,29.7,29.8,0,0,0,0,0,60,0,0,17600,"CAR",204960024
1,31,0,0,5700,0,"2022-09-14T00:00:00",3400,30.3,30.9,30.3,30.6,30.1,30.3,0,0,0,0,0,44,0,0,15100,"CAR",103109998
1,53,0,0,11001,0,"2022-09-13T00:00:00",7300,30.9,31.5,31.2,31.5,30.4,31.3,0,0,0,0,0,69,0,0,18200,"CAR",225900033
1,54,0,0,10401,0,"2022-09-12T00:00:00",5400,31.5,31.3,32.2,32.2,31,31,0,0,0,0,0,36,0,0,13500,"CAR",170030016
1,63,0,0,10707,0,"2022-09-09T00:00:00",7000,31.3,30.8,31.6,31.9,30.5,30.5,0,0,0,0,0,47,0,0,14700,"CAR",218789970
1,33,0,0,6200,0,"2022-09-08T00:00:00",3800,30.8,31.3,30.6,31.2,30.4,30.5,0,0,0,0,0,40,0,0,12300,"CAR",116989992
1,47,0,0,9602,0,"2022-09-07T00:00:00",7200,31.3,32.7,30,32.5,30,32.4,0,0,0,0,0,75,0,0,16900,"CAR",225270000
1,32,0,0,6300,0,"2022-09-06T00:00:00",5300,32.7,33.1,32,33.2,32,32.5,0,0,0,0,0,52,0,0,14800,"CAR",173280002
1,70,0,0,13601,0,"2022-09-05T00:00:00",10700,33.1,34.4,32.4,34.3,31.9,33.8,0,0,0,0,0,81,0,0,18600,"CAR",354490037
1,94,0,0,17902,0,"2022-08-31T00:00:00",15500,34.4,33.7,32.9,35.4,32.9,33.3,0,0,0,0,0,77,0,0,25800,"CAR",533049960
1,84,0,0,16501,0,"2022-08-30T00:00:00",11300,33.7,34,34.9,34.9,32.3,33.5,0,0,0,0,0,56,0,0,14000,"CAR",380480040
1,85,0,0,17401,0,"2022-08-29T00:00:00",12000,34,34.7,35.4,35.4,32.3,34.5,0,0,0,0,0,71,0,0,16100,"CAR",408459960
1,70,0,0,11302,0,"2022-08-26T00:00:00",7800,34.7,34.4,34.9,35.5,34,34,0,0,0,0,0,41,0,0,16700,"CAR",270909990
1,110,0,0,17600,0,"2022-08-25T00:00:00",12100,34.4,33.3,35.3,35.3,32.9,32.9,0,0,0,0,0,45,0,0,17700,"CAR",415630039
1,112,0,0,18500,0,"2022-08-24T00:00:00",13100,33.3,32.2,34.6,34.6,31.9,31.9,0,0,0,0,0,46,0,0,17800,"CAR",436299954
1,64,0,0,8901,0,"2022-08-23T00:00:00",5900,32.2,31.9,32.7,32.9,31.5,31.5,0,0,0,0,0,34,0,0,13100,"CAR",190149979
1,107,0,0,17601,0,"2022-08-22T00:00:00",14600,31.9,31.5,32.4,33.3,30.6,31,0,0,0,0,0,63,0,0,21200,"CAR",465749928
1,83,0,0,102000,0,"2022-08-19T00:00:00",8300,31.5,31,32.7,32.7,30.5,30.7,0,0,0,2709930000,87700,44,0,0,105700,"CAR",2971420006
1,24,0,0,5100,0,"2022-08-18T00:00:00",3500,31,32.2,30.5,31.5,30.5,31.5,0,0,0,0,0,43,0,0,12200,"CAR",108570000
1,44,0,0,8500,0,"2022-08-17T00:00:00",5000,32.2,32.6,32.5,32.5,31.8,32,0,0,0,0,0,27,0,0,10100,"CAR",160800000
1,55,0,0,9300,0,"2022-08-16T00:00:00",8300,32.6,32.8,31.9,33.3,31.8,32.5,0,0,0,0,0,59,0,0,24000,"CAR",270310001
1,87,0,0,24001,0,"2022-08-15T00:00:00",17400,32.8,33.4,34.4,34.4,31.5,32.7,0,0,0,0,0,66,0,0,17700,"CAR",571489950
1,60,0,0,10901,0,"2022-08-12T00:00:00",9200,33.4,33.8,32.7,34,32.7,33,0,0,0,0,0,42,0,0,19100,"CAR",306900040
1,68,0,0,13201,0,"2022-08-11T00:00:00",9600,33.8,33,33.9,34.8,32.8,33,0,0,0,0,0,42,0,0,17100,"CAR",324390048
1,114,0,0,27301,0,"2022-08-10T00:00:00",17600,33,30.5,34.9,34.9,30.4,30.4,0,0,0,0,0,34,0,0,26300,"CAR",579969984
1,17,0,0,2801,0,"2022-08-09T00:00:00",1600,30.5,30.7,30.5,30.6,30.3,30.5,0,0,0,0,0,17,0,0,8300,"CAR",48760000
1,59,0,0,8303,0,"2022-08-08T00:00:00",5700,30.7,30.6,30.5,31,30.5,30.5,0,0,0,0,0,21,0,0,9400,"CAR",175070028
1,51,0,0,9101,0,"2022-08-05T00:00:00",5600,30.6,30.4,31,31,30.2,30.2,0,0,0,0,0,10,0,0,5600,"CAR",171370024
1,85,0,0,19801,0,"2022-08-04T00:00:00",15200,30.4,29.9,30.8,30.9,29.9,29.9,0,0,0,0,0,21,0,0,20800,"CAR",462340072
1,68,0,0,14802,0,"2022-08-03T00:00:00",14500,29.9,29.4,29.9,30.5,29.4,30,0,0,0,0,0,27,0,0,20900,"CAR",433429940
1,75,0,0,28101,0,"2022-08-02T00:00:00",19800,29.4,26.4,30,30,26.4,26.4,0,0,0,0,0,29,0,0,22300,"CAR",582319980
1,11,0,0,22301,0,"2022-08-01T00:00:00",14200,26.4,26.6,26.6,26.6,26.2,26.6,0,0,0,0,0,11,0,0,15900,"CAR",375020012
1,31,0,0,27152,0,"2022-07-29T00:00:00",19800,26.6,27.1,27.1,27.3,24.5,27.3,0,0,0,0,0,26,0,0,22100,"CAR",525880080
1,8,0,0,5801,0,"2022-07-28T00:00:00",1800,27.1,27.3,27.3,27.3,26.1,26.8,0,0,0,0,0,21,0,0,8500,"CAR",48690000
1,11,0,0,5201,0,"2022-07-27T00:00:00",2700,27.3,26.2,27.5,27.8,26.3,26.3,0,0,0,0,0,19,0,0,5400,"CAR",73670013
1,23,0,0,19800,0,"2022-07-26T00:00:00",15200,26.2,23.6,26.8,27,25.7,26.1,0,0,0,0,0,32,0,0,17600,"CAR",398089976
1,12,0,0,8202,0,"2022-07-25T00:00:00",3900,23.6,23.9,23.9,23.9,22.5,22.6,0,0,0,0,0,16,0,0,8600,"CAR",92060007
1,23,0,0,22251,0,"2022-07-22T00:00:00",6000,23.9,24.1,24.2,24.2,23.3,24.1,0,0,0,0,0,16,0,0,7500,"CAR",143419980
1,23,0,0,22221,0,"2022-07-21T00:00:00",10800,24.1,23.7,24.1,24.3,24,24.1,0,0,0,0,0,11,0,0,16200,"CAR",260340048
1,36,0,0,12477,0,"2022-07-20T00:00:00",6700,23.7,26.1,27.1,30,22.2,23.2,0,0,0,0,0,26,0,0,6700,"CAR",158639987
1,44,0,0,28851,0,"2022-07-19T00:00:00",12100,26.1,23.3,23.2,26.7,23.2,26.7,0,0,0,0,0,12,0,0,12100,"CAR",316139967
1,21,0,0,20111,0,"2022-07-18T00:00:00",100,23.3,20.3,23.3,23.3,23.3,23.3,0,0,0,0,0,1,0,0,100,"CAR",2330000
1,24,0,0,23890,0,"2022-07-15T00:00:00",16700,20.3,17.7,20.3,20.3,20.3,20.3,0,0,0,0,0,11,0,0,16700,"CAR",339010000
1,42,0,0,56800,0,"2022-07-14T00:00:00",100,17.7,15.4,17.7,17.7,17.7,17.7,0,0,0,0,0,1,0,0,100,"CAR",1770000
1,25,0,0,41800,0,"2022-07-13T00:00:00",100,15.4,11,15.4,15.4,15.4,15.4,0,0,0,0,0,1,0,0,100,"CAR",1540000
