"adjRatio","buyCount","buyForeignQuantity","buyForeignValue","buyQuantity","currentForeignRoom","date","dealVolume","priceAverage","priceBasic","priceClose","priceHigh","priceLow","priceOpen","propTradingNetDealValue","propTradingNetPTValue","propTradingNetValue","putthroughValue","putthroughVolume","sellCount","sellForeignQuantity","sellForeignValue","sellQuantity","symbol","totalValue"
1,0,0,0,0,7296486,"2022-12-19T00:00:00",0,18.2,18.2,18.2,18.2,18.2,18.2,,,,0,0,0,0,0,25300,"CCA",0
1,0,0,0,0,7296486,"2022-12-16T00:00:00",0,18.2,18.2,18.2,18.2,18.2,18.2,0,0,0,0,0,0,0,0,20900,"CCA",0
1,0,0,0,0,7296486,"2022-12-15T00:00:00",0,18.2,18.2,18.2,18.2,18.2,18.2,0,0,0,0,0,0,0,0,14200,"CCA",0
1,0,0,0,0,7296486,"2022-12-14T00:00:00",0,18.2,18.2,18.2,18.2,18.2,18.2,0,0,0,0,0,0,0,0,23300,"CCA",0
1,0,0,0,0,7296486,"2022-12-13T00:00:00",0,18.2,18.2,18.2,18.2,18.2,18.2,0,0,0,0,0,0,0,0,27200,"CCA",0
1,0,0,0,0,7296486,"2022-12-12T00:00:00",0,18.2,18.2,18.2,18.2,18.2,18.2,0,0,0,0,0,7,0,0,35200,"CCA",0
1,0,0,0,0,7296486,"2022-12-09T00:00:00",0,18.2,18.2,18.2,18.2,18.2,18.2,0,0,0,0,0,10,0,0,32100,"CCA",0
1,0,0,0,0,7296486,"2022-12-08T00:00:00",0,18.2,18.2,18.2,18.2,18.2,18.2,0,0,0,0,0,10,0,0,22900,"CCA",0
1,0,0,0,0,7296486,"2022-12-07T00:00:00",0,18.2,18.2,18.2,18.2,18.2,18.2,0,0,0,0,0,10,0,0,17200,"CCA",0
1,0,0,0,0,7296486,"2022-12-06T00:00:00",0,18.2,18.2,18.2,18.2,18.2,18.2,0,0,0,0,0,8,0,0,17200,"CCA",0
1,0,0,0,0,7296486,"2022-12-05T00:00:00",0,18.2,18.2,18.2,18.2,18.2,18.2,0,0,0,0,0,14,0,0,34500,"CCA",0
1,4,0,0,2300,7296486,"2022-12-02T00:00:00",1400,18.2,16.7,17.9,19,16.7,16.7,0,0,0,0,0,14,0,0,27800,"CCA",25430006
1,7,0,0,11400,7296486,"2022-12-01T00:00:00",900,16.7,16.6,16.5,17.9,16.5,16.6,0,0,0,0,0,13,0,0,25700,"CCA",15000003
1,8,0,0,13100,7296486,"2022-11-30T00:00:00",2600,16.6,15.9,18.1,18.1,14,14,0,0,0,0,0,12,0,0,21400,"CCA",43069988
1,0,0,0,0,7296486,"2022-11-29T00:00:00",0,15.9,15.9,15.9,15.9,15.9,15.9,0,0,0,0,0,6,0,0,18700,"CCA",0
1,0,0,0,0,7296486,"2022-11-28T00:00:00",0,15.9,15.9,15.9,15.9,15.9,15.9,0,0,0,0,0,4,0,0,9500,"CCA",0
1,1,0,0,600,7296486,"2022-11-25T00:00:00",0,15.9,15.9,15.9,15.9,15.9,15.9,0,0,0,0,0,3,0,0,2300,"CCA",0
1,0,0,0,0,7296486,"2022-11-24T00:00:00",0,15.9,15.9,15.9,15.9,15.9,15.9,0,0,0,0,0,5,0,0,6500,"CCA",0
1,2,0,0,1300,7296486,"2022-11-23T00:00:00",500,15.9,15.9,15.9,15.9,15.9,15.9,0,0,0,0,0,6,0,0,20700,"CCA",7950000
1,3,0,0,1700,7296486,"2022-11-22T00:00:00",100,15.9,15.5,15.9,15.9,15.9,15.9,0,0,0,0,0,2,0,0,4600,"CCA",1590000
1,2,0,0,1800,7296486,"2022-11-21T00:00:00",1000,15.5,14.9,15.5,15.5,15.5,15.5,0,0,0,0,0,6,0,0,7100,"CCA",15500000
1,4,0,0,2900,7296486,"2022-11-18T00:00:00",2100,14.9,14,15.7,15.7,14,14,0,0,0,0,0,9,0,0,7200,"CCA",31249995
1,7,0,0,3303,7296486,"2022-11-17T00:00:00",1400,14,13.5,14.5,14.5,13.5,13.5,0,0,0,0,0,6,0,0,2900,"CCA",19600000
1,4,0,0,4600,7296486,"2022-11-16T00:00:00",4500,13.5,13.5,14,14,11.5,11.5,0,0,0,0,0,8,0,0,10300,"CCA",60709995
1,2,0,0,1100,7296486,"2022-11-15T00:00:00",1100,13.5,15.8,13.5,13.5,13.5,13.5,0,0,0,0,0,15,0,0,44200,"CCA",14850000
1,1,0,0,2000,7296486,"2022-11-14T00:00:00",2000,15.8,15.6,15.8,15.8,15.8,15.8,0,0,0,0,0,22,0,0,22500,"CCA",31600000
1,2,0,0,3000,7296486,"2022-11-11T00:00:00",3000,15.6,15.7,15.7,15.7,15.5,15.5,0,0,0,0,0,12,0,0,17500,"CCA",46899990
1,3,0,0,2010,7296486,"2022-11-10T00:00:00",2000,15.7,15.7,15.7,15.7,15.7,15.7,0,0,0,0,0,14,0,0,19700,"CCA",31400000
1,1,0,0,1,7296486,"2022-11-09T00:00:00",0,15.7,15.7,15.7,15.7,15.7,15.7,0,0,0,0,0,9,0,0,11946,"CCA",0
1,2,0,0,1400,7296486,"2022-11-08T00:00:00",1400,15.7,15.9,15.8,15.8,15.7,15.7,0,0,0,0,0,9,0,0,4400,"CCA",22010002
1,2,0,0,3000,7296486,"2022-11-07T00:00:00",3000,15.9,15.7,16,16,15.9,15.9,0,0,0,0,0,19,0,0,22400,"CCA",47780010
1,2,0,0,4000,7296486,"2022-11-04T00:00:00",4000,15.7,16.3,15.4,15.9,15.4,15.9,0,0,0,0,0,15,0,0,28700,"CCA",62600000
1,1,0,0,300,7296486,"2022-11-03T00:00:00",300,16.3,16.1,16.3,16.3,16.3,16.3,0,0,0,0,0,11,0,0,25200,"CCA",4890000
1,2,0,0,2000,7296486,"2022-11-02T00:00:00",0,16.1,16.1,16.1,16.1,16.1,16.1,0,0,0,0,0,12,0,0,15400,"CCA",0
1,2,0,0,200,7296486,"2022-11-01T00:00:00",200,16.1,15.8,16.1,16.1,16.1,16.1,0,0,0,0,0,12,0,0,11400,"CCA",3220000
1,1,0,0,200,7296486,"2022-10-31T00:00:00",0,15.8,15.8,15.8,15.8,15.8,15.8,0,0,0,0,0,15,0,0,13500,"CCA",0
1,3,0,0,460,7296486,"2022-10-28T00:00:00",300,15.8,15.5,15.8,15.8,15.8,15.8,0,0,0,0,0,14,0,0,17500,"CCA",4740000
1,9,0,0,1300,7296486,"2022-10-27T00:00:00",800,15.5,15.4,16.3,16.3,13.1,13.1,0,0,0,0,0,9,0,0,15000,"CCA",12420000
1,4,0,0,2400,7296486,"2022-10-26T00:00:00",200,15.4,14.5,16.4,16.4,14.3,14.3,0,0,0,0,0,13,0,0,19100,"CCA",3070000
1,12,0,0,6300,7296486,"2022-10-25T00:00:00",2600,14.5,12.7,14.6,14.6,13.3,14.6,0,0,0,0,0,10,0,0,10000,"CCA",37739988
1,13,0,0,14910,7296486,"2022-10-24T00:00:00",11800,12.7,14.5,12.4,13.9,12.4,13.9,0,0,0,0,0,17,0,0,22200,"CCA",150369996
1,24,0,0,17900,7296486,"2022-10-21T00:00:00",15400,14.5,14.7,12.8,15,12.8,15,0,0,0,0,0,22,0,0,28600,"CCA",222880042
1,7,0,0,5300,7296486,"2022-10-20T00:00:00",0,14.7,14.7,14.7,14.7,14.7,14.7,0,0,0,0,0,6,0,0,5100,"CCA",0
1,18,0,0,7200,7296486,"2022-10-19T00:00:00",3200,14.7,17,16.4,16.4,14.5,14.8,0,0,0,0,0,14,0,0,18400,"CCA",47190016
1,3,0,0,1700,7296486,"2022-10-18T00:00:00",0,17,17,17,17,17,17,0,0,0,0,0,9,0,0,15700,"CCA",0
1,2,0,0,2000,7296486,"2022-10-17T00:00:00",0,17,17,17,17,17,17,0,0,0,0,0,5,0,0,14000,"CCA",0
1,4,0,0,3700,7296486,"2022-10-14T00:00:00",0,17,17,17,17,17,17,0,0,0,0,0,14,0,0,18100,"CCA",0
1,6,0,0,13900,7296486,"2022-10-13T00:00:00",0,17,17,17,17,17,17,0,0,0,0,0,14,0,0,17900,"CCA",0
1,1,0,0,200,7296486,"2022-10-12T00:00:00",0,17,17,17,17,17,17,0,0,0,0,0,16,0,0,19500,"CCA",0
1,4,0,0,2800,7296486,"2022-10-11T00:00:00",100,17,14.8,17,17,17,17,0,0,0,0,0,10,0,0,21800,"CCA",1700000
1,3,0,0,8000,7296486,"2022-10-10T00:00:00",0,14.8,14.8,14.8,14.8,14.8,14.8,0,0,0,0,0,4,0,0,8300,"CCA",0
1,26,0,0,19910,7296486,"2022-10-07T00:00:00",15600,14.8,16.1,14.3,16,14.2,16,0,0,0,0,0,27,0,0,43500,"CCA",230850048
1,7,0,0,5900,7296486,"2022-10-06T00:00:00",2200,16.1,17.2,16,17.2,16,17.2,0,0,0,0,0,11,0,0,24300,"CCA",35320010
1,10,0,0,10510,7296486,"2022-10-05T00:00:00",100,17.2,16.5,17.2,17.2,17.2,17.2,0,0,0,0,0,12,0,0,20100,"CCA",1720000
1,9,0,0,12900,7296486,"2022-10-04T00:00:00",5200,16.5,16.6,16.5,16.9,16.5,16.9,0,0,0,0,0,14,0,0,26600,"CCA",85879976
1,14,0,0,29200,7296486,"2022-10-03T00:00:00",13700,16.6,16.8,16,17.2,14.9,14.9,0,0,0,0,0,14,0,0,28200,"CCA",227550013
1,7,0,0,3218,7296486,"2022-09-30T00:00:00",0,16.8,16.8,16.8,16.8,16.8,16.8,0,0,0,0,0,15,0,0,9700,"CCA",0
1,9,0,0,5300,7296486,"2022-09-29T00:00:00",100,16.8,17.2,16.8,16.8,16.8,16.8,0,0,0,0,0,6,0,0,16300,"CCA",1680000
1,7,0,0,5900,7296486,"2022-09-28T00:00:00",0,17.2,17.2,17.2,17.2,17.2,17.2,0,0,0,0,0,11,0,0,26200,"CCA",0
1,17,0,0,11503,7296486,"2022-09-27T00:00:00",3400,17.2,15.4,17.2,17.2,17.2,17.2,0,0,0,0,0,13,0,0,13500,"CCA",58480000
1,18,0,0,26300,7296486,"2022-09-26T00:00:00",4800,15.4,17.4,16.9,16.9,15,15.2,0,0,0,0,0,17,0,0,24500,"CCA",73959984
1,16,0,0,17207,7296486,"2022-09-23T00:00:00",200,17.4,16.6,17.4,17.4,17.4,17.4,0,0,0,0,0,13,0,0,19900,"CCA",3480000
1,24,0,0,28107,7296486,"2022-09-22T00:00:00",10700,16.6,17.2,17.1,17.1,16.5,16.7,0,0,0,0,0,13,0,0,22800,"CCA",178100002
1,11,0,0,17907,7296486,"2022-09-21T00:00:00",0,17.2,17.2,17.2,17.2,17.2,17.2,0,0,0,0,0,14,0,0,14300,"CCA",0
1,23,0,0,23107,7296486,"2022-09-20T00:00:00",4000,17.2,17.1,17.1,17.3,17.1,17.1,0,0,0,0,0,23,0,0,23300,"CCA",68860000
1,18,0,0,11617,7296486,"2022-09-19T00:00:00",1100,17.1,17.2,17.1,17.2,17.1,17.2,0,0,0,0,0,14,0,0,16916,"CCA",18829998
1,23,0,0,27214,7296486,"2022-09-16T00:00:00",4300,17.2,16.9,17.1,17.9,17,17.1,0,0,0,0,0,14,0,0,27100,"CCA",74109984
1,33,0,0,29811,7296486,"2022-09-15T00:00:00",8800,16.9,16.3,17.1,18,16.7,18,0,0,0,0,0,23,0,0,22831,"CCA",148879984
1,22,0,0,27603,7296486,"2022-09-14T00:00:00",8700,16.3,17.7,16.5,16.9,16.2,16.9,0,0,0,0,0,14,0,0,25200,"CCA",142160001
1,16,0,0,12702,7296486,"2022-09-13T00:00:00",3300,17.7,18.3,17.6,18,17.6,18,0,0,0,0,0,25,0,0,23577,"CCA",58380003
1,11,0,0,7100,7296486,"2022-09-12T00:00:00",400,18.3,17.6,18.3,18.3,18.3,18.3,0,0,0,0,0,24,0,0,27977,"CCA",7320000
1,14,0,0,11106,7296486,"2022-09-09T00:00:00",1000,17.6,17.4,17.6,17.6,17.6,17.6,0,0,0,0,0,9,0,0,12400,"CCA",17600000
1,21,0,0,17616,7296486,"2022-09-08T00:00:00",11100,17.4,18.4,17.2,18.3,17.2,18.3,0,0,0,0,0,22,0,0,26800,"CCA",193130010
1,11,0,0,8400,7296486,"2022-09-07T00:00:00",1800,18.4,18.5,18.4,18.4,18.4,18.4,0,0,0,0,0,21,0,0,19900,"CCA",33120000
1,10,0,0,5407,7296486,"2022-09-06T00:00:00",0,18.5,18.5,18.5,18.5,18.5,18.5,0,0,0,0,0,23,0,0,19600,"CCA",0
1,18,0,0,11606,7296486,"2022-09-05T00:00:00",3500,18.5,18,18.5,18.5,18,18,0,0,0,0,0,26,0,0,23600,"CCA",64599990
1,16,0,0,17806,7296486,"2022-08-31T00:00:00",5000,18,18,18,18,18,18,0,0,0,0,0,20,0,0,17600,"CCA",90000000
1,19,0,0,13906,7296486,"2022-08-30T00:00:00",6400,18,18.1,18,18.1,17.8,18.1,0,0,0,0,0,25,0,0,28100,"CCA",115100032
1,12,0,0,16106,7296486,"2022-08-29T00:00:00",1000,18.1,18.3,18.1,18.1,18.1,18.1,0,0,0,0,0,24,0,0,24700,"CCA",18100000
1,19,0,0,19926,7296486,"2022-08-26T00:00:00",1500,18.3,18,18,18.4,18,18.4,0,0,0,0,0,20,0,0,23166,"CCA",27439995
1,15,0,0,13928,7296486,"2022-08-25T00:00:00",0,18,18,18,18,18,18,0,0,0,0,0,16,0,0,12788,"CCA",0
1,15,0,0,6328,7296486,"2022-08-24T00:00:00",0,18,18,18,18,18,18,0,0,0,0,0,17,0,0,19700,"CCA",0
1,19,0,0,17428,7296486,"2022-08-23T00:00:00",600,18,18.1,18,18,18,18,0,0,0,0,0,20,0,0,22500,"CCA",10800000
1,14,0,0,9316,7296486,"2022-08-22T00:00:00",200,18.1,18.1,18.1,18.1,18,18,0,0,0,0,0,25,0,0,22400,"CCA",3610000
1,13,0,0,9706,7296486,"2022-08-19T00:00:00",0,18.1,18.1,18.1,18.1,18.1,18.1,0,0,0,0,0,14,0,0,16100,"CCA",0
1,15,0,0,11906,7296486,"2022-08-18T00:00:00",200,18.1,18.3,17.8,18.4,17.8,18.4,0,0,0,0,0,25,0,0,18400,"CCA",3620000
1,16,0,0,4928,7296486,"2022-08-17T00:00:00",1000,18.3,18.4,18.5,18.5,18.2,18.2,0,0,0,0,0,23,0,0,21100,"CCA",18340000
1,12,0,0,4540,7296486,"2022-08-16T00:00:00",0,18.4,18.4,18.4,18.4,18.4,18.4,0,0,0,0,0,20,0,0,24900,"CCA",0
1,24,0,0,17439,7296486,"2022-08-15T00:00:00",300,18.4,18.1,18.8,18.8,17.6,17.6,0,0,0,0,0,17,0,0,17900,"CCA",5520000
1,33,0,0,35331,7296486,"2022-08-12T00:00:00",11100,18.1,18,18.9,18.9,17.2,17.5,0,0,0,0,0,23,0,0,26000,"CCA",201249993
1,36,0,0,33624,7296486,"2022-08-11T00:00:00",25800,18,19.3,18,21.5,17.9,21.5,0,0,0,0,0,33,0,0,49100,"CCA",465549906
1,11,0,0,5029,7296486,"2022-08-10T00:00:00",1000,19.3,18.9,19.3,19.3,19.3,19.3,0,0,0,0,0,23,0,0,22100,"CCA",19300000
1,17,0,0,13107,7296486,"2022-08-09T00:00:00",9300,18.9,18.5,19,19,18.6,19,0,0,0,0,0,24,0,0,29800,"CCA",176050023
1,29,0,0,49232,7296486,"2022-08-08T00:00:00",18000,18.5,18.1,18.2,18.8,18,18,0,0,0,0,0,30,0,0,32900,"CCA",332100000
1,31,0,0,35778,7296486,"2022-08-05T00:00:00",25200,18.1,18.1,18,20.8,17.9,20.8,0,0,0,0,0,28,0,0,40500,"CCA",456060024
1,28,0,0,12525,7296486,"2022-08-04T00:00:00",9900,18.1,19.8,18,21,17.8,21,0,0,0,0,0,35,0,0,38800,"CCA",179329986
1,12,0,0,7656,7296486,"2022-08-03T00:00:00",400,19.8,18.3,19,20.5,19,20.5,0,0,0,0,0,26,0,0,23945,"CCA",7900000
1,19,0,0,11556,7296486,"2022-08-02T00:00:00",6100,18.3,17.9,18.4,20,17.9,17.9,0,0,0,0,0,26,0,0,29700,"CCA",111739983
1,27,0,0,16206,7296486,"2022-08-01T00:00:00",7300,17.9,18.2,18.1,19.1,17,18.9,0,0,0,0,0,26,0,0,29300,"CCA",130830016
1,33,0,0,35123,7296486,"2022-07-29T00:00:00",26200,18.2,17.9,18,20,18,18.5,0,0,0,0,0,36,0,0,54645,"CCA",476000028
1,18,0,0,8504,7296486,"2022-07-28T00:00:00",600,17.9,17.5,17.8,18.6,17.2,18.6,0,0,0,0,0,12,0,0,11000,"CCA",10729998
1,26,0,0,17304,7296486,"2022-07-27T00:00:00",2000,17.5,18.3,18,18.3,17,17,0,0,0,0,0,19,0,0,23700,"CCA",34930000
1,29,0,0,19806,7296486,"2022-07-26T00:00:00",11300,18.3,19.2,17.9,19.5,17.9,19.5,0,0,0,0,0,20,0,0,81700,"CCA",206409981
1,9,0,0,3411,7296486,"2022-07-25T00:00:00",200,19.2,19.1,19.2,19.2,19.2,19.2,0,0,0,0,0,11,0,0,7215,"CCA",3840000
1,17,0,0,11306,7296486,"2022-07-22T00:00:00",3500,19.1,19.2,19.2,19.2,19,19.2,0,0,0,0,0,12,0,0,24300,"CCA",67000010
1,19,0,0,8806,7296486,"2022-07-21T00:00:00",5300,19.2,19.4,19.2,20,19.2,19.9,0,0,0,0,0,18,0,0,15715,"CCA",101990020
1,35,0,0,12406,7296486,"2022-07-20T00:00:00",6000,19.4,19.4,19,20,19,19.2,0,0,0,0,0,12,0,0,18200,"CCA",116659980
1,14,0,0,5206,7296486,"2022-07-19T00:00:00",1000,19.4,19.4,20,20,19.1,20,0,0,0,0,0,12,0,0,10800,"CCA",19400000
1,19,0,0,9006,7296486,"2022-07-18T00:00:00",200,19.4,20.3,20.7,20.7,18,18,0,0,0,0,0,17,0,0,9000,"CCA",3870000
1,15,0,0,9106,7296486,"2022-07-15T00:00:00",0,20.3,20.3,20.3,20.3,20.3,20.3,0,0,0,0,0,13,0,0,2800,"CCA",0
1,14,0,0,9006,7296486,"2022-07-14T00:00:00",400,20.3,19.1,20.3,20.3,20.3,20.3,0,0,0,0,0,8,0,0,3100,"CCA",8120000
1,16,0,0,16526,7296486,"2022-07-13T00:00:00",4900,19.1,19.1,19.5,19.9,19,19.9,0,0,0,0,0,16,0,0,13115,"CCA",93440011
1.0732984293,20,0,0,20207,7296486,"2022-07-12T00:00:00",4700,20.5,20.8,21,21,20.4,20.4,0,0,0,0,0,9,0,0,7115,"CCA",96119982
1.0732984293,9,0,0,7007,7296486,"2022-07-11T00:00:00",700,20.8,20.8,20.7,20.9,20.7,20.9,0,0,0,0,0,6,0,0,7315,"CCA",14560000
1.0732984293,10,0,0,9606,7296486,"2022-07-08T00:00:00",100,20.8,20.1,20.8,20.8,20.8,20.8,0,0,0,0,0,11,0,0,6615,"CCA",2080000
1.0732984293,11,0,0,8406,7296486,"2022-07-07T00:00:00",6100,20.1,20.1,21.1,21.1,19.5,19.5,0,0,0,0,0,16,0,0,10600,"CCA",122820023
1.0732984293,16,0,0,14906,7296486,"2022-07-06T00:00:00",11000,20.1,20,20.9,20.9,19,19,0,0,0,0,0,23,0,0,26420,"CCA",221199990
1.0732984293,8,0,0,8306,7296486,"2022-07-05T00:00:00",0,20,20,20,20,20,20,0,0,0,0,0,15,0,0,13615,"CCA",0
1.0732984293,15,0,0,19606,7296486,"2022-07-04T00:00:00",1000,20,20.1,20,20,20,20,0,0,0,0,0,11,0,0,19915,"CCA",20000000
1.0732984293,11,0,0,7106,7296486,"2022-07-01T00:00:00",500,20.1,20.1,20.1,20.1,20.1,20.1,0,0,0,0,0,10,0,0,9015,"CCA",10050000
1.0732984293,18,0,0,15002,7296486,"2022-06-30T00:00:00",8100,20.1,20.8,20,21,20,20,0,0,0,0,0,16,0,0,18415,"CCA",163189971
1.0732984293,17,0,0,9904,7296486,"2022-06-29T00:00:00",400,20.8,19.9,21,21,20.3,20.3,0,0,0,0,0,7,0,0,3315,"CCA",8330000
1.0732984293,40,0,0,41800,7296486,"2022-06-28T00:00:00",28400,19.9,21.7,21.9,22,19,20.1,0,0,0,0,0,24,0,0,37820,"CCA",564979944
1.0732984293,24,0,0,22504,7296486,"2022-06-27T00:00:00",15600,21.7,21.1,21,22.1,21,21.1,0,0,0,0,0,13,0,0,23700,"CCA",338269932
1.0732984293,13,0,0,7700,7296486,"2022-06-24T00:00:00",1000,21.1,22.1,21.1,21.1,21.1,21.1,0,0,0,0,0,10,0,0,14315,"CCA",21100000
1.0732984293,32,0,0,16800,7296486,"2022-06-23T00:00:00",11100,22.1,22.5,21.9,22.5,21.9,22,0,0,0,0,0,18,0,0,23300,"CCA",244889976
1.0732984293,16,0,0,16001,7296486,"2022-06-22T00:00:00",10600,22.5,23.1,22,23,22,23,0,0,0,0,0,19,0,0,35015,"CCA",238799980
1.0732984293,11,0,0,15600,7296486,"2022-06-21T00:00:00",11300,23.1,25.1,23,23.6,23,23.6,0,0,0,0,0,22,0,0,38115,"CCA",260500030
1.0732984293,16,0,0,19872,7296486,"2022-06-20T00:00:00",13100,25.1,24.9,25.1,25.2,24.9,24.9,0,0,0,0,0,34,0,0,55153,"CCA",328500054
1.0732984293,10,0,0,5064,7296486,"2022-06-17T00:00:00",600,24.9,24.8,25.1,25.1,23.8,23.8,0,0,0,0,0,12,0,0,21200,"CCA",14929998
1.0732984293,26,0,0,36580,7296486,"2022-06-16T00:00:00",18000,24.8,24.6,24.2,26.2,23.5,25.9,0,0,0,0,0,34,0,0,55716,"CCA",446729940
1.0732984293,24,0,0,29642,7296486,"2022-06-15T00:00:00",13900,24.6,26.1,24.8,25.2,24.5,25.2,0,0,0,0,0,31,0,0,48753,"CCA",342619988
1.0732984293,33,0,0,29000,7296486,"2022-06-14T00:00:00",15500,26.1,25.6,26.4,26.7,25,25,0,0,0,0,0,46,0,0,45475,"CCA",403790035
1.0732984293,42,0,0,57808,7296486,"2022-06-13T00:00:00",41000,25.6,25.3,24.7,27,22.1,24.5,0,0,0,0,0,64,0,0,74551,"CCA",1051100190
1.0732984293,38,0,0,51302,7296486,"2022-06-10T00:00:00",45800,25.3,25.8,25,26,25,26,0,0,0,0,0,40,0,0,66586,"CCA",1157349970
1.0732984293,54,0,0,51873,7296486,"2022-06-09T00:00:00",34400,25.8,24.7,26.1,26.5,24.7,24.7,0,0,0,0,0,42,0,0,76210,"CCA",888370024
1.0732984293,33,0,0,50535,7296486,"2022-06-08T00:00:00",43100,24.7,24.6,24.6,25.5,24.6,24.6,0,0,0,0,0,31,0,0,62479,"CCA",1066380200
1.0732984293,61,0,0,60742,7296486,"2022-06-07T00:00:00",36700,24.6,24.8,25,25,24.4,24.8,0,0,0,0,0,39,0,0,107478,"CCA",902069852
1.0732984293,82,0,0,102364,7296486,"2022-06-06T00:00:00",88800,24.8,24,25.5,27,23.9,25,0,0,0,0,0,91,0,0,109900,"CCA",2201759592
1.0732984293,62,0,0,108600,7296486,"2022-06-03T00:00:00",90200,24,23.4,25.1,26.9,23.4,25.2,0,0,0,0,0,53,0,0,126200,"CCA",2164029692
1.0732984293,49,0,0,91653,7296486,"2022-06-02T00:00:00",27400,23.4,20.5,23.5,23.5,22,22,0,0,0,0,0,13,0,0,27520,"CCA",642400124
1.0732984293,99,0,0,157043,7296486,"2022-06-01T00:00:00",105600,20.5,20.9,21,21,19.1,21,0,0,0,0,0,35,0,0,127400,"CCA",2167750464
1.0732984293,0,0,0,0,7296486,"2022-05-31T00:00:00",0,20.9,20.9,20.9,20.9,20.9,20.9,0,0,0,0,0,0,0,0,0,"CCA",0
1.0732984293,0,0,0,0,7296486,"2022-05-30T00:00:00",0,20.9,20.9,20.9,20.9,20.9,20.9,0,0,0,0,0,0,0,0,0,"CCA",0
1.0732984293,18,0,0,34595,7296486,"2022-05-27T00:00:00",7700,20.9,18.8,20.8,21,19,20.8,0,0,0,0,0,30,0,0,45720,"CCA",161199962
1.0732984293,0,0,0,0,7296486,"2022-05-26T00:00:00",0,18.8,18.8,18.8,18.8,18.8,18.8,0,0,0,0,0,0,0,0,0,"CCA",0
1.0732984293,0,0,0,0,7296486,"2022-05-25T00:00:00",0,18.8,18.8,18.8,18.8,18.8,18.8,0,0,0,0,0,0,0,0,0,"CCA",0
1.0732984293,0,0,0,0,7296486,"2022-05-24T00:00:00",0,18.8,18.8,18.8,18.8,18.8,18.8,0,0,0,0,0,0,0,0,0,"CCA",0
1.0732984293,0,0,0,0,7296486,"2022-05-23T00:00:00",0,18.8,18.8,18.8,18.8,18.8,18.8,0,0,0,0,0,0,0,0,0,"CCA",0
1.0732984293,21,0,0,57395,7296486,"2022-05-20T00:00:00",29300,18.8,17.8,18.7,19,16.5,18.8,0,0,0,0,0,31,0,0,46900,"CCA",551500129
1.0732984293,0,0,0,0,7296486,"2022-05-19T00:00:00",0,17.8,17.8,17.8,17.8,17.8,17.8,0,0,0,0,0,0,0,0,0,"CCA",0
1.0732984293,0,0,0,0,7296486,"2022-05-18T00:00:00",0,17.8,17.8,17.8,17.8,17.8,17.8,0,0,0,0,0,0,0,0,0,"CCA",0
1.0732984293,0,0,0,0,7296486,"2022-05-17T00:00:00",0,17.8,17.8,17.8,17.8,17.8,17.8,0,0,0,0,0,0,0,0,0,"CCA",0
1.0732984293,0,0,0,0,7296486,"2022-05-16T00:00:00",0,17.8,17.8,17.8,17.8,17.8,17.8,,,,0,0,0,0,0,0,"CCA",0
1.0732984293,5,0,0,7700,7296486,"2022-05-13T00:00:00",7700,17.8,20.4,17.4,18,17.4,18,,,,0,0,23,0,0,46856,"CCA",137029970
1.0732984293,0,0,0,0,7296486,"2022-05-12T00:00:00",0,20.4,20.4,20.4,20.4,20.4,20.4,,,,0,0,0,0,0,0,"CCA",0
1.0732984293,0,0,0,0,7296486,"2022-05-11T00:00:00",0,20.4,20.4,20.4,20.4,20.4,20.4,,,,0,0,0,0,0,0,"CCA",0
1.0732984293,0,0,0,0,7296486,"2022-05-10T00:00:00",0,20.4,20.4,20.4,20.4,20.4,20.4,,,,0,0,0,0,0,0,"CCA",0
1.0732984293,0,0,0,0,7296486,"2022-05-09T00:00:00",0,20.4,20.4,20.4,20.4,20.4,20.4,,,,0,0,0,0,0,0,"CCA",0
1.0732984293,60,0,0,61413,7296486,"2022-05-06T00:00:00",57200,20.4,22.4,19.3,21.5,19.3,21.4,,,,0,0,50,0,0,68256,"CCA",1167950212
1.0732984293,0,0,0,0,7296486,"2022-05-05T00:00:00",0,22.4,22.4,22.4,22.4,22.4,22.4,,,,0,0,0,0,0,0,"CCA",0
1.0732984293,0,0,0,0,7296486,"2022-05-04T00:00:00",0,22.4,22.4,22.4,22.4,22.4,22.4,,,,0,0,0,0,0,0,"CCA",0
1.0732984293,108,0,0,101429,7296486,"2022-04-29T00:00:00",78500,22.4,20.3,22.9,23.3,21.5,23,,,,0,0,45,0,0,136688,"CCA",1755700385
1.0732984293,0,0,0,0,7296486,"2022-04-28T00:00:00",0,20.3,20.3,20.3,20.3,20.3,20.3,,,,0,0,0,0,0,0,"CCA",0
1.0732984293,0,0,0,0,7296486,"2022-04-27T00:00:00",0,20.3,20.3,20.3,20.3,20.3,20.3,,,,0,0,0,0,0,0,"CCA",0
1.0732984293,0,0,0,0,7296486,"2022-04-26T00:00:00",0,20.3,20.3,20.3,20.3,20.3,20.3,,,,0,0,0,0,0,0,"CCA",0
1.0732984293,0,0,0,0,7296486,"2022-04-25T00:00:00",0,20.3,20.3,20.3,20.3,20.3,20.3,,,,0,0,0,0,0,0,"CCA",0
1.0732984293,12,0,0,50804,7296486,"2022-04-22T00:00:00",25200,20.3,20.3,19,20.5,19,20.3,,,,0,0,24,0,0,110516,"CCA",511160076
1.0732984293,0,0,0,0,7296486,"2022-04-21T00:00:00",0,20.3,20.3,20.3,20.3,20.3,20.3,,,,0,0,0,0,0,0,"CCA",0
1.0732984293,0,0,0,0,7296486,"2022-04-20T00:00:00",0,20.3,20.3,20.3,20.3,20.3,20.3,,,,0,0,0,0,0,0,"CCA",0
1.0732984293,0,0,0,0,7296486,"2022-04-19T00:00:00",0,20.3,20.3,20.3,20.3,20.3,20.3,,,,0,0,0,0,0,0,"CCA",0
1.0732984293,0,0,0,0,7296486,"2022-04-18T00:00:00",0,20.3,20.3,20.3,20.3,20.3,20.3,,,,0,0,0,0,0,0,"CCA",0
1.0732984293,23,0,0,64270,7296486,"2022-04-15T00:00:00",34300,20.3,20.7,20.7,20.7,19.5,20.7,,,,0,0,25,0,0,80597,"CCA",694790061
1.0732984293,0,0,0,0,7296490,"2022-04-14T00:00:00",0,20.7,20.7,20.7,20.7,20.7,20.7,,,,0,0,0,0,0,0,"CCA",0
1.0732984293,0,0,0,0,7296486,"2022-04-13T00:00:00",0,20.7,20.7,20.7,20.7,20.7,20.7,,,,0,0,0,0,0,0,"CCA",0
1.0732984293,0,0,0,0,7296490,"2022-04-12T00:00:00",0,20.7,20.7,20.7,20.7,20.7,20.7,,,,0,0,0,0,0,0,"CCA",0
1.0732984293,21,0,0,62107,7296486,"2022-04-08T00:00:00",37400,20.7,21.2,20,24.1,18.2,24.1,,,,0,0,41,0,0,112247,"CCA",775800168
1.0732984293,0,0,0,0,7296486,"2022-04-07T00:00:00",0,21.2,21.2,21.2,21.2,21.2,21.2,,,,0,0,0,0,0,0,"CCA",0
1.0732984293,0,0,0,0,7296486,"2022-04-06T00:00:00",0,21.2,21.2,21.2,21.2,21.2,21.2,,,,0,0,0,0,0,0,"CCA",0
1.0732984293,0,0,0,0,7296486,"2022-04-05T00:00:00",0,21.2,21.2,21.2,21.2,21.2,21.2,,,,0,0,0,0,0,0,"CCA",0
1.0732984293,0,0,0,0,7296486,"2022-04-04T00:00:00",0,21.2,21.2,21.2,21.2,21.2,21.2,,,,0,0,0,0,0,0,"CCA",0
1.0732984293,31,0,0,319735,7296490,"2022-04-01T00:00:00",280100,21.2,18.9,21.7,21.7,18.8,18.9,,,,0,0,36,0,0,280144,"CCA",5951000000
1.0732984293,0,0,0,0,7296486,"2022-03-31T00:00:00",0,18.9,18.9,18.9,18.9,18.9,18.9,,,,0,0,0,0,0,0,"CCA",0
1.0732984293,0,0,0,0,7296490,"2022-03-30T00:00:00",0,18.9,18.9,18.9,18.9,18.9,18.9,,,,0,0,0,0,0,0,"CCA",0
1.0732984293,0,0,0,0,7296486,"2022-03-29T00:00:00",0,18.9,18.9,18.9,18.9,18.9,18.9,,,,0,0,0,0,0,0,"CCA",0
1.0732984293,0,0,0,0,7296486,"2022-03-28T00:00:00",0,18.9,18.9,18.9,18.9,18.9,18.9,,,,0,0,0,0,0,0,"CCA",0
1.0732984293,43,0,0,95668,7296486,"2022-03-25T00:00:00",76900,18.9,16.5,18.8,18.9,18.8,18.9,,,,0,0,19,0,0,124892,"CCA",1453400003
1.0732984293,0,0,0,0,7296486,"2022-03-24T00:00:00",0,16.5,16.5,16.5,16.5,16.5,16.5,,,,0,0,0,0,0,0,"CCA",0
1.0732984293,0,0,0,0,7296490,"2022-03-23T00:00:00",0,16.5,16.5,16.5,16.5,16.5,16.5,,,,0,0,0,0,0,0,"CCA",0
1.0732984293,0,0,0,0,72964860,"2022-03-22T00:00:00",0,16.5,16.5,16.5,16.5,16.5,16.5,,,,0,0,0,0,0,0,"CCA",0
1.0732984293,0,0,0,0,7296490,"2022-03-21T00:00:00",0,16.5,16.5,16.5,16.5,16.5,16.5,,,,0,0,0,0,0,0,"CCA",0
1.0732984293,28,0,0,116110,72964860,"2022-03-18T00:00:00",114700,16.5,14.7,16.9,16.9,15.5,16,,,,0,0,28,0,0,114710,"CCA",1897689707
1.0732984293,0,0,0,0,7296490,"2022-03-17T00:00:00",0,14.7,14.7,14.7,14.7,14.7,14.7,,,,0,0,0,0,0,0,"CCA",0
1.0732984293,0,0,0,0,72964860,"2022-03-16T00:00:00",0,14.7,14.7,14.7,14.7,14.7,14.7,,,,0,0,0,0,0,0,"CCA",0
1.0732984293,0,0,0,0,72964860,"2022-03-15T00:00:00",0,14.7,14.7,14.7,14.7,14.7,14.7,,,,0,0,0,0,0,0,"CCA",0
1.0732984293,0,0,0,0,72964860,"2022-03-14T00:00:00",0,14.7,14.7,14.7,14.7,14.7,14.7,,,,0,0,0,0,0,0,"CCA",0
1.0732984293,9,0,0,62000,72964860,"2022-03-11T00:00:00",62000,14.7,13.2,15.1,15.1,13.6,13.6,,,,0,0,16,0,0,87992,"CCA",913679740
1.0732984293,0,0,0,0,72964860,"2022-03-10T00:00:00",0,13.2,13.2,13.2,13.2,13.2,13.2,,,,0,0,0,0,0,0,"CCA",0
1.0732984293,0,0,0,0,72964860,"2022-03-09T00:00:00",0,13.2,13.2,13.2,13.2,13.2,13.2,,,,0,0,0,0,0,0,"CCA",0
1.0732984293,0,0,0,0,72964860,"2022-03-08T00:00:00",0,13.2,13.2,13.2,13.2,13.2,13.2,,,,0,0,0,0,0,0,"CCA",0
1.0732984293,0,0,0,0,72964860,"2022-03-07T00:00:00",0,13.2,13.2,13.2,13.2,13.2,13.2,,,,0,0,0,0,0,0,"CCA",0
1.0732984293,10,0,0,26200,72964860,"2022-03-04T00:00:00",4000,13.2,12.6,13.3,13.5,12.6,12.6,0,0,0,0,0,12,0,0,37310,"CCA",52950000
1.0732984293,0,0,0,0,72964860,"2022-03-03T00:00:00",0,12.6,12.6,12.6,12.6,12.6,12.6,,,,0,0,0,0,0,0,"CCA",0
1.0732984293,0,0,0,0,72964860,"2022-03-02T00:00:00",0,12.6,12.6,12.6,12.6,12.6,12.6,0,0,0,0,0,0,0,0,0,"CCA",0
1.0732984293,0,0,0,0,72964860,"2022-03-01T00:00:00",0,12.6,12.6,12.6,12.6,12.6,12.6,0,0,0,0,0,0,0,0,0,"CCA",0
1.0732984293,0,0,0,0,72964860,"2022-02-28T00:00:00",0,12.6,12.6,12.6,12.6,12.6,12.6,0,0,0,0,0,0,0,0,0,"CCA",0
1.0732984293,39,0,0,90100,72964860,"2022-02-25T00:00:00",66300,12.6,11,12.6,12.6,12,12.5,0,0,0,0,0,22,0,0,66333,"CCA",833009775
1.0732984293,0,0,0,0,72964860,"2022-02-24T00:00:00",0,11,11,11,11,11,11,0,0,0,0,0,0,0,0,0,"CCA",0
1.0732984293,0,0,0,0,72964860,"2022-02-23T00:00:00",0,11,11,11,11,11,11,0,0,0,0,0,0,0,0,0,"CCA",0
1.0732984293,0,0,0,0,72964860,"2022-02-22T00:00:00",0,11,11,11,11,11,11,0,0,0,0,0,0,0,0,0,"CCA",0
1.0732984293,0,0,0,0,72964860,"2022-02-21T00:00:00",0,11,11,11,11,11,11,0,0,0,0,0,0,0,0,0,"CCA",0
1.0732984293,11,0,0,24100,72964860,"2022-02-18T00:00:00",16500,11,10,11.4,11.4,11,11.4,0,0,0,0,0,4,0,0,16690,"CCA",181699980
1.0732984293,0,0,0,0,72964860,"2022-02-17T00:00:00",0,10,10,10,10,10,10,0,0,0,0,0,0,0,0,0,"CCA",0
1.0732984293,0,0,0,0,7296490,"2022-02-16T00:00:00",0,10,10,10,10,10,10,0,0,0,0,0,0,0,0,0,"CCA",0
1.0732984293,0,0,0,0,7296490,"2022-02-15T00:00:00",0,10,10,10,10,10,10,0,0,0,0,0,0,0,0,0,"CCA",0
1.0732984293,0,0,0,0,72964860,"2022-02-14T00:00:00",0,10,10,10,10,10,10,0,0,0,0,0,0,0,0,0,"CCA",0
1.0732984293,4,0,0,3799,72964860,"2022-02-11T00:00:00",1700,10,9.9,10,10,10,10,0,0,0,0,0,4,0,0,2100,"CCA",17000000
1.0732984293,0,0,0,0,72964860,"2022-02-10T00:00:00",0,9.9,9.9,9.9,9.9,9.9,9.9,0,0,0,0,0,0,0,0,0,"CCA",0
1.0732984293,0,0,0,0,72964860,"2022-02-09T00:00:00",0,9.9,9.9,9.9,9.9,9.9,9.9,0,0,0,0,0,0,0,0,0,"CCA",0
1.0732984293,0,0,0,0,72964860,"2022-02-08T00:00:00",0,9.9,9.9,9.9,9.9,9.9,9.9,0,0,0,0,0,0,0,0,0,"CCA",0
1.0732984293,0,0,0,0,72964860,"2022-02-07T00:00:00",0,9.9,9.9,9.9,9.9,9.9,9.9,0,0,0,0,0,0,0,0,0,"CCA",0
1.0732984293,0,0,0,0,72964860,"2022-01-28T00:00:00",0,9.9,9.9,9.9,9.9,9.9,9.9,0,0,0,0,0,0,0,0,0,"CCA",0
1.0732984293,0,0,0,0,72964860,"2022-01-27T00:00:00",0,9.9,9.9,9.9,9.9,9.9,9.9,0,0,0,0,0,0,0,0,0,"CCA",0
1.0732984293,0,0,0,0,72964860,"2022-01-26T00:00:00",0,9.9,9.9,9.9,9.9,9.9,9.9,0,0,0,0,0,0,0,0,0,"CCA",0
1.0732984293,0,0,0,0,72964860,"2022-01-25T00:00:00",0,9.9,9.9,9.9,9.9,9.9,9.9,0,0,0,0,0,0,0,0,0,"CCA",0
1.0732984293,0,0,0,0,7296490,"2022-01-24T00:00:00",0,9.9,9.9,9.9,9.9,9.9,9.9,0,0,0,0,0,0,0,0,0,"CCA",0
1.0732984293,5,0,0,2799,72964860,"2022-01-21T00:00:00",2600,9.9,9.8,10,10,8.4,8.4,0,0,0,0,0,5,0,0,2600,"CCA",25779988
1.0732984293,0,0,0,0,72964860,"2022-01-20T00:00:00",0,9.8,9.8,9.8,9.8,9.8,9.8,0,0,0,0,0,0,0,0,0,"CCA",0
1.0732984293,0,0,0,0,72964860,"2022-01-19T00:00:00",0,9.8,9.8,9.8,9.8,9.8,9.8,0,0,0,0,0,0,0,0,0,"CCA",0
1.0732984293,0,0,0,0,72964860,"2022-01-18T00:00:00",0,9.8,9.8,9.8,9.8,9.8,9.8,0,0,0,0,0,0,0,0,0,"CCA",0
1.0732984293,0,0,0,0,72964860,"2022-01-17T00:00:00",0,9.8,9.8,9.8,9.8,9.8,9.8,0,0,0,0,0,0,0,0,0,"CCA",0
1.0732984293,1,0,0,100,72964860,"2022-01-14T00:00:00",0,9.8,9.8,9.8,9.8,9.8,9.8,0,0,0,0,0,1,0,0,100,"CCA",0
1.0732984293,0,0,0,0,7296490,"2022-01-13T00:00:00",0,9.8,9.8,9.8,9.8,9.8,9.8,0,0,0,0,0,0,0,0,0,"CCA",0
1.0732984293,0,0,0,0,7296490,"2022-01-12T00:00:00",0,9.8,9.8,9.8,9.8,9.8,9.8,0,0,0,0,0,0,0,0,0,"CCA",0
1.0732984293,0,0,0,0,7296490,"2022-01-11T00:00:00",0,9.8,9.8,9.8,9.8,9.8,9.8,0,0,0,0,0,0,0,0,0,"CCA",0
1.0732984293,0,0,0,0,7296490,"2022-01-10T00:00:00",0,9.8,9.8,9.8,9.8,9.8,9.8,0,0,0,0,0,0,0,0,0,"CCA",0
1.0732984293,8,0,0,3500,7296490,"2022-01-07T00:00:00",1800,9.8,9.5,10,10,9.7,9.7,0,0,0,0,0,6,0,0,2100,"CCA",18000000
1.0732984293,0,0,0,0,7296490,"2022-01-06T00:00:00",0,9.5,9.5,9.5,9.5,9.5,9.5,0,0,0,0,0,0,0,0,0,"CCA",0
1.0732984293,0,0,0,0,7296490,"2022-01-05T00:00:00",0,9.5,9.5,9.5,9.5,9.5,9.5,0,0,0,0,0,0,0,0,0,"CCA",0
1.0732984293,0,0,0,0,72964860,"2022-01-04T00:00:00",0,9.5,9.5,9.5,9.5,9.5,9.5,0,0,0,0,0,0,0,0,0,"CCA",0
1.0732984293,3,0,0,3900,7296490,"2021-12-31T00:00:00",3400,9.5,9.6,9.5,9.5,9.5,9.5,0,0,0,0,0,5,0,0,5400,"CCA",32000000
1.0732984293,0,0,0,0,72964860,"2021-12-30T00:00:00",0,9.6,9.6,9.6,9.6,9.6,9.6,0,0,0,0,0,0,0,0,0,"CCA",0
1.0732984293,0,0,0,0,72964860,"2021-12-29T00:00:00",0,9.6,9.6,9.6,9.6,9.6,9.6,0,0,0,0,0,0,0,0,0,"CCA",0
1.0732984293,0,0,0,0,72964860,"2021-12-28T00:00:00",0,9.6,9.6,9.6,9.6,9.6,9.6,0,0,0,0,0,0,0,0,0,"CCA",0
1.0732984293,0,0,0,0,7296490,"2021-12-27T00:00:00",0,9.6,9.6,9.6,9.6,9.6,9.6,0,0,0,0,0,0,0,0,0,"CCA",0
1.0732984293,4,0,0,999,7296490,"2021-12-24T00:00:00",600,9.6,9.5,9.5,10,9.5,10,,,,0,0,4,0,0,2300,"CCA",5750000
1.0732984293,0,0,0,0,7296490,"2021-12-23T00:00:00",0,9.5,9.5,9.5,9.5,9.5,9.5,0,0,0,0,0,0,0,0,0,"CCA",0
1.0732984293,0,0,0,0,7296490,"2021-12-22T00:00:00",0,9.5,9.5,9.5,9.5,9.5,9.5,0,0,0,0,0,0,0,0,0,"CCA",0
1.0732984293,0,0,0,0,7296490,"2021-12-21T00:00:00",0,9.5,9.5,9.5,9.5,9.5,9.5,0,0,0,0,0,0,0,0,0,"CCA",0
1.0732984293,0,0,0,0,7296490,"2021-12-20T00:00:00",0,9.5,9.5,9.5,9.5,9.5,9.5,0,0,0,0,0,0,0,0,0,"CCA",0
1.0732984293,3,0,0,1099,7296490,"2021-12-17T00:00:00",600,9.5,9.5,9.5,9.5,9.5,9.5,0,0,0,0,0,4,0,0,2000,"CCA",5700000
1.0732984293,0,0,0,0,7296490,"2021-12-16T00:00:00",0,9.5,9.5,9.5,9.5,9.5,9.5,0,0,0,0,0,0,0,0,0,"CCA",0
1.0732984293,0,0,0,0,7296490,"2021-12-15T00:00:00",0,9.5,9.5,9.5,9.5,9.5,9.5,0,0,0,0,0,0,0,0,0,"CCA",0
1.0732984293,0,0,0,0,7296490,"2021-12-14T00:00:00",0,9.5,9.5,9.5,9.5,9.5,9.5,0,0,0,0,0,0,0,0,0,"CCA",0
1.0732984293,0,0,0,0,7296490,"2021-12-13T00:00:00",0,9.5,9.5,9.5,9.5,9.5,9.5,0,0,0,0,0,0,0,0,0,"CCA",0
1.0732984293,5,0,0,2099,7296490,"2021-12-10T00:00:00",1500,9.5,9.5,9.5,9.5,9.5,9.5,0,0,0,0,0,5,0,0,3900,"CCA",14250000
1.0732984293,0,0,0,0,7296490,"2021-12-09T00:00:00",0,9.5,9.5,9.5,9.5,9.5,9.5,0,0,0,0,0,0,0,0,0,"CCA",0
1.0732984293,0,0,0,0,7296490,"2021-12-08T00:00:00",0,9.5,9.5,9.5,9.5,9.5,9.5,0,0,0,0,0,0,0,0,0,"CCA",0
1.0732984293,0,0,0,0,7296490,"2021-12-07T00:00:00",0,9.5,9.5,9.5,9.5,9.5,9.5,0,0,0,0,0,0,0,0,0,"CCA",0
1.0732984293,0,0,0,0,7296490,"2021-12-06T00:00:00",0,9.5,9.5,9.5,9.5,9.5,9.5,0,0,0,0,0,0,0,0,0,"CCA",0
1.0732984293,5,0,0,2800,7296490,"2021-12-03T00:00:00",1300,9.5,9.5,9.5,9.5,9.5,9.5,0,0,0,0,0,8,0,0,5457,"CCA",12350000
1.0732984293,0,0,0,0,7296490,"2021-12-02T00:00:00",0,9.5,9.5,9.5,9.5,9.5,9.5,0,0,0,0,0,0,0,0,0,"CCA",0
1.0732984293,0,0,0,0,7296490,"2021-12-01T00:00:00",0,9.5,9.5,9.5,9.5,9.5,9.5,0,0,0,0,0,0,0,0,0,"CCA",0
1.0732984293,0,0,0,0,7296490,"2021-11-30T00:00:00",0,9.5,9.5,9.5,9.5,9.5,9.5,0,0,0,0,0,0,0,0,0,"CCA",0
1.0732984293,0,0,0,0,7296490,"2021-11-29T00:00:00",0,9.5,9.5,9.5,9.5,9.5,9.5,0,0,0,0,0,0,0,0,0,"CCA",0
1.0732984293,2,0,0,299,7296490,"2021-11-26T00:00:00",0,9.5,9.5,9.5,9.5,9.5,9.5,0,0,0,0,0,5,0,0,3357,"CCA",0
1.0732984293,0,0,0,0,72964860,"2021-11-25T00:00:00",0,9.5,9.5,9.5,9.5,9.5,9.5,0,0,0,0,0,0,0,0,0,"CCA",0
1.0732984293,0,0,0,0,7296490,"2021-11-24T00:00:00",0,9.5,9.5,9.5,9.5,9.5,9.5,0,0,0,0,0,0,0,0,0,"CCA",0
1.0732984293,0,0,0,0,7296490,"2021-11-23T00:00:00",0,9.5,9.5,9.5,9.5,9.5,9.5,0,0,0,0,0,0,0,0,0,"CCA",0
1.0732984293,0,0,0,0,7296490,"2021-11-22T00:00:00",0,9.5,9.5,9.5,9.5,9.5,9.5,0,0,0,0,0,0,0,0,0,"CCA",0
1.0732984293,5,0,0,11000,7296490,"2021-11-19T00:00:00",1400,9.5,8.3,9.5,9.5,9.5,9.5,0,0,0,0,0,2,0,0,2057,"CCA",13300000
1.0732984293,0,0,0,0,7296490,"2021-11-18T00:00:00",0,8.3,8.3,8.3,8.3,8.3,8.3,0,0,0,0,0,0,0,0,0,"CCA",0
1.0732984293,0,0,0,0,7296490,"2021-11-17T00:00:00",0,8.3,8.3,8.3,8.3,8.3,8.3,0,0,0,0,0,0,0,0,0,"CCA",0
1.0732984293,0,0,0,0,7296490,"2021-11-16T00:00:00",0,8.3,8.3,8.3,8.3,8.3,8.3,0,0,0,0,0,0,0,0,0,"CCA",0
1.0732984293,0,0,0,0,7296490,"2021-11-15T00:00:00",0,8.3,8.3,8.3,8.3,8.3,8.3,0,0,0,0,0,0,0,0,0,"CCA",0
1.0732984293,10,0,0,11399,7296490,"2021-11-12T00:00:00",0,8.3,8.3,8.3,8.3,8.3,8.3,0,0,0,0,0,1,0,0,57,"CCA",0
1.0732984293,0,0,0,0,7296490,"2021-11-11T00:00:00",0,8.3,8.3,8.3,8.3,8.3,8.3,0,0,0,0,0,0,0,0,0,"CCA",0
1.0732984293,0,0,0,0,7296490,"2021-11-10T00:00:00",0,8.3,8.3,8.3,8.3,8.3,8.3,0,0,0,0,0,0,0,0,0,"CCA",0
1.0732984293,0,0,0,0,7296490,"2021-11-09T00:00:00",0,8.3,8.3,8.3,8.3,8.3,8.3,0,0,0,0,0,0,0,0,0,"CCA",0
1.0732984293,0,0,0,0,7296490,"2021-11-08T00:00:00",0,8.3,8.3,8.3,8.3,8.3,8.3,0,0,0,0,0,0,0,0,0,"CCA",0
1.0732984293,17,0,0,134920,7296490,"2021-11-05T00:00:00",1200,8.3,7.9,8.1,9,8.1,9,0,0,0,824840000,121300,5,0,0,122558,"CCA",834840000
1.0732984293,0,0,0,0,7296490,"2021-11-04T00:00:00",0,7.9,7.9,7.9,7.9,7.9,7.9,0,0,0,0,0,0,0,0,0,"CCA",0
1.0732984293,0,0,0,0,7296490,"2021-11-03T00:00:00",0,7.9,7.9,7.9,7.9,7.9,7.9,0,0,0,0,0,0,0,0,0,"CCA",0
1.0732984293,0,0,0,0,7296490,"2021-11-02T00:00:00",0,7.9,7.9,7.9,7.9,7.9,7.9,0,0,0,0,0,0,0,0,0,"CCA",0
1.0732984293,0,0,0,0,7296490,"2021-11-01T00:00:00",0,7.9,7.9,7.9,7.9,7.9,7.9,0,0,0,0,0,0,0,0,0,"CCA",0
1.0732984293,5,0,0,11500,7296490,"2021-10-29T00:00:00",100,7.9,9.2,7.9,7.9,7.9,7.9,0,0,0,0,0,5,0,0,1838,"CCA",790000
1.0732984293,0,0,0,0,7296490,"2021-10-28T00:00:00",0,9.2,9.2,9.2,9.2,9.2,9.2,0,0,0,0,0,0,0,0,0,"CCA",0
1.0732984293,0,0,0,0,7296490,"2021-10-27T00:00:00",0,9.2,9.2,9.2,9.2,9.2,9.2,0,0,0,0,0,0,0,0,0,"CCA",0
1.0732984293,0,0,0,0,7296490,"2021-10-26T00:00:00",0,9.2,9.2,9.2,9.2,9.2,9.2,0,0,0,0,0,0,0,0,0,"CCA",0
1.0732984293,0,0,0,0,7296490,"2021-10-25T00:00:00",0,9.2,9.2,9.2,9.2,9.2,9.2,0,0,0,0,0,0,0,0,0,"CCA",0
1.0732984293,3,0,0,7400,7296490,"2021-10-22T00:00:00",5900,9.2,9.8,10,10,9,10,0,0,0,0,0,17,0,0,6100,"CCA",54000000
1.0732984293,0,0,0,0,7296490,"2021-10-21T00:00:00",0,9.8,9.8,9.8,9.8,9.8,9.8,0,0,0,0,0,0,0,0,0,"CCA",0
1.0732984293,0,0,0,0,7296490,"2021-10-20T00:00:00",0,9.8,9.8,9.8,9.8,9.8,9.8,0,0,0,0,0,0,0,0,0,"CCA",0
1.0732984293,0,0,0,0,7296490,"2021-10-19T00:00:00",0,9.8,9.8,9.8,9.8,9.8,9.8,0,0,0,0,0,0,0,0,0,"CCA",0
1.0732984293,0,0,0,0,7296490,"2021-10-18T00:00:00",0,9.8,9.8,9.8,9.8,9.8,9.8,,,,0,0,0,0,0,0,"CCA",0
1.0732984293,6,0,0,15600,7296490,"2021-10-15T00:00:00",900,9.8,9.9,9.9,9.9,9,9,0,0,0,0,0,7,0,0,2900,"CCA",9000000
1.0732984293,0,0,0,0,7296490,"2021-10-14T00:00:00",0,9.9,9.9,9.9,9.9,9.9,9.9,0,0,0,0,0,0,0,0,0,"CCA",0
1.0732984293,0,0,0,0,7296490,"2021-10-13T00:00:00",0,9.9,9.9,9.9,9.9,9.9,9.9,0,0,0,0,0,0,0,0,0,"CCA",0
1.0732984293,0,0,0,0,7296490,"2021-10-12T00:00:00",0,9.9,9.9,9.9,9.9,9.9,9.9,0,0,0,0,0,0,0,0,0,"CCA",0
1.0732984293,0,0,0,0,7296490,"2021-10-11T00:00:00",0,9.9,9.9,9.9,9.9,9.9,9.9,0,0,0,0,0,0,0,0,0,"CCA",0
1.0732984293,4,0,0,1500,7296490,"2021-10-08T00:00:00",200,9.9,9.9,8.5,11.3,8.5,11.3,0,0,0,0,0,10,0,0,7400,"CCA",2000000
1.0732984293,0,0,0,0,7296490,"2021-10-07T00:00:00",0,9.9,9.9,9.9,9.9,9.9,9.9,0,0,0,0,0,0,0,0,0,"CCA",0
1.0732984293,0,0,0,0,7296490,"2021-10-06T00:00:00",0,9.9,9.9,9.9,9.9,9.9,9.9,0,0,0,0,0,0,0,0,0,"CCA",0
1.0732984293,0,0,0,0,7296490,"2021-10-05T00:00:00",0,9.9,9.9,9.9,9.9,9.9,9.9,0,0,0,0,0,0,0,0,0,"CCA",0
1.0732984293,0,0,0,0,7296490,"2021-10-04T00:00:00",0,9.9,9.9,9.9,9.9,9.9,9.9,0,0,0,0,0,0,0,0,0,"CCA",0
1.0732984293,9,0,0,1429,7296490,"2021-10-01T00:00:00",1000,9.9,9.2,9.8,9.9,9.8,9.9,0,0,0,0,0,7,0,0,1000,"CCA",10000000
1.0732984293,0,0,0,0,7296490,"2021-09-30T00:00:00",0,9.2,9.2,9.2,9.2,9.2,9.2,,,,0,0,0,0,0,0,"CCA",0
1.0732984293,0,0,0,0,7296490,"2021-09-29T00:00:00",0,9.2,9.2,9.2,9.2,9.2,9.2,0,0,0,0,0,0,0,0,0,"CCA",0
1.0732984293,0,0,0,0,7296490,"2021-09-28T00:00:00",0,9.2,9.2,9.2,9.2,9.2,9.2,0,0,0,0,0,0,0,0,0,"CCA",0
1.0732984293,0,0,0,0,7296490,"2021-09-27T00:00:00",0,9.2,9.2,9.2,9.2,9.2,9.2,0,0,0,0,0,0,0,0,0,"CCA",0
1.0732984293,6,0,0,1000,7296490,"2021-09-24T00:00:00",700,9.2,8,9.2,9.2,9,9,0,0,0,0,0,5,0,0,700,"CCA",6000000
1.0732984293,0,0,0,0,7296490,"2021-09-23T00:00:00",0,8,8,8,8,8,8,0,0,0,0,0,0,0,0,0,"CCA",0
1.0732984293,0,0,0,0,7296490,"2021-09-22T00:00:00",0,8,8,8,8,8,8,0,0,0,0,0,0,0,0,0,"CCA",0
1.0732984293,0,0,0,0,7296490,"2021-09-21T00:00:00",0,8,8,8,8,8,8,0,0,0,0,0,0,0,0,0,"CCA",0
1.0732984293,0,0,0,0,7296490,"2021-09-20T00:00:00",0,8,8,8,8,8,8,0,0,0,0,0,0,0,0,0,"CCA",0
1.0732984293,1,0,0,5200,7296490,"2021-09-17T00:00:00",100,8,9.3,8,8,8,8,0,0,0,0,0,1,0,0,5200,"CCA",1000000
1.0732984293,0,0,0,0,7296490,"2021-09-16T00:00:00",0,9.3,9.3,9.3,9.3,9.3,9.3,0,0,0,0,0,0,0,0,0,"CCA",0
1.0732984293,0,0,0,0,7296490,"2021-09-15T00:00:00",0,9.3,9.3,9.3,9.3,9.3,9.3,0,0,0,0,0,0,0,0,0,"CCA",0
1.0732984293,0,0,0,0,7296490,"2021-09-14T00:00:00",0,9.3,9.3,9.3,9.3,9.3,9.3,0,0,0,0,0,0,0,0,0,"CCA",0
1.0732984293,0,0,0,0,7296490,"2021-09-13T00:00:00",0,9.3,9.3,9.3,9.3,9.3,9.3,0,0,0,0,0,0,0,0,0,"CCA",0
1.0732984293,0,0,0,3200,7296490,"2021-09-10T00:00:00",0,9.3,9.3,9.3,9.3,9.3,9.3,0,0,0,0,0,5,0,0,5000,"CCA",0
1.0732984293,0,0,0,0,7296490,"2021-09-09T00:00:00",0,9.3,9.3,9.3,9.3,9.3,9.3,0,0,0,0,0,0,0,0,0,"CCA",0
1.0732984293,0,0,0,0,7296490,"2021-09-08T00:00:00",0,9.3,9.3,9.3,9.3,9.3,9.3,0,0,0,0,0,0,0,0,0,"CCA",0
1.0732984293,0,0,0,0,7296490,"2021-09-07T00:00:00",0,9.3,9.3,9.3,9.3,9.3,9.3,0,0,0,0,0,0,0,0,0,"CCA",0
1.0732984293,0,0,0,0,7296490,"2021-09-06T00:00:00",0,9.3,9.3,9.3,9.3,9.3,9.3,0,0,0,0,0,0,0,0,0,"CCA",0
1.0732984293,0,0,0,0,7296490,"2021-09-01T00:00:00",0,9.3,9.3,9.3,9.3,9.3,9.3,0,0,0,0,0,0,0,0,0,"CCA",0
1.0732984293,0,0,0,0,7296490,"2021-08-31T00:00:00",0,9.3,9.3,9.3,9.3,9.3,9.3,0,0,0,0,0,0,0,0,0,"CCA",0
1.0732984293,0,0,0,0,7296490,"2021-08-30T00:00:00",0,9.3,9.3,9.3,9.3,9.3,9.3,0,0,0,0,0,0,0,0,0,"CCA",0
1.0732984293,0,0,0,2900,7296490,"2021-08-27T00:00:00",0,9.3,9.3,9.3,9.3,9.3,9.3,0,0,0,0,0,5,0,0,5000,"CCA",0
1.0732984293,0,0,0,0,7296490,"2021-08-26T00:00:00",0,9.3,9.3,9.3,9.3,9.3,9.3,0,0,0,0,0,0,0,0,0,"CCA",0
1.0732984293,0,0,0,0,7296490,"2021-08-25T00:00:00",0,9.3,9.3,9.3,9.3,9.3,9.3,0,0,0,0,0,0,0,0,0,"CCA",0
1.0732984293,0,0,0,0,7296490,"2021-08-24T00:00:00",0,9.3,9.3,9.3,9.3,9.3,9.3,0,0,0,0,0,0,0,0,0,"CCA",0
1.0732984293,0,0,0,0,7296490,"2021-08-23T00:00:00",0,9.3,9.3,9.3,9.3,9.3,9.3,0,0,0,0,0,0,0,0,0,"CCA",0
1.0732984293,2,0,0,10100,7296490,"2021-08-20T00:00:00",200,9.3,10,8.5,10,8.5,10,0,0,0,0,0,4,0,0,5700,"CCA",2000000
1.0732984293,0,0,0,0,7296490,"2021-08-19T00:00:00",0,10,10,10,10,10,10,0,0,0,0,0,0,0,0,0,"CCA",0
1.0732984293,0,0,0,0,7296490,"2021-08-18T00:00:00",0,10,10,10,10,10,10,0,0,0,0,0,0,0,0,0,"CCA",0
1.0732984293,0,0,0,0,7296490,"2021-08-17T00:00:00",0,10,10,10,10,10,10,0,0,0,0,0,0,0,0,0,"CCA",0
1.0732984293,0,0,0,0,7296490,"2021-08-16T00:00:00",0,10,10,10,10,10,10,0,0,0,0,0,0,0,0,0,"CCA",0
1.0732984293,0,0,0,0,7296490,"2021-08-13T00:00:00",0,10,10,10,10,10,10,0,0,0,0,0,5,0,0,5900,"CCA",0
1.0732984293,0,0,0,0,7296490,"2021-08-12T00:00:00",0,10,10,10,10,10,10,0,0,0,0,0,0,0,0,0,"CCA",0
1.0732984293,0,0,0,0,7296490,"2021-08-11T00:00:00",0,10,10,10,10,10,10,0,0,0,0,0,0,0,0,0,"CCA",0
1.0732984293,0,0,0,0,7296490,"2021-08-10T00:00:00",0,10,10,10,10,10,10,0,0,0,0,0,0,0,0,0,"CCA",0
1.0732984293,0,0,0,0,7296490,"2021-08-09T00:00:00",0,10,10,10,10,10,10,0,0,0,0,0,0,0,0,0,"CCA",0
1.0732984293,0,0,0,5000,7296490,"2021-08-06T00:00:00",0,10,10,10,10,10,10,0,0,0,0,0,5,0,0,5500,"CCA",0
1.0732984293,0,0,0,0,7296490,"2021-08-05T00:00:00",0,10,10,10,10,10,10,0,0,0,0,0,0,0,0,0,"CCA",0
1.0732984293,0,0,0,0,7296490,"2021-08-04T00:00:00",0,10,10,10,10,10,10,0,0,0,0,0,0,0,0,0,"CCA",0
1.0732984293,0,0,0,0,7296490,"2021-08-03T00:00:00",0,10,10,10,10,10,10,0,0,0,0,0,0,0,0,0,"CCA",0
1.0732984293,0,0,0,0,7296490,"2021-08-02T00:00:00",0,10,10,10,10,10,10,0,0,0,0,0,0,0,0,0,"CCA",0
1.0732984293,0,0,0,0,7296490,"2021-07-30T00:00:00",0,10,10,10,10,10,10,0,0,0,0,0,5,0,0,5500,"CCA",0
1.0732984293,0,0,0,0,7296490,"2021-07-29T00:00:00",0,10,10,10,10,10,10,0,0,0,0,0,0,0,0,0,"CCA",0
1.0732984293,0,0,0,0,7296490,"2021-07-28T00:00:00",0,10,10,10,10,10,10,0,0,0,0,0,0,0,0,0,"CCA",0
1.0732984293,0,0,0,0,7296490,"2021-07-27T00:00:00",0,10,10,10,10,10,10,0,0,0,0,0,0,0,0,0,"CCA",0
1.0732984293,0,0,0,0,7296490,"2021-07-26T00:00:00",0,10,10,10,10,10,10,0,0,0,0,0,0,0,0,0,"CCA",0
1.0732984293,0,0,0,0,7296490,"2021-07-23T00:00:00",0,10,10,10,10,10,10,0,0,0,0,0,0,0,0,0,"CCA",0
1.0732984293,0,0,0,0,7296490,"2021-07-22T00:00:00",0,10,10,10,10,10,10,0,0,0,0,0,0,0,0,0,"CCA",0
1.0732984293,0,0,0,0,7296490,"2021-07-21T00:00:00",0,10,10,10,10,10,10,0,0,0,0,0,4,0,0,4100,"CCA",0
1.0732984293,67,0,0,7400,7296490,"2021-07-20T00:00:00",7400,10,10,10,10,10,10,0,0,0,0,0,289,0,0,10800,"CCA",74000000
1.0732984293,0,0,0,100,7296490,"2021-07-19T00:00:00",0,10,10,10,10,10,10,0,0,0,1955000000,230000,45,0,0,7400,"CCA",1955000000
1.0732984293,2,0,0,200,7296490,"2021-07-16T00:00:00",200,10,10,9.9,10,9.9,10,0,0,0,0,0,9,0,0,5800,"CCA",2000000
1.0732984293,0,0,0,100,7296490,"2021-07-15T00:00:00",0,10,10,10,10,10,10,0,0,0,0,0,36,0,0,6200,"CCA",0
1.0732984293,1,0,0,100,7296490,"2021-07-14T00:00:00",100,10,8.9,10,10,10,10,0,0,0,0,0,5,0,0,800,"CCA",1000000
1.0732984293,2,0,0,1200,7296490,"2021-07-13T00:00:00",200,8.9,9,10,10,7.7,7.7,0,0,0,0,0,10,0,0,2600,"CCA",2000000
1.0732984293,2,0,0,400,7296490,"2021-07-12T00:00:00",200,9,9.2,10,10,7.9,7.9,0,0,0,0,0,10,0,0,1200,"CCA",2000000
1.0732984293,2,0,0,200,7296490,"2021-07-09T00:00:00",200,9.2,9.9,9.9,9.9,8.5,8.5,0,0,0,0,0,10,0,0,10300,"CCA",2000000
1.0732984293,0,0,0,0,7296490,"2021-07-08T00:00:00",0,9.9,9.9,9.9,9.9,9.9,9.9,0,0,0,0,0,53,0,0,10300,"CCA",0
1.0732984293,0,0,0,0,7296490,"2021-07-07T00:00:00",0,9.9,9.9,9.9,9.9,9.9,9.9,0,0,0,0,0,53,0,0,10200,"CCA",0
1.0732984293,0,0,0,0,7296490,"2021-07-06T00:00:00",0,9.9,9.9,9.9,9.9,9.9,9.9,0,0,0,0,0,53,0,0,10200,"CCA",0
1.0732984293,0,0,0,100,7296490,"2021-07-05T00:00:00",0,9.9,9.9,9.9,9.9,9.9,9.9,0,0,0,0,0,54,0,0,10400,"CCA",0
1.0732984293,0,0,0,800,7296490,"2021-07-02T00:00:00",0,9.9,9.9,9.9,9.9,9.9,9.9,0,0,0,0,0,67,0,0,12900,"CCA",0
1.0732984293,228,0,0,33800,7296490,"2021-07-01T00:00:00",25000,9.9,11,9.9,10,9.6,9.6,0,0,0,0,0,1970,0,0,37500,"CCA",247000000
1.0732984293,0,0,0,200,7296490,"2021-06-30T00:00:00",0,11,11,11,11,11,11,0,0,0,0,0,707,0,0,46900,"CCA",0
1.0732984293,0,0,0,10100,7296490,"2021-06-29T00:00:00",0,11,11,11,11,11,11,0,0,0,0,0,425,0,0,28200,"CCA",0
1.0732984293,457,0,0,102100,7296490,"2021-06-28T00:00:00",50100,11,10.5,10.5,11,10.5,10.7,0,0,0,0,0,5602,0,0,78700,"CCA",550000000
1.0732984293,183,0,0,101200,7296490,"2021-06-25T00:00:00",20100,10.5,10.5,10.5,10.6,10.5,10.6,0,0,0,0,0,2247,0,0,90200,"CCA",211000000
1.0732984293,19,0,0,10100,7296490,"2021-06-24T00:00:00",2100,10.5,10.5,10.5,10.6,10.5,10.6,0,0,0,0,0,235,0,0,17100,"CCA",22000000
1.0732984293,41,0,0,15100,7296490,"2021-06-23T00:00:00",4500,10.5,10.5,10.5,10.5,10.5,10.5,0,0,0,0,0,503,0,0,24600,"CCA",47000000
1.0732984293,4,0,0,3500,7296490,"2021-06-22T00:00:00",400,10.5,10.5,10.5,10.6,10.5,10.6,0,0,0,0,0,45,0,0,12900,"CCA",4000000
1.0732984293,1,0,0,100,72964860,"2021-06-21T00:00:00",100,10.5,10.3,10.5,10.5,10.5,10.5,0,0,0,0,0,11,0,0,300,"CCA",1050000
1.0732984293,14,0,0,100,7296490,"2021-06-18T00:00:00",1500,10.3,9.4,10.5,10.5,10,10.1,0,0,0,0,0,168,0,0,6426,"CCA",15400000
1.0732984293,3,0,0,1600,7296490,"2021-06-17T00:00:00",300,9.4,9.2,9.2,10.1,9,9,0,0,0,0,0,34,0,0,800,"CCA",3000000
1.0732984293,0,0,0,100,7296490,"2021-06-16T00:00:00",0,9.2,9.2,9.2,9.2,9.2,9.2,0,0,0,0,0,0,0,0,0,"CCA",0
1.0732984293,0,0,0,0,7296490,"2021-06-15T00:00:00",0,9.2,9.2,9.2,9.2,9.2,9.2,0,0,0,0,0,0,0,0,0,"CCA",0
1.0732984293,0,0,0,0,7296490,"2021-06-14T00:00:00",0,9.2,9.2,9.2,9.2,9.2,9.2,0,0,0,0,0,0,0,0,0,"CCA",0
1.0732984293,0,0,0,0,7296490,"2021-06-11T00:00:00",0,9.2,9.2,9.2,9.2,9.2,9.2,0,0,0,0,0,0,0,0,0,"CCA",0
1.0732984293,0,0,0,1000,7296490,"2021-06-10T00:00:00",0,9.2,9.2,9.2,9.2,9.2,9.2,0,0,0,0,0,0,0,0,0,"CCA",0
1.0732984293,0,0,0,0,7296490,"2021-06-09T00:00:00",0,9.2,9.2,9.2,9.2,9.2,9.2,0,0,0,0,0,0,0,0,0,"CCA",0
1.0732984293,0,0,0,0,7296490,"2021-06-08T00:00:00",0,9.2,9.2,9.2,9.2,9.2,9.2,0,0,0,0,0,0,0,0,0,"CCA",0
1.0732984293,0,0,0,0,7296490,"2021-06-07T00:00:00",0,9.2,9.2,9.2,9.2,9.2,9.2,0,0,0,0,0,0,0,0,0,"CCA",0
1.0732984293,0,0,0,0,7296490,"2021-06-04T00:00:00",0,9.2,9.2,9.2,9.2,9.2,9.2,0,0,0,0,0,0,0,0,0,"CCA",0
1.0732984293,0,0,0,0,7296490,"2021-06-03T00:00:00",0,9.2,9.2,9.2,9.2,9.2,9.2,0,0,0,0,0,0,0,0,0,"CCA",0
1.0732984293,0,0,0,100,7296490,"2021-06-02T00:00:00",0,9.2,9.2,9.2,9.2,9.2,9.2,0,0,0,0,0,0,0,0,0,"CCA",0
1.0732984293,0,0,0,0,7296490,"2021-06-01T00:00:00",0,9.2,9.2,9.2,9.2,9.2,9.2,0,0,0,0,0,0,0,0,0,"CCA",0
1.0732984293,0,0,0,10000,7296490,"2021-05-31T00:00:00",0,9.2,9.2,9.2,9.2,9.2,9.2,0,0,0,0,0,0,0,0,0,"CCA",0
1.0732984293,0,0,0,2100,7296490,"2021-05-28T00:00:00",0,9.2,9.2,9.2,9.2,9.2,9.2,0,0,0,0,0,26,0,0,1000,"CCA",0
1.0732984293,0,0,0,0,7296490,"2021-05-27T00:00:00",0,9.2,9.2,9.2,9.2,9.2,9.2,0,0,0,0,0,0,0,0,0,"CCA",0
1.0732984293,0,0,0,0,7296490,"2021-05-26T00:00:00",0,9.2,9.2,9.2,9.2,9.2,9.2,0,0,0,0,0,131,0,0,5000,"CCA",0
1.0732984293,0,0,0,0,7296490,"2021-05-25T00:00:00",0,9.2,9.2,9.2,9.2,9.2,9.2,0,0,0,0,0,131,0,0,5000,"CCA",0
1.0732984293,9,0,0,1000,7296490,"2021-05-24T00:00:00",1000,9.2,8.9,9.2,9.2,9.2,9.2,0,0,0,0,0,114,0,0,1000,"CCA",9200000
1.0732984293,0,0,0,0,7296490,"2021-05-21T00:00:00",0,8.9,8.9,8.9,8.9,8.9,8.9,0,0,0,0,0,268,0,0,10200,"CCA",0
1.0732984293,0,0,0,0,7296490,"2021-05-20T00:00:00",0,8.9,8.9,8.9,8.9,8.9,8.9,0,0,0,0,0,0,0,0,0,"CCA",0
1.0732984293,0,0,0,10000,7296490,"2021-05-19T00:00:00",0,8.9,8.9,8.9,8.9,8.9,8.9,0,0,0,0,0,92,0,0,3500,"CCA",0
1.0732984293,62,0,0,10400,7296490,"2021-05-18T00:00:00",6800,8.9,7.8,8.9,8.9,8.9,8.9,0,0,0,0,0,799,0,0,6800,"CCA",60520000
1.0732984293,0,0,0,600,7296490,"2021-05-17T00:00:00",0,7.8,7.8,7.8,7.8,7.8,7.8,0,0,0,0,0,0,0,0,0,"CCA",0
1.0732984293,0,0,0,0,7296490,"2021-05-14T00:00:00",0,7.8,7.8,7.8,7.8,7.8,7.8,0,0,0,0,0,0,0,0,0,"CCA",0
1.0732984293,0,0,0,0,7296490,"2021-05-13T00:00:00",0,7.8,7.8,7.8,7.8,7.8,7.8,0,0,0,0,0,0,0,0,0,"CCA",0
1.0732984293,0,0,0,10400,7296490,"2021-05-12T00:00:00",0,7.8,7.8,7.8,7.8,7.8,7.8,0,0,0,0,0,0,0,0,0,"CCA",0
1.0732984293,0,0,0,300,7296490,"2021-05-11T00:00:00",0,7.8,7.8,7.8,7.8,7.8,7.8,0,0,0,0,0,0,0,0,0,"CCA",0
1.0732984293,0,0,0,1300,7296490,"2021-05-10T00:00:00",0,7.8,7.8,7.8,7.8,7.8,7.8,0,0,0,0,0,0,0,0,0,"CCA",0
1.0732984293,0,0,0,0,7296490,"2021-05-07T00:00:00",0,7.8,7.8,7.8,7.8,7.8,7.8,0,0,0,0,0,0,0,0,0,"CCA",0
1.0732984293,0,0,0,0,7296490,"2021-05-06T00:00:00",0,7.8,7.8,7.8,7.8,7.8,7.8,0,0,0,0,0,0,0,0,0,"CCA",0
1.0732984293,0,0,0,0,7296490,"2021-05-05T00:00:00",0,7.8,7.8,7.8,7.8,7.8,7.8,0,0,0,0,0,0,0,0,0,"CCA",0
1.0732984293,0,0,0,5500,7296490,"2021-05-04T00:00:00",0,7.8,7.8,7.8,7.8,7.8,7.8,0,0,0,0,0,0,0,0,0,"CCA",0
1.0732984293,0,0,0,0,7296490,"2021-04-29T00:00:00",0,7.8,7.8,7.8,7.8,7.8,7.8,0,0,0,0,0,0,0,0,0,"CCA",0
1.0732984293,0,0,0,0,7296490,"2021-04-28T00:00:00",0,7.8,7.8,7.8,7.8,7.8,7.8,0,0,0,0,0,0,0,0,0,"CCA",0
1.0732984293,0,0,0,0,7296490,"2021-04-27T00:00:00",0,7.8,7.8,7.8,7.8,7.8,7.8,0,0,0,0,0,0,0,0,0,"CCA",0
1.0732984293,16,0,0,1900,7296490,"2021-04-26T00:00:00",1800,7.8,9,7.8,7.8,7.8,7.8,0,0,0,0,0,212,0,0,1800,"CCA",14040000
1.0732984293,0,0,0,0,7296490,"2021-04-23T00:00:00",0,9,9,9,9,9,9,0,0,0,0,0,0,0,0,0,"CCA",0
1.0732984293,0,0,0,1800,7296490,"2021-04-22T00:00:00",0,9,9,9,9,9,9,0,0,0,0,0,0,0,0,0,"CCA",0
1.0732984293,0,0,0,0,7296490,"2021-04-20T00:00:00",0,9,9,9,9,9,9,0,0,0,0,0,0,0,0,0,"CCA",0
1.0732984293,0,0,0,1600,7296490,"2021-04-19T00:00:00",0,9,9,9,9,9,9,0,0,0,0,0,0,0,0,0,"CCA",0
1.0732984293,0,0,0,0,7296490,"2021-04-16T00:00:00",0,9,9,9,9,9,9,0,0,0,0,0,0,0,0,0,"CCA",0
1.0732984293,1,0,0,11000,7296490,"2021-04-15T00:00:00",100,9,10.3,9,9,9,9,0,0,0,0,0,12,0,0,100,"CCA",900000
1.0732984293,0,0,0,0,7296490,"2021-04-14T00:00:00",0,10.3,10.3,10.3,10.3,10.3,10.3,0,0,0,0,0,0,0,0,0,"CCA",0
1.0732984293,0,0,0,0,7296490,"2021-04-13T00:00:00",0,10.3,10.3,10.3,10.3,10.3,10.3,0,0,0,0,0,0,0,0,0,"CCA",0
1.0732984293,0,0,0,0,7296490,"2021-04-12T00:00:00",0,10.3,10.3,10.3,10.3,10.3,10.3,0,0,0,0,0,0,0,0,0,"CCA",0
1.0732984293,0,0,0,200,7296490,"2021-04-09T00:00:00",0,10.3,10.3,10.3,10.3,10.3,10.3,0,0,0,0,0,0,0,0,0,"CCA",0
1.0732984293,0,0,0,0,7296490,"2021-04-08T00:00:00",0,10.3,10.3,10.3,10.3,10.3,10.3,0,0,0,0,0,0,0,0,0,"CCA",0
1.0732984293,0,0,0,2400,7296490,"2021-04-07T00:00:00",0,10.3,10.3,10.3,10.3,10.3,10.3,0,0,0,0,0,0,0,0,0,"CCA",0
1.0732984293,0,0,0,33600,7296490,"2021-04-06T00:00:00",0,10.3,10.3,10.3,10.3,10.3,10.3,0,0,0,0,0,3,0,0,100,"CCA",0
1.0732984293,0,0,0,0,7296490,"2021-04-05T00:00:00",0,10.3,10.3,10.3,10.3,10.3,10.3,0,0,0,37477000,3407,0,0,0,0,"CCA",37477000
1.0732984293,2,0,0,2100,7296490,"2021-04-02T00:00:00",200,10.3,11.9,10.3,10.3,10.3,10.3,,,,0,0,24,0,0,10200,"CCA",2060000
1.0732984293,0,0,0,0,7296490,"2021-04-01T00:00:00",0,11.9,11.9,11.9,11.9,11.9,11.9,,,,0,0,276,0,0,10100,"CCA",0
1.0732984293,5,0,0,500,7296490,"2021-03-31T00:00:00",500,11.86,12.3,11.5,12.4,11.5,12.4,,,,0,0,60,0,0,23000,"CCA",5930000
1.0732984293,0,0,0,500,7296490,"2021-03-30T00:00:00",0,12.3,12.3,12.3,12.3,12.3,12.3,,,,0,0,263,0,0,10000,"CCA",0
1.0732984293,13,0,0,2800,7296490,"2021-03-29T00:00:00",1400,12.27142857142857,11.5,13,13,10.3,10.6,,,,0,0,171,0,0,20400,"CCA",17180000
1.0732984293,91,0,0,10500,7296490,"2021-03-26T00:00:00",10000,11.5,10,11.5,11.5,11.5,11.5,,,,0,0,1219,0,0,10000,"CCA",115000000
1.0732984293,336,0,0,37500,7296490,"2021-03-25T00:00:00",36800,10,10,10,10,10,10,,,,0,0,4486,0,0,36800,"CCA",368000000
1.0732984293,0,0,0,800,7296490,"2021-03-24T00:00:00",0,10,10,10,10,10,10,,,,0,0,0,0,0,0,"CCA",0
1.0732984293,91,0,0,10800,7296490,"2021-03-23T00:00:00",10000,10,10,10,10,10,10,,,,0,0,1219,0,0,10000,"CCA",100000000
1.0732984293,9,0,0,1800,7296490,"2021-03-22T00:00:00",1000,10,10,10,10,10,10,,,,0,0,122,0,0,7000,"CCA",10000000
1.0732984293,0,0,0,800,7296490,"2021-03-19T00:00:00",0,10,10,10,10,10,10,,,,0,0,0,0,0,0,"CCA",0
1.0732984293,0,0,0,300,7296490,"2021-03-18T00:00:00",0,10,10,10,10,10,10,,,,0,0,44,0,0,1300,"CCA",0
1.0732984293,0,0,0,1500,7296490,"2021-03-17T00:00:00",0,10,10,10,10,10,10,,,,0,0,339,0,0,10000,"CCA",0
1.0732984293,0,0,0,700,7296490,"2021-03-16T00:00:00",0,10,10,10,10,10,10,,,,0,0,1629,0,0,48000,"CCA",0
1.0732984293,91,0,0,32900,7296490,"2021-03-15T00:00:00",10000,10,10,10,10,10,10,,,,0,0,1329,0,0,21300,"CCA",100000000
1.0732984293,0,0,0,10800,7296490,"2021-03-12T00:00:00",0,10,10,10,10,10,10,,,,340000000,40000,0,0,0,0,"CCA",340000000
1.0732984293,0,0,0,900,7296490,"2021-03-11T00:00:00",0,10,10,10,10,10,10,,,,0,0,17,0,0,500,"CCA",0
1.0732984293,0,0,0,800,7296490,"2021-03-10T00:00:00",0,10,10,10,10,10,10,,,,0,0,0,0,0,0,"CCA",0
1.0732984293,0,0,0,800,7296490,"2021-03-09T00:00:00",0,10,10,10,10,10,10,,,,0,0,0,0,0,0,"CCA",0
1.0732984293,91,0,0,12200,7296490,"2021-03-08T00:00:00",10000,10,9,10,10,10,10,,,,0,0,1330,0,0,10300,"CCA",100000000
1.0732984293,21,0,0,4500,7296490,"2021-03-05T00:00:00",2300,9,10.5,9,9,9,9,,,,0,0,306,0,0,2300,"CCA",20700000
1.0732984293,0,0,0,0,7296490,"2021-03-04T00:00:00",0,10.5,10.5,10.5,10.5,10.5,10.5,,,,0,0,4,0,0,100,"CCA",0
1.0732984293,47,0,0,11800,7296490,"2021-03-03T00:00:00",5100,10.5,10,10.5,10.5,10.5,10.5,,,,0,0,678,0,0,10300,"CCA",53550000
1.0732984293,0,0,0,13600,7296490,"2021-03-02T00:00:00",0,10,10,10,10,10,10,,,,0,0,0,0,0,0,"CCA",0
1.0732984293,0,0,0,800,7296490,"2021-03-01T00:00:00",0,10,10,10,10,10,10,,,,0,0,459,0,0,12500,"CCA",0
1.0732984293,0,0,0,800,7296490,"2021-02-26T00:00:00",0,10,10,10,10,10,10,,,,0,0,0,0,0,0,"CCA",0
1.0732984293,13,0,0,2200,7296490,"2021-02-25T00:00:00",1400,10,10,10,10,10,10,,,,0,0,189,0,0,10500,"CCA",14000000
1.0732984293,85,0,0,29800,7296490,"2021-02-24T00:00:00",9300,10,10.5,10,10,10,10,,,,0,0,1257,0,0,10000,"CCA",93000000
1.0732984293,0,0,0,500,7296490,"2021-02-23T00:00:00",0,10.5,10.5,10.5,10.5,10.5,10.5,,,,1800000000,200000,594,0,0,15800,"CCA",1800000000
1.0732984293,0,0,0,0,7296490,"2021-02-22T00:00:00",0,10.5,10.5,10.5,10.5,10.5,10.5,,,,0,0,376,0,0,10000,"CCA",0
1.0732984293,5,0,0,800,7296490,"2021-02-19T00:00:00",500,10.5,10,10.5,10.5,10.5,10.5,,,,0,0,70,0,0,800,"CCA",5250000
1.0732984293,0,0,0,300,7296490,"2021-02-18T00:00:00",0,10,10,10,10,10,10,,,,0,0,19,0,0,500,"CCA",0
1.0732984293,0,0,0,2600,7296490,"2021-02-17T00:00:00",0,10,10,10,10,10,10,,,,0,0,19,0,0,500,"CCA",0
1.0732984293,0,0,0,300,7296490,"2021-02-09T00:00:00",0,10,10,10,10,10,10,,,,0,0,19,0,0,500,"CCA",0
1.0732984293,0,0,0,300,7296490,"2021-02-08T00:00:00",0,10,10,10,10,10,10,,,,0,0,19,0,0,500,"CCA",0
1.0732984293,0,0,0,300,7296490,"2021-02-05T00:00:00",0,10,10,10,10,10,10,,,,0,0,19,0,0,500,"CCA",0
1.0732984293,0,0,0,3700,7296490,"2021-02-04T00:00:00",0,10,10,10,10,10,10,,,,0,0,19,0,0,500,"CCA",0
1.0732984293,0,0,0,12100,7296490,"2021-02-03T00:00:00",0,10,10,10,10,10,10,,,,0,0,19,0,0,500,"CCA",0
1.0732984293,0,0,0,7200,7296490,"2021-02-02T00:00:00",0,10,10,10,10,10,10,,,,0,0,19,0,0,500,"CCA",0
1.0732984293,0,0,0,300,7296490,"2021-02-01T00:00:00",0,10,10,10,10,10,10,,,,0,0,0,0,0,0,"CCA",0
1.0732984293,0,0,0,52200,7296490,"2021-01-29T00:00:00",0,10,10,10,10,10,10,,,,0,0,19,0,0,500,"CCA",0
1.0732984293,5,0,0,3100,7296490,"2021-01-28T00:00:00",600,10,10,10,10,10,10,,,,0,0,84,0,0,600,"CCA",6000000
1.0732984293,0,0,0,1500,7296490,"2021-01-27T00:00:00",0,10,10,10,10,10,10,,,,0,0,19,0,0,500,"CCA",0
1.0732984293,14,0,0,2000,7296490,"2021-01-26T00:00:00",1500,10,10,10,10,10,10,,,,0,0,211,0,0,2300,"CCA",15000000
1.0732984293,0,0,0,11000,7296490,"2021-01-25T00:00:00",0,10,10,10,10,10,10,,,,0,0,387,0,0,10200,"CCA",0
1.0732984293,1,0,0,1400,7296490,"2021-01-22T00:00:00",100,10,10.1,10,10,10,10,,,,0,0,14,0,0,400,"CCA",1000000
1.0732984293,0,0,0,900,7296490,"2021-01-21T00:00:00",0,10.1,10.1,10.1,10.1,10.1,10.1,,,,0,0,42,0,0,1100,"CCA",0
1.0732984293,0,0,0,800,7296490,"2021-01-20T00:00:00",0,10.1,10.1,10.1,10.1,10.1,10.1,,,,0,0,398,0,0,10500,"CCA",0
1.0732984293,237,0,0,65500,7296490,"2021-01-19T00:00:00",26000,10.076923076923077,10,9,10.5,9,10.5,,,,0,0,3747,0,0,85400,"CCA",262000000
1.0732984293,161,0,0,40000,7296490,"2021-01-18T00:00:00",19000,10,10.3,10,10,10,10,,,,0,0,2545,0,0,31000,"CCA",190000000
1.0732984293,47,0,0,5200,7296490,"2021-01-15T00:00:00",5200,10.3,10,10.3,10.3,10.3,10.3,,,,0,0,746,0,0,6200,"CCA",53560000
1.0732984293,0,0,0,0,7296490,"2021-01-14T00:00:00",0,10,10,10,10,10,10,,,,400000000,40000,444,0,0,11000,"CCA",400000000
1.0732984293,0,0,0,0,7296490,"2021-01-13T00:00:00",0,10,10,10,10,10,10,,,,0,0,529,0,0,13100,"CCA",0
1.0732984293,0,0,0,50000,7296490,"2021-01-12T00:00:00",0,10,10,10,10,10,10,,,,0,0,73,0,0,1800,"CCA",0
1.0732984293,97,0,0,80000,7296490,"2021-01-11T00:00:00",10700,10,9.8,10,10,10,10,,,,0,0,1575,0,0,77200,"CCA",107000000
1.0732984293,0,0,0,200,7296490,"2021-01-08T00:00:00",0,9.8,9.8,9.8,9.8,9.8,9.8,,,,0,0,27,0,0,700,"CCA",0
1.0732984293,0,0,0,0,7296490,"2021-01-07T00:00:00",0,9.8,9.8,9.8,9.8,9.8,9.8,,,,0,0,27,0,0,700,"CCA",0
1.0732984293,0,0,0,0,7296490,"2021-01-06T00:00:00",0,9.8,9.8,9.8,9.8,9.8,9.8,,,,0,0,19,0,0,500,"CCA",0
1.0732984293,0,0,0,0,7296490,"2021-01-05T00:00:00",0,9.8,9.8,9.8,9.8,9.8,9.8,,,,0,0,409,0,0,10500,"CCA",0
1.0732984293,0,0,0,1000,7296490,"2021-01-04T00:00:00",0,9.8,9.8,9.8,9.8,9.8,9.8,,,,0,0,19,0,0,500,"CCA",0
1.0732984293,0,0,0,0,7296490,"2020-12-31T00:00:00",0,9.8,9.8,9.8,9.8,9.8,9.8,,,,0,0,8,0,0,200,"CCA",0
1.0732984293,0,0,0,0,7296490,"2020-12-30T00:00:00",0,9.8,9.8,9.8,9.8,9.8,9.8,,,,0,0,8,0,0,200,"CCA",0
1.0732984293,2,0,0,200,7296490,"2020-12-29T00:00:00",200,9.75,11.4,9.8,9.8,9.7,9.7,,,,0,0,30,0,0,500,"CCA",1950000
1.0732984293,0,0,0,0,7296490,"2020-12-28T00:00:00",0,11.4,11.4,11.4,11.4,11.4,11.4,,,,0,0,206,0,0,5300,"CCA",0
1.0732984293,0,0,0,500,7296490,"2020-12-25T00:00:00",0,11.4,11.4,11.4,11.4,11.4,11.4,,,,0,0,12,0,0,300,"CCA",0
1.0732984293,0,0,0,0,7296490,"2020-12-24T00:00:00",0,11.4,11.4,11.4,11.4,11.4,11.4,,,,0,0,12,0,0,300,"CCA",0
1.0732984293,1,0,0,100,7296490,"2020-12-23T00:00:00",100,11.4,10.5,11.4,11.4,11.4,11.4,,,,0,0,15,0,0,66400,"CCA",1140000
1.0732984293,0,0,0,0,7296490,"2020-12-22T00:00:00",0,10.5,10.5,10.5,10.5,10.5,10.5,,,,0,0,11,0,0,300,"CCA",0
1.0732984293,0,0,0,0,7296490,"2020-12-21T00:00:00",0,10.5,10.5,10.5,10.5,10.5,10.5,,,,0,0,121,0,0,3300,"CCA",0
1.0732984293,0,0,0,500,7296490,"2020-12-18T00:00:00",0,10.5,10.5,10.5,10.5,10.5,10.5,,,,0,0,59,0,0,1600,"CCA",0
1.0732984293,0,0,0,0,7296490,"2020-12-17T00:00:00",0,10.5,10.5,10.5,10.5,10.5,10.5,,,,0,0,2435,0,0,66300,"CCA",0
1.0732984293,0,0,0,1000,7296490,"2020-12-16T00:00:00",0,10.5,10.5,10.5,10.5,10.5,10.5,,,,0,0,198,0,0,5400,"CCA",0
1.0732984293,0,0,0,0,7296490,"2020-12-15T00:00:00",0,10.5,10.5,10.5,10.5,10.5,10.5,,,,0,0,15,0,0,400,"CCA",0
1.0732984293,1,0,0,600,7296490,"2020-12-14T00:00:00",100,10.5,9.2,10.5,10.5,10.5,10.5,,,,50000,0,16,0,0,10300,"CCA",1050000
1.0732984293,0,0,0,0,7296490,"2020-12-11T00:00:00",0,9.2,9.2,9.2,9.2,9.2,9.2,,,,0,0,4,0,0,100,"CCA",0
1.0732984293,0,0,0,500,7296490,"2020-12-10T00:00:00",0,9.2,9.2,9.2,9.2,9.2,9.2,,,,0,0,11,0,0,300,"CCA",0
1.0732984293,0,0,0,500,7296490,"2020-12-09T00:00:00",0,9.2,9.2,9.2,9.2,9.2,9.2,,,,0,0,7,0,0,200,"CCA",0
1.0732984293,0,0,0,500,7296490,"2020-12-08T00:00:00",0,9.2,9.2,9.2,9.2,9.2,9.2,,,,0,0,58,0,0,1600,"CCA",0
1.0732984293,0,0,0,0,7296490,"2020-12-07T00:00:00",0,9.2,9.2,9.2,9.2,9.2,9.2,,,,0,0,0,0,0,0,"CCA",0
1.0732984293,30,0,0,11127,7296490,"2020-12-04T00:00:00",3300,9.2,9.2,9.2,9.2,9.2,9.2,,,,0,0,528,0,0,14500,"CCA",30360000
1.0732984293,0,0,0,0,7296490,"2020-12-03T00:00:00",0,9.2,9.2,9.2,9.2,9.2,9.2,,,,0,0,0,0,0,0,"CCA",0
1.0732984293,0,0,0,0,7296490,"2020-12-02T00:00:00",0,9.2,9.2,9.2,9.2,9.2,9.2,,,,0,0,0,0,0,0,"CCA",0
1.0732984293,0,0,0,0,7296490,"2020-12-01T00:00:00",0,9.2,9.2,9.2,9.2,9.2,9.2,,,,0,0,0,0,0,0,"CCA",0
1.0732984293,0,0,0,0,7296490,"2020-11-30T00:00:00",0,9.2,9.2,9.2,9.2,9.2,9.2,,,,0,0,0,0,0,0,"CCA",0
1.0732984293,182,0,0,67436,7296490,"2020-11-27T00:00:00",20000,9.2,9.2,9.2,9.2,9.2,9.2,,,,0,0,3202,0,0,87880,"CCA",184000000
1.0732984293,0,0,0,0,7296490,"2020-11-26T00:00:00",0,9.2,9.2,9.2,9.2,9.2,9.2,,,,0,0,0,0,0,0,"CCA",0
1.0732984293,1,0,0,337,7296490,"2020-11-25T00:00:00",100,9.2,8,9.2,9.2,9.2,9.2,,,,0,0,16,0,0,439,"CCA",920000
1.0732984293,0,0,0,0,7296490,"2020-11-24T00:00:00",0,8,8,8,8,8,8,,,,0,0,0,0,0,0,"CCA",0
1.0732984293,0,0,0,0,7296490,"2020-11-23T00:00:00",0,8,8,8,8,8,8,,,,0,0,0,0,0,0,"CCA",0
1.0732984293,0,0,0,0,7296490,"2020-11-20T00:00:00",0,8,8,8,8,8,8,,,,0,0,0,0,0,0,"CCA",0
1.0732984293,0,0,0,0,7296490,"2020-11-19T00:00:00",0,8,8,8,8,8,8,,,,0,0,0,0,0,0,"CCA",0
1.0732984293,0,0,0,0,7296490,"2020-11-18T00:00:00",0,8,8,8,8,8,8,,,,0,0,0,0,0,0,"CCA",0
1.0732984293,1,0,0,337,7296490,"2020-11-17T00:00:00",100,8,7.1,8,8,8,8,,,,0,0,16,0,0,439,"CCA",800000
1.0732984293,0,0,0,0,7296490,"2020-11-16T00:00:00",0,7.1,7.1,7.1,7.1,7.1,7.1,,,,0,0,0,0,0,0,"CCA",0
1.0732984293,0,0,0,0,7296490,"2020-11-13T00:00:00",0,7.1,7.1,7.1,7.1,7.1,7.1,,,,0,0,0,0,0,0,"CCA",0
1.0732984293,0,0,0,0,7296490,"2020-11-12T00:00:00",0,7.1,7.1,7.1,7.1,7.1,7.1,,,,0,0,0,0,0,0,"CCA",0
1.0732984293,0,0,0,0,7296490,"2020-11-11T00:00:00",0,7.1,7.1,7.1,7.1,7.1,7.1,,,,0,0,0,0,0,0,"CCA",0
1.0732984293,0,0,0,0,7296490,"2020-11-10T00:00:00",0,7.1,7.1,7.1,7.1,7.1,7.1,,,,0,0,0,0,0,0,"CCA",0
1.0732984293,0,0,0,3100,72964860,"2020-11-09T00:00:00",0,7.1,7.1,7.1,7.1,7.1,7.1,,,,0,0,0,0,0,0,"CCA",0
1.0732984293,0,0,0,1200,72964860,"2020-11-06T00:00:00",0,7.1,7.1,7.1,7.1,7.1,7.1,,,,0,0,0,0,0,0,"CCA",0
1.0732984293,0,0,0,1000,72964860,"2020-11-05T00:00:00",0,7.1,7.1,7.1,7.1,7.1,7.1,,,,0,0,0,0,0,0,"CCA",0
1.0732984293,0,0,0,2200,72964860,"2020-11-04T00:00:00",0,7.1,7.1,7.1,7.1,7.1,7.1,,,,0,0,0,0,0,0,"CCA",0
1.0732984293,0,0,0,1500,72964860,"2020-11-03T00:00:00",0,7.1,7.1,7.1,7.1,7.1,7.1,,,,0,0,0,0,0,100,"CCA",0
1.0732984293,0,0,0,2200,72964860,"2020-11-02T00:00:00",100,7.1,7.7,7.1,7.1,7.1,7.1,,,,0,0,0,0,0,0,"CCA",710000
1.0732984293,0,0,0,1400,72964860,"2020-10-30T00:00:00",100,7.7,9,7.7,7.7,7.7,7.7,,,,0,0,0,0,0,200,"CCA",770000
1.0732984293,0,0,0,0,7296486,"2020-10-29T00:00:00",0,9,9,9,9,9,9,,,,0,0,0,0,0,66000,"CCA",0
1.0732984293,0,0,0,0,7296486,"2020-10-28T00:00:00",0,9,9,9,9,9,9,,,,0,0,0,0,0,400,"CCA",0
1.0732984293,0,0,0,300,7296486,"2020-10-27T00:00:00",0,9,9,9,9,9,9,,,,0,0,0,0,0,400,"CCA",0
1.0732984293,0,0,0,400,7296486,"2020-10-26T00:00:00",0,9,9,9,9,9,9,,,,0,0,0,0,0,400,"CCA",0
1.0732984293,0,0,0,300,7296486,"2020-10-23T00:00:00",0,9,9,9,9,9,9,,,,0,0,0,0,0,100,"CCA",0
1.0732984293,0,0,0,400,7296486,"2020-10-22T00:00:00",0,9,9,9,9,9,9,,,,0,0,0,0,0,100,"CCA",0
1.0732984293,0,0,0,400,7296486,"2020-10-21T00:00:00",0,9,9,9,9,9,9,,,,366527700,47601,0,0,0,100,"CCA",366527700
1.0732984293,0,0,0,500,7296486,"2020-10-20T00:00:00",100,9,9,9,9,9,9,,,,0,0,0,0,0,3500,"CCA",900000
1.0732984293,0,0,0,500,7296486,"2020-10-19T00:00:00",0,9,9,9,9,9,9,,,,0,0,0,0,0,100,"CCA",0
1.0732984293,0,0,0,300,7296486,"2020-10-16T00:00:00",0,9,9,9,9,9,9,,,,0,0,0,0,0,300,"CCA",0
1.0732984293,0,0,0,2900,7296486,"2020-10-15T00:00:00",2300,9,8.6,9,9,9,9,,,,0,0,0,0,0,2400,"CCA",20700000
1.0732984293,0,0,0,400,7296486,"2020-10-14T00:00:00",0,8.6,8.6,8.6,8.6,8.6,8.6,,,,0,0,0,0,0,200,"CCA",0
1.0732984293,0,0,0,300,7296486,"2020-10-13T00:00:00",0,8.6,9,8.6,8.6,8.6,8.6,,,,0,0,0,0,0,2100,"CCA",0
1.0732984293,0,0,0,7200,7296486,"2020-10-12T00:00:00",1300,8.576923076923077,8.1,9,9,8,8,,,,0,0,0,0,0,6300,"CCA",11150000
1.0732984293,0,0,0,1300,7296486,"2020-10-09T00:00:00",100,8.1,9.3,8.1,8.1,8.1,8.1,,,,0,0,0,0,0,1200,"CCA",810000
1.0732984293,0,0,0,5300,7296486,"2020-10-08T00:00:00",0,9.3,9.3,9.3,9.3,9.3,9.3,,,,0,0,0,0,0,1100,"CCA",0
1.0732984293,0,0,0,300,7296486,"2020-10-07T00:00:00",0,9.3,9.3,9.3,9.3,9.3,9.3,,,,0,0,0,0,0,1100,"CCA",0
1.0732984293,0,0,0,300,7296486,"2020-10-06T00:00:00",0,9.3,9.3,9.3,9.3,9.3,9.3,,,,0,0,0,0,0,1100,"CCA",0
1.0732984293,0,0,0,10400,7296486,"2020-10-05T00:00:00",0,9.3,9.3,9.3,9.3,9.3,9.3,,,,0,0,0,0,0,1100,"CCA",0
1.0732984293,0,0,0,0,7296486,"2020-10-02T00:00:00",0,9.3,9.3,9.3,9.3,9.3,9.3,,,,0,0,0,0,0,100,"CCA",0
1.0732984293,0,0,0,300,7296486,"2020-10-01T00:00:00",300,9.3,9.3,9.3,9.3,9.3,9.3,,,,0,0,0,0,0,400,"CCA",2790000
1.0732984293,0,0,0,0,7296486,"2020-09-30T00:00:00",0,9.3,9.5,9.3,9.3,9.3,9.3,,,,0,0,0,0,0,100,"CCA",0
1.0732984293,0,0,0,1000,7296486,"2020-09-29T00:00:00",1000,9.25,9.4,9.5,9.5,9,9,,,,0,0,0,0,0,1500,"CCA",9250000
1.173140143638512,0,0,0,1300,7296486,"2020-09-28T00:00:00",0,9.4,9.4,9.4,9.4,9.4,9.4,,,,0,0,0,0,0,8100,"CCA",0
1.173140143638512,0,0,0,8000,7296486,"2020-09-25T00:00:00",0,9.4,9.5,9.4,9.4,9.4,9.4,,,,0,0,0,0,0,3600,"CCA",0
1.173140143638512,0,0,0,12900,7296486,"2020-09-24T00:00:00",4000,9.4125,9.1,9.5,9.5,9.3,9.3,,,,0,0,0,0,0,4500,"CCA",37650000
1.173140143638512,0,0,0,5500,7296486,"2020-09-23T00:00:00",0,9.1,9.1,9.1,9.1,9.1,9.1,,,,0,0,0,0,0,2000,"CCA",0
1.173140143638512,0,0,0,5600,7296486,"2020-09-22T00:00:00",100,9.1,9,9.1,9.1,9.1,9.1,,,,0,0,0,0,0,2600,"CCA",910000
1.173140143638512,0,0,0,6000,7296486,"2020-09-21T00:00:00",3500,8.971428571428572,9,9,9,8.9,8.9,,,,0,0,0,0,0,3500,"CCA",31400000
1.173140143638512,0,0,0,11700,7296486,"2020-09-18T00:00:00",2000,8.95,8.9,9,9,8.9,8.9,,,,0,0,0,0,0,2000,"CCA",17900000
1.173140143638512,0,0,0,1400,7296486,"2020-09-17T00:00:00",0,8.9,8.9,8.9,8.9,8.9,8.9,,,,0,0,0,0,0,2500,"CCA",0
1.173140143638512,0,0,0,500,7296486,"2020-09-16T00:00:00",0,8.9,8.9,8.9,8.9,8.9,8.9,,,,0,0,0,0,0,2500,"CCA",0
1.173140143638512,0,0,0,14100,7296486,"2020-09-15T00:00:00",4000,8.9,7.8,8.9,8.9,8.9,8.9,,,,0,0,0,0,0,4000,"CCA",35600000
1.173140143638512,0,0,0,8100,7296486,"2020-09-14T00:00:00",0,7.8,7.8,7.8,7.8,7.8,7.8,,,,0,0,0,0,0,1300,"CCA",0
1.173140143638512,0,0,0,16200,7296486,"2020-09-11T00:00:00",2000,7.8,7.5,7.6,8,7.6,8,,,,0,0,0,0,0,2000,"CCA",15600000
1.173140143638512,0,0,0,11600,7296486,"2020-09-10T00:00:00",0,7.5,7.5,7.5,7.5,7.5,7.5,,,,0,0,0,0,0,0,"CCA",0
1.173140143638512,0,0,0,10500,7296486,"2020-09-09T00:00:00",0,7.5,7.5,7.5,7.5,7.5,7.5,,,,0,0,0,0,0,0,"CCA",0
1.173140143638512,0,0,0,6200,7296486,"2020-09-08T00:00:00",0,7.5,7.5,7.5,7.5,7.5,7.5,,,,0,0,0,0,0,0,"CCA",0
1.173140143638512,0,0,0,9600,7296486,"2020-09-07T00:00:00",0,7.5,7.5,7.5,7.5,7.5,7.5,,,,0,0,0,0,0,0,"CCA",0
1.173140143638512,0,0,0,4200,7296486,"2020-09-04T00:00:00",100,7.5,8,7.5,7.5,7.5,7.5,,,,0,0,0,0,0,100,"CCA",750000
1.173140143638512,0,0,0,1500,7296486,"2020-09-03T00:00:00",100,8,8.9,8,8,8,8,,,,0,0,0,0,0,2200,"CCA",800000
1.173140143638512,0,0,0,11900,7296486,"2020-09-01T00:00:00",10000,8.9,7.8,8.9,8.9,8.9,8.9,,,,0,0,0,0,0,10000,"CCA",89000000
1.173140143638512,0,0,0,9100,7296486,"2020-08-31T00:00:00",0,7.8,7.8,7.8,7.8,7.8,7.8,,,,0,0,0,0,0,8000,"CCA",0
1.173140143638512,0,0,0,2300,7296486,"2020-08-28T00:00:00",100,7.8,9,7.8,7.8,7.8,7.8,,,,0,0,0,0,0,1200,"CCA",780000
1.173140143638512,0,0,0,300,7296486,"2020-08-27T00:00:00",0,9,9,9,9,9,9,,,,0,0,0,0,0,2100,"CCA",0
1.173140143638512,0,0,0,300,7296486,"2020-08-26T00:00:00",0,9,9,9,9,9,9,,,,0,0,0,0,0,10100,"CCA",0
1.173140143638512,0,0,0,300,7296486,"2020-08-25T00:00:00",0,9,9,9,9,9,9,,,,0,0,0,0,0,10000,"CCA",0
1.173140143638512,0,0,0,300,7296486,"2020-08-24T00:00:00",0,9,9,9,9,9,9,,,,0,0,0,0,0,10100,"CCA",0
1.173140143638512,0,0,0,300,7296486,"2020-08-21T00:00:00",0,9,9,9,9,9,9,,,,0,0,0,0,0,12100,"CCA",0
1.173140143638512,0,0,0,300,7296486,"2020-08-20T00:00:00",0,9,9,9,9,9,9,,,,0,0,0,0,0,10100,"CCA",0
1.173140143638512,0,0,0,300,7296486,"2020-08-19T00:00:00",0,9,9,9,9,9,9,,,,0,0,0,0,0,10100,"CCA",0
1.173140143638512,0,0,0,300,7296486,"2020-08-18T00:00:00",0,9,9,9,9,9,9,,,,0,0,0,0,0,5100,"CCA",0
1.173140143638512,0,0,0,2900,7296486,"2020-08-17T00:00:00",0,9,9,9,9,9,9,,,,0,0,0,0,0,6100,"CCA",0
1.173140143638512,0,0,0,14600,7296486,"2020-08-14T00:00:00",6000,9,9,9,9,9,9,,,,0,0,0,0,0,9100,"CCA",54000000
1.173140143638512,0,0,0,13300,7296486,"2020-08-13T00:00:00",2500,8.8,9,9,9,8,8,,,,0,0,0,0,0,10600,"CCA",22000000
1.173140143638512,0,0,0,10000,7296486,"2020-08-12T00:00:00",5000,9,9,9,9,9,9,,,,0,0,0,0,0,80100,"CCA",45000000
1.173140143638512,0,0,0,12000,7296486,"2020-08-11T00:00:00",6300,9.317460317460318,9.7,9,10,9,10,,,,0,0,0,0,0,20400,"CCA",58700000
1.173140143638512,0,0,0,49900,7296486,"2020-08-10T00:00:00",38300,9.36710182767624,8.7,9.7,9.7,9,9.2,,,,0,0,0,0,0,50600,"CCA",358760000
1.173140143638512,0,0,0,36500,7296486,"2020-08-07T00:00:00",36000,8.743611111111111,8,9.2,9.2,8,8,,,,0,0,0,0,0,61000,"CCA",314770000
1.173140143638512,0,0,0,6700,7296486,"2020-08-06T00:00:00",6200,8,8,8,8,8,8,,,,0,0,0,0,0,17400,"CCA",49600000
1.173140143638512,0,0,0,11600,7296486,"2020-08-05T00:00:00",3000,7.933333333333333,7,8,8,7.9,7.9,,,,0,0,0,0,0,4000,"CCA",23800000
1.173140143638512,0,0,0,5000,7296486,"2020-08-04T00:00:00",0,7,7,7,7,7,7,,,,0,0,0,0,0,3000,"CCA",0
1.173140143638512,0,0,0,8600,7296486,"2020-08-03T00:00:00",0,7,7,7,7,7,7,,,,0,0,0,0,0,3000,"CCA",0
1.173140143638512,0,0,0,8600,7296486,"2020-07-31T00:00:00",0,7,7,7,7,7,7,,,,0,0,0,0,0,2500,"CCA",0
1.173140143638512,0,0,0,9000,7296486,"2020-07-30T00:00:00",0,7,7,7,7,7,7,,,,0,0,0,0,0,500,"CCA",0
1.173140143638512,0,0,0,11500,7296486,"2020-07-29T00:00:00",0,7,7,7,7,7,7,,,,0,0,0,0,0,2100,"CCA",0
1.173140143638512,0,0,0,11500,7296486,"2020-07-28T00:00:00",0,7,7,7,7,7,7,,,,0,0,0,0,0,2100,"CCA",0
1.173140143638512,0,0,0,7100,7296486,"2020-07-27T00:00:00",7100,7,8.2,7,7,7,7,,,,0,0,0,0,0,9100,"CCA",49700000
1.173140143638512,0,0,0,5400,7296486,"2020-07-24T00:00:00",0,8.2,8.2,8.2,8.2,8.2,8.2,,,,0,0,0,0,0,4000,"CCA",0
1.173140143638512,0,0,0,400,7296486,"2020-07-23T00:00:00",0,8.2,8.2,8.2,8.2,8.2,8.2,,,,0,0,0,0,0,10800,"CCA",0
1.173140143638512,0,0,0,12500,7296486,"2020-07-22T00:00:00",7000,8.17142857142857,7.2,8.2,8.2,8.1,8.1,,,,0,0,0,0,0,17000,"CCA",57200000
1.173140143638512,0,0,0,6000,7296486,"2020-07-21T00:00:00",2000,7.2,7.5,7.2,7.2,7.2,7.2,,,,0,0,0,0,0,4000,"CCA",14400000
1.173140143638512,0,0,0,2000,7296486,"2020-07-20T00:00:00",1100,7.5,7.9,7.5,7.5,7.5,7.5,,,,0,0,0,0,0,3100,"CCA",8250000
1.173140143638512,0,0,0,0,7296486,"2020-07-17T00:00:00",0,7.9,7.9,7.9,7.9,7.9,7.9,,,,0,0,0,0,0,5800,"CCA",0
1.173140143638512,0,0,0,3100,7296486,"2020-07-16T00:00:00",0,7.9,7.9,7.9,7.9,7.9,7.9,,,,0,0,0,0,0,7900,"CCA",0
1.173140143638512,0,0,0,15600,7296486,"2020-07-15T00:00:00",7100,7.898591549295775,6.9,7.9,7.9,7.8,7.8,,,,0,0,0,0,0,7100,"CCA",56080000
1.173140143638512,0,0,0,8000,7296486,"2020-07-14T00:00:00",0,6.9,6.9,6.9,6.9,6.9,6.9,,,,0,0,0,0,0,2300,"CCA",0
1.173140143638512,0,0,0,8000,7296486,"2020-07-13T00:00:00",0,6.9,6.9,6.9,6.9,6.9,6.9,,,,0,0,0,0,0,2100,"CCA",0
1.173140143638512,0,0,0,22000,7296486,"2020-07-10T00:00:00",100,6.9,6,6.9,6.9,6.9,6.9,,,,0,0,0,0,0,100,"CCA",690000
1.173140143638512,0,0,0,11500,7296486,"2020-07-09T00:00:00",100,6,7,6,6,6,6,,,,0,0,0,0,0,2100,"CCA",600000
1.173140143638512,0,0,0,7900,7296486,"2020-07-08T00:00:00",0,7,7,7,7,7,7,,,,0,0,0,0,0,3100,"CCA",0
1.173140143638512,0,0,0,5200,7296486,"2020-07-07T00:00:00",2000,7,7,7,7,7,7,,,,0,0,0,0,0,4000,"CCA",14000000
1.173140143638512,0,0,0,3700,7296486,"2020-07-06T00:00:00",0,7,7,7,7,7,7,,,,0,0,0,0,0,2000,"CCA",0
1.173140143638512,0,0,0,4600,7296486,"2020-07-03T00:00:00",1800,7.011111111111111,7.2,7,7.2,7,7.2,,,,0,0,0,0,0,3800,"CCA",12620000
1.173140143638512,0,0,0,5100,7296486,"2020-07-02T00:00:00",0,7.2,7.2,7.2,7.2,7.2,7.2,,,,0,0,0,0,0,4000,"CCA",0
1.173140143638512,0,0,0,2200,7296486,"2020-07-01T00:00:00",0,7.2,7.2,7.2,7.2,7.2,7.2,,,,0,0,0,0,0,3800,"CCA",0
1.173140143638512,0,0,0,3000,7296486,"2020-06-30T00:00:00",2000,7.2,7.2,7.2,7.2,7.2,7.2,,,,0,0,0,0,0,3900,"CCA",14400000
1.173140143638512,0,0,0,500,7296486,"2020-06-29T00:00:00",0,7.2,7.2,7.2,7.2,7.2,7.2,,,,0,0,0,0,0,6000,"CCA",0
1.173140143638512,0,0,0,4700,7296486,"2020-06-26T00:00:00",4700,7.238297872340426,7.5,7.2,7.5,7.2,7.5,,,,0,0,0,0,0,9500,"CCA",34020000
1.173140143638512,0,0,0,2600,7296486,"2020-06-25T00:00:00",1600,7.5,7.6,7.5,7.5,7.5,7.5,,,,0,0,0,0,0,7300,"CCA",12000000
1.173140143638512,0,0,0,2000,7296486,"2020-06-24T00:00:00",0,7.6,7.6,7.6,7.6,7.6,7.6,,,,0,0,0,0,0,4800,"CCA",0
1.173140143638512,0,0,0,5400,7296486,"2020-06-23T00:00:00",0,7.6,7.6,7.6,7.6,7.6,7.6,,,,0,0,0,0,0,6700,"CCA",0
1.173140143638512,0,0,0,6300,7296486,"2020-06-22T00:00:00",2300,7.6,7.6,7.6,7.6,7.6,7.6,,,,0,0,0,0,0,9000,"CCA",17480000
1.173140143638512,0,0,0,8000,7296486,"2020-06-19T00:00:00",7000,7.628571428571428,7.5,7.7,7.7,7.6,7.6,,,,0,0,0,0,0,11400,"CCA",53400000
1.173140143638512,0,0,0,0,7296486,"2020-06-18T00:00:00",0,7.5,7.5,7.5,7.5,7.5,7.5,,,,0,0,0,0,0,8900,"CCA",0
1.173140143638512,0,0,0,200,7296486,"2020-06-17T00:00:00",0,7.5,7.5,7.5,7.5,7.5,7.5,,,,0,0,0,0,0,13900,"CCA",0
1.173140143638512,0,0,0,10200,7296486,"2020-06-16T00:00:00",100,7.5,7.5,7.5,7.5,7.5,7.5,,,,0,0,0,0,0,19500,"CCA",750000
1.173140143638512,0,0,0,12300,7296486,"2020-06-15T00:00:00",6900,7.473913043478261,7.3,7.5,7.5,7.4,7.4,,,,0,0,0,0,0,17300,"CCA",51570000
1.173140143638512,0,0,0,12900,7296486,"2020-06-12T00:00:00",0,7.3,7.9,7.3,7.3,7.3,7.3,,,,0,0,0,0,0,13000,"CCA",0
1.173140143638512,0,0,0,1900,7296486,"2020-06-11T00:00:00",1900,7.347368421052631,7.9,7.9,7.9,7,7,,,,0,0,0,0,0,17000,"CCA",13960000
1.173140143638512,0,0,0,4300,7296486,"2020-06-10T00:00:00",2100,7.9,7.9,7.9,7.9,7.9,7.9,,,,0,0,0,0,0,13600,"CCA",16590000
1.173140143638512,0,0,0,18100,7296486,"2020-06-09T00:00:00",15600,7.781410256410257,8.7,7.9,7.9,7.7,7.7,,,,0,0,0,0,0,30500,"CCA",121390000
1.173140143638512,0,0,0,27100,7296486,"2020-06-08T00:00:00",23000,7.621304347826087,7.9,8.7,9,7.4,8.8,,,,0,0,0,0,0,43200,"CCA",175290000
1.173140143638512,0,0,0,6400,7296486,"2020-06-05T00:00:00",6200,7.9,7.8,7.9,7.9,7.9,7.9,,,,0,0,0,0,0,16000,"CCA",48980000
1.173140143638512,0,0,0,4100,7296486,"2020-06-04T00:00:00",2600,7.8,6.8,7.8,7.8,7.8,7.8,,,,0,0,0,0,0,5100,"CCA",20280000
1.173140143638512,0,0,0,500,7296486,"2020-06-03T00:00:00",100,6.8,8,6.8,6.8,6.8,6.8,,,,0,0,0,0,0,11200,"CCA",680000
1.173140143638512,0,0,0,4100,7296486,"2020-06-02T00:00:00",1500,8,8,8,8,8,8,,,,0,0,0,0,0,26800,"CCA",12000000
1.173140143638512,0,0,0,12600,7296486,"2020-06-01T00:00:00",0,8,8,8,8,8,8,,,,0,0,0,0,0,28100,"CCA",0
1.173140143638512,0,0,0,44400,7296486,"2020-05-29T00:00:00",29000,8,8,8,8,8,8,,,,0,0,0,0,0,46000,"CCA",232000000
1.173140143638512,0,0,0,1500,7296486,"2020-05-28T00:00:00",1000,7.98,8,8,8,7.9,7.9,,,,149564400,21676,0,0,0,13200,"CCA",157544400
1.173140143638512,0,0,0,17700,7296486,"2020-05-27T00:00:00",17300,8.123121387283236,8.4,8,8.2,8,8.2,,,,0,0,0,0,0,36100,"CCA",140530000
1.173140143638512,0,0,0,9800,7296486,"2020-05-26T00:00:00",9300,8.31720430107527,8.5,8.4,8.4,8.2,8.3,,,,0,0,0,0,0,28500,"CCA",77350000
1.173140143638512,0,0,0,12500,7296486,"2020-05-25T00:00:00",9000,8.535555555555554,8.7,8.5,8.7,8.5,8.5,,,,0,0,0,0,0,19800,"CCA",76820000
1.173140143638512,0,0,0,1400,7296486,"2020-05-22T00:00:00",1000,8.7,8.9,8.7,8.7,8.7,8.7,,,,0,0,0,0,0,8200,"CCA",8700000
1.173140143638512,0,0,0,3200,7296486,"2020-05-21T00:00:00",1900,8.826315789473686,8.9,8.9,8.9,8.8,8.8,,,,0,0,0,0,0,6600,"CCA",16770000
1.173140143638512,0,0,0,9500,7296486,"2020-05-20T00:00:00",8000,8.9175,9.5,8.9,9,8.8,8.8,,,,0,0,0,0,0,15100,"CCA",71340000
1.173140143638512,0,0,0,3000,7296486,"2020-05-19T00:00:00",2000,9.5,9.5,9.5,9.5,9.5,9.5,,,,0,0,0,0,0,2000,"CCA",19000000
1.173140143638512,0,0,0,3300,7296486,"2020-05-18T00:00:00",2000,9.5,9,9.5,9.5,9.5,9.5,,,,0,0,0,0,0,43000,"CCA",19000000
1.173140143638512,0,0,0,600,7296486,"2020-05-15T00:00:00",0,9,9,9,9,9,9,,,,0,0,0,0,0,0,"CCA",0
1.173140143638512,0,0,0,2500,7296486,"2020-05-14T00:00:00",2200,9,9.5,9,9,9,9,,,,291600000,36000,0,0,0,22200,"CCA",311400000
1.173140143638512,0,0,0,5000,7296486,"2020-05-13T00:00:00",5000,9.5,10.9,9.5,9.5,9.5,9.5,,,,0,0,0,0,0,7100,"CCA",47500000
1.173140143638512,0,0,0,0,7296486,"2020-05-12T00:00:00",0,10.9,10.9,10.9,10.9,10.9,10.9,,,,0,0,0,0,0,5500,"CCA",0
1.173140143638512,0,0,0,0,7296486,"2020-05-11T00:00:00",0,10.9,10.9,10.9,10.9,10.9,10.9,,,,0,0,0,0,0,5100,"CCA",0
1.173140143638512,0,0,0,200,7296486,"2020-05-08T00:00:00",0,10.9,10.9,10.9,10.9,10.9,10.9,,,,0,0,0,0,0,3300,"CCA",0
1.173140143638512,0,0,0,1900,7296486,"2020-05-07T00:00:00",1400,10.9,11,10.9,10.9,10.9,10.9,,,,0,0,0,0,0,7200,"CCA",15260000
1.173140143638512,0,0,0,4000,7296486,"2020-05-06T00:00:00",4000,11,11,11,11,11,11,,,,0,0,0,0,0,10800,"CCA",44000000
1.173140143638512,0,0,0,0,7296486,"2020-05-05T00:00:00",0,11,11,11,11,11,11,,,,0,0,0,0,0,8600,"CCA",0
1.173140143638512,0,0,0,2500,7296486,"2020-05-04T00:00:00",2500,11,10.5,11,11,11,11,,,,0,0,0,0,0,9200,"CCA",27500000
1.173140143638512,0,0,0,100,7296486,"2020-04-29T00:00:00",0,10.5,10.5,10.5,10.5,10.5,10.5,,,,0,0,0,0,0,200,"CCA",0
1.173140143638512,0,0,0,100,7296486,"2020-04-28T00:00:00",0,10.5,10.5,10.5,10.5,10.5,10.5,,,,0,0,0,0,0,15500,"CCA",0
1.173140143638512,0,0,0,0,7296486,"2020-04-27T00:00:00",0,10.5,10.5,10.5,10.5,10.5,10.5,,,,0,0,0,0,0,41200,"CCA",0
1.173140143638512,0,0,0,2100,7296486,"2020-04-24T00:00:00",2000,10.45,10,10,10.9,10,10.9,,,,0,0,0,0,0,3600,"CCA",20900000
1.173140143638512,0,0,0,0,7296486,"2020-04-23T00:00:00",0,10,10,10,10,10,10,,,,0,0,0,0,0,1100,"CCA",0
1.173140143638512,0,0,0,3600,7296486,"2020-04-22T00:00:00",3500,10,10,10,10,10,10,,,,0,0,0,0,0,5300,"CCA",35000000
1.173140143638512,0,0,0,1000,7296486,"2020-04-21T00:00:00",1000,10,10.8,10,10,10,10,,,,0,0,0,0,0,6100,"CCA",10000000
1.173140143638512,0,0,0,0,7296486,"2020-04-20T00:00:00",0,10.8,10.8,10.8,10.8,10.8,10.8,,,,0,0,0,0,0,6100,"CCA",0
1.173140143638512,0,0,0,17400,7296486,"2020-04-17T00:00:00",12300,10.823577235772358,9.5,10.9,10.9,9.5,10.5,,,,0,0,0,0,0,14300,"CCA",133130000
1.173140143638512,0,0,0,2300,7296486,"2020-04-16T00:00:00",2200,9.495454545454546,8.5,9.5,9.6,8.4,8.4,,,,0,0,0,0,0,2200,"CCA",20890000
1.173140143638512,0,0,0,1700,7296486,"2020-04-15T00:00:00",200,8.35,7.4,8.5,8.5,8.2,8.2,,,,0,0,0,0,0,200,"CCA",1670000
1.173140143638512,0,0,0,9400,7296486,"2020-04-14T00:00:00",100,7.4,6.5,7.4,7.4,7.4,7.4,,,,0,0,0,0,0,100,"CCA",740000
1.173140143638512,0,0,0,7600,7296486,"2020-04-13T00:00:00",100,6.5,5.7,6.5,6.5,6.5,6.5,,,,0,0,0,0,0,100,"CCA",650000
1.173140143638512,0,0,0,13600,7296486,"2020-04-10T00:00:00",0,5.7,5.7,5.7,5.7,5.7,5.7,,,,0,0,0,0,0,0,"CCA",0
1.173140143638512,0,0,0,14700,7296486,"2020-04-09T00:00:00",0,5.7,5.7,5.7,5.7,5.7,5.7,,,,0,0,0,0,0,0,"CCA",0
1.173140143638512,0,0,0,21500,7296486,"2020-04-08T00:00:00",0,5.7,5.7,5.7,5.7,5.7,5.7,,,,0,0,0,0,0,0,"CCA",0
1.173140143638512,0,0,0,10500,7296486,"2020-04-07T00:00:00",0,5.7,5.7,5.7,5.7,5.7,5.7,,,,0,0,0,0,0,0,"CCA",0
1.173140143638512,0,0,0,500,7296486,"2020-04-06T00:00:00",0,5.7,5.7,5.7,5.7,5.7,5.7,,,,0,0,0,0,0,0,"CCA",0
1.173140143638512,0,0,0,16000,7296486,"2020-04-03T00:00:00",7300,5.713698630136986,6.7,5.7,5.8,5.7,5.8,,,,0,0,0,0,0,7500,"CCA",41710000
1.173140143638512,0,0,0,5700,7296486,"2020-04-01T00:00:00",0,6.7,6.7,6.7,6.7,6.7,6.7,,,,0,0,0,0,0,0,"CCA",0
1.173140143638512,0,0,0,6000,7296486,"2020-03-31T00:00:00",1000,6.7,7.8,6.7,6.7,6.7,6.7,,,,0,0,0,0,0,3000,"CCA",6700000
1.173140143638512,0,0,0,1000,7296486,"2020-03-30T00:00:00",1000,7.8,7.8,7.8,7.8,7.8,7.8,,,,0,0,0,0,0,2300,"CCA",7800000
1.173140143638512,0,0,0,6000,7296486,"2020-03-27T00:00:00",1000,7.75,8,8,8,7.5,7.5,,,,0,0,0,0,0,4000,"CCA",7750000
1.173140143638512,0,0,0,0,7296486,"2020-03-26T00:00:00",0,8,8,8,8,8,8,,,,0,0,0,0,0,3300,"CCA",0
1.173140143638512,0,0,0,1500,7296486,"2020-03-25T00:00:00",1000,8,8.7,8,8,8,8,,,,0,0,0,0,0,5900,"CCA",8000000
1.173140143638512,0,0,0,2100,7296486,"2020-03-24T00:00:00",1600,8.925,8,8.7,9,8.7,9,,,,0,0,0,0,0,4700,"CCA",14280000
1.173140143638512,0,0,0,3400,7296486,"2020-03-23T00:00:00",3400,8.347058823529412,8.6,8,9,8,8,,,,0,0,0,0,0,7000,"CCA",28380000
1.173140143638512,0,0,0,4000,7296486,"2020-03-20T00:00:00",4000,8.625,8.7,9,9,8,8,,,,0,0,0,0,0,6300,"CCA",34500000
1.173140143638512,0,0,0,7100,7296486,"2020-03-19T00:00:00",7100,9.129577464788731,8,8.7,9.2,8.7,9.2,,,,394400,58,0,0,0,13200,"CCA",65214400
1.173140143638512,0,0,0,1200,7296486,"2020-03-18T00:00:00",1100,8,8,8,8,8,8,,,,0,0,0,0,0,2800,"CCA",8800000
1.173140143638512,0,0,0,1000,7296486,"2020-03-17T00:00:00",1000,8,8.5,8,8,8,8,,,,0,0,0,0,0,1800,"CCA",8000000
1.173140143638512,0,0,0,0,7296486,"2020-03-16T00:00:00",0,8.5,8.5,8.5,8.5,8.5,8.5,,,,0,0,0,0,0,5300,"CCA",0
1.173140143638512,0,0,0,0,7296486,"2020-03-13T00:00:00",0,8.5,8.5,8.5,8.5,8.5,8.5,,,,0,0,0,0,0,2600,"CCA",0
1.173140143638512,0,0,0,0,7296486,"2020-03-12T00:00:00",0,8.5,8.5,8.5,8.5,8.5,8.5,,,,0,0,0,0,0,2400,"CCA",0
1.173140143638512,0,0,0,500,7296486,"2020-03-11T00:00:00",500,8.5,10,8.5,8.5,8.5,8.5,,,,0,0,0,0,0,4200,"CCA",4250000
1.173140143638512,0,0,0,4800,7296486,"2020-03-10T00:00:00",4800,9.63125,8.5,10,10,8.5,8.5,,,,0,0,0,0,0,5700,"CCA",46230000
1.173140143638512,0,0,0,3100,7296486,"2020-03-09T00:00:00",3100,9.293548387096775,9.5,8.5,10,8.1,9.5,,,,0,0,0,0,0,6400,"CCA",28810000
1.173140143638512,0,0,0,3500,7296486,"2020-03-06T00:00:00",3500,9.542857142857143,9.5,10,10,9.2,9.2,,,,0,0,0,0,0,5700,"CCA",33400000
1.173140143638512,0,0,0,1400,7296486,"2020-03-05T00:00:00",1300,9.26153846153846,8.5,9.5,9.5,9,9,,,,0,0,0,0,0,2800,"CCA",12040000
1.173140143638512,0,0,0,10000,7296486,"2020-03-04T00:00:00",10000,8.47,9,8.5,8.6,8,8,,,,0,0,0,0,0,10600,"CCA",84700000
1.173140143638512,0,0,0,2800,7296486,"2020-03-03T00:00:00",2800,7.503571428571428,8.5,9,9,7.3,7.3,,,,0,0,0,0,0,9300,"CCA",21010000
1.173140143638512,0,0,0,400,7296486,"2020-03-02T00:00:00",400,8.5,8.2,8.5,8.5,8.5,8.5,,,,0,0,0,0,0,13000,"CCA",3400000
1.173140143638512,0,0,0,500,7296486,"2020-02-28T00:00:00",500,8.2,7.4,8.2,8.2,8.2,8.2,,,,0,0,0,0,0,1100,"CCA",4100000
1.173140143638512,0,0,0,0,7296486,"2020-02-27T00:00:00",0,7.4,7.4,7.4,7.4,7.4,7.4,,,,0,0,0,0,0,300,"CCA",0
1.173140143638512,0,0,0,1100,7296486,"2020-02-26T00:00:00",800,7.4,6.5,7.4,7.4,7.4,7.4,,,,0,0,0,0,0,800,"CCA",5920000
1.173140143638512,0,0,0,5900,7296486,"2020-02-25T00:00:00",100,6.5,5.7,6.5,6.5,6.5,6.5,,,,0,0,0,0,0,100,"CCA",650000
1.173140143638512,0,0,0,600,7296486,"2020-02-24T00:00:00",0,5.7,5.7,5.7,5.7,5.7,5.7,,,,0,0,0,0,0,0,"CCA",0
1.173140143638512,0,0,0,13600,7296486,"2020-02-21T00:00:00",1100,5.7,5,5.7,5.7,5.7,5.7,,,,0,0,0,0,0,1100,"CCA",6270000
1.173140143638512,0,0,0,11700,7296486,"2020-02-20T00:00:00",0,5,5,5,5,5,5,,,,0,0,0,0,0,100,"CCA",0
1.173140143638512,0,0,0,14400,7296486,"2020-02-19T00:00:00",0,5,5,5,5,5,5,,,,0,0,0,0,0,100,"CCA",0
1.173140143638512,0,0,0,11400,7296486,"2020-02-18T00:00:00",0,5,5,5,5,5,5,,,,0,0,0,0,0,0,"CCA",0
1.173140143638512,0,0,0,12600,7296486,"2020-02-17T00:00:00",0,5,5,5,5,5,5,,,,0,0,0,0,0,0,"CCA",0
1.173140143638512,0,0,0,18400,7296486,"2020-02-14T00:00:00",2100,4.995238095238095,5.7,5,5,4.9,4.9,,,,0,0,0,0,0,2200,"CCA",10490000
1.173140143638512,0,0,0,5000,7296486,"2020-02-13T00:00:00",0,5.7,5.7,5.7,5.7,5.7,5.7,,,,0,0,0,0,0,0,"CCA",0
1.173140143638512,0,0,0,7700,7296486,"2020-02-12T00:00:00",0,5.7,5.7,5.7,5.7,5.7,5.7,,,,0,0,0,0,0,0,"CCA",0
1.173140143638512,0,0,0,14200,7296486,"2020-02-11T00:00:00",300,5.7,6,5.7,5.7,5.7,5.7,,,,0,0,0,0,0,300,"CCA",1710000
1.173140143638512,0,0,0,12000,7296486,"2020-02-10T00:00:00",6900,5.917391304347826,6.6,6,6,5.7,5.7,,,,0,0,0,0,0,7200,"CCA",40830000
1.173140143638512,0,0,0,100,7296486,"2020-02-07T00:00:00",100,6.6,7.7,6.6,6.6,6.6,6.6,,,,0,0,0,0,0,2000,"CCA",660000
1.173140143638512,0,0,0,100,7296486,"2020-02-06T00:00:00",100,7.7,10.3,7.7,7.7,7.7,7.7,,,,0,0,0,0,0,2700,"CCA",770000
1.173140143638512,0,0,0,1300,7296486,"2020-02-05T00:00:00",1300,8.992307692307692,10.1,10.3,10.3,8.6,10.3,,,,0,0,0,0,0,3100,"CCA",11690000
1.173140143638512,0,0,0,100,7296486,"2020-02-04T00:00:00",100,10.1,9.3,10.1,10.1,10.1,10.1,,,,0,0,0,0,0,1300,"CCA",1010000
1.173140143638512,0,0,0,0,7296486,"2020-02-03T00:00:00",0,9.3,9.3,9.3,9.3,9.3,9.3,,,,0,0,0,0,0,1200,"CCA",0
1.173140143638512,0,0,0,100,7296486,"2020-01-31T00:00:00",100,9.3,8.3,9.3,9.3,9.3,9.3,,,,0,0,0,0,0,500,"CCA",930000
1.173140143638512,0,0,0,4800,7296486,"2020-01-30T00:00:00",600,8.266666666666666,7.6,8.3,8.5,8,8,,,,0,0,0,0,0,800,"CCA",4960000
1.173140143638512,0,0,0,1700,7296486,"2020-01-22T00:00:00",300,7.6,6.8,7.5,7.8,7.5,7.8,,,,0,0,0,0,0,1700,"CCA",2280000
1.173140143638512,0,0,0,9100,7296486,"2020-01-21T00:00:00",300,6.8,6.1,6.8,6.8,6.8,6.8,,,,0,0,0,0,0,400,"CCA",2040000
1.173140143638512,0,0,0,11200,7296486,"2020-01-20T00:00:00",2100,6.1,6.1,6.1,6.1,6.1,6.1,,,,0,0,0,0,0,2600,"CCA",12810000
1.173140143638512,0,0,0,14700,7296486,"2020-01-17T00:00:00",2400,6.108333333333333,5.8,6.2,6.2,5.8,5.8,,,,0,0,0,0,0,2800,"CCA",14660000
1.173140143638512,0,0,0,32500,7296486,"2020-01-16T00:00:00",100,5.8,6,5.8,5.8,5.8,5.8,,,,0,0,0,0,0,1100,"CCA",580000
1.173140143638512,0,0,0,33700,7296486,"2020-01-15T00:00:00",25600,5.135546875,6,6,6.1,5.1,6.1,,,,0,0,0,0,0,27100,"CCA",131470000
1.173140143638512,0,0,0,33400,7296486,"2020-01-14T00:00:00",700,6,5.5,6,6,6,6,,,,0,0,0,0,0,700,"CCA",4200000
1.173140143638512,0,0,0,25000,7296486,"2020-01-13T00:00:00",2500,5.26,4.8,5.5,5.5,4.9,4.9,,,,0,0,0,0,0,2500,"CCA",13150000
1.173140143638512,0,0,0,5600,7296486,"2020-01-10T00:00:00",0,4.8,4.9,4.8,4.8,4.8,4.8,,,,0,0,0,0,0,100,"CCA",0
1.173140143638512,0,0,0,24200,7296486,"2020-01-09T00:00:00",14800,4.775675675675676,5.5,4.9,5,4.7,5,,,,0,0,0,0,0,15400,"CCA",70680000
1.173140143638512,0,0,0,2200,7296486,"2020-01-08T00:00:00",2200,5.5,6.4,5.5,5.5,5.5,5.5,,,,0,0,0,0,0,3200,"CCA",12100000
1.173140143638512,0,0,0,2200,7296486,"2020-01-07T00:00:00",2200,6.4,7.5,6.4,6.4,6.4,6.4,,,,0,0,0,0,0,2700,"CCA",14080000
1.173140143638512,0,0,0,1300,7296486,"2020-01-06T00:00:00",1300,7.5,8.8,7.5,7.5,7.5,7.5,,,,0,0,0,0,0,2700,"CCA",9750000
1.173140143638512,0,0,0,2100,7296486,"2020-01-03T00:00:00",2100,8.77142857142857,10.2,8.7,9,8.7,9,,,,0,0,0,0,0,36100,"CCA",18420000
1.173140143638512,0,0,0,1100,7296486,"2020-01-02T00:00:00",1100,10.2,11.9,10.2,10.2,10.2,10.2,,,,0,0,0,0,0,2100,"CCA",11220000
1.173140143638512,0,0,0,700,7296486,"2019-12-31T00:00:00",700,11.928571428571429,13.9,11.9,12,11.9,12,,,,0,0,0,0,0,4100,"CCA",8350000
1.173140143638512,0,0,0,100,7296486,"2019-12-30T00:00:00",0,13.9,13.9,13.9,13.9,13.9,13.9,,,,0,0,0,0,0,2900,"CCA",0
1.173140143638512,0,0,0,700,7296486,"2019-12-27T00:00:00",700,13.9,15.8,13.9,13.9,13.9,13.9,,,,0,0,0,0,0,3200,"CCA",9730000
1.173140143638512,0,0,0,3000,7296486,"2019-12-26T00:00:00",3000,16.266666666666666,16.3,15.8,16.5,15.8,16.5,,,,0,0,0,0,0,14200,"CCA",48800000
