"adjRatio","buyCount","buyForeignQuantity","buyForeignValue","buyQuantity","currentForeignRoom","date","dealVolume","priceAverage","priceBasic","priceClose","priceHigh","priceLow","priceOpen","propTradingNetDealValue","propTradingNetPTValue","propTradingNetValue","putthroughValue","putthroughVolume","sellCount","sellForeignQuantity","sellForeignValue","sellQuantity","symbol","totalValue"
1,0,76000,182300401.41676506,84700,590100,"2021-09-20T00:00:00",84700,2.398689492325856,2.41,2.36,2.43,2.3,2.3,0,0,0,0,0,0,7200,17270564.34474616,84700,"CMSN2101",203169000
1,0,225200,544848744.7447448,233100,796000,"2021-09-17T00:00:00",233100,2.4193993993993996,2.49,2.41,2.47,2.39,2.39,0,0,0,0,0,0,6900,16693855.855855856,233100,"CMSN2101",563962000
1,0,111400,272722985.7054071,106800,897300,"2021-09-16T00:00:00",160900,2.448141702921069,2.29,2.49,2.5,2.33,2.48,0,0,0,0,0,0,43000,105270093.22560596,106800,"CMSN2101",393906000
1,0,257200,516620854.89635456,325700,1153600,"2021-09-15T00:00:00",279800,2.008577555396712,1.82,2.29,2.29,1.81,1.82,0,0,0,0,0,0,19300,38766650.46461759,325700,"CMSN2101",562000000
1,0,358100,621930883.641161,325700,1494500,"2021-09-14T00:00:00",379000,1.7361477572559367,1.64,1.82,1.82,1.6,1.64,0,0,0,0,0,0,10100,17541194.986807387,325700,"CMSN2101",658000000
1,0,296300,483405671.7838502,325700,1756200,"2021-09-13T00:00:00",325700,1.6303346638010439,1.65,1.64,1.67,1.6,1.62,0,0,0,0,0,0,900,1468326.3739637705,325700,"CMSN2101",531000000
1,0,167000,276323515.43942994,210500,1921600,"2021-09-10T00:00:00",210500,1.6546318289786222,1.67,1.65,1.69,1.61,1.68,0,0,0,0,0,0,17200,28459667.458432306,210500,"CMSN2101",348300000
1,0,20900,33586740.77328647,113800,1942500,"2021-09-09T00:00:00",113800,1.6070210896309316,1.59,1.67,1.68,1.46,1.5,0,0,0,0,0,0,34600,55602929.70123023,113800,"CMSN2101",182879000
1,0,900,1415737.5886524823,126900,1943400,"2021-09-08T00:00:00",126900,1.5730417651694246,1.6,1.59,1.61,1.51,1.53,0,0,0,0,0,0,1600,2516866.8242710796,126900,"CMSN2101",199619000
1,0,17200,27875063.46483705,116600,1942600,"2021-09-07T00:00:00",116600,1.6209262435677532,1.68,1.6,1.68,1.6,1.63,0,0,0,0,0,0,0,0,116600,"CMSN2101",189000000
1,0,34600,59579311.265969805,84500,1977200,"2021-09-06T00:00:00",172200,1.7247386759581882,1.86,1.68,1.86,1.65,1.65,0,0,0,0,0,0,0,0,84500,"CMSN2101",297000000
1,0,1600,2989847.850055127,84500,1978800,"2021-09-01T00:00:00",90700,1.8686549062844542,1.9,1.86,1.9,1.71,1.71,0,0,0,0,0,0,18000,33635788.31312018,84500,"CMSN2101",169487000
1,0,0,0,53400,1940900,"2021-08-31T00:00:00",53400,1.8726591760299625,2,1.9,1.99,1.82,1.99,0,0,0,0,0,0,0,0,53400,"CMSN2101",100000000
1,0,0,0,0,1940900,"2021-08-30T00:00:00",79500,2,1.99,2,2.09,1.86,2,0,0,0,0,0,0,0,0,0,"CMSN2101",159000000
1,0,18000,34082190.35202086,90900,1958900,"2021-08-27T00:00:00",90900,1.9031903190319033,1.96,1.99,2,1.8,1.96,0,0,0,0,0,0,37900,71761945.24119948,90900,"CMSN2101",173000000
1,0,0,0,41100,1958900,"2021-08-26T00:00:00",41100,2.043795620437956,2.1,1.96,2.14,1.96,1.96,0,0,0,0,0,0,0,0,41100,"CMSN2101",84000000
1,0,0,0,101700,1958900,"2021-08-25T00:00:00",101700,1.966568338249754,1.9,2.1,2.1,1.8,1.9,0,0,0,0,0,0,0,0,101700,"CMSN2101",200000000
1,0,37900,65969474.0990991,88800,1996800,"2021-08-24T00:00:00",88800,1.7454954954954955,2,1.9,2,1.56,1.67,0,0,0,0,0,0,0,0,88800,"CMSN2101",155000000
1,0,0,0,63900,1996800,"2021-08-23T00:00:00",63900,1.9092331768388104,2.07,2,2.06,1.85,2.06,0,0,0,0,0,0,0,0,63900,"CMSN2101",122000000
1,0,0,0,28400,1996800,"2021-08-20T00:00:00",28400,2.0774647887323945,2.16,2.07,2.16,2.05,2.16,0,0,0,0,0,0,0,0,28400,"CMSN2101",59000000
1,0,0,0,25100,1996800,"2021-08-19T00:00:00",25100,2.191235059760956,2.25,2.16,2.25,2.09,2.24,0,0,0,0,0,0,0,0,25100,"CMSN2101",55000000
1,0,0,0,0,1996800,"2021-08-18T00:00:00",45400,2.2962995594713655,2.26,2.25,2.37,2.23,2.26,0,0,0,0,0,0,0,0,0,"CMSN2101",104252000
1,0,0,0,19800,1996800,"2021-08-17T00:00:00",19800,2.2422222222222223,2.33,2.26,2.35,2.01,2.33,0,0,0,0,0,0,0,0,19800,"CMSN2101",44396000
1,0,0,0,51700,1996800,"2021-08-16T00:00:00",51700,2.256924564796905,2.35,2.33,2.55,2.1,2.4,0,0,0,0,0,0,0,0,51700,"CMSN2101",116683000
1,0,0,0,48900,1996800,"2021-08-13T00:00:00",48900,2.24719836400818,2.35,2.35,2.35,2.18,2.35,0,0,0,0,0,0,0,0,48900,"CMSN2101",109888000
1,0,0,0,47000,1995700,"2021-08-12T00:00:00",47000,2.382978723404255,2.47,2.35,2.48,2.3,2.48,0,0,0,0,0,0,0,0,47000,"CMSN2101",112000000
1,0,0,0,92000,1995700,"2021-08-11T00:00:00",92000,2.4891304347826084,2.5,2.47,2.55,2.47,2.5,0,0,0,0,0,0,0,0,92000,"CMSN2101",229000000
1,0,0,0,34000,1995700,"2021-08-10T00:00:00",34000,2.5,2.6,2.5,2.6,2.47,2.6,0,0,0,0,0,0,1100,2760618.0555555555,34000,"CMSN2101",85000000
1,0,0,0,56200,1995700,"2021-08-09T00:00:00",56200,2.508896797153025,2.5,2.6,2.62,2.4,2.5,0,0,0,0,0,0,0,0,56200,"CMSN2101",141000000
1,0,0,0,62700,1995700,"2021-08-06T00:00:00",62700,2.4401913875598082,2.55,2.5,2.6,2.22,2.6,0,0,0,0,0,0,0,0,62700,"CMSN2101",153000000
1,0,0,0,33700,1994700,"2021-08-05T00:00:00",33700,2.492581602373887,2.6,2.55,2.55,2.4,2.4,0,0,0,0,0,0,0,0,33700,"CMSN2101",84000000
1,0,0,0,22100,1994700,"2021-08-04T00:00:00",22100,2.7149321266968327,2.82,2.6,2.82,2.6,2.82,0,0,0,0,0,0,0,0,22100,"CMSN2101",60000000
1,0,0,0,130700,1994700,"2021-08-03T00:00:00",130700,2.8156082631981634,2.8,2.82,2.85,2.62,2.7,0,0,0,0,0,0,1000,2812500,130700,"CMSN2101",368000000
1,0,0,0,59500,1994700,"2021-08-02T00:00:00",59500,2.689075630252101,2.55,2.8,2.8,2.59,2.8,0,0,0,0,0,0,0,0,59500,"CMSN2101",160000000
1,0,0,0,134400,1994700,"2021-07-30T00:00:00",134400,2.5223214285714284,2.35,2.55,2.6,2.31,2.35,0,0,0,0,0,0,0,0,134400,"CMSN2101",339000000
1,0,0,0,46100,1994700,"2021-07-29T00:00:00",46100,2.407809110629067,2.18,2.35,2.56,2.15,2.56,0,0,0,0,0,0,0,0,46100,"CMSN2101",111000000
1,0,0,0,5300,1994700,"2021-07-28T00:00:00",5300,2.12,2.18,2.18,2.2,2.12,2.2,0,0,0,0,0,0,0,0,5300,"CMSN2101",11000000
1,0,0,0,82900,1994700,"2021-07-27T00:00:00",82900,2.1351025331724967,1.99,2.18,2.2,1.98,1.99,0,0,0,0,0,0,0,0,82900,"CMSN2101",177000000
1,0,0,0,21800,1994700,"2021-07-26T00:00:00",21800,2,2.1,1.99,2,1.8,2,0,0,0,0,0,0,0,0,21800,"CMSN2101",40000000
1,0,0,0,15900,1994700,"2021-07-23T00:00:00",15900,2.0754716981132075,2.17,2.1,2.17,2,2.1,0,0,0,0,0,0,0,0,15900,"CMSN2101",33000000
1,0,0,0,4400,1994700,"2021-07-22T00:00:00",4400,2.18,2.18,2.17,2.18,2.17,2.17,0,0,0,0,0,0,0,0,4400,"CMSN2101",10000000
1,0,0,0,31400,1993700,"2021-07-21T00:00:00",31400,2.1656050955414012,2.19,2.18,2.2,2.04,2.19,0,0,0,0,0,0,0,0,31400,"CMSN2101",68000000
1,0,100,209965.1567944251,28700,1993800,"2021-07-20T00:00:00",28700,2.0905923344947737,2.13,2.19,2.19,2,2.13,0,0,0,0,0,0,0,0,28700,"CMSN2101",60000000
1,0,0,0,67000,1991700,"2021-07-19T00:00:00",67000,2.1343283582089554,2.12,2.13,2.26,1.78,1.78,0,0,0,0,0,0,1000,2137897.526501767,67000,"CMSN2101",143000000
1,0,1000,2129032.2580645164,32700,1992700,"2021-07-16T00:00:00",32700,2.140672782874618,2.1,2.12,2.25,1.8,2.1,0,0,0,0,0,0,0,0,32700,"CMSN2101",70000000
1,0,0,0,13300,1992700,"2021-07-15T00:00:00",13300,2.1052631578947367,2.1,2.1,2.14,1.9,1.9,0,0,0,0,0,0,2100,4200000,13300,"CMSN2101",28000000
1,0,0,0,25100,1992700,"2021-07-14T00:00:00",25100,2.0717131474103585,2.2,2.1,2.2,2,2.15,0,0,0,0,0,0,0,0,25100,"CMSN2101",52000000
1,0,0,0,53500,1992700,"2021-07-13T00:00:00",53500,2.149532710280374,2.28,2.2,2.33,2,2.33,0,0,0,0,0,0,0,0,53500,"CMSN2101",115000000
1,0,2100,4370900.552486188,25300,1994800,"2021-07-12T00:00:00",25300,2.0553359683794463,2.35,2.28,2.35,1.95,2.35,0,0,0,0,0,0,0,0,25300,"CMSN2101",52000000
1,0,0,0,47800,1994800,"2021-07-09T00:00:00",47800,2.322175732217573,2.3,2.35,2.55,2.26,2.3,0,0,0,0,0,0,0,0,47800,"CMSN2101",111000000
1,0,0,0,56900,1994800,"2021-07-08T00:00:00",43600,2.2775,2.26,2.3,2.3,2.21,2.26,0,0,0,0,0,0,0,0,56900,"CMSN2101",99299000
1,0,100,215309.73451327434,56900,1994900,"2021-07-07T00:00:00",22600,2.153097345132743,2.25,2.26,2.26,2,2.2,0,0,0,0,0,0,0,0,56900,"CMSN2101",48660000
1,0,0,0,56900,1994900,"2021-07-06T00:00:00",61800,2.2938834951456313,2.27,2.25,2.35,2.25,2.3,0,0,0,0,0,0,0,0,56900,"CMSN2101",141762000
1,0,0,0,54500,1994900,"2021-07-05T00:00:00",54500,2.477064220183486,2.63,2.27,2.57,2.27,2.56,0,0,0,0,0,0,0,0,54500,"CMSN2101",135000000
1,0,0,0,29800,1994900,"2021-07-02T00:00:00",29800,2.65,2.7,2.63,2.65,2.63,2.63,0,0,0,0,0,0,0,0,29800,"CMSN2101",79000000
1,0,0,0,45900,1994900,"2021-07-01T00:00:00",45900,2.6579520697167753,2.7,2.7,2.7,2.63,2.7,0,0,0,0,0,0,0,0,45900,"CMSN2101",122000000
1,0,0,0,23900,1994900,"2021-06-30T00:00:00",23900,2.719665271966527,2.7,2.7,2.72,2.6,2.7,0,0,0,0,0,0,0,0,23900,"CMSN2101",65000000
1,0,0,0,24200,1994800,"2021-06-29T00:00:00",24200,2.644628099173554,2.73,2.7,2.73,2.62,2.7,0,0,0,0,0,0,0,0,24200,"CMSN2101",64000000
1,0,0,0,30200,1994800,"2021-06-28T00:00:00",30200,2.6821192052980134,2.68,2.73,2.74,2.53,2.68,0,0,0,0,0,0,0,0,30200,"CMSN2101",81000000
1,0,0,0,5900,1994800,"2021-06-25T00:00:00",5900,2.711864406779661,2.68,2.68,2.72,2.51,2.51,0,0,0,0,0,0,100,251000,5900,"CMSN2101",16000000
1,0,0,0,55400,1994800,"2021-06-24T00:00:00",55400,2.5812274368231045,2.85,2.68,2.78,2.53,2.61,0,0,0,0,0,0,0,0,55400,"CMSN2101",143000000
1,0,0,0,64700,1994800,"2021-06-23T00:00:00",64700,2.7820710973724885,2.78,2.85,3,2.71,2.78,0,0,0,0,0,0,0,0,64700,"CMSN2101",180000000
1,0,100,268041.23711340205,24300,1994900,"2021-06-22T00:00:00",24300,2.7160493827160495,2.78,2.78,2.89,2.4,2.89,0,0,0,0,0,0,0,0,24300,"CMSN2101",66000000
1,0,0,0,33800,1994900,"2021-06-21T00:00:00",33800,2.7514792899408285,2.78,2.78,2.85,2.7,2.8,0,0,0,0,0,0,0,0,33800,"CMSN2101",93000000
1,0,0,0,21400,1994900,"2021-06-18T00:00:00",21400,2.773785046728972,2.75,2.78,2.9,2.7,2.7,0,0,0,0,0,0,0,0,21400,"CMSN2101",59359000
1,0,0,0,44100,1994900,"2021-06-17T00:00:00",44100,2.743764172335601,2.87,2.75,2.79,2.67,2.76,0,0,0,0,0,0,0,0,44100,"CMSN2101",121000000
1,0,1000,2812500,13200,1995900,"2021-06-16T00:00:00",13200,2.803030303030303,2.92,2.87,2.9,2.75,2.9,0,0,0,0,0,0,0,0,13200,"CMSN2101",37000000
1,0,1000,2845188.2845188286,24500,1996900,"2021-06-15T00:00:00",24500,2.857142857142857,2.89,2.92,2.97,2.75,2.89,0,0,0,0,0,0,0,0,24500,"CMSN2101",70000000
1,0,0,0,34200,1996900,"2021-06-14T00:00:00",34200,2.953216374269006,2.96,2.89,2.99,2.85,2.96,0,0,0,0,0,0,0,0,34200,"CMSN2101",101000000
1,0,0,0,31800,1996900,"2021-06-11T00:00:00",31800,2.955974842767296,2.69,2.96,3,2.69,2.69,0,0,0,0,0,0,0,0,31800,"CMSN2101",94000000
1,0,0,0,66800,1996900,"2021-06-10T00:00:00",66800,2.754491017964072,2.98,2.69,3,2.69,3,0,0,0,0,0,0,0,0,66800,"CMSN2101",184000000
1,0,0,0,48700,1996900,"2021-06-09T00:00:00",48700,2.7926078028747434,2.87,2.98,3.1,2.68,2.75,0,0,0,0,0,0,0,0,48700,"CMSN2101",136000000
1,0,0,0,38400,1996000,"2021-06-08T00:00:00",38400,2.9947916666666665,2.94,2.87,3.1,2.86,2.86,0,0,0,0,0,0,0,0,38400,"CMSN2101",115000000
1,0,0,0,39500,1996000,"2021-06-07T00:00:00",39500,2.8607594936708862,2.98,2.94,2.96,2.71,2.96,0,0,0,0,0,0,0,0,39500,"CMSN2101",113000000
1,0,0,0,46100,1995700,"2021-06-04T00:00:00",46100,2.9067245119305856,2.99,2.98,2.98,2.71,2.71,0,0,0,0,0,0,900,2494421.052631579,46100,"CMSN2101",134000000
1,0,0,0,92000,1994100,"2021-06-03T00:00:00",92000,3,3.05,2.99,3.04,2.9,3,0,0,0,0,0,0,0,0,92000,"CMSN2101",276000000
1,0,0,0,0,1988100,"2021-06-02T00:00:00",38300,3.157206266318538,3.33,3.05,3.3,2.99,3,0,0,0,0,0,0,300,947161.8798955614,0,"CMSN2101",120921000
1,0,900,3014150.9433962265,86700,1974500,"2021-06-01T00:00:00",86700,3.356401384083045,3.71,3.33,3.71,3.33,3.71,0,0,0,0,0,0,1600,5621621.621621622,86700,"CMSN2101",291000000
1,0,0,0,20600,1970800,"2021-05-31T00:00:00",20600,3.6893203883495143,3.7,3.71,4,3.32,4,0,0,0,0,0,0,6000,21490384.615384616,20600,"CMSN2101",76000000
1,0,300,882583.1702544031,212200,1970800,"2021-05-28T00:00:00",212200,3.32,3.32,3.7,3.7,2.94,2.94,0,0,0,0,0,0,14500,42614503.816793896,212200,"CMSN2101",638000000
1,0,1600,5315684.976836532,167400,1972400,"2021-05-27T00:00:00",167400,3.3213859020310634,3.71,3.32,3.38,3.32,3.32,0,0,0,0,0,0,3700,12287518.404907975,167400,"CMSN2101",556000000
1,0,6000,22347826.086956523,69000,1978400,"2021-05-26T00:00:00",69000,3.7246376811594204,4.1,3.71,4.1,3.71,4.1,0,0,0,0,0,0,300,1136363.6363636365,69000,"CMSN2101",257000000
1,0,14500,59277202.07253886,213100,1992900,"2021-05-25T00:00:00",213100,4.091975598310652,4.48,4.1,4.48,4.09,4.09,0,0,0,0,0,0,0,0,213100,"CMSN2101",872000000
1,0,3700,16607831.677381648,175100,1996300,"2021-05-24T00:00:00",175100,4.488863506567675,4.87,4.48,4.85,4.48,4.48,0,0,0,0,0,0,0,0,175100,"CMSN2101",786000000
1,0,200,986181.8181818182,261000,1996600,"2021-05-21T00:00:00",261000,4.904214559386974,5.26,4.87,4.95,4.87,4.95,0,0,0,0,0,0,0,0,261000,"CMSN2101",1280000000
1,0,0,0,287900,1996600,"2021-05-20T00:00:00",287900,5.373393539423411,5.25,5.26,5.6,5.25,5.5,0,0,0,0,0,0,300,1653409.0909090908,287900,"CMSN2101",1547000000
1,0,0,0,80500,1996600,"2021-05-19T00:00:00",80500,5.25,4.89,5.25,5.25,5.25,5.25,0,0,0,0,0,0,0,0,80500,"CMSN2101",423000000
1,0,0,0,371000,1996600,"2021-05-18T00:00:00",371000,4.25,4.53,4.89,4.89,4.25,4.25,0,0,0,0,0,0,0,0,371000,"CMSN2101",1799160000
1,0,200,951525.3505933117,642500,1996900,"2021-05-17T00:00:00",642500,4.53,4.9,4.53,5.27,4.53,5.27,0,0,0,0,0,0,0,0,642500,"CMSN2101",3057110000
1,0,0,0,39300,1996900,"2021-05-14T00:00:00",39300,4.9,4.54,4.9,4.9,4.9,4.9,0,0,0,0,0,0,0,0,39300,"CMSN2101",192570000
1,0,0,0,157900,1996900,"2021-05-13T00:00:00",157900,4.3,4.18,4.54,4.54,4.3,4.54,0,0,0,0,0,0,0,0,157900,"CMSN2101",716110000
1,0,0,0,385400,1996900,"2021-05-12T00:00:00",385400,4.153772703684483,3.83,4.18,4.18,3.99,3.99,0,0,0,0,0,0,0,0,385400,"CMSN2101",1600860000
1,0,0,0,124800,1996900,"2021-05-11T00:00:00",124800,3.83,3.48,3.83,3.83,3.83,3.83,0,0,0,0,0,0,0,0,124800,"CMSN2101",477980000
1,0,0,0,337000,1996900,"2021-05-10T00:00:00",337000,3.15,3.15,3.48,3.48,3.01,3.01,0,0,0,0,0,0,0,0,337000,"CMSN2101",1155470000
1,0,0,0,147300,1996900,"2021-05-07T00:00:00",147300,3.218587915818058,3.3,3.15,3.41,3,3.4,0,0,0,0,0,0,0,0,147300,"CMSN2101",474100000
1,0,0,0,135500,1996900,"2021-05-06T00:00:00",135500,3.332656826568266,3.2,3.3,3.53,3.22,3.4,0,0,0,0,0,0,0,0,135500,"CMSN2101",451575000
1,0,0,0,367300,1996900,"2021-05-05T00:00:00",367300,3.1704437789273077,2.99,3.2,3.32,2.91,2.99,0,0,0,0,0,0,0,0,367300,"CMSN2101",1164504000
1,0,0,0,196100,1996900,"2021-05-04T00:00:00",196100,2.868123406425293,2.9,2.99,3,2.68,2.7,0,0,0,0,0,0,0,0,196100,"CMSN2101",562439000
1,0,0,0,123600,1996900,"2021-04-29T00:00:00",123600,2.924093851132686,2.93,2.9,2.95,2.9,2.94,0,0,0,0,0,0,0,0,123600,"CMSN2101",361418000
1,0,0,0,215400,1996900,"2021-04-28T00:00:00",215400,2.875208913649025,2.92,2.93,2.95,2.75,2.91,0,0,0,0,0,0,0,0,215400,"CMSN2101",619320000
1,0,0,0,86500,1996900,"2021-04-27T00:00:00",86500,2.8122196531791905,2.88,2.92,2.92,2.7,2.7,0,0,0,0,0,0,0,0,86500,"CMSN2101",243257000
1,0,0,0,197800,1996800,"2021-04-26T00:00:00",197800,2.9106117290192115,2.9,2.88,3,2.85,2.9,0,0,0,0,0,0,0,0,197800,"CMSN2101",575719000
1,0,0,0,280600,1996800,"2021-04-23T00:00:00",280600,2.667337847469708,2.6,2.9,2.9,2.45,2.6,0,0,0,0,0,0,0,0,280600,"CMSN2101",748455000
1,0,0,0,261900,1996100,"2021-04-22T00:00:00",261900,2.9061779305078277,2.9,2.6,3,2.6,2.9,0,0,0,0,0,0,100,290322.5806451613,261900,"CMSN2101",761128000
1,0,0,0,270600,1996100,"2021-04-20T00:00:00",270600,2.8951034737620103,2.65,2.9,3.01,2.68,2.68,0,0,0,0,0,0,0,0,270600,"CMSN2101",783415000
1,0,0,0,273400,1996100,"2021-04-19T00:00:00",273400,2.65,2.3,2.65,2.65,2.42,2.65,0,0,0,0,0,0,700,1819181.5144766148,273400,"CMSN2101",710725000
1,0,100,255432.66205160477,410400,1995400,"2021-04-16T00:00:00",410400,2.488501461988304,2.56,2.3,2.8,2.21,2.8,0,0,0,0,0,0,0,0,410400,"CMSN2101",1021281000
1,0,0,0,256900,1995400,"2021-04-15T00:00:00",256900,2.56,2.21,2.56,2.56,2.55,2.56,0,0,0,0,0,0,0,0,256900,"CMSN2101",657388000
1,0,0,0,283600,1995400,"2021-04-14T00:00:00",283600,2.1091008462623413,1.89,2.21,2.21,1.91,2,0,0,0,0,0,0,800,1686707.3863636365,283600,"CMSN2101",598141000
1,0,0,0,175900,1995400,"2021-04-13T00:00:00",175900,1.89744172825469,1.77,1.89,2,1.77,1.77,0,0,0,0,0,0,0,0,175900,"CMSN2101",333760000
1,0,0,0,92400,1995400,"2021-04-12T00:00:00",92400,1.771439393939394,1.75,1.77,1.79,1.75,1.75,0,0,0,0,0,0,0,0,92400,"CMSN2101",163681000
1,0,0,0,56700,1995400,"2021-04-09T00:00:00",56700,1.7664550264550265,1.78,1.75,1.79,1.6,1.78,0,0,0,0,0,0,0,0,56700,"CMSN2101",100158000
1,0,0,0,71000,1995400,"2021-04-08T00:00:00",71000,1.7927464788732395,1.79,1.78,1.8,1.77,1.8,0,0,0,0,0,0,0,0,71000,"CMSN2101",127285000
1,0,0,0,23200,1995400,"2021-04-07T00:00:00",23200,1.7646120689655171,1.76,1.79,1.79,1.65,1.76,0,0,0,0,0,0,0,0,23200,"CMSN2101",40939000
1,0,0,0,27500,1995400,"2021-04-06T00:00:00",27500,1.7718545454545453,1.79,1.76,1.8,1.7,1.79,0,0,0,0,0,0,0,0,27500,"CMSN2101",48726000
1,0,0,0,90100,1995400,"2021-04-05T00:00:00",90100,1.795671476137625,1.7,1.79,1.81,1.7,1.7,0,0,0,0,0,0,0,0,90100,"CMSN2101",161790000
1,0,0,0,83200,1995400,"2021-04-02T00:00:00",83200,1.754375,1.79,1.7,1.79,1.7,1.79,,,,0,0,0,0,0,83200,"CMSN2101",145964000
1,0,0,0,48400,1976700,"2021-04-01T00:00:00",48400,1.7590495867768596,1.79,1.79,1.81,1.5,1.81,,,,0,0,0,0,0,48400,"CMSN2101",85138000
1,0,0,0,136400,1976700,"2021-03-31T00:00:00",136400,1.7865615835777127,1.7,1.79,1.82,1.7,1.7,,,,0,0,0,0,0,136400,"CMSN2101",243687000
1,0,0,0,37700,1976700,"2021-03-30T00:00:00",37700,1.6425729442970822,1.65,1.7,1.7,1.55,1.55,,,,0,0,0,18700,30646816.40625,37700,"CMSN2101",61925000
1,0,0,0,29900,1976700,"2021-03-29T00:00:00",29900,1.5657859531772576,1.57,1.65,1.65,1.5,1.6,,,,0,0,0,0,0,29900,"CMSN2101",46817000
1,0,0,0,24700,1976700,"2021-03-26T00:00:00",24700,1.578906882591093,1.67,1.57,1.67,1.57,1.57,,,,0,0,0,0,0,24700,"CMSN2101",38999000
1,0,0,0,12400,1976700,"2021-03-25T00:00:00",12400,1.616532258064516,1.46,1.67,1.74,1.6,1.74,,,,0,0,0,0,0,12400,"CMSN2101",20045000
1,0,0,0,36500,1976700,"2021-03-24T00:00:00",36500,1.6213424657534248,1.69,1.46,1.68,1.46,1.67,,,,0,0,0,0,0,36500,"CMSN2101",59179000
1,0,3000,5070714.285714285,18100,1979700,"2021-03-23T00:00:00",18100,1.690220994475138,1.66,1.69,1.71,1.67,1.71,,,,0,0,0,0,0,18100,"CMSN2101",30593000
1,0,0,0,15400,1979700,"2021-03-22T00:00:00",15400,1.6855844155844157,1.79,1.66,1.78,1.66,1.66,,,,0,0,0,0,0,15400,"CMSN2101",25958000
1,0,0,0,32200,1979700,"2021-03-19T00:00:00",32200,1.7627950310559006,1.8,1.79,1.8,1.76,1.76,,,,0,0,0,0,0,32200,"CMSN2101",56762000
1,0,0,0,39400,1979700,"2021-03-18T00:00:00",39400,1.7859137055837564,1.8,1.8,1.83,1.75,1.75,,,,0,0,0,0,0,39400,"CMSN2101",70365000
1,0,0,0,33100,1979700,"2021-03-17T00:00:00",33100,1.79595166163142,1.8,1.8,1.8,1.73,1.8,,,,0,0,0,0,0,33100,"CMSN2101",59446000
1,0,0,0,20700,1979700,"2021-03-16T00:00:00",20700,1.7895169082125604,1.88,1.8,1.8,1.75,1.8,,,,0,0,0,0,0,20700,"CMSN2101",37043000
1,0,12000,22419437.609841827,153400,1991700,"2021-03-15T00:00:00",153400,1.8726075619295959,1.89,1.88,1.9,1.75,1.89,,,,0,0,0,0,0,153400,"CMSN2101",287258000
1,0,0,0,14100,1991700,"2021-03-12T00:00:00",14100,1.7975886524822695,1.9,1.89,1.89,1.78,1.85,,,,0,0,0,0,0,14100,"CMSN2101",25346000
1,0,0,0,23100,1977200,"2021-03-11T00:00:00",23100,1.8111255411255411,1.8,1.9,2,1.8,1.8,,,,0,0,0,0,0,23100,"CMSN2101",41837000
1,0,0,0,69200,1977200,"2021-03-10T00:00:00",69200,1.7031647398843932,1.8,1.8,1.8,1.6,1.8,,,,0,0,0,0,0,69200,"CMSN2101",117859000
1,0,0,0,53900,1977200,"2021-03-09T00:00:00",53900,1.7686085343228202,1.9,1.8,1.9,1.7,1.9,,,,0,0,0,14500,25687604.562737644,53900,"CMSN2101",95328000
1,0,0,0,61500,1977200,"2021-03-08T00:00:00",61500,1.9160487804878048,1.9,1.9,1.98,1.9,1.94,,,,0,0,0,0,0,61500,"CMSN2101",117837000
1,0,4300,8312030.303030303,100200,1981500,"2021-03-05T00:00:00",100200,1.9120758483033933,1.97,1.9,1.95,1.86,1.94,,,,0,0,0,0,0,100200,"CMSN2101",191590000
1,0,0,0,35400,1981500,"2021-03-04T00:00:00",35400,2.0218926553672314,2.1,1.97,2.05,1.97,2.05,,,,0,0,0,0,0,35400,"CMSN2101",71575000
1,0,0,0,31700,1981500,"2021-03-03T00:00:00",31700,2.069526813880126,2.1,2.1,2.1,2.05,2.06,,,,0,0,0,0,0,31700,"CMSN2101",65604000
1,0,0,0,208900,1981500,"2021-03-02T00:00:00",208900,2.1730349449497366,2.1,2.1,2.25,2.05,2.15,,,,0,0,0,0,0,208900,"CMSN2101",453947000
1,0,0,0,113600,1981500,"2021-03-01T00:00:00",113600,2.1117165492957746,2.05,2.1,2.16,2.05,2.05,,,,0,0,0,0,0,113600,"CMSN2101",239891000
1,0,2400,4891528.205128205,58500,1983900,"2021-02-26T00:00:00",58500,2.038136752136752,2.09,2.05,2.22,1.82,1.82,,,,0,0,0,0,0,58500,"CMSN2101",119231000
1,0,0,0,75700,1983900,"2021-02-25T00:00:00",75700,2.0080317040951123,2.01,2.09,2.09,1.99,2.02,,,,0,0,0,0,0,75700,"CMSN2101",152008000
1,0,0,0,65600,1983900,"2021-02-24T00:00:00",65600,2.0673018292682928,2.14,2.01,2.13,2,2.13,,,,0,0,0,0,0,65600,"CMSN2101",135615000
1,0,0,0,36700,1983900,"2021-02-23T00:00:00",36700,2.1256130790190735,2.17,2.14,2.15,2.08,2.08,,,,0,0,0,0,0,36700,"CMSN2101",78010000
1,0,0,0,22900,1983900,"2021-02-22T00:00:00",22900,2.147205240174672,2.16,2.17,2.2,2.06,2.15,,,,0,0,0,0,0,22900,"CMSN2101",49171000
1,0,0,0,58900,1983900,"2021-02-19T00:00:00",58900,2.180899830220713,2.2,2.16,2.23,2.12,2.16,,,,0,0,0,0,0,58900,"CMSN2101",128455000
1,0,0,0,74800,1983900,"2021-02-18T00:00:00",74800,2.207072192513369,2.12,2.2,2.29,2.05,2.05,,,,0,0,0,0,0,74800,"CMSN2101",165089000
1,0,0,0,53500,1983900,"2021-02-17T00:00:00",53500,2.0526728971962616,2.1,2.12,2.2,2,2.2,,,,0,0,0,0,0,53500,"CMSN2101",109818000
1,0,0,0,105000,1983900,"2021-02-09T00:00:00",105000,2.03452380952381,1.9,2.1,2.15,1.9,1.9,,,,0,0,0,0,0,105000,"CMSN2101",213625000
1,0,14500,30053932.346723046,94600,1998200,"2021-02-08T00:00:00",94600,2.0726849894291752,2.2,1.9,2.2,1.9,2.2,,,,0,0,0,0,0,94600,"CMSN2101",196076000
1,0,0,0,747000,1998200,"2021-02-05T00:00:00",74700,2.215488621151272,2.28,2.2,2.28,2.1,2.28,,,,0,0,0,0,0,747000,"CMSN2101",165497000
1,0,0,0,1350000,1997800,"2021-02-04T00:00:00",135000,2.2523925925925927,2.28,2.28,2.43,2.23,2.43,,,,0,0,0,2000,450478.51851851854,1350000,"CMSN2101",304073000
1,0,0,0,955000,1997800,"2021-02-03T00:00:00",95500,2.2922722513089004,2.28,2.28,2.36,2.15,2.35,,,,0,0,0,0,0,955000,"CMSN2101",218912000
1,0,0,0,1646000,1997700,"2021-02-02T00:00:00",164600,2.116755771567436,2.21,2.28,2.32,1.95,1.95,,,,0,0,0,4000,846702.3086269745,1646000,"CMSN2101",348418000
1,0,2000,461478.2608695653,1817000,1997900,"2021-02-01T00:00:00",181700,2.307391304347826,2.5,2.21,2.7,2.21,2.7,,,,0,0,0,0,0,1817000,"CMSN2101",419253000
1,0,0,0,1736000,1997900,"2021-01-29T00:00:00",173600,2.3377707373271885,2.36,2.5,2.6,2.07,2.07,,,,0,0,0,1000,233777.07373271888,1736000,"CMSN2101",405837000
1,0,4000,927784.2211732974,1483000,1998300,"2021-01-28T00:00:00",148300,2.36,2.68,2.36,2.66,2.36,2.36,,,,0,0,0,0,0,1483000,"CMSN2101",343976000
1,0,16000,4451913.626209978,2686000,1999900,"2021-01-27T00:00:00",268600,2.782446016381236,2.68,2.68,2.99,2.52,2.99,,,,0,0,0,0,0,2686000,"CMSN2101",747365000
1,0,1000,266828.7679646235,8141000,2000000,"2021-01-26T00:00:00",814100,2.668287679646235,2.35,2.68,2.68,2.55,2.68,,,,0,0,0,0,0,8141000,"CMSN2101",2172253000
1,0,0,0,770000,979800,"2021-01-25T00:00:00",77000,2.35,2.03,2.35,2.35,2.35,2.35,,,,0,0,0,0,0,770000,"CMSN2101",180950000
1,0,0,0,397000,428200,"2021-01-22T00:00:00",39700,2.03,1.71,2.03,2.03,2.03,2.03,,,,0,0,0,0,0,397000,"CMSN2101",80591000
1,0,0,0,10252000,9300,"2021-01-21T00:00:00",1025200,1.66,1.66,1.71,1.97,1.61,1.7,,,,0,0,0,1020200,1708220014.0460398,10252000,"CMSN2101",1716592000
1,0,0,0,5516000,0,"2021-01-20T00:00:00",551600,1.672643219724438,1.6,1.66,1.91,1.52,1.91,,,,0,0,0,551600,922630000,5516000,"CMSN2101",922630000
1,0,0,0,4189000,0,"2021-01-19T00:00:00",418900,1.8061924086894245,1.49,1.6,1.82,1.6,1.82,,,,0,0,0,418900,756614000,4189000,"CMSN2101",756614000
1,0,0,0,93000,0,"2021-01-18T00:00:00",9300,1.49,1.17,1.49,1.49,1.49,1.49,,,,0,0,0,9300,13857000,93000,"CMSN2101",13857000
