"adjRatio","buyCount","buyForeignQuantity","buyForeignValue","buyQuantity","currentForeignRoom","date","dealVolume","priceAverage","priceBasic","priceClose","priceHigh","priceLow","priceOpen","propTradingNetDealValue","propTradingNetPTValue","propTradingNetValue","putthroughValue","putthroughVolume","sellCount","sellForeignQuantity","sellForeignValue","sellQuantity","symbol","totalValue"
1,0,0,0,0,7000000,"2022-11-03T00:00:00",854500,0.01,0.01,0.01,0.01,0.01,0.01,0,0,0,0,0,0,0,0,0,"CMWG2205",8545000
1,0,0,0,0,7000000,"2022-11-02T00:00:00",0,0.01,0.01,0.01,0.01,0.01,0.01,0,0,0,0,0,0,0,0,0,"CMWG2205",0
1,0,0,0,0,7000000,"2022-11-01T00:00:00",0,0.01,0.01,0.01,0.01,0.01,0.01,0,0,0,0,0,0,0,0,0,"CMWG2205",0
1,0,0,0,0,7000000,"2022-10-31T00:00:00",1100,0.01,0.01,0.01,0.01,0.01,0.01,0,0,0,0,0,0,0,0,0,"CMWG2205",11000
1,0,0,0,0,7000000,"2022-10-28T00:00:00",3000,0.01,0.01,0.01,0.01,0.01,0.01,0,0,0,0,0,0,0,0,0,"CMWG2205",30000
1,0,0,0,0,7000000,"2022-10-27T00:00:00",900,0.01,0.01,0.01,0.01,0.01,0.01,0,0,0,0,0,0,0,0,0,"CMWG2205",9000
1,0,0,0,0,7000000,"2022-10-26T00:00:00",7300,0.01,0.01,0.01,0.01,0.01,0.01,0,0,0,0,0,0,0,0,0,"CMWG2205",73000
1,0,0,0,0,7000000,"2022-10-25T00:00:00",163400,0.01,0.01,0.01,0.01,0.01,0.01,0,0,0,0,0,0,0,0,0,"CMWG2205",1634000
1,0,0,0,0,7000000,"2022-10-24T00:00:00",651400,0.01,0.01,0.01,0.01,0.01,0.01,0,0,0,0,0,0,0,0,0,"CMWG2205",6514000
1,0,0,0,0,7000000,"2022-10-21T00:00:00",90600,0.01001,0.02,0.01,0.02,0.01,0.01,0,0,0,0,0,0,0,0,0,"CMWG2205",906906
1,0,0,0,0,7000000,"2022-10-20T00:00:00",194000,0.017410000000000002,0.03,0.02,0.02,0.01,0.01,0,0,0,0,0,0,0,0,0,"CMWG2205",3377540
1,0,0,0,0,7000000,"2022-10-19T00:00:00",98500,0.01941,0.02,0.03,0.03,0.01,0.02,0,0,0,0,0,0,0,0,0,"CMWG2205",1911885
1,0,0,0,0,7000000,"2022-10-18T00:00:00",185500,0.01916,0.02,0.02,0.03,0.01,0.03,0,0,0,0,0,0,0,0,0,"CMWG2205",3554180
1,0,0,0,0,7000000,"2022-10-17T00:00:00",254400,0.02045,0.03,0.02,0.03,0.02,0.03,0,0,0,0,0,0,0,0,0,"CMWG2205",5202480
1,0,0,0,0,7000000,"2022-10-14T00:00:00",167000,0.030199999999999998,0.03,0.03,0.07,0.02,0.07,0,0,0,0,0,0,0,0,0,"CMWG2205",5043400
1,0,0,0,0,7000000,"2022-10-13T00:00:00",106500,0.03096,0.04,0.03,0.04,0.03,0.04,0,0,0,0,0,0,0,0,0,"CMWG2205",3297240
1,0,0,0,0,7000000,"2022-10-12T00:00:00",152000,0.04373,0.02,0.04,0.05,0.03,0.05,0,0,0,0,0,0,0,0,0,"CMWG2205",6646960
1,0,0,0,0,7000000,"2022-10-11T00:00:00",101800,0.03483,0.07,0.02,0.08,0.01,0.08,-1000000,0,-1000000,0,0,0,0,0,0,"CMWG2205",3545694
1,0,0,0,0,7000000,"2022-10-10T00:00:00",140400,0.05647,0.04,0.07,0.07,0.03,0.05,0,0,0,0,0,0,0,0,0,"CMWG2205",7928388
1,0,0,0,0,7000000,"2022-10-07T00:00:00",232100,0.030379999999999997,0.07,0.04,0.06,0.01,0.05,-1333000,0,-1333000,0,0,0,0,0,0,"CMWG2205",7051198
1,0,0,0,0,7000000,"2022-10-06T00:00:00",189000,0.059,0.12,0.07,0.09,0.04,0.09,892000,0,892000,0,0,0,0,0,0,"CMWG2205",11151000
1,0,0,0,0,7000000,"2022-10-05T00:00:00",180200,0.09362999999999999,0.12,0.12,0.14,0.08,0.14,4016000,0,4016000,0,0,0,0,0,0,"CMWG2205",16872126
1,0,0,0,0,7000000,"2022-10-04T00:00:00",187200,0.1003,0.09,0.12,0.12,0.09,0.09,0,0,0,0,0,0,0,0,0,"CMWG2205",18776160
1,0,0,0,0,7000000,"2022-10-03T00:00:00",456300,0.08324,0.16,0.09,0.15,0.06,0.12,-12630000,0,-12630000,0,0,0,0,0,0,"CMWG2205",37982412
1,0,0,0,0,7000000,"2022-09-30T00:00:00",508000,0.11554,0.15,0.16,0.16,0.1,0.15,-38925000,0,-38925000,0,0,0,0,0,0,"CMWG2205",58694320
1,0,0,0,0,7000000,"2022-09-29T00:00:00",696600,0.20940999999999999,0.28,0.15,0.29,0.15,0.28,-78918000,0,-78918000,0,0,0,0,0,0,"CMWG2205",145875006
1,0,0,0,0,7000000,"2022-09-28T00:00:00",613800,0.24546,0.29,0.28,0.28,0.22,0.24,1261000,0,1261000,0,0,0,0,0,0,"CMWG2205",150663348
1,0,0,0,0,7000000,"2022-09-27T00:00:00",752100,0.32672,0.3,0.29,0.43,0.29,0.4,71313000,0,71313000,0,0,0,0,0,0,"CMWG2205",245726112
1,0,0,0,0,7000000,"2022-09-26T00:00:00",1577100,0.32836000000000004,0.47,0.3,0.41,0.25,0.41,-221876000,0,-221876000,0,0,0,0,0,0,"CMWG2205",517856556
1,0,0,0,0,7000000,"2022-09-23T00:00:00",1063200,0.46626999999999996,0.5,0.47,0.5,0.42,0.49,-73313000,0,-73313000,0,0,0,0,0,0,"CMWG2205",495738264
1,0,0,0,0,7000000,"2022-09-22T00:00:00",473000,0.4661,0.54,0.5,0.55,0.42,0.48,-154195000,0,-154195000,0,0,0,0,0,0,"CMWG2205",220465300
1,0,0,0,0,7000000,"2022-09-21T00:00:00",1105300,0.5577000000000001,0.68,0.54,0.61,0.54,0.56,-235128000,0,-235128000,0,0,0,0,0,0,"CMWG2205",616425810
1,0,0,0,0,7000000,"2022-09-20T00:00:00",506800,0.6285499999999999,0.56,0.68,0.68,0.5,0.65,141610000,0,141610000,0,0,0,0,0,0,"CMWG2205",318549140
1,0,0,0,0,7000000,"2022-09-19T00:00:00",525400,0.6547999999999999,0.7,0.56,0.76,0.53,0.76,-312402000,0,-312402000,0,0,0,0,0,0,"CMWG2205",344031920
1,0,0,0,0,7000000,"2022-09-16T00:00:00",1051600,0.7892100000000001,0.9,0.7,0.9,0.7,0.9,-564030000,0,-564030000,0,0,0,0,0,0,"CMWG2205",829933236
1,0,0,0,0,7000000,"2022-09-15T00:00:00",463400,0.95002,0.88,0.9,0.98,0.89,0.94,-359714000,0,-359714000,0,0,0,0,0,0,"CMWG2205",440239268
1,0,0,0,0,7000000,"2022-09-14T00:00:00",353900,0.8665700000000001,1,0.88,0.93,0.85,0.86,-274015000,0,-274015000,0,0,0,0,0,0,"CMWG2205",306679123
1,0,0,0,0,7000000,"2022-09-13T00:00:00",179200,0.94938,0.99,1,1,0.93,0.95,158058000,0,158058000,0,0,0,0,0,0,"CMWG2205",170128896
1,0,0,0,0,7000000,"2022-09-12T00:00:00",986000,0.9524400000000001,0.82,0.99,1.12,0.82,0.82,0,0,0,0,0,0,0,0,0,"CMWG2205",939105840
1,0,0,0,0,7000000,"2022-09-09T00:00:00",479600,0.7737200000000001,0.78,0.82,0.82,0.73,0.79,-65141000,0,-65141000,0,0,0,0,0,0,"CMWG2205",371076112
1,0,0,0,0,7000000,"2022-09-08T00:00:00",495600,0.7845,0.87,0.78,0.87,0.73,0.78,-335463000,0,-335463000,0,0,0,0,0,0,"CMWG2205",388798200
1,0,0,0,0,7000000,"2022-09-07T00:00:00",833300,0.8488600000000001,0.94,0.87,0.92,0.76,0.92,-271238000,0,-271238000,0,0,0,0,0,0,"CMWG2205",707355038
1,0,0,0,0,7000000,"2022-09-06T00:00:00",329600,0.92802,0.95,0.94,0.97,0.91,0.94,-215958000,0,-215958000,0,0,0,0,0,0,"CMWG2205",305875392
1,0,0,0,0,7000000,"2022-09-05T00:00:00",920300,1.00034,1,0.95,1.05,0.95,1.04,-233881000,0,-233881000,0,0,0,0,0,0,"CMWG2205",920612902
1,0,0,0,0,7000000,"2022-08-31T00:00:00",804800,1.0018099999999999,1.05,1,1.06,0.93,0.93,-611825000,0,-611825000,0,0,0,0,0,0,"CMWG2205",806256688
1,0,0,0,0,7000000,"2022-08-30T00:00:00",309400,1.0871600000000001,1.1,1.05,1.17,1,1.16,245685000,0,245685000,0,0,0,0,0,0,"CMWG2205",336367304
1,0,0,0,0,7000000,"2022-08-29T00:00:00",806600,0.9118099999999999,0.97,1.1,1.1,0.83,0.93,-19441000,0,-19441000,0,0,0,0,0,0,"CMWG2205",735465946
1,0,0,0,0,7000000,"2022-08-26T00:00:00",1314600,0.91784,0.67,0.97,1.05,0.69,0.69,623729000,0,623729000,0,0,0,0,0,0,"CMWG2205",1206592464
1,0,0,0,0,7000000,"2022-08-25T00:00:00",548300,0.65227,0.59,0.67,0.68,0.62,0.62,105341000,0,105341000,0,0,0,0,0,0,"CMWG2205",357639641
1,0,0,0,0,7000000,"2022-08-24T00:00:00",238400,0.56344,0.58,0.59,0.6,0.54,0.6,-69760000,0,-69760000,0,0,0,0,0,0,"CMWG2205",134324096
1,0,0,0,0,7000000,"2022-08-23T00:00:00",1280400,0.61337,0.57,0.58,0.64,0.57,0.57,693217000,0,693217000,0,0,0,0,0,0,"CMWG2205",785358948
1,0,0,0,0,7000000,"2022-08-22T00:00:00",565800,0.57435,0.5,0.57,0.6,0.51,0.54,286576000,0,286576000,0,0,0,0,0,0,"CMWG2205",324967230
1,0,0,0,0,7000000,"2022-08-19T00:00:00",84900,0.51761,0.56,0.5,0.56,0.48,0.55,1359000,0,1359000,0,0,0,0,0,0,"CMWG2205",43945089
1,0,0,0,0,7000000,"2022-08-18T00:00:00",567000,0.49981,0.51,0.56,0.56,0.48,0.49,-169110000,0,-169110000,0,0,0,0,0,0,"CMWG2205",283392270
1,0,0,0,0,7000000,"2022-08-17T00:00:00",939100,0.56287,0.58,0.51,0.59,0.51,0.59,111540000,0,111540000,0,0,0,0,0,0,"CMWG2205",528591217
1,0,0,0,0,7000000,"2022-08-16T00:00:00",1798900,0.5989,0.5,0.58,0.64,0.5,0.5,811585000,0,811585000,0,0,0,0,0,0,"CMWG2205",1077361210
1,0,0,0,0,7000000,"2022-08-15T00:00:00",385800,0.487,0.43,0.5,0.52,0.43,0.44,18820000,0,18820000,0,0,0,0,0,0,"CMWG2205",187884600
1,0,0,0,0,7000000,"2022-08-12T00:00:00",749000,0.41504,0.43,0.43,0.45,0.39,0.42,-96382000,0,-96382000,0,0,0,0,0,0,"CMWG2205",310864960
1,0,0,0,0,7000000,"2022-08-11T00:00:00",1015600,0.48078,0.49,0.43,0.5,0.43,0.5,-439198000,0,-439198000,0,0,0,0,0,0,"CMWG2205",488280168
1,0,0,0,0,7000000,"2022-08-10T00:00:00",924800,0.49839999999999995,0.48,0.49,0.52,0.46,0.46,96168000,0,96168000,0,0,0,0,0,0,"CMWG2205",460920320
1,0,0,0,0,7000000,"2022-08-09T00:00:00",449400,0.47969,0.47,0.48,0.49,0.46,0.48,170674000,0,170674000,0,0,0,0,0,0,"CMWG2205",215572686
1,0,0,0,0,7000000,"2022-08-08T00:00:00",409500,0.45604,0.47,0.47,0.48,0.44,0.46,13231000,0,13231000,0,0,0,0,0,0,"CMWG2205",186748380
1,0,0,0,0,7000000,"2022-08-05T00:00:00",1079200,0.47005,0.47,0.47,0.5,0.45,0.47,344206000,0,344206000,0,0,0,0,0,0,"CMWG2205",507277960
1,0,0,0,0,7000000,"2022-08-04T00:00:00",1081400,0.46897000000000005,0.44,0.47,0.5,0.44,0.44,207825000,0,207825000,0,0,0,0,0,0,"CMWG2205",507144158
1,0,0,0,0,7000000,"2022-08-03T00:00:00",227500,0.43348000000000003,0.45,0.44,0.45,0.41,0.44,-24871000,0,-24871000,0,0,0,0,0,0,"CMWG2205",98616700
1,0,0,0,0,7000000,"2022-08-02T00:00:00",311700,0.45006999999999997,0.45,0.45,0.49,0.43,0.44,-51879000,0,-51879000,0,0,0,0,0,0,"CMWG2205",140286819
1,0,0,0,0,7000000,"2022-08-01T00:00:00",2651400,0.39525,0.42,0.45,0.6,0.37,0.42,-809699000,0,-809699000,0,0,0,0,0,0,"CMWG2205",1047965850
1,0,0,0,0,7000000,"2022-07-29T00:00:00",1182900,0.44309,0.49,0.42,0.48,0.42,0.47,-464559000,0,-464559000,0,0,0,0,0,0,"CMWG2205",524131161
1,0,0,0,0,7000000,"2022-07-28T00:00:00",392100,0.51017,0.49,0.49,0.67,0.49,0.67,-194369000,0,-194369000,0,0,0,0,0,0,"CMWG2205",200037657
1,0,0,0,0,7000000,"2022-07-27T00:00:00",406300,0.50098,0.54,0.49,0.54,0.48,0.54,-195278000,0,-195278000,0,0,0,0,0,0,"CMWG2205",203548174
1,0,0,0,0,6998600,"2022-07-26T00:00:00",249700,0.56237,0.56,0.54,0.6,0.54,0.58,-57306000,0,-57306000,0,0,0,0,0,0,"CMWG2205",140423789
1,0,0,0,0,6998500,"2022-07-25T00:00:00",321800,0.5895900000000001,0.67,0.56,0.74,0.55,0.74,-29386000,0,-29386000,0,0,0,0,0,0,"CMWG2205",189730062
1,0,0,0,0,6996000,"2022-07-22T00:00:00",401800,0.68663,0.68,0.67,0.81,0.56,0.56,54213000,0,54213000,0,0,0,1400,961282,0,"CMWG2205",275887934
1,0,0,0,0,6996000,"2022-07-21T00:00:00",596500,0.57424,0.58,0.68,0.7,0.48,0.48,72685000,0,72685000,0,0,0,100,57424,0,"CMWG2205",342534160
1,0,0,0,0,6996000,"2022-07-20T00:00:00",609100,0.46545,0.43,0.58,0.6,0.36,0.43,143898000,0,143898000,0,0,0,2500,1163625,0,"CMWG2205",283505595
1,0,1400,607334,0,6997400,"2022-07-19T00:00:00",4271400,0.43381000000000003,0.49,0.43,0.49,0.38,0.49,1710566000,0,1710566000,0,0,0,0,0,0,"CMWG2205",1852976034
1,0,100,52028,0,6997500,"2022-07-18T00:00:00",676700,0.52028,0.57,0.49,0.6,0.48,0.52,-1294000,0,-1294000,0,0,0,0,0,0,"CMWG2205",352073476
1,0,0,0,0,6997500,"2022-07-15T00:00:00",146900,0.59827,0.69,0.57,0.69,0.57,0.67,129000,0,129000,0,0,0,0,0,0,"CMWG2205",87885863
1,0,0,0,0,6997500,"2022-07-14T00:00:00",202800,0.64624,0.71,0.69,0.69,0.61,0.63,-7110000,0,-7110000,0,0,0,0,0,0,"CMWG2205",131057472
1,0,500,319945,0,6998000,"2022-07-13T00:00:00",437500,0.63989,0.72,0.71,0.73,0.59,0.7,-81360000,0,-81360000,0,0,0,0,0,0,"CMWG2205",279951875
1,0,0,0,0,6996000,"2022-07-12T00:00:00",287700,0.72403,0.75,0.72,0.74,0.71,0.74,-143486000,0,-143486000,0,0,0,0,0,0,"CMWG2205",208303431
1,0,0,0,0,6996000,"2022-07-11T00:00:00",409000,0.7359600000000001,0.77,0.75,0.78,0.72,0.77,-139292000,0,-139292000,0,0,0,0,0,0,"CMWG2205",301007640
1,0,0,0,0,6996000,"2022-07-08T00:00:00",468700,0.81371,0.75,0.77,0.9,0.77,0.78,-300403000,0,-300403000,0,0,0,2000,1627420,0,"CMWG2205",381385877
1,0,1500,1137825,0,6997500,"2022-07-07T00:00:00",1052900,0.75855,0.89,0.75,0.85,0.74,0.76,-703213000,0,-703213000,0,0,0,0,0,0,"CMWG2205",798677295
1,0,500,420585,0,6998000,"2022-07-06T00:00:00",439900,0.84117,0.83,0.89,0.92,0.78,0.79,-345660000,0,-345660000,0,0,0,0,0,0,"CMWG2205",370030683
1,0,0,0,0,6998000,"2022-07-05T00:00:00",1011300,0.9172,1.07,0.83,1.03,0.8,1.03,-922229000,0,-922229000,0,0,0,0,0,0,"CMWG2205",927564360
1,0,2000,2228340,0,7000000,"2022-07-04T00:00:00",984100,1.11417,1.37,1.07,1.28,0.98,1.28,-900888000,0,-900888000,0,0,0,0,0,0,"CMWG2205",1096454697
1,0,0,0,0,7000000,"2022-07-01T00:00:00",1424300,1.27007,1.38,1.37,1.41,1.18,1.4,-663356000,0,-663356000,0,0,0,0,0,0,"CMWG2205",1808960701
1,0,0,0,0,7000000,"2022-06-30T00:00:00",686200,1.47773,1.44,1.38,1.58,1.38,1.58,-581273000,0,-581273000,0,0,0,0,0,0,"CMWG2205",1014018326
1,0,0,0,0,7000000,"2022-06-29T00:00:00",422000,1.53135,1.58,1.44,1.66,1.44,1.66,-106105000,0,-106105000,0,0,0,0,0,0,"CMWG2205",646229700
1,0,0,0,0,7000000,"2022-06-28T00:00:00",776100,1.4588299999999998,1.42,1.58,1.59,1.43,1.56,-1054337000,0,-1054337000,0,0,0,0,0,0,"CMWG2205",1132197963
1,0,0,0,0,7000000,"2022-06-27T00:00:00",244700,1.49198,1.43,1.42,1.52,1.42,1.52,-337634000,0,-337634000,0,0,0,0,0,0,"CMWG2205",365087506
1,0,0,0,0,7000000,"2022-06-24T00:00:00",99300,1.52137,1.41,1.43,1.67,1.43,1.67,80302000,0,80302000,0,0,0,0,0,0,"CMWG2205",151072041
1,0,0,0,0,7000000,"2022-06-23T00:00:00",226500,1.44224,1.35,1.41,1.61,1.34,1.34,-289132000,0,-289132000,0,0,0,0,0,0,"CMWG2205",326667360
1,0,0,0,0,7000000,"2022-06-22T00:00:00",193000,1.38342,1.66,1.35,1.77,1.28,1.77,-267001000,0,-267001000,0,0,0,0,0,0,"CMWG2205",267000060
1,0,0,0,0,7000000,"2022-06-21T00:00:00",203400,1.65187,1.63,1.66,1.95,1.5,1.81,-255234000,0,-255234000,0,0,0,0,0,0,"CMWG2205",335990358
1,0,0,0,0,6997000,"2022-06-20T00:00:00",126100,1.90299,2.24,1.63,2.24,1.63,2.22,-220537000,0,-220537000,0,0,0,0,0,0,"CMWG2205",239967039
1,0,0,0,0,6997000,"2022-06-17T00:00:00",34500,2.26386,2,2.24,2.3,2.1,2.1,-21024000,0,-21024000,0,0,0,0,0,0,"CMWG2205",78103170
1,0,0,0,0,6997000,"2022-06-16T00:00:00",199900,2.31329,1.72,2,2.4,2,2.38,382136000,0,382136000,0,0,0,3000,6939870,0,"CMWG2205",462426671
1,0,0,0,0,6997000,"2022-06-15T00:00:00",17000,1.70976,1.6,1.72,1.82,1.66,1.66,-13216000,0,-13216000,0,0,0,0,0,0,"CMWG2205",29065920
1,0,0,0,0,6997000,"2022-06-14T00:00:00",28900,1.53865,1.43,1.6,1.6,1.4,1.4,-16567000,0,-16567000,0,0,0,0,0,0,"CMWG2205",44466985
1,0,3000,4852110,0,7000000,"2022-06-13T00:00:00",188500,1.61737,1.98,1.43,1.81,1.43,1.79,-304875000,0,-304875000,0,0,0,0,0,0,"CMWG2205",304874245
1,0,0,0,0,7000000,"2022-06-10T00:00:00",12000,2.14667,2.12,1.98,2.18,1.98,2.18,-25760000,0,-25760000,0,0,0,0,0,0,"CMWG2205",25760040
1,0,0,0,0,7000000,"2022-06-09T00:00:00",10900,2.2231199999999998,2.24,2.12,2.26,2.12,2.26,-21688000,0,-21688000,0,0,0,0,0,0,"CMWG2205",24232008
1,0,0,0,0,7000000,"2022-06-08T00:00:00",5200,2.32654,2.08,2.24,2.33,2.24,2.33,-12098000,0,-12098000,0,0,0,0,0,0,"CMWG2205",12098008
1,0,0,0,0,7000000,"2022-06-07T00:00:00",9800,2.12816,2.25,2.08,2.29,2.08,2.17,-16018000,0,-16018000,0,0,0,0,0,0,"CMWG2205",20855968
1,0,0,0,0,7000000,"2022-06-06T00:00:00",10100,2.32634,2.27,2.25,2.8,2.25,2.8,-17120000,0,-17120000,0,0,0,0,0,0,"CMWG2205",23496034
1,0,0,0,0,7000000,"2022-06-03T00:00:00",5600,2.26107,1.95,2.27,2.27,2.26,2.26,-12662000,0,-12662000,0,0,0,0,0,0,"CMWG2205",12661992
1,0,0,0,0,7000000,"2022-06-02T00:00:00",6800,1.9523499999999998,1.72,1.95,2.01,1.95,1.99,-13276000,0,-13276000,0,0,0,0,0,0,"CMWG2205",13275980
1,0,0,0,0,7000000,"2022-06-01T00:00:00",4200,1.7519,2.14,1.72,1.82,1.7,1.78,-7358000,0,-7358000,0,0,0,0,0,0,"CMWG2205",7357980
