"adjRatio","buyCount","buyForeignQuantity","buyForeignValue","buyQuantity","currentForeignRoom","date","dealVolume","priceAverage","priceBasic","priceClose","priceHigh","priceLow","priceOpen","propTradingNetDealValue","propTradingNetPTValue","propTradingNetValue","putthroughValue","putthroughVolume","sellCount","sellForeignQuantity","sellForeignValue","sellQuantity","symbol","totalValue"
1,0,255800,575723736.9942197,276800,1101120,"2021-02-26T00:00:00",276800,2.27,2.3,2.27,2.28,2.23,2.23,,,,0,0,0,12900,29033761.56069364,276800,"CSTB2015",622988000
1,0,286500,644135752.5325615,345500,1365320,"2021-02-25T00:00:00",345500,2.2482923299565845,2.3,2.3,2.3,2.21,2.3,,,,0,0,0,40900,91955156.29522431,345500,"CSTB2015",776785000
1,0,291300,683994601.5768726,380500,1625920,"2021-02-24T00:00:00",380500,2.3480762155059134,2.44,2.3,2.55,2.2,2.45,,,,0,0,0,57300,134544767.14848882,380500,"CSTB2015",893443000
1,0,291800,709428479.4851166,372900,1879420,"2021-02-23T00:00:00",372900,2.4312148028962186,2.43,2.44,2.5,2.27,2.27,,,,0,0,0,22300,54216090.10458568,372900,"CSTB2015",906600000
1,0,167700,411963451.4734774,254500,2022520,"2021-02-22T00:00:00",254500,2.456550098231827,2.4,2.43,2.58,2.3,2.39,,,,0,0,0,30700,75416088.01571709,254500,"CSTB2015",625192000
1,0,390300,937220670.2943801,560500,2405220,"2021-02-19T00:00:00",560500,2.40128278322926,2.35,2.4,2.5,2.15,2.29,,,,0,0,0,38300,91969130.59768064,560500,"CSTB2015",1345919000
1,0,150600,349482562.65769553,237800,2422720,"2021-02-18T00:00:00",237800,2.320601345668629,2.36,2.35,2.38,2.28,2.36,,,,0,0,0,24600,57086793.10344828,237800,"CSTB2015",551839000
1,0,264400,601183045.2920144,335600,2614620,"2021-02-17T00:00:00",335600,2.273763408820024,2.08,2.36,2.36,1.86,2.08,,,,0,0,0,7600,17280601.90703218,335600,"CSTB2015",763075000
1,0,1000,1882922.854038392,276100,2472520,"2021-02-09T00:00:00",276100,1.882922854038392,1.87,2.08,2.1,1.71,1.77,,,,0,0,0,133100,250617031.87250996,276100,"CSTB2015",519875000
1,0,95000,182875538.34529656,264700,2241520,"2021-02-08T00:00:00",264700,1.9250056667925952,2.11,1.87,2.19,1.64,2.11,,,,0,0,0,72500,139562910.84246317,264700,"CSTB2015",509549000
1,0,83700,164857773.72262773,3699000,2110020,"2021-02-05T00:00:00",369900,1.9696269261962693,1.9,2.11,2.11,1.87,2,,,,0,0,0,143100,281853613.1386861,3699000,"CSTB2015",728565000
1,0,133100,257512626.3998806,6697000,2051320,"2021-02-04T00:00:00",669700,1.9347304763326862,1.99,1.9,2.05,1.83,1.99,,,,0,0,0,326000,630722135.2844558,6697000,"CSTB2015",1295689000
1,0,72500,133983053.98991397,3371000,1781720,"2021-02-03T00:00:00",337100,1.8480421239988134,1.61,1.99,2.1,1.62,1.93,,,,0,0,0,215200,397698665.08454466,3371000,"CSTB2015",622975000
1,0,102500,153481134.41000262,3839000,1881420,"2021-02-02T00:00:00",383900,1.4973769210731962,1.39,1.61,1.89,1.2,1.2,,,,0,0,0,191800,287196893.461839,3839000,"CSTB2015",574843000
1,0,39000,60019607.14285715,4480000,1914720,"2021-02-01T00:00:00",448000,1.5389642857142858,1.75,1.39,1.9,1.33,1.8,,,,0,0,0,342100,526479682.1428572,4480000,"CSTB2015",689456000
1,0,1000,168922.88049029623,1958000,1843320,"2021-01-29T00:00:00",195800,1.689228804902962,1.59,1.75,2.1,1.07,1.07,,,,0,0,0,28000,4729840.653728294,1958000,"CSTB2015",330751000
1,0,0,0,766000,1841320,"2021-01-28T00:00:00",76600,1.59,2.19,1.59,1.75,1.59,1.65,,,,0,0,0,57000,9314588.772845954,766000,"CSTB2015",125175000
1,0,100,234360.9251369446,1643000,1756420,"2021-01-27T00:00:00",164300,2.343609251369446,2.8,2.19,2.79,2.18,2.21,,,,0,0,0,71500,167568061.4729154,1643000,"CSTB2015",385055000
1,0,0,0,910000,1738020,"2021-01-26T00:00:00",91000,2.9347802197802197,3.06,2.8,3.1,2.6,3.06,,,,0,0,0,21000,6163038.461538462,910000,"CSTB2015",267065000
1,0,0,0,1942000,1721420,"2021-01-25T00:00:00",194200,3.1658084449021624,3.6,3.06,3.55,2.93,2.93,,,,0,0,0,85000,269093717.8166838,1942000,"CSTB2015",614800000
1,0,0,0,1112000,1696220,"2021-01-22T00:00:00",111200,3.457410071942446,3.8,3.6,4,3.11,4,,,,0,0,0,18400,63616345.323741004,1112000,"CSTB2015",384464000
1,0,100,351937.8378378378,740000,1696320,"2021-01-21T00:00:00",74000,3.5193783783783785,3.4,3.8,4,3.4,4,,,,0,0,0,16600,58421681.08108108,740000,"CSTB2015",260434000
1,0,0,0,975000,1589420,"2021-01-20T00:00:00",97500,3.19185641025641,3.39,3.4,3.5,2.75,3.5,,,,0,0,0,25200,80434781.53846154,975000,"CSTB2015",311206000
1,0,51000,18785483.453981385,1934000,1564620,"2021-01-19T00:00:00",193400,3.683428128231644,4.06,3.39,4.4,3.36,4.4,,,,0,0,0,0,0,1934000,"CSTB2015",712375000
1,0,0,0,2068000,1480620,"2021-01-18T00:00:00",206800,4.136204061895552,3.88,4.06,4.5,3.68,4.39,,,,0,0,0,106900,442160214.2166345,2068000,"CSTB2015",855367000
1,0,62200,234255701.2987013,3388000,1479220,"2021-01-15T00:00:00",338800,3.766168831168831,3.18,3.88,3.88,3.4,3.4,,,,0,0,0,29900,112608448.05194807,3388000,"CSTB2015",1275978000
1,0,3000,9193718.592964824,2189000,1421620,"2021-01-14T00:00:00",218900,3.064572864321608,3.09,3.18,3.28,2.96,3.28,,,,0,0,0,84000,257424120.60301507,2189000,"CSTB2015",670835000
1,0,23000,71864018.15736382,2974000,1244920,"2021-01-13T00:00:00",297400,3.1245225285810356,3.09,3.09,3.2,3.09,3.12,,,,0,0,0,63600,198719632.81775388,2974000,"CSTB2015",929233000
1,0,102100,309652064.68763846,2257000,1312820,"2021-01-12T00:00:00",225700,3.032831191847585,3.12,3.09,3.13,2.94,3.12,,,,0,0,0,60600,183789570.22596365,2257000,"CSTB2015",684510000
1,0,54700,173823543.57270634,3913000,1266420,"2021-01-11T00:00:00",391300,3.177761308458983,2.7,3.12,3.3,3,3,,,,0,0,0,199700,634598933.2992588,3913000,"CSTB2015",1243458000
1,0,547000,1392033161.9022174,7486000,1751120,"2021-01-08T00:00:00",748600,2.5448503873897943,2.31,2.7,2.9,2.47,2.5,,,,0,0,0,34200,87033883.24873096,7486000,"CSTB2015",1905075000
1,0,252400,572852872.9406455,4431000,1973920,"2021-01-07T00:00:00",443100,2.2696231099074704,2.21,2.31,2.4,2.15,2.3,,,,0,0,0,101100,229458896.41164523,4431000,"CSTB2015",1005670000
1,0,629800,1399789349.885306,7411000,2603720,"2021-01-06T00:00:00",741100,2.2225934421805422,2.11,2.21,2.3,2.1,2.1,,,,0,0,0,62300,138467571.44784778,7411000,"CSTB2015",1647164000
1,0,122500,260703806.05822188,2542000,2595140,"2021-01-05T00:00:00",254200,2.11,2.02,2.11,2.18,2.03,2.03,,,,0,0,0,29600,62994552.32100709,2542000,"CSTB2015",540987000
1,0,181800,350687326.84824896,4626000,2776940,"2021-01-04T00:00:00",462600,1.928973194984868,1.8,2.02,2.06,1.79,1.9,,,,0,0,0,0,0,4626000,"CSTB2015",892343000
1,0,100,180374.75951095388,322260,2777040,"2020-12-31T00:00:00",322260,1.803747595109539,1.9,1.8,1.9,1.74,1.88,,,,0,0,0,131080,236435234.76695836,322260,"CSTB2015",581275700
1,0,91880,173093827.2453949,236150,2643440,"2020-12-30T00:00:00",236150,1.8839119203895829,1.85,1.9,2,1.8,1.9,,,,0,0,0,0,0,236150,"CSTB2015",444885800
1,0,0,0,22870,2401080,"2020-12-29T00:00:00",22870,1.8686838653257545,1.88,1.85,1.88,1.85,1.88,,,,0,0,0,0,0,22870,"CSTB2015",42736800
1,0,131080,235702975.63229814,402500,2433340,"2020-12-28T00:00:00",402500,1.798161242236025,1.8,1.88,1.88,1.76,1.86,,,,0,0,0,225480,405449396.8993789,402500,"CSTB2015",723759900
1,0,0,0,332150,1574960,"2020-12-25T00:00:00",332150,1.7219494204425712,1.8,1.8,1.9,1.64,1.8,,,,0,0,0,242360,417331661.53846157,332150,"CSTB2015",571945500
1,0,0,0,485870,1255970,"2020-12-24T00:00:00",485870,1.8698806265050323,1.89,1.8,1.9,1.79,1.89,,,,0,0,0,98820,184781603.51122728,485870,"CSTB2015",908518900
1,0,189620,366796692.80091834,1097640,1049070,"2020-12-23T00:00:00",1097640,1.934377664808134,1.94,1.89,1.98,1.89,1.94,,,,0,0,0,858380,1660431099.918006,1097640,"CSTB2015",2123250300
1,0,278220,536774025.0882748,603230,1009180,"2020-12-22T00:00:00",603230,1.929315020804668,1.91,1.94,2,1.86,1.99,,,,0,0,0,318990,615432198.4864811,603230,"CSTB2015",1163820700
1,0,98820,187517090.48725727,507740,612030,"2020-12-21T00:00:00",507740,1.8975621381021783,1.88,1.91,1.99,1.85,1.88,,,,0,0,0,396520,752421339.0002757,507740,"CSTB2015",963468200
1,0,466470,878462987.8696874,832460,839560,"2020-12-18T00:00:00",832460,1.88321432861639,1.73,1.88,1.92,1.75,1.75,,,,0,0,0,318110,599069310.0761598,832460,"CSTB2015",1567700600
1,0,410740,725067813.9177004,914950,1156070,"2020-12-17T00:00:00",914950,1.7652719820755234,1.74,1.73,1.85,1.66,1.74,,,,0,0,0,495970,875521944.9499973,914950,"CSTB2015",1615135600
1,0,452500,776109892.4312555,693510,889960,"2020-12-16T00:00:00",693510,1.7151599832734927,1.49,1.74,1.79,1.55,1.55,,,,0,0,0,238940,409820326.40336835,693510,"CSTB2015",1189480600
1,0,317180,475104277.4118276,411410,914360,"2020-12-15T00:00:00",411410,1.497901120536691,1.5,1.49,1.53,1.42,1.48,,,,0,0,0,94230,141147222.58817238,411410,"CSTB2015",616251500
1,0,79930,119869549.03502941,812460,542880,"2020-12-14T00:00:00",812460,1.4996815843241513,1.49,1.5,1.56,1.45,1.49,,,,0,0,0,718610,1077686183.3111784,812460,"CSTB2015",1218431300
1,0,151900,214426781.59217376,445680,501660,"2020-12-11T00:00:00",445680,1.4116312152216837,1.36,1.49,1.5,1.34,1.42,,,,0,0,0,292780,413297387.19260454,445680,"CSTB2015",629135800
1,0,29100,41995688.83061747,480510,333280,"2020-12-10T00:00:00",480510,1.4431508189215625,1.53,1.36,1.54,1.36,1.53,,,,0,0,0,451410,651452711.1693826,480510,"CSTB2015",693448400
1,0,43960,68686411.51586369,238280,226380,"2020-12-09T00:00:00",238280,1.5624752392143697,1.5,1.53,1.94,1.5,1.94,,,,0,0,0,193120,301745218.19707906,238280,"CSTB2015",372306600
1,0,39000,54482561.31596752,236480,140540,"2020-12-08T00:00:00",236480,1.396988751691475,1.42,1.5,1.53,1.35,1.42,,,,0,0,0,197480,275877338.6840325,236480,"CSTB2015",330359900
1,0,10000,13826084.794231009,0,69410,"2020-12-07T00:00:00",160860,1.3826084794231008,1.5,1.42,1.49,1.35,1.49,,,,0,0,0,150860,208580315.205769,0,"CSTB2015",222406400
1,0,0,0,0,0,"2020-12-04T00:00:00",124840,1.5032713873758412,1.5,1.5,1.57,1.38,1.4,,,,0,0,0,124840,187668400,0,"CSTB2015",187668400
1,0,0,0,0,0,"2020-12-03T00:00:00",81130,1.4210218168371749,1.4,1.5,1.55,1.4,1.4,,,,0,0,0,81130,115287500,0,"CSTB2015",115287500
1,0,0,0,0,0,"2020-12-02T00:00:00",69410,1.3718340296787208,1.39,1.4,1.45,1.33,1.45,,,,0,0,0,69410,95219000,0,"CSTB2015",95219000
