"adjRatio","buyCount","buyForeignQuantity","buyForeignValue","buyQuantity","currentForeignRoom","date","dealVolume","priceAverage","priceBasic","priceClose","priceHigh","priceLow","priceOpen","propTradingNetDealValue","propTradingNetPTValue","propTradingNetValue","putthroughValue","putthroughVolume","sellCount","sellForeignQuantity","sellForeignValue","sellQuantity","symbol","totalValue"
1,0,0,0,0,10000000,"2023-01-18T00:00:00",16200,4.75309,4.29,4.35,4.76,4.35,4.71,,,,0,0,0,0,0,0,"CSTB2225",77000058
1,0,0,0,0,10000000,"2023-01-17T00:00:00",112100,4.3337200000000005,4.24,4.29,4.61,4.29,4.29,-435099000,0,-435099000,0,0,0,0,0,0,"CSTB2225",485810012
1,0,0,0,0,10000000,"2023-01-16T00:00:00",15100,4.202850000000001,4.09,4.24,4.24,4.09,4.1,55273000,0,55273000,0,0,0,0,0,0,"CSTB2225",63463035
1,0,0,0,0,10000000,"2023-01-13T00:00:00",18100,4.181439999999999,3.96,4.09,4.2,4.09,4.13,30177000,0,30177000,0,0,0,0,0,0,"CSTB2225",75684064
1,0,0,0,0,10000000,"2023-01-12T00:00:00",214900,4.0068,4.01,3.96,4.05,3.93,4.05,-708630000,0,-708630000,0,0,0,0,0,0,"CSTB2225",861061320
1,0,0,0,0,10000000,"2023-01-11T00:00:00",130300,4.1453,4.03,4.01,4.23,4.01,4.1,246337000,0,246337000,0,0,0,0,0,0,"CSTB2225",540132590
1,0,0,0,0,10000000,"2023-01-10T00:00:00",14400,4.03917,4.08,4.03,4.23,4,4.09,-54908000,0,-54908000,0,0,0,0,0,0,"CSTB2225",58164048
1,0,0,0,0,10000000,"2023-01-09T00:00:00",135000,4.118930000000001,3.96,4.08,4.19,4.05,4.12,-435252000,0,-435252000,0,0,0,0,0,0,"CSTB2225",556055550
1,0,0,0,0,10000000,"2023-01-06T00:00:00",28100,4.1729899999999995,3.83,3.96,4.29,3.96,3.97,-117261000,0,-117261000,0,0,0,0,0,0,"CSTB2225",117261019
1,0,0,0,0,10000000,"2023-01-05T00:00:00",20300,3.7857600000000002,3.42,3.83,3.83,3.77,3.81,-76851000,0,-76851000,0,0,0,0,0,0,"CSTB2225",76850928
