"adjRatio","buyCount","buyForeignQuantity","buyForeignValue","buyQuantity","currentForeignRoom","date","dealVolume","priceAverage","priceBasic","priceClose","priceHigh","priceLow","priceOpen","propTradingNetDealValue","propTradingNetPTValue","propTradingNetValue","putthroughValue","putthroughVolume","sellCount","sellForeignQuantity","sellForeignValue","sellQuantity","symbol","totalValue"
1,0,0,0,0,10000000,"2022-12-26T00:00:00",200,0.01,0.01,0.01,0.01,0.01,0.01,,,,0,0,0,0,0,0,"CTCB2210",2000
1,0,0,0,0,10000000,"2022-12-23T00:00:00",100,0.01,0.01,0.01,0.01,0.01,0.01,1000,0,1000,0,0,0,0,0,0,"CTCB2210",1000
1,0,0,0,0,10000000,"2022-12-22T00:00:00",100,0.01,0.01,0.01,0.01,0.01,0.01,1000,0,1000,0,0,0,0,0,0,"CTCB2210",1000
1,0,0,0,0,10000000,"2022-12-21T00:00:00",400,0.01,0.01,0.01,0.01,0.01,0.01,1000,0,1000,0,0,0,0,0,0,"CTCB2210",4000
1,0,0,0,0,10000000,"2022-12-20T00:00:00",3100,0.01,0.01,0.01,0.01,0.01,0.01,1000,0,1000,0,0,0,0,0,0,"CTCB2210",31000
1,0,0,0,0,10000000,"2022-12-19T00:00:00",260000,0.01001,0.01,0.01,0.02,0.01,0.01,-9000,0,-9000,0,0,0,0,0,0,"CTCB2210",2602600
1,0,0,0,0,10000000,"2022-12-16T00:00:00",567000,0.01081,0.01,0.01,0.02,0.01,0.02,0,0,0,0,0,0,0,0,0,"CTCB2210",6129270
1,0,0,0,0,10000000,"2022-12-15T00:00:00",379900,0.01009,0.01,0.01,0.02,0.01,0.01,0,0,0,0,0,0,0,0,0,"CTCB2210",3833191
1,0,0,0,0,10000000,"2022-12-14T00:00:00",587000,0.01,0.01,0.01,0.01,0.01,0.01,-1000,0,-1000,0,0,0,0,0,0,"CTCB2210",5870000
1,0,0,0,0,10000000,"2022-12-13T00:00:00",335500,0.01,0.01,0.01,0.01,0.01,0.01,-3338000,0,-3338000,0,0,0,0,0,0,"CTCB2210",3355000
1,0,0,0,0,10000000,"2022-12-12T00:00:00",1177000,0.01009,0.02,0.01,0.02,0.01,0.01,0,0,0,0,0,0,0,0,0,"CTCB2210",11875930
1,0,0,0,0,10000000,"2022-12-09T00:00:00",105200,0.01048,0.02,0.02,0.02,0.01,0.01,-1001000,0,-1001000,0,0,0,0,0,0,"CTCB2210",1102496
1,0,0,0,0,10000000,"2022-12-08T00:00:00",353500,0.01115,0.02,0.02,0.02,0.01,0.02,-1000,0,-1000,0,0,0,0,0,0,"CTCB2210",3941525
1,0,0,0,0,10000000,"2022-12-07T00:00:00",544400,0.01449,0.02,0.02,0.03,0.01,0.02,9000,0,9000,0,0,0,0,0,0,"CTCB2210",7888356
1,0,0,0,0,10000000,"2022-12-06T00:00:00",336100,0.02001,0.03,0.02,0.03,0.02,0.03,18000,0,18000,0,0,0,0,0,0,"CTCB2210",6725361
1,0,0,0,0,10000000,"2022-12-05T00:00:00",1390300,0.018879999999999997,0.02,0.03,0.03,0.01,0.02,7000,0,7000,0,0,0,0,0,0,"CTCB2210",26248864
1,0,0,0,0,10000000,"2022-12-02T00:00:00",50700,0.01602,0.02,0.02,0.02,0.01,0.02,-1000,0,-1000,0,0,0,0,0,0,"CTCB2210",812214
1,0,0,0,0,10000000,"2022-12-01T00:00:00",323200,0.01315,0.02,0.02,0.02,0.01,0.02,-1000,0,-1000,0,0,0,0,0,0,"CTCB2210",4250080
1,0,0,0,0,10000000,"2022-11-30T00:00:00",373000,0.010060000000000001,0.02,0.02,0.02,0.01,0.01,-1000,0,-1000,0,0,0,0,0,0,"CTCB2210",3752380
1,0,0,0,0,10000000,"2022-11-29T00:00:00",501000,0.010199999999999999,0.02,0.02,0.02,0.01,0.01,-1001000,0,-1001000,0,0,0,0,0,0,"CTCB2210",5110200
1,0,0,0,0,10000000,"2022-11-28T00:00:00",622700,0.011970000000000001,0.02,0.02,0.02,0.01,0.01,-1000,0,-1000,0,0,0,0,0,0,"CTCB2210",7453719
1,0,0,0,0,10000000,"2022-11-25T00:00:00",967600,0.010029999999999999,0.02,0.02,0.02,0.01,0.02,-1000,0,-1000,0,0,0,0,0,0,"CTCB2210",9705028
1,0,0,0,0,10000000,"2022-11-24T00:00:00",18600,0.01075,0.02,0.02,0.02,0.01,0.02,-2000,0,-2000,0,0,0,0,0,0,"CTCB2210",199950
1,0,0,0,0,10000000,"2022-11-23T00:00:00",1100,0.01091,0.02,0.02,0.02,0.01,0.01,-10000,0,-10000,0,0,0,0,0,0,"CTCB2210",12001
1,0,0,0,0,10000000,"2022-11-22T00:00:00",232400,0.02017,0.02,0.02,0.03,0.01,0.02,-95000,0,-95000,0,0,0,0,0,0,"CTCB2210",4687508
1,0,0,0,0,10000000,"2022-11-21T00:00:00",187700,0.02,0.02,0.02,0.03,0.02,0.02,17000,0,17000,0,0,0,0,0,0,"CTCB2210",3754000
1,0,0,0,0,10000000,"2022-11-18T00:00:00",68400,0.01583,0.02,0.02,0.02,0.01,0.02,-281000,0,-281000,0,0,0,0,0,0,"CTCB2210",1082772
1,0,0,0,0,10000000,"2022-11-17T00:00:00",207700,0.02002,0.03,0.02,0.03,0.02,0.03,14000,0,14000,0,0,0,0,0,0,"CTCB2210",4158154
1,0,0,0,0,10000000,"2022-11-16T00:00:00",391400,0.01988,0.02,0.03,0.04,0.01,0.02,-44000,0,-44000,0,0,0,0,0,0,"CTCB2210",7781032
1,0,0,0,0,10000000,"2022-11-15T00:00:00",200300,0.02,0.03,0.02,0.02,0.02,0.02,4000,0,4000,0,0,0,0,0,0,"CTCB2210",4006000
1,0,0,0,0,10000000,"2022-11-14T00:00:00",75600,0.01995,0.03,0.03,0.03,0.01,0.02,-1000,0,-1000,0,0,0,0,0,0,"CTCB2210",1508220
1,0,0,0,0,10000000,"2022-11-11T00:00:00",164300,0.02002,0.02,0.03,0.03,0.02,0.02,-620000,0,-620000,0,0,0,0,0,0,"CTCB2210",3289286
1,0,0,0,0,10000000,"2022-11-10T00:00:00",541000,0.02,0.03,0.02,0.02,0.02,0.02,-10020000,0,-10020000,0,0,0,0,0,0,"CTCB2210",10820000
1,0,0,0,0,10000000,"2022-11-09T00:00:00",16300,0.03,0.03,0.03,0.03,0.03,0.03,0,0,0,0,0,0,0,0,0,"CTCB2210",489000
1,0,0,0,0,10000000,"2022-11-08T00:00:00",1805700,0.02438,0.03,0.03,0.03,0.02,0.02,-22015000,0,-22015000,0,0,0,0,0,0,"CTCB2210",44022966
1,0,0,0,0,10000000,"2022-11-07T00:00:00",20200,0.02995,0.01,0.03,0.03,0.02,0.03,150000,0,150000,0,0,0,0,0,0,"CTCB2210",604990
1,0,0,0,0,10000000,"2022-11-04T00:00:00",605600,0.019690000000000003,0.04,0.01,0.03,0.01,0.02,-6830000,0,-6830000,0,0,0,0,0,0,"CTCB2210",11924264
1,0,0,0,0,10000000,"2022-11-03T00:00:00",285400,0.02948,0.04,0.04,0.04,0.02,0.03,450000,0,450000,0,0,0,0,0,0,"CTCB2210",8413592
1,0,0,0,0,10000000,"2022-11-02T00:00:00",131700,0.030019999999999998,0.04,0.04,0.04,0.03,0.03,36000,0,36000,0,0,0,0,0,0,"CTCB2210",3953634
1,0,0,0,0,10000000,"2022-11-01T00:00:00",450200,0.03995,0.04,0.04,0.05,0.03,0.04,18000,0,18000,0,0,0,0,0,0,"CTCB2210",17985490
1,0,0,0,0,10000000,"2022-10-31T00:00:00",960700,0.02647,0.04,0.04,0.04,0.02,0.04,-2604000,0,-2604000,0,0,0,0,0,0,"CTCB2210",25429729
1,0,0,0,0,10000000,"2022-10-28T00:00:00",1159500,0.0353,0.03,0.04,0.04,0.03,0.04,-2475000,0,-2475000,0,0,0,0,0,0,"CTCB2210",40930350
1,0,0,0,0,10000000,"2022-10-27T00:00:00",2009700,0.02898,0.03,0.03,0.04,0.02,0.03,-46245000,0,-46245000,0,0,0,0,0,0,"CTCB2210",58241106
1,0,0,0,0,10000000,"2022-10-26T00:00:00",237000,0.02086,0.03,0.03,0.03,0.02,0.03,34000,0,34000,0,0,0,0,0,0,"CTCB2210",4943820
1,0,0,0,0,10000000,"2022-10-25T00:00:00",197000,0.0299,0.03,0.03,0.03,0.02,0.02,-5700000,0,-5700000,0,0,0,0,0,0,"CTCB2210",5890300
1,0,0,0,0,10000000,"2022-10-24T00:00:00",91400,0.03989,0.04,0.03,0.05,0.03,0.05,-819000,0,-819000,0,0,0,0,0,0,"CTCB2210",3645946
1,0,0,0,0,10000000,"2022-10-21T00:00:00",791100,0.03174,0.05,0.04,0.04,0.03,0.04,-19077000,0,-19077000,0,0,0,0,0,0,"CTCB2210",25109514
1,0,0,0,0,10000000,"2022-10-20T00:00:00",192100,0.04043,0.05,0.05,0.06,0.03,0.05,-7213000,0,-7213000,0,0,0,0,0,0,"CTCB2210",7766603
1,0,0,0,0,10000000,"2022-10-19T00:00:00",1229400,0.03137,0.04,0.05,0.05,0.03,0.04,-38372000,0,-38372000,0,0,0,0,0,0,"CTCB2210",38566278
1,0,0,0,0,10000000,"2022-10-18T00:00:00",697000,0.040299999999999996,0.05,0.04,0.06,0.04,0.06,-27524000,0,-27524000,0,0,0,0,0,0,"CTCB2210",28089100
1,0,0,0,0,10000000,"2022-10-17T00:00:00",2035500,0.043859999999999996,0.07,0.05,0.06,0.03,0.03,-14455000,0,-14455000,0,0,0,0,0,0,"CTCB2210",89277030
1,0,0,0,0,10000000,"2022-10-14T00:00:00",138200,0.07297,0.05,0.07,0.08,0.07,0.08,10679000,0,10679000,0,0,0,0,0,0,"CTCB2210",10084454
1,0,0,0,0,10000000,"2022-10-13T00:00:00",359500,0.04243,0.06,0.05,0.07,0.04,0.04,-13199000,0,-13199000,0,0,0,0,0,0,"CTCB2210",15253585
1,0,0,0,0,10000000,"2022-10-12T00:00:00",26500,0.06019,0.04,0.06,0.07,0.04,0.04,-289000,0,-289000,0,0,0,0,0,0,"CTCB2210",1595035
1,0,0,0,0,10000000,"2022-10-11T00:00:00",897900,0.045520000000000005,0.12,0.04,0.12,0.04,0.12,-40752000,0,-40752000,0,0,0,0,0,0,"CTCB2210",40872408
1,0,0,0,0,10000000,"2022-10-10T00:00:00",12100,0.10884,0.16,0.12,0.29,0.04,0.04,-983000,0,-983000,0,0,0,0,0,0,"CTCB2210",1316964
1,0,0,0,0,10000000,"2022-10-07T00:00:00",77700,0.1581,0.3,0.16,0.2,0.03,0.2,-6558000,0,-6558000,0,0,0,0,0,0,"CTCB2210",12284370
1,0,0,0,0,10000000,"2022-10-06T00:00:00",26100,0.41004,0.45,0.3,0.43,0.3,0.43,0,0,0,0,0,0,0,0,0,"CTCB2210",10702044
1,0,0,0,0,10000000,"2022-10-05T00:00:00",64500,0.46505,0.45,0.45,0.47,0.04,0.04,-16000,0,-16000,0,0,0,0,0,0,"CTCB2210",29995725
1,0,0,0,0,10000000,"2022-10-04T00:00:00",9100,0.42593000000000003,0.46,0.45,0.48,0.4,0.46,0,0,0,0,0,0,0,0,0,"CTCB2210",3875963
1,0,0,0,0,10000000,"2022-10-03T00:00:00",3600,0.5525,0.75,0.46,0.6,0.46,0.6,-560000,0,-560000,0,0,0,0,0,0,"CTCB2210",1989000
1,0,0,0,0,10000000,"2022-09-30T00:00:00",54500,0.8050499999999999,0.85,0.75,0.81,0.7,0.81,-1007000,0,-1007000,0,0,0,0,0,0,"CTCB2210",43875225
1,0,0,0,0,10000000,"2022-09-29T00:00:00",60000,0.8833300000000001,0.88,0.85,0.89,0.85,0.89,0,0,0,0,0,0,0,0,0,"CTCB2210",52999800
1,0,0,0,0,10000000,"2022-09-28T00:00:00",13900,0.86791,0.94,0.88,0.88,0.04,0.04,-8000,0,-8000,0,0,0,0,0,0,"CTCB2210",12063949
1,0,0,0,0,10000000,"2022-09-27T00:00:00",100000,0.905,0.93,0.94,0.94,0.88,0.9,0,0,0,0,0,0,0,0,0,"CTCB2210",90500000
1,0,0,0,0,10000000,"2022-09-26T00:00:00",23100,0.97978,1.12,0.93,0.98,0.93,0.98,0,0,0,0,0,0,0,0,0,"CTCB2210",22632918
1,0,0,0,0,10000000,"2022-09-23T00:00:00",400,1.15,1.2,1.12,1.18,1.12,1.18,0,0,0,0,0,0,0,0,0,"CTCB2210",460000
1,0,0,0,0,10000000,"2022-09-22T00:00:00",65600,1.2,2.4,1.2,1.2,1.2,1.2,-7920000,0,-7920000,0,0,0,0,0,0,"CTCB2210",78720000
