"adjRatio","buyCount","buyForeignQuantity","buyForeignValue","buyQuantity","currentForeignRoom","date","dealVolume","priceAverage","priceBasic","priceClose","priceHigh","priceLow","priceOpen","propTradingNetDealValue","propTradingNetPTValue","propTradingNetValue","putthroughValue","putthroughVolume","sellCount","sellForeignQuantity","sellForeignValue","sellQuantity","symbol","totalValue"
1,0,0,0,0,1078000,"2020-07-21T00:00:00",0,4.4,4.4,4.4,4.4,4.4,4.4,,,,0,0,0,0,0,0,"CVC",0
1,0,0,0,0,1078000,"2020-07-20T00:00:00",0,4.4,4.4,4.4,4.4,4.4,4.4,,,,0,0,0,0,0,0,"CVC",0
1,0,0,0,0,1078000,"2020-07-17T00:00:00",0,4.4,4.4,4.4,4.4,4.4,4.4,,,,0,0,0,0,0,0,"CVC",0
1,0,0,0,43000,1078000,"2020-07-16T00:00:00",43000,4.4,5.1,4.4,4.4,4.4,4.4,,,,0,0,0,0,0,43000,"CVC",189200000
1,0,0,0,0,1078000,"2020-07-15T00:00:00",0,5.1,5.1,5.1,5.1,5.1,5.1,,,,0,0,0,0,0,0,"CVC",0
1,0,0,0,34000,1078000,"2020-07-14T00:00:00",0,5.1,5.1,5.1,5.1,5.1,5.1,,,,0,0,0,0,0,0,"CVC",0
1,0,0,0,0,1078000,"2020-07-13T00:00:00",0,5.1,5.1,5.1,5.1,5.1,5.1,,,,6600000,1500,0,0,0,0,"CVC",6600000
1,0,0,0,45100,1078000,"2020-07-10T00:00:00",2000,5.1,6,5.1,5.1,5.1,5.1,,,,0,0,0,0,0,2000,"CVC",10200000
1,0,0,0,32000,1078000,"2020-07-09T00:00:00",0,6,6,6,6,6,6,,,,0,0,0,0,0,0,"CVC",0
1,0,0,0,2200,1078000,"2020-07-08T00:00:00",0,6,7.3,6,6,6,6,,,,0,0,0,0,0,0,"CVC",0
1,0,0,0,7100,1078000,"2020-07-07T00:00:00",7100,6.007042253521126,6.4,7.3,7.3,5.5,5.5,,,,0,0,0,0,0,7100,"CVC",42650000
1,0,0,0,0,1078000,"2020-07-06T00:00:00",0,6.4,6.4,6.4,6.4,6.4,6.4,,,,0,0,0,0,0,0,"CVC",0
1,0,0,0,0,1078000,"2020-07-03T00:00:00",0,6.4,6.4,6.4,6.4,6.4,6.4,,,,0,0,0,0,0,0,"CVC",0
1,0,0,0,0,1078000,"2020-07-02T00:00:00",0,6.4,6.4,6.4,6.4,6.4,6.4,,,,0,0,0,0,0,0,"CVC",0
1,0,0,0,0,1078000,"2020-07-01T00:00:00",0,6.4,6.4,6.4,6.4,6.4,6.4,,,,0,0,0,0,0,0,"CVC",0
1,0,0,0,0,1078000,"2020-06-30T00:00:00",0,6.4,6.4,6.4,6.4,6.4,6.4,,,,0,0,0,0,0,0,"CVC",0
1,0,0,0,0,1078000,"2020-06-29T00:00:00",0,6.4,6.4,6.4,6.4,6.4,6.4,,,,0,0,0,0,0,0,"CVC",0
1,0,0,0,0,1078000,"2020-06-26T00:00:00",0,6.4,6.4,6.4,6.4,6.4,6.4,,,,0,0,0,0,0,0,"CVC",0
1,0,0,0,0,1078000,"2020-06-25T00:00:00",0,6.4,6.4,6.4,6.4,6.4,6.4,,,,0,0,0,0,0,0,"CVC",0
1,0,0,0,0,1078000,"2020-06-24T00:00:00",0,6.4,6.4,6.4,6.4,6.4,6.4,,,,0,0,0,0,0,0,"CVC",0
1,0,0,0,0,1078000,"2020-06-23T00:00:00",0,6.4,6.4,6.4,6.4,6.4,6.4,,,,0,0,0,0,0,0,"CVC",0
1,0,0,0,0,1078000,"2020-06-22T00:00:00",0,6.4,6.4,6.4,6.4,6.4,6.4,,,,0,0,0,0,0,0,"CVC",0
1,0,0,0,0,1078000,"2020-06-19T00:00:00",0,6.4,6.4,6.4,6.4,6.4,6.4,,,,0,0,0,0,0,0,"CVC",0
1,0,0,0,0,1078000,"2020-06-18T00:00:00",0,6.4,6.4,6.4,6.4,6.4,6.4,,,,0,0,0,0,0,0,"CVC",0
1,0,0,0,0,1078000,"2020-06-17T00:00:00",0,6.4,6.4,6.4,6.4,6.4,6.4,,,,0,0,0,0,0,0,"CVC",0
1,0,0,0,0,1078000,"2020-06-16T00:00:00",0,6.4,6.4,6.4,6.4,6.4,6.4,,,,0,0,0,0,0,0,"CVC",0
1,0,0,0,0,1078000,"2020-06-15T00:00:00",0,6.4,6.4,6.4,6.4,6.4,6.4,,,,0,0,0,0,0,0,"CVC",0
1,0,0,0,0,1078000,"2020-06-12T00:00:00",0,6.4,6.4,6.4,6.4,6.4,6.4,,,,0,0,0,0,0,0,"CVC",0
1,0,0,0,0,1078000,"2020-06-11T00:00:00",0,6.4,6.4,6.4,6.4,6.4,6.4,,,,0,0,0,0,0,0,"CVC",0
1,0,0,0,0,1078000,"2020-06-10T00:00:00",0,6.4,6.4,6.4,6.4,6.4,6.4,,,,0,0,0,0,0,0,"CVC",0
1,0,0,0,0,1078000,"2020-06-09T00:00:00",0,6.4,6.4,6.4,6.4,6.4,6.4,,,,0,0,0,0,0,0,"CVC",0
1,0,0,0,0,1078000,"2020-06-08T00:00:00",0,6.4,6.4,6.4,6.4,6.4,6.4,,,,0,0,0,0,0,0,"CVC",0
1,0,0,0,0,1078000,"2020-06-05T00:00:00",0,6.4,6.4,6.4,6.4,6.4,6.4,,,,0,0,0,0,0,0,"CVC",0
1,0,0,0,0,1078000,"2020-06-04T00:00:00",0,6.4,6.4,6.4,6.4,6.4,6.4,,,,19360000,3520,0,0,0,0,"CVC",19360000
1,0,0,0,0,1078000,"2020-06-03T00:00:00",0,6.4,6.4,6.4,6.4,6.4,6.4,,,,0,0,0,0,0,0,"CVC",0
1,0,0,0,0,1078000,"2020-06-02T00:00:00",0,6.4,6.4,6.4,6.4,6.4,6.4,,,,0,0,0,0,0,0,"CVC",0
1,0,0,0,0,1078000,"2020-06-01T00:00:00",0,6.4,6.4,6.4,6.4,6.4,6.4,,,,0,0,0,0,0,0,"CVC",0
1,0,0,0,0,1078000,"2020-05-29T00:00:00",0,6.4,6.4,6.4,6.4,6.4,6.4,,,,0,0,0,0,0,0,"CVC",0
1,0,0,0,0,1078000,"2020-05-28T00:00:00",0,6.4,6.4,6.4,6.4,6.4,6.4,,,,0,0,0,0,0,0,"CVC",0
1,0,0,0,0,1078000,"2020-05-27T00:00:00",0,6.4,6.4,6.4,6.4,6.4,6.4,,,,0,0,0,0,0,0,"CVC",0
1,0,0,0,0,1078000,"2020-05-26T00:00:00",0,6.4,6.4,6.4,6.4,6.4,6.4,,,,0,0,0,0,0,0,"CVC",0
1,0,0,0,1000,1078000,"2020-05-25T00:00:00",1000,6.4,7.5,6.4,6.4,6.4,6.4,,,,0,0,0,0,0,1000,"CVC",6400000
1,0,0,0,0,1078000,"2020-05-22T00:00:00",0,7.5,7.5,7.5,7.5,7.5,7.5,,,,0,0,0,0,0,0,"CVC",0
1,0,0,0,0,1078000,"2020-05-21T00:00:00",0,7.5,7.5,7.5,7.5,7.5,7.5,,,,0,0,0,0,0,0,"CVC",0
1,0,0,0,0,1078000,"2020-05-20T00:00:00",0,7.5,7.5,7.5,7.5,7.5,7.5,,,,0,0,0,0,0,0,"CVC",0
1,0,0,0,0,1078000,"2020-05-19T00:00:00",0,7.5,7.5,7.5,7.5,7.5,7.5,,,,64960000,10150,0,0,0,0,"CVC",64960000
1,0,0,0,4000,1078000,"2020-05-18T00:00:00",4000,7.5,7.5,7.5,7.5,7.5,7.5,,,,0,0,0,0,0,4000,"CVC",30000000
1,0,0,0,100,1078000,"2020-05-15T00:00:00",100,7.5,8.5,7.5,7.5,7.5,7.5,,,,0,0,0,0,0,100,"CVC",750000
1,0,0,0,0,1078000,"2020-05-14T00:00:00",0,8.5,8.5,8.5,8.5,8.5,8.5,,,,0,0,0,0,0,0,"CVC",0
1,0,0,0,0,1078000,"2020-05-13T00:00:00",0,8.5,8.5,8.5,8.5,8.5,8.5,,,,0,0,0,0,0,0,"CVC",0
1,0,0,0,0,1078000,"2020-05-12T00:00:00",0,8.5,8.5,8.5,8.5,8.5,8.5,,,,0,0,0,0,0,0,"CVC",0
1,0,0,0,0,1078000,"2020-05-11T00:00:00",0,8.5,8.5,8.5,8.5,8.5,8.5,,,,0,0,0,0,0,0,"CVC",0
1,0,0,0,0,1078000,"2020-05-08T00:00:00",0,8.5,8.5,8.5,8.5,8.5,8.5,,,,0,0,0,0,0,0,"CVC",0
1,0,0,0,0,1078000,"2020-05-07T00:00:00",0,8.5,8.5,8.5,8.5,8.5,8.5,,,,0,0,0,0,0,0,"CVC",0
1,0,0,0,0,1078000,"2020-05-06T00:00:00",0,8.5,8.5,8.5,8.5,8.5,8.5,,,,0,0,0,0,0,0,"CVC",0
1,0,0,0,0,1078000,"2020-05-05T00:00:00",0,8.5,8.5,8.5,8.5,8.5,8.5,,,,0,0,0,0,0,0,"CVC",0
1,0,0,0,0,1078000,"2020-05-04T00:00:00",0,8.5,8.5,8.5,8.5,8.5,8.5,,,,0,0,0,0,0,0,"CVC",0
1,0,0,0,0,1078000,"2020-04-29T00:00:00",0,8.5,8.5,8.5,8.5,8.5,8.5,,,,0,0,0,0,0,0,"CVC",0
1,0,0,0,0,1078000,"2020-04-28T00:00:00",0,8.5,8.5,8.5,8.5,8.5,8.5,,,,0,0,0,0,0,0,"CVC",0
1,0,0,0,0,1078000,"2020-04-27T00:00:00",0,8.5,8.5,8.5,8.5,8.5,8.5,,,,0,0,0,0,0,0,"CVC",0
1,0,0,0,0,1078000,"2020-04-24T00:00:00",0,8.5,8.5,8.5,8.5,8.5,8.5,,,,0,0,0,0,0,0,"CVC",0
1,0,0,0,0,1078000,"2020-04-23T00:00:00",0,8.5,8.5,8.5,8.5,8.5,8.5,,,,0,0,0,0,0,0,"CVC",0
1,0,0,0,0,1078000,"2020-04-22T00:00:00",0,8.5,8.5,8.5,8.5,8.5,8.5,,,,0,0,0,0,0,0,"CVC",0
1,0,0,0,0,1078000,"2020-04-21T00:00:00",0,8.5,8.5,8.5,8.5,8.5,8.5,,,,0,0,0,0,0,0,"CVC",0
1,0,0,0,0,1078000,"2020-04-20T00:00:00",0,8.5,8.5,8.5,8.5,8.5,8.5,,,,0,0,0,0,0,0,"CVC",0
1,0,0,0,0,1078000,"2020-04-17T00:00:00",0,8.5,8.5,8.5,8.5,8.5,8.5,,,,0,0,0,0,0,0,"CVC",0
1,0,0,0,0,1078000,"2020-04-16T00:00:00",0,8.5,8.5,8.5,8.5,8.5,8.5,,,,0,0,0,0,0,0,"CVC",0
1,0,0,0,0,1078000,"2020-04-15T00:00:00",0,8.5,8.5,8.5,8.5,8.5,8.5,,,,0,0,0,0,0,0,"CVC",0
1,0,0,0,0,1078000,"2020-04-14T00:00:00",0,8.5,8.5,8.5,8.5,8.5,8.5,,,,0,0,0,0,0,0,"CVC",0
1,0,0,0,0,1078000,"2020-04-13T00:00:00",0,8.5,8.5,8.5,8.5,8.5,8.5,,,,0,0,0,0,0,0,"CVC",0
1,0,0,0,0,1078000,"2020-04-10T00:00:00",0,8.5,8.5,8.5,8.5,8.5,8.5,,,,0,0,0,0,0,0,"CVC",0
1,0,0,0,0,1078000,"2020-04-09T00:00:00",0,8.5,8.5,8.5,8.5,8.5,8.5,,,,0,0,0,0,0,0,"CVC",0
1,0,0,0,0,1078000,"2020-04-08T00:00:00",0,8.5,8.5,8.5,8.5,8.5,8.5,,,,0,0,0,0,0,0,"CVC",0
1,0,0,0,0,1078000,"2020-04-07T00:00:00",0,8.5,8.5,8.5,8.5,8.5,8.5,,,,0,0,0,0,0,0,"CVC",0
1,0,0,0,0,1078000,"2020-04-06T00:00:00",0,8.5,8.5,8.5,8.5,8.5,8.5,,,,0,0,0,0,0,0,"CVC",0
1,0,0,0,0,1078000,"2020-04-03T00:00:00",0,8.5,8.5,8.5,8.5,8.5,8.5,,,,0,0,0,0,0,0,"CVC",0
1,0,0,0,0,1078000,"2020-04-01T00:00:00",0,8.5,8.5,8.5,8.5,8.5,8.5,,,,0,0,0,0,0,0,"CVC",0
1,0,0,0,0,1078000,"2020-03-31T00:00:00",0,8.5,8.5,8.5,8.5,8.5,8.5,,,,0,0,0,0,0,0,"CVC",0
1,0,0,0,0,1078000,"2020-03-30T00:00:00",0,8.5,8.5,8.5,8.5,8.5,8.5,,,,0,0,0,0,0,0,"CVC",0
1,0,0,0,0,1078000,"2020-03-27T00:00:00",0,8.5,8.5,8.5,8.5,8.5,8.5,,,,0,0,0,0,0,0,"CVC",0
1,0,0,0,0,1078000,"2020-03-26T00:00:00",0,8.5,8.5,8.5,8.5,8.5,8.5,,,,0,0,0,0,0,0,"CVC",0
1,0,0,0,0,1078000,"2020-03-25T00:00:00",0,8.5,8.5,8.5,8.5,8.5,8.5,,,,160600000,22000,0,0,0,0,"CVC",160600000
1,0,0,0,0,1078000,"2020-03-24T00:00:00",0,8.5,8.5,8.5,8.5,8.5,8.5,,,,160600000,22000,0,0,0,0,"CVC",160600000
1,0,0,0,0,1078000,"2020-03-23T00:00:00",0,8.5,8.5,8.5,8.5,8.5,8.5,,,,0,0,0,0,0,0,"CVC",0
1,0,0,0,0,1078000,"2020-03-20T00:00:00",0,8.5,8.5,8.5,8.5,8.5,8.5,,,,0,0,0,0,0,0,"CVC",0
1,0,0,0,0,1078000,"2020-03-19T00:00:00",0,8.5,8.5,8.5,8.5,8.5,8.5,,,,0,0,0,0,0,0,"CVC",0
1,0,0,0,0,1078000,"2020-03-18T00:00:00",0,8.5,8.5,8.5,8.5,8.5,8.5,,,,0,0,0,0,0,0,"CVC",0
1,0,0,0,0,1078000,"2020-03-17T00:00:00",0,8.5,8.5,8.5,8.5,8.5,8.5,,,,0,0,0,0,0,0,"CVC",0
1,0,0,0,0,1078000,"2020-03-16T00:00:00",0,8.5,8.5,8.5,8.5,8.5,8.5,,,,0,0,0,0,0,0,"CVC",0
1,0,0,0,0,1078000,"2020-03-13T00:00:00",0,8.5,8.5,8.5,8.5,8.5,8.5,,,,321200000,44000,0,0,0,0,"CVC",321200000
1,0,0,0,0,1078000,"2020-03-12T00:00:00",0,8.5,8.5,8.5,8.5,8.5,8.5,,,,0,0,0,0,0,0,"CVC",0
1,0,0,0,0,1078000,"2020-03-11T00:00:00",0,8.5,8.5,8.5,8.5,8.5,8.5,,,,0,0,0,0,0,0,"CVC",0
1,0,0,0,0,1078000,"2020-03-10T00:00:00",0,8.5,8.5,8.5,8.5,8.5,8.5,,,,0,0,0,0,0,0,"CVC",0
1,0,0,0,0,1078000,"2020-03-09T00:00:00",0,8.5,8.5,8.5,8.5,8.5,8.5,,,,0,0,0,0,0,0,"CVC",0
1,0,0,0,0,1078000,"2020-03-06T00:00:00",0,8.5,8.5,8.5,8.5,8.5,8.5,,,,0,0,0,0,0,0,"CVC",0
1,0,0,0,0,1078000,"2020-03-05T00:00:00",0,8.5,8.5,8.5,8.5,8.5,8.5,,,,503700,69,0,0,0,0,"CVC",503700
1,0,0,0,1600,1078000,"2020-03-04T00:00:00",1600,8.5,8.5,8.5,8.5,8.5,8.5,,,,0,0,0,0,0,1600,"CVC",13600000
1,0,0,0,0,1078000,"2020-03-03T00:00:00",0,8.5,8.5,8.5,8.5,8.5,8.5,,,,0,0,0,0,0,0,"CVC",0
1,0,0,0,0,1078000,"2020-03-02T00:00:00",0,8.5,8.5,8.5,8.5,8.5,8.5,,,,0,0,0,0,0,0,"CVC",0
1,0,0,0,0,1078000,"2020-02-28T00:00:00",0,8.5,8.5,8.5,8.5,8.5,8.5,,,,0,0,0,0,0,0,"CVC",0
1,0,0,0,0,1078000,"2020-02-27T00:00:00",0,8.5,8.5,8.5,8.5,8.5,8.5,,,,0,0,0,0,0,0,"CVC",0
1,0,0,0,0,1078000,"2020-02-26T00:00:00",0,8.5,8.5,8.5,8.5,8.5,8.5,,,,0,0,0,0,0,0,"CVC",0
1,0,0,0,0,1078000,"2020-02-25T00:00:00",0,8.5,8.5,8.5,8.5,8.5,8.5,,,,0,0,0,0,0,0,"CVC",0
1,0,0,0,0,1078000,"2020-02-24T00:00:00",0,8.5,8.5,8.5,8.5,8.5,8.5,,,,0,0,0,0,0,0,"CVC",0
1,0,0,0,0,1078000,"2020-02-21T00:00:00",0,8.5,8.5,8.5,8.5,8.5,8.5,,,,0,0,0,0,0,0,"CVC",0
1,0,0,0,0,1078000,"2020-02-20T00:00:00",0,8.5,8.5,8.5,8.5,8.5,8.5,,,,0,0,0,0,0,0,"CVC",0
1,0,0,0,0,1078000,"2020-02-19T00:00:00",0,8.5,8.5,8.5,8.5,8.5,8.5,,,,22630000,3100,0,0,0,0,"CVC",22630000
1,0,0,0,0,1078000,"2020-02-18T00:00:00",0,8.5,8.5,8.5,8.5,8.5,8.5,,,,0,0,0,0,0,0,"CVC",0
1,0,0,0,0,1078000,"2020-02-17T00:00:00",0,8.5,8.5,8.5,8.5,8.5,8.5,,,,0,0,0,0,0,0,"CVC",0
1,0,0,0,0,1078000,"2020-02-14T00:00:00",0,8.5,8.5,8.5,8.5,8.5,8.5,,,,0,0,0,0,0,0,"CVC",0
1,0,0,0,0,1078000,"2020-02-13T00:00:00",0,8.5,8.5,8.5,8.5,8.5,8.5,,,,0,0,0,0,0,100,"CVC",0
1,0,0,0,0,1078000,"2020-02-12T00:00:00",0,8.5,8.5,8.5,8.5,8.5,8.5,,,,0,0,0,0,0,0,"CVC",0
1,0,0,0,0,1078000,"2020-02-11T00:00:00",0,8.5,8.5,8.5,8.5,8.5,8.5,,,,0,0,0,0,0,0,"CVC",0
1,0,0,0,0,1078000,"2020-02-10T00:00:00",0,8.5,8.5,8.5,8.5,8.5,8.5,,,,0,0,0,0,0,0,"CVC",0
1,0,0,0,0,1078000,"2020-02-07T00:00:00",0,8.5,8.5,8.5,8.5,8.5,8.5,,,,0,0,0,0,0,0,"CVC",0
1,0,0,0,0,1078000,"2020-02-06T00:00:00",0,8.5,8.5,8.5,8.5,8.5,8.5,,,,0,0,0,0,0,0,"CVC",0
1,0,0,0,0,1078000,"2020-02-05T00:00:00",0,8.5,8.5,8.5,8.5,8.5,8.5,,,,0,0,0,0,0,0,"CVC",0
1,0,0,0,0,1078000,"2020-02-04T00:00:00",0,8.5,8.5,8.5,8.5,8.5,8.5,,,,0,0,0,0,0,0,"CVC",0
1,0,0,0,0,1078000,"2020-02-03T00:00:00",0,8.5,8.5,8.5,8.5,8.5,8.5,,,,0,0,0,0,0,0,"CVC",0
1,0,0,0,600,1078000,"2020-01-31T00:00:00",600,8.5,10,8.5,8.5,8.5,8.5,,,,0,0,0,0,0,600,"CVC",5100000
1,0,0,0,0,1078000,"2020-01-30T00:00:00",0,10,10,10,10,10,10,,,,0,0,0,0,0,0,"CVC",0
1,0,0,0,0,1078000,"2020-01-22T00:00:00",0,10,10,10,10,10,10,,,,0,0,0,0,0,0,"CVC",0
1,0,0,0,0,1078000,"2020-01-21T00:00:00",0,10,10,10,10,10,10,,,,0,0,0,0,0,0,"CVC",0
1,0,0,0,0,1078000,"2020-01-20T00:00:00",0,10,10,10,10,10,10,,,,0,0,0,0,0,0,"CVC",0
1,0,0,0,0,1078000,"2020-01-17T00:00:00",0,10,10,10,10,10,10,,,,0,0,0,0,0,0,"CVC",0
1,0,0,0,0,1078000,"2020-01-16T00:00:00",0,10,10,10,10,10,10,,,,0,0,0,0,0,0,"CVC",0
1,0,0,0,0,1078000,"2020-01-15T00:00:00",0,10,10,10,10,10,10,,,,0,0,0,0,0,0,"CVC",0
1,0,0,0,0,1078000,"2020-01-14T00:00:00",0,10,10,10,10,10,10,,,,0,0,0,0,0,600,"CVC",0
1,0,0,0,0,1078000,"2020-01-13T00:00:00",0,10,10,10,10,10,10,,,,0,0,0,0,0,0,"CVC",0
1,0,0,0,0,1078000,"2020-01-10T00:00:00",0,10,10,10,10,10,10,,,,0,0,0,0,0,0,"CVC",0
1,0,0,0,0,1078000,"2020-01-09T00:00:00",0,10,10,10,10,10,10,,,,0,0,0,0,0,0,"CVC",0
1,0,0,0,0,1078000,"2020-01-08T00:00:00",0,10,10,10,10,10,10,,,,0,0,0,0,0,0,"CVC",0
1,0,0,0,0,1078000,"2020-01-07T00:00:00",0,10,10,10,10,10,10,,,,0,0,0,0,0,600,"CVC",0
1,0,0,0,0,1078000,"2020-01-06T00:00:00",0,10,10,10,10,10,10,,,,0,0,0,0,0,0,"CVC",0
1,0,0,0,0,1078000,"2020-01-03T00:00:00",0,10,10,10,10,10,10,,,,0,0,0,0,0,0,"CVC",0
1,0,0,0,0,1078000,"2020-01-02T00:00:00",0,10,10,10,10,10,10,,,,0,0,0,0,0,0,"CVC",0
1,0,0,0,0,1078000,"2019-12-31T00:00:00",0,10,10,10,10,10,10,,,,0,0,0,0,0,0,"CVC",0
1,0,0,0,0,1078000,"2019-12-30T00:00:00",0,10,10,10,10,10,10,,,,0,0,0,0,0,0,"CVC",0
1,0,0,0,0,1078000,"2019-12-27T00:00:00",0,10,10,10,10,10,10,,,,0,0,0,0,0,0,"CVC",0
1,0,0,0,0,1078000,"2019-12-26T00:00:00",0,10,10,10,10,10,10,,,,45305000,5330,0,0,0,0,"CVC",45305000
1,0,0,0,0,1078000,"2019-12-25T00:00:00",0,10,10,10,10,10,10,,,,0,0,0,0,0,0,"CVC",0
1,0,0,0,0,1078000,"2019-12-24T00:00:00",0,10,10,10,10,10,10,,,,0,0,0,0,0,0,"CVC",0
1,0,0,0,0,1078000,"2019-12-23T00:00:00",0,10,10,10,10,10,10,,,,0,0,0,0,0,0,"CVC",0
1,0,0,0,0,1078000,"2019-12-20T00:00:00",0,10,10,10,10,10,10,,,,0,0,0,0,0,0,"CVC",0
1,0,0,0,0,1078000,"2019-12-19T00:00:00",0,10,10,10,10,10,10,,,,0,0,0,0,0,0,"CVC",0
1,0,0,0,0,1078000,"2019-12-18T00:00:00",0,10,10,10,10,10,10,,,,0,0,0,0,0,0,"CVC",0
1,0,0,0,0,1078000,"2019-12-17T00:00:00",0,10,10,10,10,10,10,,,,0,0,0,0,0,0,"CVC",0
1,0,0,0,0,1078000,"2019-12-16T00:00:00",0,10,10,10,10,10,10,,,,0,0,0,0,0,0,"CVC",0
1,0,0,0,0,1078000,"2019-12-13T00:00:00",0,10,10,10,10,10,10,,,,0,0,0,0,0,0,"CVC",0
1,0,0,0,0,1078000,"2019-12-12T00:00:00",0,10,10,10,10,10,10,,,,0,0,0,0,0,0,"CVC",0
1,0,0,0,0,1078000,"2019-12-11T00:00:00",0,10,10,10,10,10,10,,,,0,0,0,0,0,0,"CVC",0
1,0,0,0,0,1078000,"2019-12-10T00:00:00",0,10,10,10,10,10,10,,,,0,0,0,0,0,0,"CVC",0
1,0,0,0,0,1078000,"2019-12-09T00:00:00",0,10,10,10,10,10,10,,,,0,0,0,0,0,0,"CVC",0
1,0,0,0,0,1078000,"2019-12-06T00:00:00",0,10,10,10,10,10,10,,,,0,0,0,0,0,0,"CVC",0
1,0,0,0,0,1078000,"2019-12-05T00:00:00",0,10,10,10,10,10,10,,,,0,0,0,0,0,0,"CVC",0
1,0,0,0,0,1078000,"2019-12-04T00:00:00",0,10,10,10,10,10,10,,,,0,0,0,0,0,0,"CVC",0
1,0,0,0,0,1078000,"2019-12-03T00:00:00",0,10,10,10,10,10,10,,,,20000000,2000,0,0,0,0,"CVC",20000000
1,0,0,0,700,1078000,"2019-12-02T00:00:00",700,10,9.8,10,10,10,10,,,,0,0,0,0,0,700,"CVC",7000000
1,0,0,0,0,1078000,"2019-11-29T00:00:00",0,9.8,9.8,9.8,9.8,9.8,9.8,,,,0,0,0,0,0,0,"CVC",0
1,0,0,0,0,1078000,"2019-11-28T00:00:00",0,9.8,9.8,9.8,9.8,9.8,9.8,,,,0,0,0,0,0,0,"CVC",0
1,0,0,0,0,1078000,"2019-11-27T00:00:00",0,9.8,10,9.8,9.8,9.8,9.8,,,,0,0,0,0,0,0,"CVC",0
1.0204081633,0,0,0,0,1078000,"2019-11-26T00:00:00",0,10,10,10,10,10,10,,,,0,0,0,0,0,0,"CVC",0
1.0204081633,0,0,0,0,1078000,"2019-11-25T00:00:00",0,10,10,10,10,10,10,,,,0,0,0,0,0,0,"CVC",0
1.0204081633,0,0,0,0,1078000,"2019-11-22T00:00:00",0,10,10,10,10,10,10,,,,0,0,0,0,0,0,"CVC",0
1.0204081633,0,0,0,0,1078000,"2019-11-21T00:00:00",0,10,10,10,10,10,10,,,,0,0,0,0,0,0,"CVC",0
1.0204081633,0,0,0,0,1078000,"2019-11-20T00:00:00",0,10,10,10,10,10,10,,,,0,0,0,0,0,0,"CVC",0
1.0204081633,0,0,0,0,1078000,"2019-11-19T00:00:00",0,10,10,10,10,10,10,,,,0,0,0,0,0,0,"CVC",0
1.0204081633,0,0,0,0,1078000,"2019-11-18T00:00:00",0,10,10,10,10,10,10,,,,0,0,0,0,0,0,"CVC",0
1.0204081633,0,0,0,0,1078000,"2019-11-15T00:00:00",0,10,10,10,10,10,10,,,,0,0,0,0,0,0,"CVC",0
1.0204081633,0,0,0,0,1078000,"2019-11-14T00:00:00",0,10,10,10,10,10,10,,,,0,0,0,0,0,0,"CVC",0
1.0204081633,0,0,0,0,1078000,"2019-11-13T00:00:00",0,10,10,10,10,10,10,,,,0,0,0,0,0,0,"CVC",0
1.0204081633,0,0,0,0,1078000,"2019-11-12T00:00:00",0,10,10,10,10,10,10,,,,0,0,0,0,0,0,"CVC",0
1.0204081633,0,0,0,0,1078000,"2019-11-11T00:00:00",0,10,10,10,10,10,10,,,,0,0,0,0,0,0,"CVC",0
1.0204081633,0,0,0,0,1078000,"2019-11-08T00:00:00",0,10,10,10,10,10,10,,,,0,0,0,0,0,0,"CVC",0
1.0204081633,0,0,0,0,1078000,"2019-11-07T00:00:00",0,10,10,10,10,10,10,,,,0,0,0,0,0,0,"CVC",0
1.0204081633,0,0,0,0,1078000,"2019-11-06T00:00:00",0,10,10,10,10,10,10,,,,0,0,0,0,0,0,"CVC",0
1.0204081633,0,0,0,0,1078000,"2019-11-05T00:00:00",0,10,10,10,10,10,10,,,,0,0,0,0,0,0,"CVC",0
1.0204081633,0,0,0,0,1078000,"2019-11-04T00:00:00",0,10,10,10,10,10,10,,,,0,0,0,0,0,0,"CVC",0
1.0204081633,0,0,0,0,1078000,"2019-11-01T00:00:00",0,10,10,10,10,10,10,,,,0,0,0,0,0,0,"CVC",0
1.0204081633,0,0,0,0,1078000,"2019-10-31T00:00:00",0,10,10,10,10,10,10,,,,0,0,0,0,0,0,"CVC",0
1.0204081633,0,0,0,0,1078000,"2019-10-30T00:00:00",0,10,10,10,10,10,10,,,,0,0,0,0,0,0,"CVC",0
1.0204081633,0,0,0,0,1078000,"2019-10-29T00:00:00",0,10,10,10,10,10,10,,,,0,0,0,0,0,0,"CVC",0
1.0204081633,0,0,0,0,1078000,"2019-10-28T00:00:00",0,10,10,10,10,10,10,,,,0,0,0,0,0,0,"CVC",0
1.0204081633,0,0,0,0,1078000,"2019-10-25T00:00:00",0,10,10,10,10,10,10,,,,0,0,0,0,0,0,"CVC",0
1.0204081633,0,0,0,0,1078000,"2019-10-24T00:00:00",0,10,10,10,10,10,10,,,,0,0,0,0,0,0,"CVC",0
1.0204081633,0,0,0,0,1078000,"2019-10-23T00:00:00",0,10,10,10,10,10,10,,,,0,0,0,0,0,0,"CVC",0
1.0204081633,0,0,0,0,1078000,"2019-10-22T00:00:00",0,10,10,10,10,10,10,,,,0,0,0,0,0,0,"CVC",0
1.0204081633,0,0,0,0,1078000,"2019-10-21T00:00:00",0,10,10,10,10,10,10,,,,0,0,0,0,0,0,"CVC",0
1.0204081633,0,0,0,0,1078000,"2019-10-18T00:00:00",0,10,10,10,10,10,10,,,,0,0,0,0,0,0,"CVC",0
1.0204081633,0,0,0,0,1078000,"2019-10-17T00:00:00",0,10,10,10,10,10,10,,,,0,0,0,0,0,0,"CVC",0
1.0204081633,0,0,0,0,1078000,"2019-10-16T00:00:00",0,10,10,10,10,10,10,,,,0,0,0,0,0,0,"CVC",0
1.0204081633,0,0,0,0,1078000,"2019-10-15T00:00:00",0,10,10,10,10,10,10,,,,0,0,0,0,0,0,"CVC",0
1.0204081633,0,0,0,0,1078000,"2019-10-14T00:00:00",0,10,10,10,10,10,10,,,,0,0,0,0,0,0,"CVC",0
1.0204081633,0,0,0,0,1078000,"2019-10-11T00:00:00",0,10,10,10,10,10,10,,,,0,0,0,0,0,0,"CVC",0
1.0204081633,0,0,0,0,1078000,"2019-10-10T00:00:00",0,10,10,10,10,10,10,,,,0,0,0,0,0,0,"CVC",0
1.0204081633,0,0,0,0,1078000,"2019-10-09T00:00:00",0,10,10,10,10,10,10,,,,0,0,0,0,0,0,"CVC",0
1.0204081633,0,0,0,0,1078000,"2019-10-08T00:00:00",0,10,10,10,10,10,10,,,,0,0,0,0,0,0,"CVC",0
1.0204081633,0,0,0,0,1078000,"2019-10-07T00:00:00",0,10,10,10,10,10,10,,,,0,0,0,0,0,0,"CVC",0
1.0204081633,0,0,0,0,1078000,"2019-10-04T00:00:00",0,10,10,10,10,10,10,,,,0,0,0,0,0,0,"CVC",0
1.0204081633,0,0,0,0,1078000,"2019-10-03T00:00:00",0,10,10,10,10,10,10,,,,0,0,0,0,0,0,"CVC",0
1.0204081633,0,0,0,0,1078000,"2019-10-02T00:00:00",0,10,10,10,10,10,10,,,,0,0,0,0,0,0,"CVC",0
1.0204081633,0,0,0,0,1078000,"2019-10-01T00:00:00",0,10,10,10,10,10,10,,,,0,0,0,0,0,0,"CVC",0
1.0204081633,0,0,0,0,1078000,"2019-09-30T00:00:00",0,10,10,10,10,10,10,,,,0,0,0,0,0,0,"CVC",0
1.0204081633,0,0,0,0,1078000,"2019-09-27T00:00:00",0,10,10,10,10,10,10,,,,0,0,0,0,0,0,"CVC",0
1.0204081633,0,0,0,0,1078000,"2019-09-26T00:00:00",0,10,10,10,10,10,10,,,,0,0,0,0,0,0,"CVC",0
1.0204081633,0,0,0,0,1078000,"2019-09-25T00:00:00",0,10,10,10,10,10,10,,,,0,0,0,0,0,0,"CVC",0
1.0204081633,0,0,0,0,1078000,"2019-09-24T00:00:00",0,10,10,10,10,10,10,,,,0,0,0,0,0,0,"CVC",0
1.0204081633,0,0,0,0,1078000,"2019-09-23T00:00:00",0,10,10,10,10,10,10,,,,0,0,0,0,0,0,"CVC",0
1.0204081633,0,0,0,0,1078000,"2019-09-20T00:00:00",0,10,10,10,10,10,10,,,,0,0,0,0,0,0,"CVC",0
1.0204081633,0,0,0,0,1078000,"2019-09-19T00:00:00",0,10,10,10,10,10,10,,,,0,0,0,0,0,0,"CVC",0
1.0204081633,0,0,0,0,1078000,"2019-09-18T00:00:00",0,10,10,10,10,10,10,,,,0,0,0,0,0,0,"CVC",0
1.0204081633,0,0,0,0,1078000,"2019-09-17T00:00:00",0,10,10,10,10,10,10,,,,0,0,0,0,0,0,"CVC",0
1.0204081633,0,0,0,0,1078000,"2019-09-16T00:00:00",0,10,10,10,10,10,10,,,,0,0,0,0,0,0,"CVC",0
1.0204081633,0,0,0,0,1078000,"2019-09-13T00:00:00",0,10,10,10,10,10,10,,,,0,0,0,0,0,0,"CVC",0
1.0204081633,0,0,0,0,1078000,"2019-09-12T00:00:00",0,10,10,10,10,10,10,,,,0,0,0,0,0,0,"CVC",0
1.0204081633,0,0,0,0,1078000,"2019-09-11T00:00:00",0,10,10,10,10,10,10,,,,0,0,0,0,0,0,"CVC",0
1.0204081633,0,0,0,0,1078000,"2019-09-10T00:00:00",0,10,10,10,10,10,10,,,,0,0,0,0,0,0,"CVC",0
1.0204081633,0,0,0,0,1078000,"2019-09-09T00:00:00",0,10,10,10,10,10,10,,,,0,0,0,0,0,0,"CVC",0
1.0204081633,0,0,0,0,1078000,"2019-09-06T00:00:00",0,10,10,10,10,10,10,,,,0,0,0,0,0,0,"CVC",0
1.0204081633,0,0,0,0,1078000,"2019-09-05T00:00:00",0,10,10,10,10,10,10,,,,0,0,0,0,0,0,"CVC",0
1.0204081633,0,0,0,0,1078000,"2019-09-04T00:00:00",0,10,10,10,10,10,10,,,,0,0,0,0,0,0,"CVC",0
1.0204081633,0,0,0,0,1078000,"2019-09-03T00:00:00",0,10,10,10,10,10,10,,,,0,0,0,0,0,0,"CVC",0
1.0204081633,0,0,0,0,1078000,"2019-08-30T00:00:00",0,10,10,10,10,10,10,,,,0,0,0,0,0,0,"CVC",0
1.0204081633,0,0,0,0,1078000,"2019-08-29T00:00:00",0,10,10,10,10,10,10,,,,0,0,0,0,0,0,"CVC",0
1.0204081633,0,0,0,0,1078000,"2019-08-28T00:00:00",0,10,10,10,10,10,10,,,,0,0,0,0,0,0,"CVC",0
1.0204081633,0,0,0,0,1078000,"2019-08-27T00:00:00",0,10,10,10,10,10,10,,,,0,0,0,0,0,0,"CVC",0
1.0204081633,0,0,0,0,1078000,"2019-08-26T00:00:00",0,10,10,10,10,10,10,,,,0,0,0,0,0,0,"CVC",0
1.0204081633,0,0,0,0,1078000,"2019-08-23T00:00:00",0,10,10,10,10,10,10,,,,0,0,0,0,0,0,"CVC",0
1.0204081633,0,0,0,0,1078000,"2019-08-22T00:00:00",0,10,10,10,10,10,10,,,,0,0,0,0,0,0,"CVC",0
1.0204081633,0,0,0,0,1078000,"2019-08-21T00:00:00",0,10,10,10,10,10,10,,,,0,0,0,0,0,0,"CVC",0
1.0204081633,0,0,0,0,1078000,"2019-08-20T00:00:00",0,10,10,10,10,10,10,,,,0,0,0,0,0,0,"CVC",0
1.0204081633,0,0,0,0,1078000,"2019-08-19T00:00:00",0,10,10,10,10,10,10,,,,0,0,0,0,0,0,"CVC",0
1.0204081633,0,0,0,0,1078000,"2019-08-16T00:00:00",0,10,10,10,10,10,10,,,,0,0,0,0,0,0,"CVC",0
1.0204081633,0,0,0,0,1078000,"2019-08-15T00:00:00",0,10,10,10,10,10,10,,,,0,0,0,0,0,0,"CVC",0
1.0204081633,0,0,0,0,1078000,"2019-08-14T00:00:00",0,10,10,10,10,10,10,,,,0,0,0,0,0,0,"CVC",0
1.0204081633,0,0,0,0,1078000,"2019-08-13T00:00:00",0,10,10,10,10,10,10,,,,0,0,0,0,0,0,"CVC",0
1.0204081633,0,0,0,0,1078000,"2019-08-12T00:00:00",0,10,10,10,10,10,10,,,,0,0,0,0,0,0,"CVC",0
1.0204081633,0,0,0,0,1078000,"2019-08-09T00:00:00",0,10,10,10,10,10,10,,,,0,0,0,0,0,0,"CVC",0
1.0204081633,0,0,0,0,1078000,"2019-08-08T00:00:00",0,10,10,10,10,10,10,,,,0,0,0,0,0,0,"CVC",0
1.0204081633,0,0,0,0,1078000,"2019-08-07T00:00:00",0,10,10,10,10,10,10,,,,0,0,0,0,0,0,"CVC",0
1.0204081633,0,0,0,0,1078000,"2019-08-06T00:00:00",0,10,10,10,10,10,10,,,,0,0,0,0,0,0,"CVC",0
1.0204081633,0,0,0,0,1078000,"2019-08-05T00:00:00",0,10,10,10,10,10,10,,,,0,0,0,0,0,0,"CVC",0
1.0204081633,0,0,0,0,1078000,"2019-08-02T00:00:00",0,10,10,10,10,10,10,,,,0,0,0,0,0,0,"CVC",0
1.0204081633,0,0,0,0,1078000,"2019-08-01T00:00:00",0,10,10,10,10,10,10,,,,0,0,0,0,0,0,"CVC",0
1.0204081633,0,0,0,0,1078000,"2019-07-31T00:00:00",0,10,10,10,10,10,10,,,,0,0,0,0,0,0,"CVC",0
1.0204081633,0,0,0,0,1078000,"2019-07-30T00:00:00",0,10,10,10,10,10,10,,,,0,0,0,0,0,0,"CVC",0
1.0204081633,0,0,0,0,1078000,"2019-07-29T00:00:00",0,10,10,10,10,10,10,,,,0,0,0,0,0,0,"CVC",0
1.0204081633,0,0,0,0,1078000,"2019-07-26T00:00:00",0,10,10,10,10,10,10,,,,0,0,0,0,0,0,"CVC",0
1.0204081633,0,0,0,0,1078000,"2019-07-25T00:00:00",0,10,10,10,10,10,10,,,,0,0,0,0,0,0,"CVC",0
1.0204081633,0,0,0,0,1078000,"2019-07-24T00:00:00",0,10,10,10,10,10,10,,,,0,0,0,0,0,0,"CVC",0
1.0204081633,0,0,0,0,1078000,"2019-07-23T00:00:00",0,10,10,10,10,10,10,,,,0,0,0,0,0,0,"CVC",0
1.0204081633,0,0,0,0,1078000,"2019-07-22T00:00:00",0,10,10,10,10,10,10,,,,0,0,0,0,0,0,"CVC",0
1.0204081633,0,0,0,0,1078000,"2019-07-19T00:00:00",0,10,10,10,10,10,10,,,,0,0,0,0,0,0,"CVC",0
1.0204081633,0,0,0,0,1078000,"2019-07-18T00:00:00",0,10,10,10,10,10,10,,,,0,0,0,0,0,0,"CVC",0
1.0204081633,0,0,0,0,1078000,"2019-07-17T00:00:00",0,10,10,10,10,10,10,,,,0,0,0,0,0,0,"CVC",0
1.0204081633,0,0,0,0,1078000,"2019-07-16T00:00:00",0,10,10,10,10,10,10,,,,0,0,0,0,0,0,"CVC",0
1.0204081633,0,0,0,0,1078000,"2019-07-15T00:00:00",0,10,10,10,10,10,10,,,,0,0,0,0,0,0,"CVC",0
1.0204081633,0,0,0,0,1078000,"2019-07-12T00:00:00",0,10,10,10,10,10,10,,,,0,0,0,0,0,0,"CVC",0
1.0204081633,0,0,0,0,1078000,"2019-07-11T00:00:00",0,10,10,10,10,10,10,,,,0,0,0,0,0,0,"CVC",0
1.0204081633,0,0,0,0,1078000,"2019-07-10T00:00:00",0,10,10,10,10,10,10,,,,0,0,0,0,0,0,"CVC",0
1.0204081633,0,0,0,0,1078000,"2019-07-09T00:00:00",0,10,10,10,10,10,10,,,,0,0,0,0,0,0,"CVC",0
1.0204081633,0,0,0,0,1078000,"2019-07-08T00:00:00",0,10,10,10,10,10,10,,,,0,0,0,0,0,0,"CVC",0
1.0204081633,0,0,0,0,1078000,"2019-07-05T00:00:00",0,10,10,10,10,10,10,,,,0,0,0,0,0,0,"CVC",0
1.0204081633,0,0,0,0,1078000,"2019-07-04T00:00:00",0,10,10,10,10,10,10,,,,0,0,0,0,0,0,"CVC",0
1.0204081633,0,0,0,0,1078000,"2019-07-03T00:00:00",0,10,10,10,10,10,10,,,,0,0,0,0,0,0,"CVC",0
1.0204081633,0,0,0,0,1078000,"2019-07-02T00:00:00",0,10,10,10,10,10,10,,,,0,0,0,0,0,0,"CVC",0
1.0204081633,0,0,0,0,1078000,"2019-07-01T00:00:00",0,10,10,10,10,10,10,,,,0,0,0,0,0,0,"CVC",0
1.0204081633,0,0,0,0,1078000,"2019-06-28T00:00:00",0,10,10,10,10,10,10,,,,0,0,0,0,0,0,"CVC",0
1.0204081633,0,0,0,0,1078000,"2019-06-27T00:00:00",0,10,10,10,10,10,10,,,,0,0,0,0,0,0,"CVC",0
1.0204081633,0,0,0,0,1078000,"2019-06-26T00:00:00",0,10,10,10,10,10,10,,,,0,0,0,0,0,0,"CVC",0
1.0204081633,0,0,0,0,1078000,"2019-06-25T00:00:00",0,10,10,10,10,10,10,,,,0,0,0,0,0,0,"CVC",0
1.0204081633,0,0,0,0,1078000,"2019-06-24T00:00:00",0,10,10,10,10,10,10,,,,0,0,0,0,0,0,"CVC",0
1.0204081633,0,0,0,0,1078000,"2019-06-21T00:00:00",0,10,10,10,10,10,10,,,,0,0,0,0,0,0,"CVC",0
1.0204081633,0,0,0,0,1078000,"2019-06-20T00:00:00",0,10,10,10,10,10,10,,,,0,0,0,0,0,0,"CVC",0
1.0204081633,0,0,0,0,1078000,"2019-06-19T00:00:00",0,10,10,10,10,10,10,,,,0,0,0,0,0,0,"CVC",0
1.0204081633,0,0,0,0,1078000,"2019-06-18T00:00:00",0,10,10,10,10,10,10,,,,0,0,0,0,0,0,"CVC",0
1.0204081633,0,0,0,0,1078000,"2019-06-17T00:00:00",0,10,10,10,10,10,10,,,,0,0,0,0,0,0,"CVC",0
1.0204081633,0,0,0,0,1078000,"2019-06-14T00:00:00",0,10,10,10,10,10,10,,,,0,0,0,0,0,0,"CVC",0
1.0204081633,0,0,0,0,1078000,"2019-06-13T00:00:00",0,10,10,10,10,10,10,,,,0,0,0,0,0,0,"CVC",0
1.0204081633,0,0,0,0,1078000,"2019-06-12T00:00:00",0,10,10,10,10,10,10,,,,0,0,0,0,0,0,"CVC",0
1.0204081633,0,0,0,0,1078000,"2019-06-11T00:00:00",0,10,10,10,10,10,10,,,,23100000,2310,0,0,0,0,"CVC",23100000
1.0204081633,0,0,0,100,1078000,"2019-06-10T00:00:00",100,10,10,10,10,10,10,,,,0,0,0,0,0,100,"CVC",1000000
1.0204081633,0,0,0,0,1078000,"2019-06-07T00:00:00",0,10,10,10,10,10,10,,,,0,0,0,0,0,0,"CVC",0
1.0204081633,0,0,0,0,1078000,"2019-06-06T00:00:00",0,10,10,10,10,10,10,,,,0,0,0,0,0,0,"CVC",0
1.0204081633,0,0,0,0,1078000,"2019-06-05T00:00:00",0,10,10,10,10,10,10,,,,0,0,0,0,0,0,"CVC",0
1.0204081633,0,0,0,0,1078000,"2019-06-04T00:00:00",0,10,10,10,10,10,10,,,,0,0,0,0,0,0,"CVC",0
1.0204081633,0,0,0,0,1078000,"2019-06-03T00:00:00",0,10,10,10,10,10,10,,,,0,0,0,0,0,0,"CVC",0
1.0204081633,0,0,0,0,1078000,"2019-05-31T00:00:00",0,10,10,10,10,10,10,,,,0,0,0,0,0,0,"CVC",0
1.0204081633,0,0,0,0,1078000,"2019-05-30T00:00:00",0,10,10,10,10,10,10,,,,0,0,0,0,0,0,"CVC",0
1.0204081633,0,0,0,0,1078000,"2019-05-29T00:00:00",0,10,10,10,10,10,10,,,,0,0,0,0,0,0,"CVC",0
1.0204081633,0,0,0,0,1078000,"2019-05-28T00:00:00",0,10,10,10,10,10,10,,,,0,0,0,0,0,0,"CVC",0
1.0204081633,0,0,0,0,1078000,"2019-05-27T00:00:00",0,10,10,10,10,10,10,,,,0,0,0,0,0,0,"CVC",0
1.0204081633,0,0,0,0,1078000,"2019-05-24T00:00:00",0,10,10,10,10,10,10,,,,0,0,0,0,0,0,"CVC",0
1.0204081633,0,0,0,0,1078000,"2019-05-23T00:00:00",0,10,10,10,10,10,10,,,,0,0,0,0,0,0,"CVC",0
1.0204081633,0,0,0,0,1078000,"2019-05-22T00:00:00",0,10,10,10,10,10,10,,,,0,0,0,0,0,0,"CVC",0
1.0204081633,0,0,0,0,1078000,"2019-05-21T00:00:00",0,10,10,10,10,10,10,,,,0,0,0,0,0,0,"CVC",0
1.0204081633,0,0,0,0,1078000,"2019-05-20T00:00:00",0,10,10,10,10,10,10,,,,0,0,0,0,0,0,"CVC",0
1.0204081633,0,0,0,100,1078000,"2019-05-17T00:00:00",0,10,10,10,10,10,10,,,,0,0,0,0,0,0,"CVC",0
1.0204081633,0,0,0,100,1078000,"2019-05-16T00:00:00",0,10,10,10,10,10,10,,,,0,0,0,0,0,0,"CVC",0
1.0204081633,0,0,0,0,1078000,"2019-05-15T00:00:00",0,10,10,10,10,10,10,,,,0,0,0,0,0,0,"CVC",0
1.0204081633,0,0,0,0,1078000,"2019-05-14T00:00:00",0,10,10,10,10,10,10,,,,0,0,0,0,0,0,"CVC",0
1.0204081633,0,0,0,0,1078000,"2019-05-13T00:00:00",0,10,10,10,10,10,10,,,,0,0,0,0,0,0,"CVC",0
1.0204081633,0,0,0,0,1078000,"2019-05-10T00:00:00",0,10,10,10,10,10,10,,,,0,0,0,0,0,0,"CVC",0
1.0204081633,0,0,0,0,1078000,"2019-05-09T00:00:00",0,10,10,10,10,10,10,,,,0,0,0,0,0,0,"CVC",0
1.0204081633,0,0,0,0,1078000,"2019-05-08T00:00:00",0,10,10,10,10,10,10,,,,0,0,0,0,0,0,"CVC",0
1.0204081633,0,0,0,0,1078000,"2019-05-07T00:00:00",0,10,10,10,10,10,10,,,,0,0,0,0,0,0,"CVC",0
1.0204081633,0,0,0,0,1078000,"2019-05-06T00:00:00",0,10,10,10,10,10,10,,,,0,0,0,0,0,0,"CVC",0
1.0204081633,0,0,0,0,1078000,"2019-05-03T00:00:00",0,10,10,10,10,10,10,,,,0,0,0,0,0,0,"CVC",0
1.0204081633,0,0,0,0,1078000,"2019-05-02T00:00:00",0,10,10,10,10,10,10,,,,0,0,0,0,0,0,"CVC",0
1.0204081633,0,0,0,0,1078000,"2019-04-26T00:00:00",0,10,10,10,10,10,10,,,,0,0,0,0,0,0,"CVC",0
1.0204081633,0,0,0,0,1078000,"2019-04-25T00:00:00",0,10,10,10,10,10,10,,,,0,0,0,0,0,0,"CVC",0
1.0204081633,0,0,0,0,1078000,"2019-04-24T00:00:00",0,10,10,10,10,10,10,,,,0,0,0,0,0,0,"CVC",0
1.0204081633,0,0,0,0,1078000,"2019-04-23T00:00:00",0,10,10,10,10,10,10,,,,0,0,0,0,0,0,"CVC",0
1.0204081633,0,0,0,0,1078000,"2019-04-22T00:00:00",0,10,10,10,10,10,10,,,,0,0,0,0,0,0,"CVC",0
1.0204081633,0,0,0,0,1078000,"2019-04-19T00:00:00",0,10,10,10,10,10,10,,,,0,0,0,0,0,0,"CVC",0
1.0204081633,0,0,0,0,1078000,"2019-04-18T00:00:00",0,10,10,10,10,10,10,,,,0,0,0,0,0,0,"CVC",0
1.0204081633,0,0,0,0,1078000,"2019-04-17T00:00:00",0,10,10,10,10,10,10,,,,0,0,0,0,0,0,"CVC",0
1.0204081633,0,0,0,0,1078000,"2019-04-16T00:00:00",0,10,10,10,10,10,10,,,,0,0,0,0,0,0,"CVC",0
1.0204081633,0,0,0,0,1078000,"2019-04-12T00:00:00",0,10,10,10,10,10,10,,,,0,0,0,0,0,0,"CVC",0
1.0204081633,0,0,0,0,1078000,"2019-04-11T00:00:00",0,10,10,10,10,10,10,,,,0,0,0,0,0,0,"CVC",0
1.0204081633,0,0,0,0,1078000,"2019-04-10T00:00:00",0,10,10,10,10,10,10,,,,0,0,0,0,0,0,"CVC",0
1.0204081633,0,0,0,0,1078000,"2019-04-09T00:00:00",0,10,10,10,10,10,10,,,,0,0,0,0,0,0,"CVC",0
1.0204081633,0,0,0,0,1078000,"2019-04-08T00:00:00",0,10,10,10,10,10,10,,,,0,0,0,0,0,0,"CVC",0
1.0204081633,0,0,0,0,1078000,"2019-04-05T00:00:00",0,10,10,10,10,10,10,,,,0,0,0,0,0,0,"CVC",0
1.0204081633,0,0,0,0,1078000,"2019-04-04T00:00:00",0,10,10,10,10,10,10,,,,0,0,0,0,0,0,"CVC",0
1.0204081633,0,0,0,0,1078000,"2019-04-03T00:00:00",0,10,10,10,10,10,10,,,,0,0,0,0,0,0,"CVC",0
1.0204081633,0,0,0,0,1078000,"2019-04-02T00:00:00",0,10,10,10,10,10,10,,,,29100000,2910,0,0,0,0,"CVC",29100000
1.0204081633,0,0,0,0,1078000,"2019-04-01T00:00:00",0,10,10,10,10,10,10,,,,40000000,4000,0,0,0,0,"CVC",40000000
1.0204081633,0,0,0,0,1078000,"2019-03-29T00:00:00",0,10,10,10,10,10,10,,,,0,0,0,0,0,0,"CVC",0
1.0204081633,0,0,0,0,1078000,"2019-03-28T00:00:00",0,10,10,10,10,10,10,,,,0,0,0,0,0,0,"CVC",0
1.0204081633,0,0,0,0,1078000,"2019-03-27T00:00:00",0,10,10,10,10,10,10,,,,0,0,0,0,0,0,"CVC",0
1.0204081633,0,0,0,0,1078000,"2019-03-26T00:00:00",0,10,10,10,10,10,10,,,,28600000,2860,0,0,0,0,"CVC",28600000
1.0204081633,0,0,0,100,1078000,"2019-03-25T00:00:00",100,10,11.5,10,10,10,10,,,,0,0,0,0,0,100,"CVC",1000000
1.0204081633,0,0,0,100,1078000,"2019-03-22T00:00:00",0,11.5,11.5,11.5,11.5,11.5,11.5,,,,0,0,0,0,0,0,"CVC",0
1.0204081633,0,0,0,1400,1078000,"2019-03-21T00:00:00",1400,11.5,10,11.5,11.5,11.5,11.5,,,,0,0,0,0,0,1400,"CVC",16100000
1.0204081633,0,0,0,0,1078000,"2019-03-20T00:00:00",0,10,10,10,10,10,10,,,,0,0,0,0,0,0,"CVC",0
1.0204081633,0,0,0,0,1078000,"2019-03-19T00:00:00",0,10,10,10,10,10,10,,,,0,0,0,0,0,0,"CVC",0
1.0204081633,0,0,0,0,1078000,"2019-03-18T00:00:00",0,10,10,10,10,10,10,,,,0,0,0,0,0,0,"CVC",0
1.0204081633,0,0,0,0,1078000,"2019-03-15T00:00:00",0,10,10,10,10,10,10,,,,0,0,0,0,0,0,"CVC",0
1.0204081633,0,0,0,0,1078000,"2019-03-14T00:00:00",0,10,10,10,10,10,10,,,,0,0,0,0,0,0,"CVC",0
1.0204081633,0,0,0,0,1078000,"2019-03-13T00:00:00",0,10,10,10,10,10,10,,,,0,0,0,0,0,0,"CVC",0
1.0204081633,0,0,0,0,1078000,"2019-03-12T00:00:00",0,10,10,10,10,10,10,,,,0,0,0,0,0,0,"CVC",0
1.0204081633,0,0,0,0,1078000,"2019-03-11T00:00:00",0,10,10,10,10,10,10,,,,0,0,0,0,0,0,"CVC",0
1.0204081633,0,0,0,0,1078000,"2019-03-08T00:00:00",0,10,10,10,10,10,10,,,,0,0,0,0,0,0,"CVC",0
1.0204081633,0,0,0,0,1078000,"2019-03-07T00:00:00",0,10,10,10,10,10,10,,,,0,0,0,0,0,0,"CVC",0
1.0204081633,0,0,0,0,1078000,"2019-03-06T00:00:00",0,10,10,10,10,10,10,,,,0,0,0,0,0,0,"CVC",0
1.0204081633,0,0,0,0,1078000,"2019-03-05T00:00:00",0,10,10,10,10,10,10,,,,0,0,0,0,0,0,"CVC",0
1.0204081633,0,0,0,0,1078000,"2019-03-04T00:00:00",0,10,10,10,10,10,10,,,,0,0,0,0,0,0,"CVC",0
1.0204081633,0,0,0,0,1078000,"2019-03-01T00:00:00",0,10,10,10,10,10,10,,,,0,0,0,0,0,0,"CVC",0
1.0204081633,0,0,0,0,1078000,"2019-02-28T00:00:00",0,10,10,10,10,10,10,,,,0,0,0,0,0,0,"CVC",0
1.0204081633,0,0,0,0,1078000,"2019-02-27T00:00:00",0,10,10,10,10,10,10,,,,0,0,0,0,0,0,"CVC",0
1.0204081633,0,0,0,0,1078000,"2019-02-26T00:00:00",0,10,10,10,10,10,10,,,,0,0,0,0,0,0,"CVC",0
1.0204081633,0,0,0,0,1078000,"2019-02-25T00:00:00",0,10,10,10,10,10,10,,,,0,0,0,0,0,0,"CVC",0
1.0204081633,0,0,0,0,1078000,"2019-02-22T00:00:00",0,10,10,10,10,10,10,,,,0,0,0,0,0,0,"CVC",0
1.0204081633,0,0,0,0,1078000,"2019-02-21T00:00:00",0,10,10,10,10,10,10,,,,32400000,3240,0,0,0,0,"CVC",32400000
1.0204081633,0,0,0,0,1078000,"2019-02-20T00:00:00",0,10,10,10,10,10,10,,,,0,0,0,0,0,0,"CVC",0
1.0204081633,0,0,0,0,1078000,"2019-02-19T00:00:00",0,10,10,10,10,10,10,,,,0,0,0,0,0,0,"CVC",0
1.0204081633,0,0,0,0,1078000,"2019-02-18T00:00:00",0,10,10,10,10,10,10,,,,0,0,0,0,0,0,"CVC",0
1.0204081633,0,0,0,0,1078000,"2019-02-15T00:00:00",0,10,10,10,10,10,10,,,,0,0,0,0,0,0,"CVC",0
1.0204081633,0,0,0,0,1078000,"2019-02-14T00:00:00",0,10,10,10,10,10,10,,,,0,0,0,0,0,0,"CVC",0
1.0204081633,0,0,0,0,1078000,"2019-02-13T00:00:00",0,10,10,10,10,10,10,,,,0,0,0,0,0,0,"CVC",0
1.0204081633,0,0,0,0,1078000,"2019-02-12T00:00:00",0,10,10,10,10,10,10,,,,0,0,0,0,0,0,"CVC",0
1.0204081633,0,0,0,0,1078000,"2019-02-11T00:00:00",0,10,10,10,10,10,10,,,,0,0,0,0,0,0,"CVC",0
1.0204081633,0,0,0,0,1078000,"2019-02-01T00:00:00",0,10,10,10,10,10,10,,,,0,0,0,0,0,0,"CVC",0
1.0204081633,0,0,0,0,1078000,"2019-01-31T00:00:00",0,10,10,10,10,10,10,,,,0,0,0,0,0,0,"CVC",0
1.0204081633,0,0,0,0,1078000,"2019-01-30T00:00:00",0,10,10,10,10,10,10,,,,0,0,0,0,0,0,"CVC",0
1.0204081633,0,0,0,0,1078000,"2019-01-29T00:00:00",0,10,10,10,10,10,10,,,,0,0,0,0,0,600,"CVC",0
1.0204081633,0,0,0,0,1078000,"2019-01-28T00:00:00",0,10,10,10,10,10,10,,,,0,0,0,0,0,0,"CVC",0
1.0204081633,0,0,0,0,1078000,"2019-01-25T00:00:00",0,10,10,10,10,10,10,,,,0,0,0,0,0,0,"CVC",0
1.0204081633,0,0,0,3000,1078000,"2019-01-24T00:00:00",3000,10,10,10,10,10,10,,,,0,0,0,0,0,3000,"CVC",30000000
1.0204081633,0,0,0,0,1078000,"2019-01-23T00:00:00",0,10,10,10,10,10,10,,,,0,0,0,0,0,0,"CVC",0
1.0204081633,0,0,0,0,1078000,"2019-01-22T00:00:00",0,10,10,10,10,10,10,,,,0,0,0,0,0,0,"CVC",0
1.0204081633,0,0,0,0,1078000,"2019-01-21T00:00:00",0,10,10,10,10,10,10,,,,0,0,0,0,0,0,"CVC",0
1.0204081633,0,0,0,0,1078000,"2019-01-18T00:00:00",0,10,10,10,10,10,10,,,,0,0,0,0,0,0,"CVC",0
1.0204081633,0,0,0,0,1078000,"2019-01-17T00:00:00",0,10,10,10,10,10,10,,,,0,0,0,0,0,0,"CVC",0
1.0204081633,0,0,0,0,1078000,"2019-01-16T00:00:00",0,10,10,10,10,10,10,,,,0,0,0,0,0,0,"CVC",0
1.0204081633,0,0,0,0,1078000,"2019-01-15T00:00:00",0,10,10,10,10,10,10,,,,0,0,0,0,0,0,"CVC",0
1.0204081633,0,0,0,0,1078000,"2019-01-14T00:00:00",0,10,10,10,10,10,10,,,,0,0,0,0,0,0,"CVC",0
1.0204081633,0,0,0,0,1078000,"2019-01-11T00:00:00",0,10,10,10,10,10,10,,,,0,0,0,0,0,0,"CVC",0
1.0204081633,0,0,0,0,1078000,"2019-01-10T00:00:00",0,10,10,10,10,10,10,,,,0,0,0,0,0,0,"CVC",0
1.0204081633,0,0,0,0,1078000,"2019-01-09T00:00:00",0,10,10,10,10,10,10,,,,0,0,0,0,0,0,"CVC",0
1.0204081633,0,0,0,0,1078000,"2019-01-08T00:00:00",0,10,10,10,10,10,10,,,,0,0,0,0,0,0,"CVC",0
1.0204081633,0,0,0,0,1078000,"2019-01-07T00:00:00",0,10,10,10,10,10,10,,,,0,0,0,0,0,0,"CVC",0
1.0204081633,0,0,0,0,1078000,"2019-01-04T00:00:00",0,10,10,10,10,10,10,,,,0,0,0,0,0,0,"CVC",0
1.0204081633,0,0,0,0,1078000,"2019-01-03T00:00:00",0,10,10,10,10,10,10,,,,0,0,0,0,0,0,"CVC",0
1.0204081633,0,0,0,0,1078000,"2019-01-02T00:00:00",0,10,10,10,10,10,10,,,,0,0,0,0,0,0,"CVC",0
1.0204081633,0,0,0,0,1078000,"2018-12-28T00:00:00",0,10,10,10,10,10,10,,,,0,0,0,0,0,0,"CVC",0
1.0204081633,0,0,0,0,1078000,"2018-12-27T00:00:00",0,10,10,10,10,10,10,,,,0,0,0,0,0,0,"CVC",0
1.0204081633,0,0,0,0,1078000,"2018-12-26T00:00:00",0,10,10,10,10,10,10,,,,0,0,0,0,0,0,"CVC",0
1.0204081633,0,0,0,0,1078000,"2018-12-25T00:00:00",0,10,10,10,10,10,10,,,,0,0,0,0,0,0,"CVC",0
1.0204081633,0,0,0,0,1078000,"2018-12-24T00:00:00",0,10,10,10,10,10,10,,,,0,0,0,0,0,0,"CVC",0
1.0204081633,0,0,0,0,1078000,"2018-12-21T00:00:00",0,10,10,10,10,10,10,,,,0,0,0,0,0,0,"CVC",0
1.0204081633,0,0,0,0,1078000,"2018-12-20T00:00:00",0,10,10,10,10,10,10,,,,0,0,0,0,0,0,"CVC",0
1.0204081633,0,0,0,0,1078000,"2018-12-19T00:00:00",0,10,10,10,10,10,10,,,,0,0,0,0,0,0,"CVC",0
1.0204081633,0,0,0,0,1078000,"2018-12-18T00:00:00",0,10,10,10,10,10,10,,,,0,0,0,0,0,0,"CVC",0
1.0204081633,0,0,0,0,1078000,"2018-12-17T00:00:00",0,10,10,10,10,10,10,,,,0,0,0,0,0,0,"CVC",0
1.0204081633,0,0,0,0,1078000,"2018-12-14T00:00:00",0,10,10,10,10,10,10,,,,0,0,0,0,0,0,"CVC",0
1.0204081633,0,0,0,0,1078000,"2018-12-13T00:00:00",0,10,10,10,10,10,10,,,,0,0,0,0,0,0,"CVC",0
1.0204081633,0,0,0,0,1078000,"2018-12-12T00:00:00",0,10,10,10,10,10,10,,,,0,0,0,0,0,0,"CVC",0
1.0204081633,0,0,0,0,1078000,"2018-12-11T00:00:00",0,10,10,10,10,10,10,,,,0,0,0,0,0,0,"CVC",0
1.0204081633,0,0,0,0,1078000,"2018-12-10T00:00:00",0,10,10,10,10,10,10,,,,0,0,0,0,0,0,"CVC",0
1.0204081633,0,0,0,0,1078000,"2018-12-07T00:00:00",0,10,10,10,10,10,10,,,,0,0,0,0,0,0,"CVC",0
1.0204081633,0,0,0,0,1078000,"2018-12-06T00:00:00",0,10,10,10,10,10,10,,,,0,0,0,0,0,0,"CVC",0
1.0204081633,0,0,0,0,1078000,"2018-12-05T00:00:00",0,10,10,10,10,10,10,,,,0,0,0,0,0,0,"CVC",0
1.0204081633,0,0,0,0,1078000,"2018-12-04T00:00:00",0,10,10,10,10,10,10,,,,0,0,0,0,0,0,"CVC",0
1.0204081633,0,0,0,0,1078000,"2018-12-03T00:00:00",0,10,10,10,10,10,10,,,,0,0,0,0,0,0,"CVC",0
1.0204081633,0,0,0,0,1078000,"2018-11-30T00:00:00",0,10,10,10,10,10,10,,,,0,0,0,0,0,0,"CVC",0
1.0204081633,0,0,0,0,1078000,"2018-11-29T00:00:00",0,10,10,10,10,10,10,,,,0,0,0,0,0,0,"CVC",0
1.0204081633,0,0,0,0,1078000,"2018-11-28T00:00:00",0,10,10,10,10,10,10,,,,0,0,0,0,0,0,"CVC",0
1.0204081633,0,0,0,0,1078000,"2018-11-27T00:00:00",0,10,10,10,10,10,10,,,,0,0,0,0,0,0,"CVC",0
1.0204081633,0,0,0,0,1078000,"2018-11-26T00:00:00",0,10,10,10,10,10,10,,,,0,0,0,0,0,0,"CVC",0
1.0204081633,0,0,0,0,1078000,"2018-11-23T00:00:00",0,10,10,10,10,10,10,,,,0,0,0,0,0,0,"CVC",0
1.0204081633,0,0,0,0,1078000,"2018-11-22T00:00:00",0,10,10,10,10,10,10,,,,0,0,0,0,0,0,"CVC",0
1.0204081633,0,0,0,0,1078000,"2018-11-21T00:00:00",0,10,10,10,10,10,10,,,,0,0,0,0,0,0,"CVC",0
1.0204081633,0,0,0,0,1078000,"2018-11-20T00:00:00",0,10,10,10,10,10,10,,,,0,0,0,0,0,0,"CVC",0
1.0204081633,0,0,0,0,1078000,"2018-11-19T00:00:00",0,10,10,10,10,10,10,,,,0,0,0,0,0,0,"CVC",0
1.0204081633,0,0,0,0,1078000,"2018-11-16T00:00:00",0,10,10,10,10,10,10,,,,0,0,0,0,0,0,"CVC",0
1.0204081633,0,0,0,0,1078000,"2018-11-15T00:00:00",0,10,10,10,10,10,10,,,,0,0,0,0,0,0,"CVC",0
1.0204081633,0,0,0,0,1078000,"2018-11-14T00:00:00",0,10,10,10,10,10,10,,,,0,0,0,0,0,0,"CVC",0
1.0204081633,0,0,0,0,1078000,"2018-11-13T00:00:00",0,10,10,10,10,10,10,,,,0,0,0,0,0,0,"CVC",0
1.0204081633,0,0,0,0,1078000,"2018-11-12T00:00:00",0,10,10,10,10,10,10,,,,0,0,0,0,0,0,"CVC",0
1.0204081633,0,0,0,0,1078000,"2018-11-09T00:00:00",0,10,10,10,10,10,10,,,,0,0,0,0,0,0,"CVC",0
1.0204081633,0,0,0,0,1078000,"2018-11-08T00:00:00",0,10,10,10,10,10,10,,,,0,0,0,0,0,0,"CVC",0
1.0204081633,0,0,0,0,1078000,"2018-11-07T00:00:00",0,10,10,10,10,10,10,,,,0,0,0,0,0,0,"CVC",0
1.0204081633,0,0,0,0,1078000,"2018-11-06T00:00:00",0,10,10,10,10,10,10,,,,0,0,0,0,0,0,"CVC",0
1.0204081633,0,0,0,0,1078000,"2018-11-05T00:00:00",0,10,10,10,10,10,10,,,,0,0,0,0,0,0,"CVC",0
1.0204081633,0,0,0,0,1078000,"2018-11-02T00:00:00",0,10,10,10,10,10,10,,,,0,0,0,0,0,0,"CVC",0
1.0204081633,0,0,0,0,1078000,"2018-11-01T00:00:00",0,10,10,10,10,10,10,,,,0,0,0,0,0,0,"CVC",0
1.0204081633,0,0,0,0,1078000,"2018-10-31T00:00:00",0,10,10,10,10,10,10,,,,0,0,0,0,0,0,"CVC",0
1.0204081633,0,0,0,0,1078000,"2018-10-30T00:00:00",0,10,10,10,10,10,10,,,,0,0,0,0,0,0,"CVC",0
1.0204081633,0,0,0,0,1078000,"2018-10-29T00:00:00",0,10,10,10,10,10,10,,,,0,0,0,0,0,0,"CVC",0
1.0204081633,0,0,0,0,1078000,"2018-10-26T00:00:00",0,10,10,10,10,10,10,,,,0,0,0,0,0,0,"CVC",0
1.0204081633,0,0,0,0,1078000,"2018-10-25T00:00:00",0,10,10,10,10,10,10,,,,0,0,0,0,0,0,"CVC",0
1.0204081633,0,0,0,0,1078000,"2018-10-24T00:00:00",0,10,10,10,10,10,10,,,,0,0,0,0,0,0,"CVC",0
1.0204081633,0,0,0,0,1078000,"2018-10-23T00:00:00",0,10,10,10,10,10,10,,,,0,0,0,0,0,0,"CVC",0
1.0204081633,0,0,0,0,1078000,"2018-10-22T00:00:00",0,10,10,10,10,10,10,,,,0,0,0,0,0,0,"CVC",0
1.0204081633,0,0,0,0,1078000,"2018-10-19T00:00:00",0,10,10,10,10,10,10,,,,0,0,0,0,0,0,"CVC",0
1.0204081633,0,0,0,0,1078000,"2018-10-18T00:00:00",0,10,10,10,10,10,10,,,,0,0,0,0,0,0,"CVC",0
1.0204081633,0,0,0,0,1078000,"2018-10-17T00:00:00",0,10,10,10,10,10,10,,,,0,0,0,0,0,0,"CVC",0
1.0204081633,0,0,0,0,1078000,"2018-10-16T00:00:00",0,10,10,10,10,10,10,,,,0,0,0,0,0,0,"CVC",0
1.0204081633,0,0,0,0,1078000,"2018-10-15T00:00:00",0,10,10,10,10,10,10,,,,0,0,0,0,0,0,"CVC",0
1.0204081633,0,0,0,0,1078000,"2018-10-12T00:00:00",0,10,10,10,10,10,10,,,,0,0,0,0,0,0,"CVC",0
1.0204081633,0,0,0,0,1078000,"2018-10-11T00:00:00",0,10,10,10,10,10,10,,,,0,0,0,0,0,0,"CVC",0
1.0204081633,0,0,0,0,1078000,"2018-10-10T00:00:00",0,10,10,10,10,10,10,,,,0,0,0,0,0,0,"CVC",0
1.0204081633,0,0,0,0,1078000,"2018-10-09T00:00:00",0,10,10,10,10,10,10,,,,0,0,0,0,0,0,"CVC",0
1.0204081633,0,0,0,0,1078000,"2018-10-08T00:00:00",0,10,10,10,10,10,10,,,,0,0,0,0,0,0,"CVC",0
1.0204081633,0,0,0,0,1078000,"2018-10-05T00:00:00",0,10,10,10,10,10,10,,,,0,0,0,0,0,0,"CVC",0
1.0204081633,0,0,0,0,1078000,"2018-10-04T00:00:00",0,10,10,10,10,10,10,,,,33000000,3300,0,0,0,0,"CVC",33000000
1.0204081633,0,0,0,0,1078000,"2018-10-03T00:00:00",0,10,10,10,10,10,10,,,,0,0,0,0,0,0,"CVC",0
1.0204081633,0,0,0,100,1078000,"2018-10-02T00:00:00",100,10,11.5,10,10,10,10,,,,0,0,0,0,0,100,"CVC",1000000
1.0204081633,0,0,0,0,1078000,"2018-10-01T00:00:00",0,11.5,11.5,11.5,11.5,11.5,11.5,,,,0,0,0,0,0,0,"CVC",0
1.0204081633,0,0,0,0,1078000,"2018-09-28T00:00:00",0,11.5,11.5,11.5,11.5,11.5,11.5,,,,0,0,0,0,0,0,"CVC",0
1.0204081633,0,0,0,0,1078000,"2018-09-27T00:00:00",0,11.5,11.5,11.5,11.5,11.5,11.5,,,,0,0,0,0,0,0,"CVC",0
1.0204081633,0,0,0,0,1078000,"2018-09-26T00:00:00",0,11.5,11.5,11.5,11.5,11.5,11.5,,,,0,0,0,0,0,0,"CVC",0
1.0204081633,0,0,0,0,1078000,"2018-09-25T00:00:00",0,11.5,11.5,11.5,11.5,11.5,11.5,,,,0,0,0,0,0,0,"CVC",0
1.0204081633,0,0,0,0,1078000,"2018-09-24T00:00:00",0,11.5,11.5,11.5,11.5,11.5,11.5,,,,0,0,0,0,0,0,"CVC",0
1.0204081633,0,0,0,0,1078000,"2018-09-21T00:00:00",0,11.5,11.5,11.5,11.5,11.5,11.5,,,,0,0,0,0,0,0,"CVC",0
1.0204081633,0,0,0,0,1078000,"2018-09-20T00:00:00",0,11.5,11.5,11.5,11.5,11.5,11.5,,,,0,0,0,0,0,0,"CVC",0
1.0204081633,0,0,0,0,1078000,"2018-09-19T00:00:00",0,11.5,11.5,11.5,11.5,11.5,11.5,,,,0,0,0,0,0,0,"CVC",0
1.0204081633,0,0,0,0,1078000,"2018-09-18T00:00:00",0,11.5,11.5,11.5,11.5,11.5,11.5,,,,0,0,0,0,0,0,"CVC",0
1.0204081633,0,0,0,0,1078000,"2018-09-17T00:00:00",0,11.5,11.5,11.5,11.5,11.5,11.5,,,,0,0,0,0,0,0,"CVC",0
1.0204081633,0,0,0,0,1078000,"2018-09-14T00:00:00",0,11.5,11.5,11.5,11.5,11.5,11.5,,,,0,0,0,0,0,0,"CVC",0
1.0204081633,0,0,0,0,1078000,"2018-09-13T00:00:00",0,11.5,11.5,11.5,11.5,11.5,11.5,,,,0,0,0,0,0,0,"CVC",0
1.0204081633,0,0,0,0,1078000,"2018-09-12T00:00:00",0,11.5,11.5,11.5,11.5,11.5,11.5,,,,0,0,0,0,0,0,"CVC",0
1.0204081633,0,0,0,0,1078000,"2018-09-11T00:00:00",0,11.5,11.5,11.5,11.5,11.5,11.5,,,,0,0,0,0,0,0,"CVC",0
1.0204081633,0,0,0,0,1078000,"2018-09-10T00:00:00",0,11.5,11.5,11.5,11.5,11.5,11.5,,,,0,0,0,0,0,0,"CVC",0
1.0204081633,0,0,0,0,1078000,"2018-09-07T00:00:00",0,11.5,11.5,11.5,11.5,11.5,11.5,,,,0,0,0,0,0,0,"CVC",0
1.0204081633,0,0,0,0,1078000,"2018-09-06T00:00:00",0,11.5,11.5,11.5,11.5,11.5,11.5,,,,0,0,0,0,0,0,"CVC",0
1.0204081633,0,0,0,500,1078000,"2018-09-05T00:00:00",0,11.5,11.5,11.5,11.5,11.5,11.5,,,,0,0,0,0,0,500,"CVC",0
1.0204081633,0,0,0,300,1078000,"2018-09-04T00:00:00",0,11.5,11.5,11.5,11.5,11.5,11.5,,,,0,0,0,0,0,300,"CVC",0
1.0204081633,0,0,0,0,1078000,"2018-08-31T00:00:00",0,11.5,11.5,11.5,11.5,11.5,11.5,,,,0,0,0,0,0,200,"CVC",0
1.0204081633,0,0,0,0,1078000,"2018-08-30T00:00:00",0,11.5,11.5,11.5,11.5,11.5,11.5,,,,0,0,0,0,0,0,"CVC",0
1.0204081633,0,0,0,0,1078000,"2018-08-29T00:00:00",0,11.5,11.5,11.5,11.5,11.5,11.5,,,,0,0,0,0,0,0,"CVC",0
1.0204081633,0,0,0,0,1078000,"2018-08-28T00:00:00",0,11.5,11.5,11.5,11.5,11.5,11.5,,,,0,0,0,0,0,0,"CVC",0
1.0204081633,0,0,0,0,1078000,"2018-08-27T00:00:00",0,11.5,11.5,11.5,11.5,11.5,11.5,,,,0,0,0,0,0,0,"CVC",0
1.0204081633,0,0,0,0,1078000,"2018-08-24T00:00:00",0,11.5,11.5,11.5,11.5,11.5,11.5,,,,0,0,0,0,0,0,"CVC",0
1.0204081633,0,0,0,0,1078000,"2018-08-23T00:00:00",0,11.5,11.5,11.5,11.5,11.5,11.5,,,,0,0,0,0,0,0,"CVC",0
1.0204081633,0,0,0,0,1078000,"2018-08-22T00:00:00",0,11.5,11.5,11.5,11.5,11.5,11.5,,,,0,0,0,0,0,0,"CVC",0
1.0204081633,0,0,0,0,1078000,"2018-08-21T00:00:00",0,11.5,11.5,11.5,11.5,11.5,11.5,,,,693830200,70799,0,0,0,0,"CVC",693830200
1.0204081633,0,0,0,0,1078000,"2018-08-20T00:00:00",0,11.5,11.5,11.5,11.5,11.5,11.5,,,,2808366400,286568,0,0,0,0,"CVC",2808366400
1.0204081633,0,0,0,0,1078000,"2018-08-17T00:00:00",0,11.5,11.5,11.5,11.5,11.5,11.5,,,,0,0,0,0,0,0,"CVC",0
1.0204081633,0,0,0,0,1078000,"2018-08-16T00:00:00",0,11.5,11.5,11.5,11.5,11.5,11.5,,,,490000000,50000,0,0,0,0,"CVC",490000000
1.0204081633,0,0,0,0,1078000,"2018-08-15T00:00:00",0,11.5,11.5,11.5,11.5,11.5,11.5,,,,0,0,0,0,0,0,"CVC",0
1.0204081633,0,0,0,0,1078000,"2018-08-14T00:00:00",0,11.5,11.5,11.5,11.5,11.5,11.5,,,,1309701400,133643,0,0,0,0,"CVC",1309701400
1.0204081633,0,0,0,0,1078000,"2018-08-13T00:00:00",0,11.5,11.5,11.5,11.5,11.5,11.5,,,,0,0,0,0,0,0,"CVC",0
1.0204081633,0,0,0,0,1078000,"2018-08-10T00:00:00",0,11.5,11.5,11.5,11.5,11.5,11.5,,,,0,0,0,0,0,0,"CVC",0
1.0204081633,0,0,0,0,1078000,"2018-08-09T00:00:00",0,11.5,11.5,11.5,11.5,11.5,11.5,,,,1309966000,133670,0,0,0,0,"CVC",1309966000
1.0204081633,0,0,0,0,1078000,"2018-08-08T00:00:00",0,11.5,11.5,11.5,11.5,11.5,11.5,,,,490000000,50000,0,0,0,0,"CVC",490000000
1.0204081633,0,0,0,0,1078000,"2018-08-07T00:00:00",0,11.5,11.5,11.5,11.5,11.5,11.5,,,,1421000000,145000,0,0,0,0,"CVC",1421000000
1.0204081633,0,0,0,0,1078000,"2018-08-06T00:00:00",0,11.5,11.5,11.5,11.5,11.5,11.5,,,,0,0,0,0,0,0,"CVC",0
1.0204081633,0,0,0,0,1078000,"2018-08-03T00:00:00",0,11.5,11.5,11.5,11.5,11.5,11.5,,,,0,0,0,0,0,0,"CVC",0
1.0204081633,0,0,0,0,1078000,"2018-08-02T00:00:00",0,11.5,11.5,11.5,11.5,11.5,11.5,,,,1421000000,145000,0,0,0,0,"CVC",1421000000
1.0204081633,0,0,0,0,1078000,"2018-08-01T00:00:00",0,11.5,11.5,11.5,11.5,11.5,11.5,,,,1260280000,128600,0,0,0,0,"CVC",1260280000
1.0204081633,0,0,0,0,1078000,"2018-07-31T00:00:00",0,11.5,11.5,11.5,11.5,11.5,11.5,,,,0,0,0,0,0,0,"CVC",0
1.0204081633,0,0,0,0,1078000,"2018-07-30T00:00:00",0,11.5,11.5,11.5,11.5,11.5,11.5,,,,0,0,0,0,0,0,"CVC",0
1.0204081633,0,0,0,0,1078000,"2018-07-27T00:00:00",0,11.5,11.5,11.5,11.5,11.5,11.5,,,,0,0,0,0,0,0,"CVC",0
1.0204081633,0,0,0,0,1078000,"2018-07-26T00:00:00",0,11.5,11.5,11.5,11.5,11.5,11.5,,,,0,0,0,0,0,0,"CVC",0
1.0204081633,0,0,0,0,1078000,"2018-07-25T00:00:00",0,11.5,11.5,11.5,11.5,11.5,11.5,,,,1470000000,150000,0,0,0,0,"CVC",1470000000
1.0204081633,0,0,0,0,1078000,"2018-07-24T00:00:00",0,11.5,11.5,11.5,11.5,11.5,11.5,,,,0,0,0,0,0,0,"CVC",0
1.0204081633,0,0,0,0,1078000,"2018-07-23T00:00:00",0,11.5,11.5,11.5,11.5,11.5,11.5,,,,0,0,0,0,0,0,"CVC",0
1.0204081633,0,0,0,0,1078000,"2018-07-20T00:00:00",0,11.5,11.5,11.5,11.5,11.5,11.5,,,,980000000,100000,0,0,0,0,"CVC",980000000
1.0204081633,0,0,0,100,1078000,"2018-07-19T00:00:00",100,11.5,11.5,11.5,11.5,11.5,11.5,,,,0,0,0,0,0,100,"CVC",1150000
1.0204081633,0,0,0,0,1078000,"2018-07-18T00:00:00",0,11.5,11.5,11.5,11.5,11.5,11.5,,,,0,0,0,0,0,0,"CVC",0
1.0204081633,0,0,0,0,1078000,"2018-07-17T00:00:00",0,11.5,11.5,11.5,11.5,11.5,11.5,,,,0,0,0,0,0,0,"CVC",0
1.0204081633,0,0,0,0,1078000,"2018-07-16T00:00:00",0,11.5,11.5,11.5,11.5,11.5,11.5,,,,0,0,0,0,0,0,"CVC",0
1.0204081633,0,0,0,0,1078000,"2018-07-13T00:00:00",0,11.5,11.5,11.5,11.5,11.5,11.5,,,,0,0,0,0,0,0,"CVC",0
1.0204081633,0,0,0,0,1078000,"2018-07-12T00:00:00",0,11.5,11.5,11.5,11.5,11.5,11.5,,,,0,0,0,0,0,0,"CVC",0
1.0204081633,0,0,0,0,1078000,"2018-07-11T00:00:00",0,11.5,11.5,11.5,11.5,11.5,11.5,,,,0,0,0,0,0,0,"CVC",0
1.0204081633,0,0,0,0,1078000,"2018-07-10T00:00:00",0,11.5,11.5,11.5,11.5,11.5,11.5,,,,0,0,0,0,0,0,"CVC",0
1.0204081633,0,0,0,0,1078000,"2018-07-09T00:00:00",0,11.5,11.5,11.5,11.5,11.5,11.5,,,,0,0,0,0,0,0,"CVC",0
1.0204081633,0,0,0,0,1078000,"2018-07-06T00:00:00",0,11.5,11.5,11.5,11.5,11.5,11.5,,,,0,0,0,0,0,0,"CVC",0
1.0204081633,0,0,0,0,1078000,"2018-07-05T00:00:00",0,11.5,11.5,11.5,11.5,11.5,11.5,,,,0,0,0,0,0,0,"CVC",0
1.0204081633,0,0,0,0,1078000,"2018-07-04T00:00:00",0,11.5,11.5,11.5,11.5,11.5,11.5,,,,0,0,0,0,0,0,"CVC",0
1.0204081633,0,0,0,0,1078000,"2018-07-03T00:00:00",0,11.5,11.5,11.5,11.5,11.5,11.5,,,,0,0,0,0,0,0,"CVC",0
1.0204081633,0,0,0,0,1078000,"2018-07-02T00:00:00",0,11.5,11.5,11.5,11.5,11.5,11.5,,,,0,0,0,0,0,0,"CVC",0
1.0204081633,0,0,0,0,1078000,"2018-06-29T00:00:00",0,11.5,11.5,11.5,11.5,11.5,11.5,,,,0,0,0,0,0,0,"CVC",0
1.0204081633,0,0,0,0,1078000,"2018-06-28T00:00:00",0,11.5,11.5,11.5,11.5,11.5,11.5,,,,0,0,0,0,0,0,"CVC",0
1.0204081633,0,0,0,0,1078000,"2018-06-27T00:00:00",0,11.5,11.5,11.5,11.5,11.5,11.5,,,,0,0,0,0,0,0,"CVC",0
1.0204081633,0,0,0,0,1078000,"2018-06-26T00:00:00",0,11.5,11.5,11.5,11.5,11.5,11.5,,,,0,0,0,0,0,0,"CVC",0
1.0204081633,0,0,0,0,1078000,"2018-06-25T00:00:00",0,11.5,11.5,11.5,11.5,11.5,11.5,,,,0,0,0,0,0,0,"CVC",0
1.0204081633,0,0,0,0,1078000,"2018-06-22T00:00:00",0,11.5,11.5,11.5,11.5,11.5,11.5,,,,0,0,0,0,0,0,"CVC",0
1.0204081633,0,0,0,0,1078000,"2018-06-21T00:00:00",0,11.5,11.5,11.5,11.5,11.5,11.5,,,,0,0,0,0,0,0,"CVC",0
1.0204081633,0,0,0,0,1078000,"2018-06-20T00:00:00",0,11.5,11.5,11.5,11.5,11.5,11.5,,,,0,0,0,0,0,0,"CVC",0
1.0204081633,0,0,0,0,1078000,"2018-06-19T00:00:00",0,11.5,11.5,11.5,11.5,11.5,11.5,,,,0,0,0,0,0,0,"CVC",0
1.0204081633,0,0,0,0,1078000,"2018-06-18T00:00:00",0,11.5,11.5,11.5,11.5,11.5,11.5,,,,0,0,0,0,0,0,"CVC",0
1.0204081633,0,0,0,0,1078000,"2018-06-15T00:00:00",0,11.5,11.5,11.5,11.5,11.5,11.5,,,,0,0,0,0,0,0,"CVC",0
1.0204081633,0,0,0,1000,1078000,"2018-06-14T00:00:00",1000,11.5,10,11.5,11.5,11.5,11.5,,,,0,0,0,0,0,1000,"CVC",11500000
1.0204081633,0,0,0,0,1078000,"2018-06-13T00:00:00",0,10,10,10,10,10,10,,,,0,0,0,0,0,0,"CVC",0
1.0204081633,0,0,0,2300,1078000,"2018-06-12T00:00:00",2300,10,10.5,10,10,10,10,,,,0,0,0,0,0,2300,"CVC",23000000
1.0204081633,0,0,0,0,1078000,"2018-06-11T00:00:00",0,10.5,10.5,10.5,10.5,10.5,10.5,,,,0,0,0,0,0,0,"CVC",0
1.0204081633,0,0,0,0,1078000,"2018-06-08T00:00:00",0,10.5,10.5,10.5,10.5,10.5,10.5,,,,0,0,0,0,0,0,"CVC",0
1.0204081633,0,0,0,0,1078000,"2018-06-07T00:00:00",0,10.5,10.5,10.5,10.5,10.5,10.5,,,,0,0,0,0,0,0,"CVC",0
1.0204081633,0,0,0,0,1078000,"2018-06-06T00:00:00",0,10.5,10.5,10.5,10.5,10.5,10.5,,,,0,0,0,0,0,0,"CVC",0
1.0204081633,0,0,0,0,1078000,"2018-06-05T00:00:00",0,10.5,10.5,10.5,10.5,10.5,10.5,,,,0,0,0,0,0,0,"CVC",0
1.0204081633,0,0,0,0,1078000,"2018-06-04T00:00:00",0,10.5,10.5,10.5,10.5,10.5,10.5,,,,0,0,0,0,0,0,"CVC",0
1.0204081633,0,0,0,0,1078000,"2018-06-01T00:00:00",0,10.5,10.5,10.5,10.5,10.5,10.5,,,,0,0,0,0,0,0,"CVC",0
1.0204081633,0,0,0,0,1078000,"2018-05-31T00:00:00",0,10.5,10.5,10.5,10.5,10.5,10.5,,,,0,0,0,0,0,0,"CVC",0
1.0204081633,0,0,0,0,1078000,"2018-05-30T00:00:00",0,10.5,10.5,10.5,10.5,10.5,10.5,,,,0,0,0,0,0,0,"CVC",0
1.0204081633,0,0,0,0,1078000,"2018-05-29T00:00:00",0,10.5,10.5,10.5,10.5,10.5,10.5,,,,0,0,0,0,0,0,"CVC",0
1.0204081633,0,0,0,0,1078000,"2018-05-28T00:00:00",0,10.5,10.5,10.5,10.5,10.5,10.5,,,,0,0,0,0,0,0,"CVC",0
1.0204081633,0,0,0,0,1078000,"2018-05-25T00:00:00",0,10.5,10.5,10.5,10.5,10.5,10.5,,,,0,0,0,0,0,0,"CVC",0
1.0204081633,0,0,0,0,1078000,"2018-05-24T00:00:00",0,10.5,10.5,10.5,10.5,10.5,10.5,,,,0,0,0,0,0,0,"CVC",0
1.0204081633,0,0,0,0,1078000,"2018-05-23T00:00:00",0,10.5,10.5,10.5,10.5,10.5,10.5,,,,0,0,0,0,0,0,"CVC",0
1.0204081633,0,0,0,0,1078000,"2018-05-22T00:00:00",0,10.5,10.5,10.5,10.5,10.5,10.5,,,,0,0,0,0,0,0,"CVC",0
1.0204081633,0,0,0,0,1078000,"2018-05-21T00:00:00",0,10.5,10.5,10.5,10.5,10.5,10.5,,,,0,0,0,0,0,0,"CVC",0
1.0204081633,0,0,0,0,1078000,"2018-05-18T00:00:00",0,10.5,10.5,10.5,10.5,10.5,10.5,,,,0,0,0,0,0,0,"CVC",0
1.0204081633,0,0,0,0,1078000,"2018-05-17T00:00:00",0,10.5,10.5,10.5,10.5,10.5,10.5,,,,0,0,0,0,0,0,"CVC",0
1.0204081633,0,0,0,0,1078000,"2018-05-16T00:00:00",0,10.5,10.5,10.5,10.5,10.5,10.5,,,,0,0,0,0,0,0,"CVC",0
1.0204081633,0,0,0,0,1078000,"2018-05-15T00:00:00",0,10.5,10.5,10.5,10.5,10.5,10.5,,,,0,0,0,0,0,0,"CVC",0
1.0204081633,0,0,0,0,1078000,"2018-05-14T00:00:00",0,10.5,10.5,10.5,10.5,10.5,10.5,,,,0,0,0,0,0,0,"CVC",0
1.0204081633,0,0,0,0,1078000,"2018-05-11T00:00:00",0,10.5,10.5,10.5,10.5,10.5,10.5,,,,0,0,0,0,0,0,"CVC",0
1.0204081633,0,0,0,0,1078000,"2018-05-10T00:00:00",0,10.5,10.5,10.5,10.5,10.5,10.5,,,,0,0,0,0,0,0,"CVC",0
1.0204081633,0,0,0,0,1078000,"2018-05-09T00:00:00",0,10.5,10.5,10.5,10.5,10.5,10.5,,,,0,0,0,0,0,0,"CVC",0
1.0204081633,0,0,0,0,1078000,"2018-05-08T00:00:00",0,10.5,10.5,10.5,10.5,10.5,10.5,,,,0,0,0,0,0,0,"CVC",0
1.0204081633,0,0,0,0,1078000,"2018-05-07T00:00:00",0,10.5,10.5,10.5,10.5,10.5,10.5,,,,0,0,0,0,0,0,"CVC",0
1.0204081633,0,0,0,0,1078000,"2018-05-04T00:00:00",0,10.5,10.5,10.5,10.5,10.5,10.5,,,,0,0,0,0,0,0,"CVC",0
1.0204081633,0,0,0,0,1078000,"2018-05-03T00:00:00",0,10.5,10.5,10.5,10.5,10.5,10.5,,,,0,0,0,0,0,0,"CVC",0
1.0204081633,0,0,0,0,1078000,"2018-05-02T00:00:00",0,10.5,10.5,10.5,10.5,10.5,10.5,,,,0,0,0,0,0,0,"CVC",0
1.0204081633,0,0,0,0,1078000,"2018-04-27T00:00:00",0,10.5,10.5,10.5,10.5,10.5,10.5,,,,0,0,0,0,0,0,"CVC",0
1.0204081633,0,0,0,0,1078000,"2018-04-26T00:00:00",0,10.5,10.5,10.5,10.5,10.5,10.5,,,,0,0,0,0,0,0,"CVC",0
1.0204081633,0,0,0,0,1078000,"2018-04-24T00:00:00",0,10.5,10.5,10.5,10.5,10.5,10.5,,,,0,0,0,0,0,0,"CVC",0
1.0204081633,0,0,0,0,1078000,"2018-04-23T00:00:00",0,10.5,10.5,10.5,10.5,10.5,10.5,,,,0,0,0,0,0,0,"CVC",0
1.0204081633,0,0,0,0,1078000,"2018-04-20T00:00:00",0,10.5,10.5,10.5,10.5,10.5,10.5,,,,0,0,0,0,0,0,"CVC",0
1.0204081633,0,0,0,0,1078000,"2018-04-19T00:00:00",0,10.5,10.5,10.5,10.5,10.5,10.5,,,,0,0,0,0,0,0,"CVC",0
1.0204081633,0,0,0,0,1078000,"2018-04-18T00:00:00",0,10.5,10.5,10.5,10.5,10.5,10.5,,,,0,0,0,0,0,0,"CVC",0
1.0204081633,0,0,0,0,1078000,"2018-04-17T00:00:00",0,10.5,10.5,10.5,10.5,10.5,10.5,,,,0,0,0,0,0,0,"CVC",0
1.0204081633,0,0,0,0,1078000,"2018-04-16T00:00:00",0,10.5,10.5,10.5,10.5,10.5,10.5,,,,0,0,0,0,0,0,"CVC",0
1.0204081633,0,0,0,0,1078000,"2018-04-13T00:00:00",0,10.5,10.5,10.5,10.5,10.5,10.5,,,,0,0,0,0,0,0,"CVC",0
1.0204081633,0,0,0,0,1078000,"2018-04-12T00:00:00",0,10.5,10.5,10.5,10.5,10.5,10.5,,,,0,0,0,0,0,0,"CVC",0
1.0204081633,0,0,0,0,1078000,"2018-04-11T00:00:00",0,10.5,10.5,10.5,10.5,10.5,10.5,,,,0,0,0,0,0,0,"CVC",0
1.0204081633,0,0,0,0,1078000,"2018-04-10T00:00:00",0,10.5,10.5,10.5,10.5,10.5,10.5,,,,0,0,0,0,0,0,"CVC",0
1.0204081633,0,0,0,0,1078000,"2018-04-09T00:00:00",0,10.5,10.5,10.5,10.5,10.5,10.5,,,,0,0,0,0,0,0,"CVC",0
1.0204081633,0,0,0,0,1078000,"2018-04-06T00:00:00",0,10.5,10.5,10.5,10.5,10.5,10.5,,,,0,0,0,0,0,0,"CVC",0
1.0204081633,0,0,0,0,1078000,"2018-04-05T00:00:00",0,10.5,10.5,10.5,10.5,10.5,10.5,,,,0,0,0,0,0,0,"CVC",0
1.0204081633,0,0,0,0,1078000,"2018-04-04T00:00:00",0,10.5,10.5,10.5,10.5,10.5,10.5,,,,0,0,0,0,0,0,"CVC",0
1.0204081633,0,0,0,0,1078000,"2018-04-03T00:00:00",0,10.5,10.5,10.5,10.5,10.5,10.5,,,,0,0,0,0,0,0,"CVC",0
1.0204081633,0,0,0,0,1078000,"2018-04-02T00:00:00",0,10.5,10.5,10.5,10.5,10.5,10.5,,,,0,0,0,0,0,0,"CVC",0
1.0204081633,0,0,0,0,1078000,"2018-03-30T00:00:00",0,10.5,10.5,10.5,10.5,10.5,10.5,,,,0,0,0,0,0,0,"CVC",0
1.0204081633,0,0,0,0,1078000,"2018-03-29T00:00:00",0,10.5,10.5,10.5,10.5,10.5,10.5,,,,0,0,0,0,0,0,"CVC",0
1.0204081633,0,0,0,0,1078000,"2018-03-28T00:00:00",0,10.5,10.5,10.5,10.5,10.5,10.5,,,,0,0,0,0,0,0,"CVC",0
1.0204081633,0,0,0,0,1078000,"2018-03-27T00:00:00",0,10.5,10.5,10.5,10.5,10.5,10.5,,,,0,0,0,0,0,0,"CVC",0
1.0204081633,0,0,0,0,1078000,"2018-03-26T00:00:00",0,10.5,10.5,10.5,10.5,10.5,10.5,,,,0,0,0,0,0,0,"CVC",0
1.0204081633,0,0,0,0,1078000,"2018-03-23T00:00:00",0,10.5,10.5,10.5,10.5,10.5,10.5,,,,0,0,0,0,0,0,"CVC",0
1.0204081633,0,0,0,0,1078000,"2018-03-22T00:00:00",0,10.5,10.5,10.5,10.5,10.5,10.5,,,,0,0,1,0,0,2000,"CVC",0
1.0204081633,0,0,0,0,1078000,"2018-03-21T00:00:00",0,10.5,10.5,10.5,10.5,10.5,10.5,,,,0,0,0,0,0,0,"CVC",0
1.0204081633,0,0,0,0,1078000,"2018-03-20T00:00:00",0,10.5,10.5,10.5,10.5,10.5,10.5,,,,0,0,0,0,0,0,"CVC",0
1.0204081633,0,0,0,0,1078000,"2018-03-19T00:00:00",0,10.5,10.5,10.5,10.5,10.5,10.5,,,,0,0,0,0,0,0,"CVC",0
1.0204081633,0,0,0,0,1078000,"2018-03-16T00:00:00",0,10.5,10.5,10.5,10.5,10.5,10.5,,,,0,0,0,0,0,0,"CVC",0
1.0204081633,0,0,0,0,1078000,"2018-03-15T00:00:00",0,10.5,10.5,10.5,10.5,10.5,10.5,,,,0,0,0,0,0,0,"CVC",0
1.0204081633,0,0,0,0,1078000,"2018-03-14T00:00:00",0,10.5,10.5,10.5,10.5,10.5,10.5,,,,0,0,0,0,0,0,"CVC",0
1.0204081633,0,0,0,0,1078000,"2018-03-13T00:00:00",0,10.5,10.5,10.5,10.5,10.5,10.5,,,,0,0,0,0,0,0,"CVC",0
1.0204081633,0,0,0,0,1078000,"2018-03-12T00:00:00",0,10.5,10.5,10.5,10.5,10.5,10.5,,,,0,0,0,0,0,0,"CVC",0
1.0204081633,0,0,0,0,1078000,"2018-03-09T00:00:00",0,10.5,10.5,10.5,10.5,10.5,10.5,,,,0,0,0,0,0,0,"CVC",0
1.0204081633,0,0,0,0,1078000,"2018-03-08T00:00:00",0,10.5,10.5,10.5,10.5,10.5,10.5,,,,0,0,1,0,0,2000,"CVC",0
1.0204081633,0,0,0,0,1078000,"2018-03-07T00:00:00",0,10.5,10.5,10.5,10.5,10.5,10.5,,,,0,0,0,0,0,0,"CVC",0
1.0204081633,0,0,0,0,1078000,"2018-03-06T00:00:00",0,10.5,10.5,10.5,10.5,10.5,10.5,,,,0,0,0,0,0,0,"CVC",0
1.0204081633,0,0,0,0,1078000,"2018-03-05T00:00:00",0,10.5,10.5,10.5,10.5,10.5,10.5,,,,0,0,0,0,0,0,"CVC",0
1.0204081633,0,0,0,0,1078000,"2018-03-02T00:00:00",0,10.5,10.5,10.5,10.5,10.5,10.5,,,,0,0,0,0,0,0,"CVC",0
1.0204081633,0,0,0,0,1078000,"2018-03-01T00:00:00",0,10.5,10.5,10.5,10.5,10.5,10.5,,,,0,0,0,0,0,0,"CVC",0
1.0204081633,0,0,0,0,1078000,"2018-02-28T00:00:00",0,10.5,10.5,10.5,10.5,10.5,10.5,,,,0,0,0,0,0,0,"CVC",0
1.0204081633,0,0,0,0,1078000,"2018-02-27T00:00:00",0,10.5,10.5,10.5,10.5,10.5,10.5,,,,0,0,0,0,0,0,"CVC",0
1.0204081633,0,0,0,0,1078000,"2018-02-26T00:00:00",0,10.5,10.5,10.5,10.5,10.5,10.5,,,,0,0,0,0,0,0,"CVC",0
1.0204081633,0,0,0,0,1078000,"2018-02-23T00:00:00",0,10.5,10.5,10.5,10.5,10.5,10.5,,,,0,0,0,0,0,0,"CVC",0
1.0204081633,0,0,0,0,1078000,"2018-02-22T00:00:00",0,10.5,10.5,10.5,10.5,10.5,10.5,,,,0,0,0,0,0,0,"CVC",0
1.0204081633,0,0,0,0,1078000,"2018-02-21T00:00:00",0,10.5,10.5,10.5,10.5,10.5,10.5,,,,0,0,0,0,0,0,"CVC",0
1.0204081633,0,0,0,0,1078000,"2018-02-13T00:00:00",0,10.5,10.5,10.5,10.5,10.5,10.5,,,,0,0,0,0,0,0,"CVC",0
1.0204081633,0,0,0,0,1078000,"2018-02-12T00:00:00",0,10.5,10.5,10.5,10.5,10.5,10.5,,,,0,0,0,0,0,0,"CVC",0
1.0204081633,0,0,0,0,1078000,"2018-02-09T00:00:00",0,10.5,10.5,10.5,10.5,10.5,10.5,,,,0,0,0,0,0,0,"CVC",0
1.0204081633,0,0,0,0,1078000,"2018-02-08T00:00:00",0,10.5,10.5,10.5,10.5,10.5,10.5,,,,0,0,0,0,0,0,"CVC",0
1.0204081633,0,0,0,0,1078000,"2018-02-07T00:00:00",0,10.5,10.5,10.5,10.5,10.5,10.5,,,,0,0,0,0,0,0,"CVC",0
1.0204081633,0,0,0,0,1078000,"2018-02-06T00:00:00",0,10.5,10.5,10.5,10.5,10.5,10.5,,,,0,0,0,0,0,0,"CVC",0
1.0204081633,0,0,0,0,1078000,"2018-02-05T00:00:00",0,10.5,10.5,10.5,10.5,10.5,10.5,,,,0,0,0,0,0,0,"CVC",0
1.0204081633,0,0,0,0,1078000,"2018-02-02T00:00:00",0,10.5,10.5,10.5,10.5,10.5,10.5,,,,0,0,0,0,0,0,"CVC",0
1.0204081633,0,0,0,0,1078000,"2018-02-01T00:00:00",0,10.5,10.5,10.5,10.5,10.5,10.5,,,,0,0,0,0,0,0,"CVC",0
1.0204081633,0,0,0,0,1078000,"2018-01-31T00:00:00",0,10.5,10.5,10.5,10.5,10.5,10.5,,,,0,0,0,0,0,0,"CVC",0
1.0204081633,0,0,0,0,1078000,"2018-01-30T00:00:00",0,10.5,10.5,10.5,10.5,10.5,10.5,,,,0,0,0,0,0,0,"CVC",0
1.0204081633,0,0,0,0,1078000,"2018-01-29T00:00:00",0,10.5,10.5,10.5,10.5,10.5,10.5,,,,0,0,0,0,0,0,"CVC",0
1.0204081633,0,0,0,0,1078000,"2018-01-26T00:00:00",0,10.5,10.5,10.5,10.5,10.5,10.5,,,,0,0,0,0,0,0,"CVC",0
1.0204081633,0,0,0,0,1078000,"2018-01-25T00:00:00",0,10.5,10.5,10.5,10.5,10.5,10.5,,,,0,0,0,0,0,0,"CVC",0
1.0204081633,0,0,0,0,1078000,"2018-01-24T00:00:00",0,10.5,10.5,10.5,10.5,10.5,10.5,,,,0,0,0,0,0,0,"CVC",0
1.0204081633,0,0,0,0,1078000,"2018-01-23T00:00:00",0,10.5,10.5,10.5,10.5,10.5,10.5,,,,0,0,0,0,0,0,"CVC",0
1.0204081633,0,0,0,0,1078000,"2018-01-22T00:00:00",0,10.5,10.5,10.5,10.5,10.5,10.5,,,,0,0,0,0,0,0,"CVC",0
1.0204081633,0,0,0,0,1078000,"2018-01-19T00:00:00",0,10.5,10.5,10.5,10.5,10.5,10.5,,,,0,0,0,0,0,0,"CVC",0
1.0204081633,0,0,0,0,1078000,"2018-01-18T00:00:00",0,10.5,10.5,10.5,10.5,10.5,10.5,,,,0,0,0,0,0,0,"CVC",0
1.0204081633,0,0,0,0,1078000,"2018-01-17T00:00:00",0,10.5,10.5,10.5,10.5,10.5,10.5,,,,0,0,0,0,0,0,"CVC",0
1.0204081633,0,0,0,0,1078000,"2018-01-16T00:00:00",0,10.5,10.5,10.5,10.5,10.5,10.5,,,,0,0,0,0,0,0,"CVC",0
1.0204081633,0,0,0,0,1078000,"2018-01-15T00:00:00",0,10.5,10.5,10.5,10.5,10.5,10.5,,,,0,0,0,0,0,0,"CVC",0
1.0204081633,0,0,0,0,1078000,"2018-01-12T00:00:00",0,10.5,10.5,10.5,10.5,10.5,10.5,,,,0,0,0,0,0,0,"CVC",0
1.0204081633,0,0,0,0,1078000,"2018-01-11T00:00:00",0,10.5,10.5,10.5,10.5,10.5,10.5,,,,0,0,0,0,0,0,"CVC",0
1.0204081633,0,0,0,0,1078000,"2018-01-10T00:00:00",0,10.5,10.5,10.5,10.5,10.5,10.5,,,,0,0,0,0,0,0,"CVC",0
1.0204081633,0,0,0,0,1078000,"2018-01-09T00:00:00",0,10.5,10.5,10.5,10.5,10.5,10.5,,,,0,0,0,0,0,0,"CVC",0
1.0204081633,0,0,0,0,1078000,"2018-01-08T00:00:00",0,10.5,10.5,10.5,10.5,10.5,10.5,,,,0,0,0,0,0,0,"CVC",0
1.0204081633,0,0,0,0,1078000,"2018-01-05T00:00:00",0,10.5,10.5,10.5,10.5,10.5,10.5,,,,0,0,0,0,0,0,"CVC",0
1.0204081633,0,0,0,0,1078000,"2018-01-04T00:00:00",0,10.5,10.5,10.5,10.5,10.5,10.5,,,,0,0,0,0,0,0,"CVC",0
1.0204081633,0,0,0,0,1078000,"2018-01-03T00:00:00",0,10.5,10.5,10.5,10.5,10.5,10.5,,,,0,0,0,0,0,0,"CVC",0
1.0204081633,0,0,0,0,1078000,"2018-01-02T00:00:00",0,10.5,10.5,10.5,10.5,10.5,10.5,,,,0,0,0,0,0,0,"CVC",0
1.0204081633,0,0,0,0,1078000,"2017-12-29T00:00:00",0,10.5,10.5,10.5,10.5,10.5,10.5,,,,0,0,0,0,0,0,"CVC",0
1.0204081633,0,0,0,0,1078000,"2017-12-28T00:00:00",0,10.5,10.5,10.5,10.5,10.5,10.5,,,,0,0,0,0,0,0,"CVC",0
1.0204081633,0,0,0,0,1078000,"2017-12-27T00:00:00",0,10.5,10.5,10.5,10.5,10.5,10.5,,,,0,0,0,0,0,0,"CVC",0
1.0204081633,0,0,0,0,1078000,"2017-12-26T00:00:00",0,10.5,10.5,10.5,10.5,10.5,10.5,,,,0,0,0,0,0,0,"CVC",0
1.0204081633,0,0,0,0,1078000,"2017-12-25T00:00:00",0,10.5,10.5,10.5,10.5,10.5,10.5,,,,0,0,0,0,0,0,"CVC",0
1.0204081633,0,0,0,0,1078000,"2017-12-22T00:00:00",0,10.5,10.5,10.5,10.5,10.5,10.5,,,,0,0,0,0,0,0,"CVC",0
1.0204081633,0,0,0,0,1078000,"2017-12-21T00:00:00",0,10.5,10.5,10.5,10.5,10.5,10.5,,,,0,0,0,0,0,0,"CVC",0
1.0204081633,0,0,0,0,1078000,"2017-12-20T00:00:00",0,10.5,10.5,10.5,10.5,10.5,10.5,,,,0,0,0,0,0,0,"CVC",0
1.0204081633,0,0,0,0,1078000,"2017-12-19T00:00:00",0,10.5,10.5,10.5,10.5,10.5,10.5,,,,0,0,0,0,0,0,"CVC",0
1.0204081633,0,0,0,0,1078000,"2017-12-18T00:00:00",0,10.5,10.5,10.5,10.5,10.5,10.5,,,,0,0,0,0,0,0,"CVC",0
1.0204081633,0,0,0,0,1078000,"2017-12-15T00:00:00",0,10.5,10.5,10.5,10.5,10.5,10.5,,,,0,0,0,0,0,0,"CVC",0
1.0204081633,0,0,0,0,1078000,"2017-12-14T00:00:00",0,10.5,10.5,10.5,10.5,10.5,10.5,,,,0,0,0,0,0,0,"CVC",0
1.0204081633,0,0,0,0,1078000,"2017-12-13T00:00:00",0,10.5,10.5,10.5,10.5,10.5,10.5,,,,0,0,0,0,0,0,"CVC",0
1.0204081633,0,0,0,0,1078000,"2017-12-12T00:00:00",0,10.5,10.5,10.5,10.5,10.5,10.5,,,,0,0,0,0,0,0,"CVC",0
1.0204081633,0,0,0,0,1078000,"2017-12-11T00:00:00",0,10.5,10.5,10.5,10.5,10.5,10.5,,,,0,0,0,0,0,0,"CVC",0
1.0204081633,0,0,0,0,1078000,"2017-12-08T00:00:00",0,10.5,10.5,10.5,10.5,10.5,10.5,,,,0,0,0,0,0,0,"CVC",0
1.0204081633,0,0,0,0,1078000,"2017-12-07T00:00:00",0,10.5,10.5,10.5,10.5,10.5,10.5,,,,0,0,0,0,0,0,"CVC",0
1.0204081633,0,0,0,0,1078000,"2017-12-06T00:00:00",0,10.5,10.5,10.5,10.5,10.5,10.5,,,,0,0,0,0,0,0,"CVC",0
1.0204081633,0,0,0,0,1078000,"2017-12-05T00:00:00",0,10.5,10.5,10.5,10.5,10.5,10.5,,,,0,0,0,0,0,0,"CVC",0
1.0204081633,0,0,0,0,1078000,"2017-12-04T00:00:00",0,10.5,10.5,10.5,10.5,10.5,10.5,,,,0,0,0,0,0,0,"CVC",0
1.0204081633,0,0,0,0,1078000,"2017-12-01T00:00:00",0,10.5,10.5,10.5,10.5,10.5,10.5,,,,0,0,0,0,0,0,"CVC",0
1.0204081633,0,0,0,0,1078000,"2017-11-30T00:00:00",0,10.5,10.5,10.5,10.5,10.5,10.5,,,,0,0,0,0,0,0,"CVC",0
1.0204081633,0,0,0,0,1078000,"2017-11-29T00:00:00",0,10.5,10.5,10.5,10.5,10.5,10.5,,,,0,0,0,0,0,0,"CVC",0
1.0204081633,0,0,0,0,1078000,"2017-11-28T00:00:00",0,10.5,10.5,10.5,10.5,10.5,10.5,,,,0,0,0,0,0,0,"CVC",0
1.0204081633,0,0,0,0,1078000,"2017-11-27T00:00:00",0,10.5,10.5,10.5,10.5,10.5,10.5,,,,0,0,0,0,0,0,"CVC",0
1.0204081633,0,0,0,0,1078000,"2017-11-24T00:00:00",0,10.5,10.5,10.5,10.5,10.5,10.5,,,,0,0,0,0,0,0,"CVC",0
1.0204081633,0,0,0,0,1078000,"2017-11-23T00:00:00",0,10.5,10.5,10.5,10.5,10.5,10.5,,,,0,0,0,0,0,0,"CVC",0
1.0204081633,0,0,0,0,1078000,"2017-11-22T00:00:00",0,10.5,10.5,10.5,10.5,10.5,10.5,,,,0,0,0,0,0,0,"CVC",0
1.0204081633,0,0,0,0,1078000,"2017-11-21T00:00:00",0,10.5,10.5,10.5,10.5,10.5,10.5,,,,0,0,0,0,0,0,"CVC",0
1.0204081633,0,0,0,0,1078000,"2017-11-20T00:00:00",0,10.5,10.5,10.5,10.5,10.5,10.5,,,,0,0,0,0,0,0,"CVC",0
1.0204081633,0,0,0,0,1078000,"2017-11-17T00:00:00",0,10.5,10.5,10.5,10.5,10.5,10.5,,,,0,0,0,0,0,0,"CVC",0
1.0204081633,0,0,0,0,1078000,"2017-11-16T00:00:00",0,10.5,10.5,10.5,10.5,10.5,10.5,,,,0,0,0,0,0,0,"CVC",0
1.0204081633,0,0,0,0,1078000,"2017-11-15T00:00:00",0,10.5,10.5,10.5,10.5,10.5,10.5,,,,0,0,0,0,0,0,"CVC",0
1.0204081633,0,0,0,0,1078000,"2017-11-14T00:00:00",0,10.5,10.5,10.5,10.5,10.5,10.5,,,,0,0,0,0,0,0,"CVC",0
1.0204081633,0,0,0,0,1078000,"2017-11-13T00:00:00",0,10.5,10.5,10.5,10.5,10.5,10.5,,,,0,0,0,0,0,0,"CVC",0
1.0204081633,0,0,0,0,1078000,"2017-11-10T00:00:00",0,10.5,10.5,10.5,10.5,10.5,10.5,,,,0,0,0,0,0,0,"CVC",0
1.0204081633,0,0,0,0,1078000,"2017-11-09T00:00:00",0,10.5,10.5,10.5,10.5,10.5,10.5,,,,0,0,0,0,0,0,"CVC",0
1.0204081633,0,0,0,0,1078000,"2017-11-08T00:00:00",0,10.5,10.5,10.5,10.5,10.5,10.5,,,,0,0,0,0,0,0,"CVC",0
1.0204081633,0,0,0,0,1078000,"2017-11-07T00:00:00",0,10.5,10.5,10.5,10.5,10.5,10.5,,,,0,0,0,0,0,0,"CVC",0
1.0204081633,0,0,0,0,1078000,"2017-11-06T00:00:00",0,10.5,10.5,10.5,10.5,10.5,10.5,,,,0,0,0,0,0,0,"CVC",0
1.0204081633,0,0,0,0,1078000,"2017-11-03T00:00:00",0,10.5,10.5,10.5,10.5,10.5,10.5,,,,0,0,0,0,0,0,"CVC",0
1.0204081633,0,0,0,0,1078000,"2017-11-02T00:00:00",0,10.5,10.5,10.5,10.5,10.5,10.5,,,,0,0,0,0,0,0,"CVC",0
1.0204081633,0,0,0,0,1078000,"2017-11-01T00:00:00",0,10.5,10.5,10.5,10.5,10.5,10.5,,,,0,0,0,0,0,0,"CVC",0
1.0204081633,0,0,0,0,1078000,"2017-10-31T00:00:00",0,10.5,10.5,10.5,10.5,10.5,10.5,,,,0,0,0,0,0,0,"CVC",0
1.0204081633,0,0,0,0,1078000,"2017-10-30T00:00:00",0,10.5,10.5,10.5,10.5,10.5,10.5,,,,0,0,0,0,0,0,"CVC",0
1.0204081633,0,0,0,0,1078000,"2017-10-27T00:00:00",0,10.5,10.5,10.5,10.5,10.5,10.5,,,,0,0,0,0,0,0,"CVC",0
1.0204081633,0,0,0,0,1078000,"2017-10-26T00:00:00",0,10.5,10.5,10.5,10.5,10.5,10.5,,,,0,0,0,0,0,0,"CVC",0
1.0204081633,0,0,0,0,1078000,"2017-10-25T00:00:00",0,10.5,10.5,10.5,10.5,10.5,10.5,,,,0,0,0,0,0,0,"CVC",0
1.0204081633,0,0,0,0,1078000,"2017-10-24T00:00:00",0,10.5,10.5,10.5,10.5,10.5,10.5,,,,0,0,0,0,0,0,"CVC",0
1.0204081633,0,0,0,0,1078000,"2017-10-23T00:00:00",0,10.5,10.5,10.5,10.5,10.5,10.5,,,,0,0,0,0,0,0,"CVC",0
1.0204081633,0,0,0,0,1078000,"2017-10-20T00:00:00",0,10.5,10.5,10.5,10.5,10.5,10.5,,,,0,0,0,0,0,0,"CVC",0
1.0204081633,0,0,0,0,1078000,"2017-10-19T00:00:00",0,10.5,10.5,10.5,10.5,10.5,10.5,,,,0,0,0,0,0,0,"CVC",0
1.0204081633,0,0,0,0,1078000,"2017-10-18T00:00:00",0,10.5,10.5,10.5,10.5,10.5,10.5,,,,0,0,0,0,0,0,"CVC",0
1.0204081633,0,0,0,0,1078000,"2017-10-17T00:00:00",0,10.5,10.5,10.5,10.5,10.5,10.5,,,,0,0,0,0,0,0,"CVC",0
1.0204081633,0,0,0,0,1078000,"2017-10-16T00:00:00",0,10.5,10.5,10.5,10.5,10.5,10.5,,,,0,0,0,0,0,0,"CVC",0
1.0204081633,0,0,0,0,1078000,"2017-10-13T00:00:00",0,10.5,10.5,10.5,10.5,10.5,10.5,,,,0,0,0,0,0,0,"CVC",0
1.0204081633,0,0,0,0,1078000,"2017-10-12T00:00:00",0,10.5,10.5,10.5,10.5,10.5,10.5,,,,0,0,0,0,0,0,"CVC",0
1.0204081633,0,0,0,0,1078000,"2017-10-11T00:00:00",0,10.5,10.5,10.5,10.5,10.5,10.5,,,,0,0,0,0,0,0,"CVC",0
1.0204081633,0,0,0,0,1078000,"2017-10-10T00:00:00",0,10.5,10.5,10.5,10.5,10.5,10.5,,,,0,0,0,0,0,0,"CVC",0
1.0204081633,0,0,0,0,1078000,"2017-10-09T00:00:00",0,10.5,10.5,10.5,10.5,10.5,10.5,,,,0,0,0,0,0,0,"CVC",0
1.0204081633,0,0,0,0,1078000,"2017-10-06T00:00:00",0,10.5,10.5,10.5,10.5,10.5,10.5,,,,0,0,0,0,0,0,"CVC",0
1.0204081633,0,0,0,0,1078000,"2017-10-05T00:00:00",0,10.5,10.5,10.5,10.5,10.5,10.5,,,,0,0,0,0,0,0,"CVC",0
1.0204081633,0,0,0,0,1078000,"2017-10-04T00:00:00",0,10.5,10.5,10.5,10.5,10.5,10.5,,,,0,0,0,0,0,0,"CVC",0
1.0204081633,0,0,0,0,1078000,"2017-10-03T00:00:00",0,10.5,10.5,10.5,10.5,10.5,10.5,,,,0,0,0,0,0,0,"CVC",0
1.0204081633,0,0,0,0,1078000,"2017-10-02T00:00:00",0,10.5,10.5,10.5,10.5,10.5,10.5,,,,0,0,0,0,0,0,"CVC",0
1.0204081633,0,0,0,0,1078000,"2017-09-29T00:00:00",0,10.5,10.5,10.5,10.5,10.5,10.5,,,,0,0,0,0,0,0,"CVC",0
1.0204081633,0,0,0,0,1078000,"2017-09-28T00:00:00",0,10.5,10.5,10.5,10.5,10.5,10.5,,,,0,0,0,0,0,0,"CVC",0
1.0204081633,0,0,0,0,1078000,"2017-09-27T00:00:00",0,10.5,10.5,10.5,10.5,10.5,10.5,,,,0,0,0,0,0,0,"CVC",0
1.0204081633,0,0,0,0,1078000,"2017-09-26T00:00:00",0,10.5,10.5,10.5,10.5,10.5,10.5,,,,0,0,0,0,0,0,"CVC",0
1.0204081633,0,0,0,0,1078000,"2017-09-25T00:00:00",0,10.5,10.5,10.5,10.5,10.5,10.5,,,,0,0,0,0,0,0,"CVC",0
1.0204081633,0,0,0,0,1078000,"2017-09-22T00:00:00",0,10.5,10.5,10.5,10.5,10.5,10.5,,,,0,0,0,0,0,0,"CVC",0
1.0204081633,0,0,0,0,1078000,"2017-09-21T00:00:00",0,10.5,10.5,10.5,10.5,10.5,10.5,,,,0,0,0,0,0,0,"CVC",0
1.0204081633,0,0,0,0,1078000,"2017-09-20T00:00:00",0,10.5,10.5,10.5,10.5,10.5,10.5,,,,0,0,0,0,0,0,"CVC",0
1.0204081633,0,0,0,0,1078000,"2017-09-19T00:00:00",0,10.5,10.5,10.5,10.5,10.5,10.5,,,,0,0,0,0,0,0,"CVC",0
1.0204081633,0,0,0,0,1078000,"2017-09-18T00:00:00",0,10.5,10.5,10.5,10.5,10.5,10.5,,,,0,0,0,0,0,0,"CVC",0
1.0204081633,0,0,0,0,1078000,"2017-09-15T00:00:00",0,10.5,10.5,10.5,10.5,10.5,10.5,,,,0,0,0,0,0,0,"CVC",0
1.0204081633,0,0,0,0,1078000,"2017-09-14T00:00:00",0,10.5,10.5,10.5,10.5,10.5,10.5,,,,0,0,0,0,0,0,"CVC",0
1.0204081633,0,0,0,0,1078000,"2017-09-13T00:00:00",0,10.5,10.5,10.5,10.5,10.5,10.5,,,,0,0,0,0,0,0,"CVC",0
1.0204081633,0,0,0,0,1078000,"2017-09-12T00:00:00",0,10.5,10.5,10.5,10.5,10.5,10.5,,,,0,0,0,0,0,0,"CVC",0
1.0204081633,0,0,0,0,1078000,"2017-09-11T00:00:00",0,10.5,10.5,10.5,10.5,10.5,10.5,,,,0,0,0,0,0,0,"CVC",0
1.0204081633,0,0,0,0,1078000,"2017-09-08T00:00:00",0,10.5,10.5,10.5,10.5,10.5,10.5,,,,0,0,0,0,0,0,"CVC",0
1.0204081633,0,0,0,0,1078000,"2017-09-07T00:00:00",0,10.5,10.5,10.5,10.5,10.5,10.5,,,,0,0,0,0,0,0,"CVC",0
1.0204081633,0,0,0,0,1078000,"2017-09-06T00:00:00",0,10.5,10.5,10.5,10.5,10.5,10.5,,,,0,0,0,0,0,0,"CVC",0
1.0204081633,0,0,0,0,1078000,"2017-09-05T00:00:00",0,10.5,10.5,10.5,10.5,10.5,10.5,,,,0,0,0,0,0,0,"CVC",0
1.0204081633,0,0,0,0,1078000,"2017-09-01T00:00:00",0,10.5,10.5,10.5,10.5,10.5,10.5,,,,0,0,0,0,0,0,"CVC",0
1.0204081633,0,0,0,0,1078000,"2017-08-31T00:00:00",0,10.5,10.5,10.5,10.5,10.5,10.5,,,,0,0,0,0,0,0,"CVC",0
1.0204081633,0,0,0,0,1078000,"2017-08-30T00:00:00",0,10.5,10.5,10.5,10.5,10.5,10.5,,,,0,0,0,0,0,0,"CVC",0
1.0204081633,0,0,0,0,1078000,"2017-08-29T00:00:00",0,10.5,10.5,10.5,10.5,10.5,10.5,,,,0,0,0,0,0,0,"CVC",0
1.0204081633,0,0,0,0,1078000,"2017-08-28T00:00:00",0,10.5,10.5,10.5,10.5,10.5,10.5,,,,0,0,0,0,0,0,"CVC",0
1.0204081633,0,0,0,0,1078000,"2017-08-25T00:00:00",0,10.5,10.5,10.5,10.5,10.5,10.5,,,,0,0,0,0,0,0,"CVC",0
1.0204081633,0,0,0,0,1078000,"2017-08-24T00:00:00",0,10.5,10.5,10.5,10.5,10.5,10.5,,,,0,0,0,0,0,0,"CVC",0
1.0204081633,0,0,0,0,1078000,"2017-08-23T00:00:00",0,10.5,10.5,10.5,10.5,10.5,10.5,,,,0,0,0,0,0,0,"CVC",0
1.0204081633,0,0,0,0,1078000,"2017-08-22T00:00:00",0,10.5,10.5,10.5,10.5,10.5,10.5,,,,0,0,0,0,0,0,"CVC",0
1.0204081633,0,0,0,0,1078000,"2017-08-21T00:00:00",0,10.5,10.5,10.5,10.5,10.5,10.5,,,,0,0,0,0,0,0,"CVC",0
1.0204081633,0,0,0,0,1078000,"2017-08-18T00:00:00",0,10.5,10.5,10.5,10.5,10.5,10.5,,,,0,0,0,0,0,0,"CVC",0
1.0204081633,0,0,0,0,1078000,"2017-08-17T00:00:00",0,10.5,10.5,10.5,10.5,10.5,10.5,,,,0,0,0,0,0,0,"CVC",0
1.0204081633,0,0,0,0,1078000,"2017-08-16T00:00:00",0,10.5,10.5,10.5,10.5,10.5,10.5,,,,0,0,0,0,0,0,"CVC",0
1.0204081633,0,0,0,0,1078000,"2017-08-15T00:00:00",0,10.5,10.5,10.5,10.5,10.5,10.5,,,,0,0,0,0,0,0,"CVC",0
1.0204081633,0,0,0,0,1078000,"2017-08-14T00:00:00",0,10.5,10.5,10.5,10.5,10.5,10.5,,,,0,0,0,0,0,0,"CVC",0
1.0204081633,0,0,0,0,1078000,"2017-08-11T00:00:00",0,10.5,10.5,10.5,10.5,10.5,10.5,,,,0,0,0,0,0,0,"CVC",0
1.0204081633,0,0,0,0,1078000,"2017-08-10T00:00:00",0,10.5,10.5,10.5,10.5,10.5,10.5,,,,0,0,0,0,0,0,"CVC",0
1.0204081633,0,0,0,0,1078000,"2017-08-09T00:00:00",0,10.5,10.5,10.5,10.5,10.5,10.5,,,,0,0,0,0,0,0,"CVC",0
1.0204081633,0,0,0,0,1078000,"2017-08-08T00:00:00",0,10.5,10.5,10.5,10.5,10.5,10.5,,,,0,0,0,0,0,0,"CVC",0
1.0204081633,0,0,0,0,1078000,"2017-08-07T00:00:00",0,10.5,10.5,10.5,10.5,10.5,10.5,,,,0,0,0,0,0,0,"CVC",0
1.0204081633,0,0,0,0,1078000,"2017-08-04T00:00:00",0,10.5,10.5,10.5,10.5,10.5,10.5,,,,0,0,0,0,0,0,"CVC",0
1.0204081633,0,0,0,0,1078000,"2017-08-03T00:00:00",0,10.5,10.5,10.5,10.5,10.5,10.5,,,,0,0,0,0,0,0,"CVC",0
1.0204081633,0,0,0,0,1078000,"2017-08-02T00:00:00",0,10.5,10.5,10.5,10.5,10.5,10.5,,,,0,0,0,0,0,0,"CVC",0
1.0204081633,0,0,0,0,1078000,"2017-08-01T00:00:00",0,10.5,10.5,10.5,10.5,10.5,10.5,,,,0,0,0,0,0,0,"CVC",0
1.0204081633,0,0,0,0,1078000,"2017-07-31T00:00:00",0,10.5,10.5,10.5,10.5,10.5,10.5,,,,0,0,0,0,0,0,"CVC",0
1.0204081633,0,0,0,0,1078000,"2017-07-28T00:00:00",0,10.5,10.5,10.5,10.5,10.5,10.5,,,,0,0,0,0,0,0,"CVC",0
1.0204081633,0,0,0,0,1078000,"2017-07-27T00:00:00",0,10.5,10.5,10.5,10.5,10.5,10.5,,,,0,0,0,0,0,0,"CVC",0
1.0204081633,0,0,0,0,1078000,"2017-07-26T00:00:00",0,10.5,10.5,10.5,10.5,10.5,10.5,,,,0,0,0,0,0,0,"CVC",0
1.0204081633,0,0,0,0,1078000,"2017-07-25T00:00:00",0,10.5,10.5,10.5,10.5,10.5,10.5,,,,0,0,0,0,0,0,"CVC",0
1.0204081633,0,0,0,0,1078000,"2017-07-24T00:00:00",0,10.5,10.5,10.5,10.5,10.5,10.5,,,,0,0,0,0,0,0,"CVC",0
1.0204081633,0,0,0,0,1078000,"2017-07-21T00:00:00",0,10.5,10.5,10.5,10.5,10.5,10.5,,,,0,0,0,0,0,0,"CVC",0
1.0204081633,0,0,0,0,1078000,"2017-07-20T00:00:00",0,10.5,10.5,10.5,10.5,10.5,10.5,,,,0,0,0,0,0,0,"CVC",0
1.0204081633,0,0,0,0,1078000,"2017-07-19T00:00:00",0,10.5,10.5,10.5,10.5,10.5,10.5,,,,0,0,0,0,0,0,"CVC",0
1.0204081633,0,0,0,0,1078000,"2017-07-18T00:00:00",0,10.5,10.5,10.5,10.5,10.5,10.5,,,,0,0,0,0,0,0,"CVC",0
1.0204081633,0,0,0,0,1078000,"2017-07-17T00:00:00",0,10.5,10.5,10.5,10.5,10.5,10.5,,,,0,0,0,0,0,0,"CVC",0
1.0204081633,0,0,0,0,1078000,"2017-07-14T00:00:00",0,10.5,10.5,10.5,10.5,10.5,10.5,,,,0,0,0,0,0,0,"CVC",0
1.0204081633,0,0,0,0,1078000,"2017-07-13T00:00:00",0,10.5,10.5,10.5,10.5,10.5,10.5,,,,0,0,0,0,0,0,"CVC",0
1.0204081633,0,0,0,0,1078000,"2017-07-12T00:00:00",0,10.5,10.5,10.5,10.5,10.5,10.5,,,,0,0,0,0,0,0,"CVC",0
1.0204081633,0,0,0,0,1078000,"2017-07-11T00:00:00",0,10.5,10.5,10.5,10.5,10.5,10.5,,,,0,0,0,0,0,0,"CVC",0
1.0204081633,0,0,0,0,1078000,"2017-07-10T00:00:00",0,10.5,10.5,10.5,10.5,10.5,10.5,,,,0,0,0,0,0,0,"CVC",0
1.0204081633,0,0,0,0,1078000,"2017-07-07T00:00:00",0,10.5,10.5,10.5,10.5,10.5,10.5,,,,0,0,0,0,0,0,"CVC",0
1.0204081633,0,0,0,0,1078000,"2017-07-06T00:00:00",0,10.5,10.5,10.5,10.5,10.5,10.5,,,,0,0,0,0,0,0,"CVC",0
1.0204081633,0,0,0,0,1078000,"2017-07-05T00:00:00",0,10.5,10.5,10.5,10.5,10.5,10.5,,,,0,0,0,0,0,0,"CVC",0
1.0204081633,0,0,0,0,1078000,"2017-07-04T00:00:00",0,10.5,10.5,10.5,10.5,10.5,10.5,,,,0,0,0,0,0,0,"CVC",0
1.0204081633,0,0,0,0,1078000,"2017-07-03T00:00:00",0,10.5,10.5,10.5,10.5,10.5,10.5,,,,0,0,0,0,0,0,"CVC",0
1.0204081633,0,0,0,0,1078000,"2017-06-30T00:00:00",0,10.5,10.5,10.5,10.5,10.5,10.5,,,,0,0,0,0,0,0,"CVC",0
1.0204081633,0,0,0,0,1078000,"2017-06-29T00:00:00",0,10.5,10.5,10.5,10.5,10.5,10.5,,,,0,0,0,0,0,0,"CVC",0
1.0204081633,0,0,0,0,1078000,"2017-06-28T00:00:00",0,10.5,10.5,10.5,10.5,10.5,10.5,,,,0,0,0,0,0,0,"CVC",0
1.0204081633,0,0,0,0,1078000,"2017-06-27T00:00:00",0,10.5,10.5,10.5,10.5,10.5,10.5,,,,0,0,0,0,0,0,"CVC",0
1.0204081633,0,0,0,0,1078000,"2017-06-26T00:00:00",0,10.5,10.5,10.5,10.5,10.5,10.5,,,,0,0,0,0,0,0,"CVC",0
1.0204081633,0,0,0,0,1078000,"2017-06-23T00:00:00",0,10.5,10.5,10.5,10.5,10.5,10.5,,,,0,0,0,0,0,0,"CVC",0
1.0204081633,0,0,0,0,1078000,"2017-06-22T00:00:00",0,10.5,10.5,10.5,10.5,10.5,10.5,,,,0,0,0,0,0,0,"CVC",0
1.0204081633,0,0,0,0,1078000,"2017-06-21T00:00:00",0,10.5,10.5,10.5,10.5,10.5,10.5,,,,0,0,0,0,0,0,"CVC",0
1.0204081633,0,0,0,0,1078000,"2017-06-20T00:00:00",0,10.5,10.5,10.5,10.5,10.5,10.5,,,,0,0,0,0,0,0,"CVC",0
1.0204081633,0,0,0,0,1078000,"2017-06-19T00:00:00",0,10.5,10.5,10.5,10.5,10.5,10.5,,,,0,0,0,0,0,0,"CVC",0
1.0204081633,0,0,0,0,1078000,"2017-06-16T00:00:00",0,10.5,10.5,10.5,10.5,10.5,10.5,,,,0,0,0,0,0,0,"CVC",0
1.0204081633,0,0,0,0,1078000,"2017-06-15T00:00:00",0,10.5,10.5,10.5,10.5,10.5,10.5,,,,0,0,0,0,0,0,"CVC",0
1.0204081633,0,0,0,0,1078000,"2017-06-14T00:00:00",0,10.5,10.5,10.5,10.5,10.5,10.5,,,,0,0,0,0,0,0,"CVC",0
1.0204081633,0,0,0,0,1078000,"2017-06-13T00:00:00",0,10.5,10.5,10.5,10.5,10.5,10.5,,,,0,0,0,0,0,0,"CVC",0
1.0204081633,0,0,0,0,1078000,"2017-06-12T00:00:00",0,10.5,10.5,10.5,10.5,10.5,10.5,,,,0,0,0,0,0,0,"CVC",0
1.0204081633,0,0,0,0,1078000,"2017-06-09T00:00:00",0,10.5,10.5,10.5,10.5,10.5,10.5,,,,0,0,0,0,0,0,"CVC",0
1.0204081633,0,0,0,0,1078000,"2017-06-08T00:00:00",0,10.5,10.5,10.5,10.5,10.5,10.5,,,,0,0,0,0,0,0,"CVC",0
1.0204081633,0,0,0,0,1078000,"2017-06-07T00:00:00",0,10.5,10.5,10.5,10.5,10.5,10.5,,,,0,0,0,0,0,0,"CVC",0
1.0204081633,0,0,0,0,1078000,"2017-06-06T00:00:00",0,10.5,10.5,10.5,10.5,10.5,10.5,,,,0,0,0,0,0,0,"CVC",0
1.0204081633,0,0,0,0,1078000,"2017-06-05T00:00:00",0,10.5,10.5,10.5,10.5,10.5,10.5,,,,0,0,0,0,0,0,"CVC",0
1.0204081633,0,0,0,0,1078000,"2017-06-02T00:00:00",0,10.5,10.5,10.5,10.5,10.5,10.5,,,,0,0,0,0,0,0,"CVC",0
1.0204081633,0,0,0,0,1078000,"2017-06-01T00:00:00",0,10.5,10.5,10.5,10.5,10.5,10.5,,,,0,0,0,0,0,0,"CVC",0
1.0204081633,0,0,0,0,1078000,"2017-05-31T00:00:00",0,10.5,10.5,10.5,10.5,10.5,10.5,,,,0,0,0,0,0,0,"CVC",0
1.0204081633,0,0,0,0,1078000,"2017-05-30T00:00:00",0,10.5,10.5,10.5,10.5,10.5,10.5,,,,0,0,0,0,0,0,"CVC",0
1.0204081633,0,0,0,0,1078000,"2017-05-29T00:00:00",0,10.5,10.5,10.5,10.5,10.5,10.5,,,,0,0,0,0,0,0,"CVC",0
1.0204081633,0,0,0,0,1078000,"2017-05-26T00:00:00",0,10.5,10.5,10.5,10.5,10.5,10.5,,,,0,0,0,0,0,0,"CVC",0
1.0204081633,0,0,0,0,1078000,"2017-05-25T00:00:00",0,10.5,10.5,10.5,10.5,10.5,10.5,,,,0,0,0,0,0,0,"CVC",0
1.0204081633,0,0,0,0,1078000,"2017-05-24T00:00:00",0,10.5,10.5,10.5,10.5,10.5,10.5,,,,0,0,0,0,0,0,"CVC",0
1.0204081633,0,0,0,0,1078000,"2017-05-23T00:00:00",0,10.5,10.5,10.5,10.5,10.5,10.5,,,,0,0,0,0,0,0,"CVC",0
1.0204081633,0,0,0,0,1078000,"2017-05-22T00:00:00",0,10.5,10.5,10.5,10.5,10.5,10.5,,,,0,0,0,0,0,0,"CVC",0
1.0204081633,0,0,0,0,1078000,"2017-05-19T00:00:00",0,10.5,10.5,10.5,10.5,10.5,10.5,,,,0,0,0,0,0,0,"CVC",0
1.0204081633,0,0,0,0,1078000,"2017-05-18T00:00:00",0,10.5,10.5,10.5,10.5,10.5,10.5,,,,0,0,0,0,0,0,"CVC",0
1.0204081633,0,0,0,0,1078000,"2017-05-17T00:00:00",0,10.5,10.5,10.5,10.5,10.5,10.5,,,,0,0,0,0,0,0,"CVC",0
1.0204081633,0,0,0,0,1078000,"2017-05-16T00:00:00",0,10.5,10.5,10.5,10.5,10.5,10.5,,,,0,0,0,0,0,0,"CVC",0
1.0204081633,0,0,0,0,1078000,"2017-05-15T00:00:00",0,10.5,10.5,10.5,10.5,10.5,10.5,,,,0,0,0,0,0,0,"CVC",0
1.0204081633,0,0,0,0,1078000,"2017-05-12T00:00:00",0,10.5,10.5,10.5,10.5,10.5,10.5,,,,30000000,3000,0,0,0,0,"CVC",30000000
1.0204081633,0,0,0,0,1078000,"2017-05-11T00:00:00",0,10.5,10.5,10.5,10.5,10.5,10.5,,,,0,0,0,0,0,0,"CVC",0
1.0204081633,0,0,0,0,1078000,"2017-05-10T00:00:00",0,10.5,10.5,10.5,10.5,10.5,10.5,,,,0,0,0,0,0,0,"CVC",0
1.0204081633,0,0,0,0,1078000,"2017-05-09T00:00:00",0,10.5,10.5,10.5,10.5,10.5,10.5,,,,0,0,0,0,0,0,"CVC",0
1.0204081633,0,0,0,0,1078000,"2017-05-08T00:00:00",0,10.5,10.5,10.5,10.5,10.5,10.5,,,,0,0,0,0,0,0,"CVC",0
1.0204081633,0,0,0,0,1078000,"2017-05-05T00:00:00",0,10.5,10.5,10.5,10.5,10.5,10.5,,,,0,0,0,0,0,0,"CVC",0
1.0204081633,0,0,0,0,1078000,"2017-05-04T00:00:00",0,10.5,10.5,10.5,10.5,10.5,10.5,,,,0,0,0,0,0,0,"CVC",0
1.0204081633,0,0,0,0,1078000,"2017-05-03T00:00:00",0,10.5,10.5,10.5,10.5,10.5,10.5,,,,0,0,0,0,0,0,"CVC",0
1.0204081633,0,0,0,0,1078000,"2017-04-28T00:00:00",0,10.5,10.5,10.5,10.5,10.5,10.5,,,,0,0,0,0,0,0,"CVC",0
1.0204081633,0,0,0,0,1078000,"2017-04-27T00:00:00",0,10.5,10.5,10.5,10.5,10.5,10.5,,,,0,0,0,0,0,0,"CVC",0
1.0204081633,0,0,0,0,1078000,"2017-04-26T00:00:00",0,10.5,10.5,10.5,10.5,10.5,10.5,,,,0,0,0,0,0,0,"CVC",0
1.0204081633,0,0,0,0,1078000,"2017-04-25T00:00:00",0,10.5,10.5,10.5,10.5,10.5,10.5,,,,0,0,0,0,0,0,"CVC",0
1.0204081633,0,0,0,0,1078000,"2017-04-24T00:00:00",0,10.5,10.5,10.5,10.5,10.5,10.5,,,,0,0,0,0,0,0,"CVC",0
1.0204081633,0,0,0,0,1078000,"2017-04-21T00:00:00",0,10.5,10.5,10.5,10.5,10.5,10.5,,,,0,0,0,0,0,0,"CVC",0
1.0204081633,0,0,0,0,1078000,"2017-04-20T00:00:00",0,10.5,10.5,10.5,10.5,10.5,10.5,,,,0,0,0,0,0,0,"CVC",0
1.0204081633,0,0,0,0,1078000,"2017-04-19T00:00:00",0,10.5,10.5,10.5,10.5,10.5,10.5,,,,0,0,0,0,0,0,"CVC",0
1.0204081633,0,0,0,0,1078000,"2017-04-18T00:00:00",0,10.5,10.5,10.5,10.5,10.5,10.5,,,,0,0,0,0,0,0,"CVC",0
1.0204081633,1,0,0,2000,1078000,"2017-04-17T00:00:00",2000,10.5,10.5,10.5,10.5,10.5,10.5,,,,0,0,1,0,0,2000,"CVC",21000000
1.0204081633,0,0,0,0,1078000,"2017-04-14T00:00:00",0,10.5,10.5,10.5,10.5,10.5,10.5,,,,0,0,0,0,0,0,"CVC",0
1.0204081633,0,0,0,0,1078000,"2017-04-13T00:00:00",0,10.5,10.5,10.5,10.5,10.5,10.5,,,,0,0,0,0,0,0,"CVC",0
1.0204081633,0,0,0,0,1078000,"2017-04-12T00:00:00",0,10.5,10.5,10.5,10.5,10.5,10.5,,,,0,0,0,0,0,0,"CVC",0
1.0204081633,0,0,0,0,1078000,"2017-04-11T00:00:00",0,10.5,10.5,10.5,10.5,10.5,10.5,,,,0,0,0,0,0,0,"CVC",0
1.0204081633,0,0,0,0,1078000,"2017-04-10T00:00:00",0,10.5,10.5,10.5,10.5,10.5,10.5,,,,0,0,0,0,0,0,"CVC",0
1.0204081633,0,0,0,0,1078000,"2017-04-07T00:00:00",0,10.5,10.5,10.5,10.5,10.5,10.5,,,,0,0,0,0,0,0,"CVC",0
1.0204081633,0,0,0,0,1078000,"2017-04-05T00:00:00",0,10.5,10.5,10.5,10.5,10.5,10.5,,,,0,0,0,0,0,0,"CVC",0
1.0204081633,0,0,0,0,1078000,"2017-04-04T00:00:00",0,10.5,10.5,10.5,10.5,10.5,10.5,,,,0,0,0,0,0,0,"CVC",0
1.0204081633,0,0,0,0,1078000,"2017-04-03T00:00:00",0,10.5,10.5,10.5,10.5,10.5,10.5,,,,0,0,0,0,0,0,"CVC",0
1.0204081633,0,0,0,0,1078000,"2017-03-31T00:00:00",0,10.5,10.5,10.5,10.5,10.5,10.5,,,,0,0,0,0,0,0,"CVC",0
1.0204081633,0,0,0,0,1078000,"2017-03-30T00:00:00",0,10.5,10.5,10.5,10.5,10.5,10.5,,,,0,0,0,0,0,0,"CVC",0
1.0204081633,0,0,0,0,1078000,"2017-03-29T00:00:00",0,10.5,10.5,10.5,10.5,10.5,10.5,,,,0,0,0,0,0,0,"CVC",0
1.0204081633,0,0,0,0,1078000,"2017-03-28T00:00:00",0,10.5,10.5,10.5,10.5,10.5,10.5,,,,0,0,0,0,0,0,"CVC",0
1.0204081633,0,0,0,0,1078000,"2017-03-27T00:00:00",0,10.5,10.5,10.5,10.5,10.5,10.5,,,,0,0,0,0,0,0,"CVC",0
1.0204081633,0,0,0,0,1078000,"2017-03-24T00:00:00",0,10.5,10.5,10.5,10.5,10.5,10.5,,,,0,0,0,0,0,0,"CVC",0
1.0204081633,0,0,0,0,1078000,"2017-03-23T00:00:00",0,10.5,10.5,10.5,10.5,10.5,10.5,,,,0,0,0,0,0,0,"CVC",0
1.0204081633,0,0,0,0,1078000,"2017-03-22T00:00:00",0,10.5,10.5,10.5,10.5,10.5,10.5,,,,0,0,0,0,0,0,"CVC",0
1.0204081633,0,0,0,0,1078000,"2017-03-21T00:00:00",0,10.5,10.5,10.5,10.5,10.5,10.5,,,,0,0,0,0,0,0,"CVC",0
1.0204081633,0,0,0,0,1078000,"2017-03-20T00:00:00",0,10.5,10.5,10.5,10.5,10.5,10.5,,,,0,0,0,0,0,0,"CVC",0
1.0204081633,0,0,0,0,1078000,"2017-03-17T00:00:00",0,10.5,10.5,10.5,10.5,10.5,10.5,,,,0,0,0,0,0,0,"CVC",0
1.0204081633,0,0,0,0,1078000,"2017-03-16T00:00:00",0,10.5,10.5,10.5,10.5,10.5,10.5,,,,0,0,0,0,0,0,"CVC",0
1.0204081633,0,0,0,0,1078000,"2017-03-15T00:00:00",0,10.5,10.5,10.5,10.5,10.5,10.5,,,,0,0,0,0,0,0,"CVC",0
1.0204081633,0,0,0,0,1078000,"2017-03-14T00:00:00",0,10.5,10.5,10.5,10.5,10.5,10.5,,,,0,0,0,0,0,0,"CVC",0
1.0204081633,0,0,0,0,1078000,"2017-03-13T00:00:00",0,10.5,10.5,10.5,10.5,10.5,10.5,,,,0,0,0,0,0,0,"CVC",0
1.0204081633,0,0,0,0,1078000,"2017-03-10T00:00:00",0,10.5,10.5,10.5,10.5,10.5,10.5,,,,0,0,0,0,0,0,"CVC",0
1.0204081633,0,0,0,0,1078000,"2017-03-09T00:00:00",0,10.5,10.5,10.5,10.5,10.5,10.5,,,,0,0,0,0,0,0,"CVC",0
1.0204081633,0,0,0,0,1078000,"2017-03-08T00:00:00",0,10.5,10.5,10.5,10.5,10.5,10.5,,,,0,0,0,0,0,0,"CVC",0
1.0204081633,0,0,0,0,1078000,"2017-03-07T00:00:00",0,10.5,10.5,10.5,10.5,10.5,10.5,,,,0,0,0,0,0,0,"CVC",0
1.0204081633,0,0,0,0,1078000,"2017-03-06T00:00:00",0,10.5,10.5,10.5,10.5,10.5,10.5,,,,0,0,0,0,0,0,"CVC",0
1.0204081633,0,0,0,0,1078000,"2017-03-03T00:00:00",0,10.5,10.5,10.5,10.5,10.5,10.5,,,,0,0,0,0,0,0,"CVC",0
1.0204081633,0,0,0,0,1078000,"2017-03-02T00:00:00",0,10.5,10.5,10.5,10.5,10.5,10.5,,,,0,0,0,0,0,0,"CVC",0
1.0204081633,0,0,0,0,1078000,"2017-03-01T00:00:00",0,10.5,10.5,10.5,10.5,10.5,10.5,,,,0,0,0,0,0,0,"CVC",0
1.0204081633,0,0,0,0,1078000,"2017-02-28T00:00:00",0,10.5,10.5,10.5,10.5,10.5,10.5,,,,0,0,0,0,0,0,"CVC",0
1.0204081633,0,0,0,0,1078000,"2017-02-27T00:00:00",0,10.5,10.5,10.5,10.5,10.5,10.5,,,,0,0,0,0,0,0,"CVC",0
1.0204081633,0,0,0,0,1078000,"2017-02-24T00:00:00",0,10.5,10.5,10.5,10.5,10.5,10.5,,,,0,0,0,0,0,0,"CVC",0
1.0204081633,0,0,0,0,1078000,"2017-02-23T00:00:00",0,10.5,10.5,10.5,10.5,10.5,10.5,,,,0,0,0,0,0,0,"CVC",0
1.0204081633,0,0,0,0,1078000,"2017-02-22T00:00:00",0,10.5,10.5,10.5,10.5,10.5,10.5,,,,0,0,0,0,0,0,"CVC",0
1.0204081633,0,0,0,0,1078000,"2017-02-21T00:00:00",0,10.5,10.5,10.5,10.5,10.5,10.5,,,,0,0,0,0,0,0,"CVC",0
1.0204081633,0,0,0,0,1078000,"2017-02-20T00:00:00",0,10.5,10.5,10.5,10.5,10.5,10.5,,,,0,0,0,0,0,0,"CVC",0
1.0204081633,0,0,0,0,1078000,"2017-02-17T00:00:00",0,10.5,10.5,10.5,10.5,10.5,10.5,,,,0,0,0,0,0,0,"CVC",0
1.0204081633,0,0,0,0,1078000,"2017-02-16T00:00:00",0,10.5,10.5,10.5,10.5,10.5,10.5,,,,0,0,0,0,0,0,"CVC",0
1.0204081633,0,0,0,0,1078000,"2017-02-15T00:00:00",0,10.5,10.5,10.5,10.5,10.5,10.5,,,,0,0,0,0,0,0,"CVC",0
1.0204081633,0,0,0,0,1078000,"2017-02-14T00:00:00",0,10.5,10.5,10.5,10.5,10.5,10.5,,,,0,0,0,0,0,0,"CVC",0
1.0204081633,1,0,0,1000,1078000,"2017-02-13T00:00:00",1000,10.5,11.5,10.5,10.5,10.5,10.5,,,,0,0,1,0,0,1000,"CVC",10500000
1.0204081633,0,0,0,0,1078000,"2017-02-10T00:00:00",0,11.5,11.5,11.5,11.5,11.5,11.5,,,,0,0,0,0,0,0,"CVC",0
1.0204081633,0,0,0,0,1078000,"2017-02-09T00:00:00",0,11.5,11.5,11.5,11.5,11.5,11.5,,,,0,0,0,0,0,0,"CVC",0
1.0204081633,1,0,0,1000,1078000,"2017-02-08T00:00:00",0,11.5,11.5,11.5,11.5,11.5,11.5,,,,0,0,0,0,0,0,"CVC",0
1.0204081633,1,0,0,1000,1078000,"2017-02-07T00:00:00",0,11.5,11.5,11.5,11.5,11.5,11.5,,,,0,0,0,0,0,0,"CVC",0
1.0204081633,1,0,0,1000,1078000,"2017-02-06T00:00:00",0,11.5,11.5,11.5,11.5,11.5,11.5,,,,0,0,0,0,0,0,"CVC",0
1.0204081633,0,0,0,0,1078000,"2017-02-03T00:00:00",0,11.5,11.5,11.5,11.5,11.5,11.5,,,,0,0,0,0,0,0,"CVC",0
1.0204081633,1,0,0,500,1078000,"2017-02-02T00:00:00",0,11.5,11.5,11.5,11.5,11.5,11.5,,,,0,0,0,0,0,0,"CVC",0
1.0204081633,1,0,0,1000,1078000,"2017-01-25T00:00:00",0,11.5,11.5,11.5,11.5,11.5,11.5,,,,0,0,0,0,0,0,"CVC",0
1.0204081633,1,0,0,1000,1078000,"2017-01-24T00:00:00",0,11.5,11.5,11.5,11.5,11.5,11.5,,,,0,0,0,0,0,0,"CVC",0
1.0204081633,1,0,0,100,1078000,"2017-01-23T00:00:00",0,11.5,11.5,11.5,11.5,11.5,11.5,,,,0,0,0,0,0,0,"CVC",0
1.0204081633,2,0,0,1500,1078000,"2017-01-20T00:00:00",1500,11.467,13.3,11.5,11.5,11.4,11.4,,,,0,0,2,0,0,1500,"CVC",17200500
1.0204081633,1,0,0,100,1078000,"2017-01-19T00:00:00",0,13.3,13.3,13.3,13.3,13.3,13.3,,,,0,0,0,0,0,0,"CVC",0
1.0204081633,1,0,0,100,1078000,"2017-01-18T00:00:00",0,13.3,13.3,13.3,13.3,13.3,13.3,,,,0,0,0,0,0,0,"CVC",0
1.0204081633,1,0,0,100,1078000,"2017-01-17T00:00:00",0,13.3,13.3,13.3,13.3,13.3,13.3,,,,0,0,0,0,0,0,"CVC",0
1.0204081633,8,0,0,2590000,1078000,"2017-01-16T00:00:00",0,13.3,13.3,13.3,13.3,13.3,13.3,,,,17055008000,1122040,0,0,0,0,"CVC",17055008000
1.0204081633,5,0,0,1470800,1078000,"2017-01-13T00:00:00",0,13.3,13.3,13.3,13.3,13.3,13.3,,,,0,0,0,0,0,0,"CVC",0
1.0204081633,20,0,0,1363900,1078000,"2017-01-12T00:00:00",0,13.3,13.3,13.3,13.3,13.3,13.3,,,,0,0,0,0,0,0,"CVC",0
1.0204081633,0,0,0,0,1078000,"2017-01-11T00:00:00",0,13.3,13.3,13.3,13.3,13.3,13.3,,,,0,0,0,0,0,0,"CVC",0
1.0204081633,0,0,0,0,1078000,"2017-01-10T00:00:00",0,13.3,13.3,13.3,13.3,13.3,13.3,,,,0,0,0,0,0,0,"CVC",0
1.0204081633,0,0,0,0,1078000,"2017-01-09T00:00:00",0,13.3,13.3,13.3,13.3,13.3,13.3,,,,0,0,0,0,0,0,"CVC",0
1.0204081633,0,0,0,0,1078000,"2017-01-06T00:00:00",0,13.3,13.3,13.3,13.3,13.3,13.3,,,,0,0,0,0,0,0,"CVC",0
1.0204081633,1,0,0,2000,1078000,"2017-01-05T00:00:00",0,13.3,13.3,13.3,13.3,13.3,13.3,,,,0,0,0,0,0,0,"CVC",0
1.0204081633,0,0,0,0,1078000,"2017-01-04T00:00:00",0,13.3,13.3,13.3,13.3,13.3,13.3,,,,0,0,0,0,0,0,"CVC",0
1.0204081633,0,0,0,0,1078000,"2017-01-03T00:00:00",0,13.3,13.3,13.3,13.3,13.3,13.3,,,,0,0,0,0,0,0,"CVC",0
1.0204081633,0,0,0,0,1078000,"2016-12-30T00:00:00",0,13.3,13.3,13.3,13.3,13.3,13.3,,,,0,0,0,0,0,0,"CVC",0
1.0204081633,0,0,0,0,1078000,"2016-12-29T00:00:00",0,13.3,13.3,13.3,13.3,13.3,13.3,,,,0,0,0,0,0,0,"CVC",0
1.0204081633,0,0,0,0,1078000,"2016-12-28T00:00:00",0,13.3,13.3,13.3,13.3,13.3,13.3,,,,0,0,0,0,0,0,"CVC",0
1.0204081633,0,0,0,0,1078000,"2016-12-27T00:00:00",0,13.3,13.3,13.3,13.3,13.3,13.3,,,,0,0,0,0,0,0,"CVC",0
1.0204081633,0,0,0,0,1078000,"2016-12-26T00:00:00",0,13.3,13.3,13.3,13.3,13.3,13.3,,,,0,0,0,0,0,0,"CVC",0
1.0204081633,0,0,0,0,1078000,"2016-12-23T00:00:00",0,13.3,13.3,13.3,13.3,13.3,13.3,,,,0,0,0,0,0,0,"CVC",0
1.0204081633,0,0,0,0,1078000,"2016-12-22T00:00:00",0,13.3,13.3,13.3,13.3,13.3,13.3,,,,0,0,0,0,0,0,"CVC",0
1.0204081633,0,0,0,0,1078000,"2016-12-21T00:00:00",0,13.3,13.3,13.3,13.3,13.3,13.3,,,,0,0,0,0,0,0,"CVC",0
1.0204081633,0,0,0,0,1078000,"2016-12-20T00:00:00",0,13.3,13.3,13.3,13.3,13.3,13.3,,,,0,0,0,0,0,0,"CVC",0
1.0204081633,0,0,0,0,1078000,"2016-12-19T00:00:00",0,13.3,13.3,13.3,13.3,13.3,13.3,,,,0,0,0,0,0,0,"CVC",0
1.0204081633,1,0,0,100,1078000,"2016-12-16T00:00:00",0,13.3,13.3,13.3,13.3,13.3,13.3,,,,0,0,0,0,0,0,"CVC",0
1.0204081633,1,0,0,10000,1078000,"2016-12-15T00:00:00",0,13.3,13.3,13.3,13.3,13.3,13.3,,,,0,0,0,0,0,0,"CVC",0
1.0204081633,1,0,0,10000,1078000,"2016-12-14T00:00:00",0,13.3,13.3,13.3,13.3,13.3,13.3,,,,0,0,0,0,0,0,"CVC",0
1.0204081633,2,0,0,10200,1078000,"2016-12-13T00:00:00",0,13.3,13.3,13.3,13.3,13.3,13.3,,,,0,0,0,0,0,0,"CVC",0
1.0204081633,3,0,0,13200,1078000,"2016-12-12T00:00:00",1000,13.3,11.8,13.3,13.3,13.3,13.3,,,,0,0,1,0,0,1000,"CVC",13300000
1.0204081633,1,0,0,5000,1078000,"2016-12-09T00:00:00",5000,11.8,10,11.8,11.8,11.8,11.8,,,,0,0,1,0,0,5000,"CVC",59000000
1.0204081633,0,0,0,0,1078000,"2016-12-08T00:00:00",0,10,10,10,10,10,10,,,,0,0,0,0,0,0,"CVC",0
1.0204081633,1,0,0,1000,1078000,"2016-12-07T00:00:00",0,10,10,10,10,10,10,,,,0,0,0,0,0,0,"CVC",0
1.0204081633,1,0,0,100,1078000,"2016-12-06T00:00:00",0,10,10,10,10,10,10,,,,0,0,0,0,0,0,"CVC",0
1.0204081633,0,0,0,0,1078000,"2016-12-05T00:00:00",0,10,10,10,10,10,10,,,,0,0,0,0,0,0,"CVC",0
