"adjRatio","buyCount","buyForeignQuantity","buyForeignValue","buyQuantity","currentForeignRoom","date","dealVolume","priceAverage","priceBasic","priceClose","priceHigh","priceLow","priceOpen","propTradingNetDealValue","propTradingNetPTValue","propTradingNetValue","putthroughValue","putthroughVolume","sellCount","sellForeignQuantity","sellForeignValue","sellQuantity","symbol","totalValue"
1,0,900,652491,0,1161700,"2022-12-12T00:00:00",566300,0.72499,0.81,0.76,0.98,0.66,0.74,,,,0,0,0,532600,386129674,0,"CVHM2217",410561837
1,0,176200,139282576,0,867700,"2022-12-09T00:00:00",621700,0.7904800000000001,0.87,0.81,0.87,0.76,0.87,-217557000,0,-217557000,0,0,0,445100,351842648,0,"CVHM2217",491441416
1,0,42600,37519098,0,678000,"2022-12-08T00:00:00",727500,0.88073,0.88,0.87,0.97,0.84,0.97,-561862000,0,-561862000,0,0,0,684400,602771612,0,"CVHM2217",640731075
1,0,414000,371291760,0,758500,"2022-12-07T00:00:00",884200,0.8968400000000001,0.87,0.88,0.98,0.87,0.88,-53541000,0,-53541000,0,0,0,470200,421694168,0,"CVHM2217",792985928
1,0,285900,273803571,0,797800,"2022-12-06T00:00:00",650700,0.95769,1.07,0.87,1.07,0.85,1.07,72423000,0,72423000,0,0,0,232300,222471387,0,"CVHM2217",623168883
1,0,116400,119546292,0,351400,"2022-12-05T00:00:00",449900,1.0270299999999999,1,1.07,1.08,1.01,1.04,-214441000,0,-214441000,0,0,0,333500,342514505,0,"CVHM2217",462060797
1,0,61500,54570795,0,147500,"2022-12-02T00:00:00",308900,0.8873300000000001,0.86,1,1,0.79,0.86,-171225000,0,-171225000,0,0,0,246600,218815578,0,"CVHM2217",274096237
1,0,372900,331899645,0,339300,"2022-12-01T00:00:00",935900,0.89005,0.8,0.86,0.99,0.85,0.88,-188146000,0,-188146000,0,0,0,562800,500920140,0,"CVHM2217",832997795
1,0,200,155080,0,339300,"2022-11-30T00:00:00",266300,0.7754,0.75,0.8,0.8,0.75,0.77,-205634000,0,-205634000,0,0,0,265400,205791160,0,"CVHM2217",206489020
1,0,170500,119511975,0,389300,"2022-11-29T00:00:00",351600,0.7009500000000001,0.63,0.75,0.75,0.67,0.67,-14721000,0,-14721000,0,0,0,181100,126942045,0,"CVHM2217",246454020
1,0,465000,269816250,0,474900,"2022-11-28T00:00:00",465200,0.58025,0.46,0.63,0.63,0.48,0.48,269684000,0,269684000,0,0,0,200,116050,0,"CVHM2217",269932300
1,0,284700,123232395,0,568600,"2022-11-25T00:00:00",405700,0.43285,0.37,0.46,0.47,0.41,0.41,64522000,0,64522000,0,0,0,120500,52158425,0,"CVHM2217",175607245
1,0,900,326160,0,440900,"2022-11-24T00:00:00",380400,0.3624,0.33,0.37,0.38,0.35,0.35,-137135000,0,-137135000,0,0,0,379400,137494560,0,"CVHM2217",137856960
1,0,1700,622404,0,213100,"2022-11-23T00:00:00",192700,0.36612,0.42,0.33,0.4,0.33,0.39,-69191000,0,-69191000,0,0,0,191000,69928920,0,"CVHM2217",70551324
1,0,1020100,473408008,0,315600,"2022-11-22T00:00:00",1148700,0.46408,0.43,0.42,0.52,0.4,0.4,423384000,0,423384000,0,0,0,128600,59680688,0,"CVHM2217",533088696
1,0,200000,94668000,0,295500,"2022-11-21T00:00:00",429500,0.47334,0.49,0.43,0.49,0.43,0.48,-12036000,0,-12036000,0,0,0,229500,108631530,0,"CVHM2217",203299530
1,0,111200,58237664,0,392500,"2022-11-18T00:00:00",1028800,0.5237200000000001,0.57,0.49,0.55,0.49,0.55,-424999000,0,-424999000,0,0,0,917600,480565472,0,"CVHM2217",538803136
1,0,430700,209048859,0,520300,"2022-11-17T00:00:00",654800,0.48537,0.44,0.57,0.57,0.45,0.45,115318000,0,115318000,0,0,0,220100,106829937,0,"CVHM2217",317820276
1,0,286100,116502781,0,347300,"2022-11-16T00:00:00",300300,0.40720999999999996,0.35,0.44,0.44,0.34,0.34,110816000,0,110816000,0,0,0,14200,5782382,0,"CVHM2217",122285163
1,0,2300,626842,0,348600,"2022-11-15T00:00:00",305200,0.27254,0.35,0.35,0.35,0.27,0.32,-81604000,0,-81604000,0,0,0,302900,82552366,0,"CVHM2217",83179208
1,0,139000,40884070,0,459300,"2022-11-14T00:00:00",598200,0.29413,0.35,0.35,0.35,0.27,0.29,-79996000,0,-79996000,0,0,0,459100,135035083,0,"CVHM2217",175948566
1,0,43600,15232532,0,372900,"2022-11-11T00:00:00",44600,0.34937,0.28,0.35,0.37,0.34,0.34,14842000,0,14842000,0,0,0,1000,349370,0,"CVHM2217",15581902
1,0,10000,2933700,0,262600,"2022-11-10T00:00:00",38300,0.29337,0.38,0.28,0.32,0.28,0.32,-5236000,0,-5236000,0,0,0,28300,8302371,0,"CVHM2217",11236071
1,0,332000,124400400,0,299500,"2022-11-09T00:00:00",462000,0.3747,0.31,0.38,0.39,0.34,0.34,78756000,0,78756000,0,0,0,130000,48711000,0,"CVHM2217",173111400
1,0,31300,8343954,0,269400,"2022-11-08T00:00:00",152000,0.26658,0.29,0.31,0.31,0.25,0.28,-22800000,0,-22800000,0,0,0,120300,32069574,0,"CVHM2217",40520160
1,0,13300,3788372,0,277700,"2022-11-07T00:00:00",308400,0.28484,0.32,0.29,0.31,0.27,0.28,-79994000,0,-79994000,0,0,0,295100,84056284,0,"CVHM2217",87844656
1,0,99600,30573216,0,159400,"2022-11-04T00:00:00",161500,0.30695999999999996,0.38,0.32,0.33,0.28,0.33,12874000,0,12874000,0,0,0,61400,18847344,0,"CVHM2217",49574040
1,0,820200,303580626,0,159500,"2022-11-03T00:00:00",825200,0.37013,0.38,0.38,0.39,0.33,0.33,301812000,0,301812000,0,0,0,5000,1850650,0,"CVHM2217",305431276
1,0,206100,74913228,0,361400,"2022-11-02T00:00:00",424000,0.36348,0.37,0.38,0.41,0.34,0.38,2499000,0,2499000,0,0,0,217900,79202292,0,"CVHM2217",154115520
1,0,11400,4391280,0,232500,"2022-11-01T00:00:00",831500,0.3852,0.42,0.37,0.45,0.37,0.42,-310588000,0,-310588000,0,0,0,820100,315902520,0,"CVHM2217",320293800
1,0,1048900,441461032,0,349300,"2022-10-31T00:00:00",1053100,0.42088,0.39,0.42,0.49,0.36,0.46,440153000,0,440153000,0,0,0,4200,1767696,0,"CVHM2217",443228728
1,0,376800,143911224,0,384800,"2022-10-28T00:00:00",517100,0.38193,0.35,0.39,0.4,0.35,0.4,86743000,0,86743000,0,0,0,140300,53584779,0,"CVHM2217",197496003
1,0,107300,33607433,0,5000,"2022-10-27T00:00:00",1039400,0.31321,0.35,0.35,0.39,0.31,0.39,-252683000,0,-252683000,0,0,0,932100,291943041,0,"CVHM2217",325550474
1,0,6900,2212140,0,1000,"2022-10-26T00:00:00",348200,0.3206,0.26,0.35,0.4,0.3,0.4,-106793000,0,-106793000,0,0,0,341300,109420780,0,"CVHM2217",111632920
1,0,100,26550,0,0,"2022-10-25T00:00:00",487200,0.2655,0.37,0.26,0.39,0.26,0.3,-129274000,0,-129274000,0,0,0,487100,129325050,0,"CVHM2217",129351600
1,0,0,0,0,0,"2022-10-24T00:00:00",10900,0.42458999999999997,0.63,0.37,0.51,0.37,0.51,-4628000,0,-4628000,0,0,0,10900,4628031,0,"CVHM2217",4628031
1,0,0,0,0,0,"2022-10-21T00:00:00",1100,0.64818,0.98,0.63,0.65,0.63,0.65,-713000,0,-713000,0,0,0,1100,712998,0,"CVHM2217",712998
