"adjRatio","buyCount","buyForeignQuantity","buyForeignValue","buyQuantity","currentForeignRoom","date","dealVolume","priceAverage","priceBasic","priceClose","priceHigh","priceLow","priceOpen","propTradingNetDealValue","propTradingNetPTValue","propTradingNetValue","putthroughValue","putthroughVolume","sellCount","sellForeignQuantity","sellForeignValue","sellQuantity","symbol","totalValue"
1,0,113900,1145834,0,1296900,"2022-08-11T00:00:00",170500,0.010060000000000001,0.01,0.01,0.02,0.01,0.01,584000,0,584000,0,0,0,55500,558330,0,"CVJC2201",1715230
1,0,92600,926000,0,1289500,"2022-08-10T00:00:00",101700,0.01,0.01,0.01,0.01,0.01,0.01,914000,0,914000,0,0,0,0,0,0,"CVJC2201",1017000
1,0,75200,752000,0,1364700,"2022-08-09T00:00:00",75300,0.01,0.01,0.01,0.01,0.01,0.01,751000,0,751000,0,0,0,100,1000,0,"CVJC2201",753000
1,0,99100,992982,0,1463800,"2022-08-08T00:00:00",199400,0.01002,0.01,0.01,0.02,0.01,0.01,-7000,0,-7000,0,0,0,100000,1002000,0,"CVJC2201",1997988
1,0,282900,2868606,0,1746700,"2022-08-05T00:00:00",444200,0.01014,0.02,0.01,0.02,0.01,0.01,2829000,0,2829000,0,0,0,0,0,0,"CVJC2201",4504188
1,0,0,0,0,1746700,"2022-08-04T00:00:00",14800,0.01912,0.01,0.02,0.02,0.01,0.02,0,0,0,0,0,0,0,0,0,"CVJC2201",282976
1,0,1000,10000,0,1747700,"2022-08-03T00:00:00",64100,0.01,0.01,0.01,0.01,0.01,0.01,10000,0,10000,0,0,0,0,0,0,"CVJC2201",641000
1,0,0,0,0,1747700,"2022-08-02T00:00:00",187400,0.01,0.01,0.01,0.01,0.01,0.01,0,0,0,0,0,0,0,0,0,"CVJC2201",1874000
1,0,0,0,0,1747200,"2022-08-01T00:00:00",10400,0.01,0.01,0.01,0.01,0.01,0.01,0,0,0,0,0,0,0,0,0,"CVJC2201",104000
1,0,0,0,0,1747200,"2022-07-29T00:00:00",50100,0.0104,0.02,0.01,0.02,0.01,0.02,0,0,0,0,0,0,0,0,0,"CVJC2201",521040
1,0,0,0,0,1747200,"2022-07-28T00:00:00",372700,0.01813,0.01,0.02,0.02,0.01,0.01,-10000,0,-10000,0,0,0,500,9065,0,"CVJC2201",6757051
1,0,0,0,0,1676600,"2022-07-27T00:00:00",22100,0.01109,0.01,0.01,0.02,0.01,0.01,0,0,0,0,0,0,0,0,0,"CVJC2201",245089
1,0,0,0,0,1356100,"2022-07-26T00:00:00",100,0.01,0.02,0.01,0.01,0.01,0.01,0,0,0,0,0,0,0,0,0,"CVJC2201",1000
1,0,0,0,0,1356100,"2022-07-25T00:00:00",427100,0.01445,0.02,0.02,0.02,0.01,0.02,-1412000,0,-1412000,0,0,0,70600,1020170,0,"CVJC2201",6171595
1,0,5000,122300,0,1349200,"2022-07-22T00:00:00",474200,0.024460000000000003,0.03,0.02,0.03,0.02,0.03,-6990000,0,-6990000,0,0,0,320500,7839430,0,"CVJC2201",11598932
1,0,0,0,0,1088800,"2022-07-21T00:00:00",1400,0.03,0.03,0.03,0.03,0.03,0.03,0,0,0,0,0,0,0,0,0,"CVJC2201",42000
1,0,3500,98350,0,1013700,"2022-07-20T00:00:00",55400,0.0281,0.03,0.03,0.03,0.02,0.03,-287000,0,-287000,0,0,0,11900,334390,0,"CVJC2201",1556740
1,0,0,0,0,945200,"2022-07-19T00:00:00",291000,0.02115,0.03,0.03,0.03,0.02,0.03,-5334000,0,-5334000,0,0,0,260400,5507460,0,"CVJC2201",6154650
1,0,40300,1212224,0,963400,"2022-07-18T00:00:00",121200,0.03008,0.05,0.03,0.04,0.03,0.03,-1156000,0,-1156000,0,0,0,78600,2364288,0,"CVJC2201",3645696
1,0,10000,316500,0,969300,"2022-07-15T00:00:00",78800,0.03165,0.05,0.05,0.05,0.03,0.05,-1679000,0,-1679000,0,0,0,68500,2168025,0,"CVJC2201",2494020
1,0,12700,501142,0,934000,"2022-07-14T00:00:00",35300,0.03946,0.05,0.05,0.05,0.03,0.05,-198000,0,-198000,0,0,0,22100,872066,0,"CVJC2201",1392938
1,0,36700,1825091,0,959200,"2022-07-13T00:00:00",40800,0.049729999999999996,0.05,0.05,0.05,0.04,0.05,1641000,0,1641000,0,0,0,4100,203893,0,"CVJC2201",2028984
1,0,34900,1955796,0,980200,"2022-07-12T00:00:00",84300,0.05604,0.07,0.05,0.07,0.05,0.07,-320000,0,-320000,0,0,0,48000,2689920,0,"CVJC2201",4724172
1,0,119900,8337846,0,1100100,"2022-07-11T00:00:00",132700,0.06954,0.1,0.07,0.08,0.06,0.08,7650000,0,7650000,0,0,0,11500,799710,0,"CVJC2201",9227958
1,0,1100,87131,0,1057600,"2022-07-08T00:00:00",15100,0.07920999999999999,0.1,0.1,0.1,0.07,0.09,-989000,0,-989000,0,0,0,13900,1101019,0,"CVJC2201",1196071
1,0,39000,3570450,0,1089200,"2022-07-07T00:00:00",39300,0.09154999999999999,0.09,0.1,0.1,0.09,0.09,3570000,0,3570000,0,0,0,0,0,0,"CVJC2201",3597915
1,0,119700,9681336,0,1207500,"2022-07-06T00:00:00",165600,0.08088,0.1,0.09,0.1,0.07,0.1,6174000,0,6174000,0,0,0,43600,3526368,0,"CVJC2201",13393728
1,0,10300,957488,0,1135200,"2022-07-05T00:00:00",27700,0.09295999999999999,0.12,0.1,0.11,0.09,0.11,179000,0,179000,0,0,0,7400,687904,0,"CVJC2201",2574992
1,0,132400,15901240,0,1263800,"2022-07-04T00:00:00",135400,0.1201,0.12,0.12,0.13,0.12,0.13,15706000,0,15706000,0,0,0,1400,168140,0,"CVJC2201",16261540
1,0,273100,33137954,0,1533600,"2022-07-01T00:00:00",356000,0.12134,0.15,0.12,0.15,0.1,0.15,22365000,0,22365000,0,0,0,82600,10022684,0,"CVJC2201",43197040
1,0,2000,302380,0,1452500,"2022-06-30T00:00:00",5900,0.15119,0.16,0.15,0.17,0.14,0.15,-237000,0,-237000,0,0,0,3800,574522,0,"CVJC2201",892021
1,0,125300,21067942,0,1574500,"2022-06-29T00:00:00",128900,0.16813999999999998,0.18,0.16,0.18,0.15,0.18,20601000,0,20601000,0,0,0,3300,554862,0,"CVJC2201",21673246
1,0,500,92205,0,1482300,"2022-06-28T00:00:00",91200,0.18441,0.2,0.18,0.2,0.18,0.2,-15114000,0,-15114000,0,0,0,83100,15324471,0,"CVJC2201",16818192
1,0,351100,65353754,0,1822800,"2022-06-27T00:00:00",355400,0.18614,0.16,0.2,0.2,0.14,0.19,64823000,0,64823000,0,0,0,3300,614262,0,"CVJC2201",66154156
1,0,201600,30088800,0,1991600,"2022-06-24T00:00:00",299900,0.14925,0.16,0.16,0.16,0.14,0.16,16371000,0,16371000,0,0,0,92700,13835475,0,"CVJC2201",44760075
1,0,89500,13739145,0,1981500,"2022-06-23T00:00:00",100100,0.15350999999999998,0.19,0.16,0.17,0.15,0.17,11968000,0,11968000,0,0,0,10600,1627206,0,"CVJC2201",15366351
1,0,211400,38627008,0,2156100,"2022-06-22T00:00:00",263200,0.18272,0.17,0.19,0.2,0.17,0.17,32027000,0,32027000,0,0,0,32800,5993216,0,"CVJC2201",48091904
1,0,305200,50791384,0,2417100,"2022-06-21T00:00:00",421500,0.16641999999999998,0.17,0.17,0.19,0.15,0.17,36592000,0,36592000,0,0,0,99600,16575432,0,"CVJC2201",70146030
1,0,215600,35276472,0,2473200,"2022-06-20T00:00:00",262800,0.16362000000000002,0.18,0.17,0.17,0.15,0.15,29767000,0,29767000,0,0,0,36800,6021216,0,"CVJC2201",42999336
1,0,142200,22261410,0,2454200,"2022-06-17T00:00:00",198800,0.15655000000000002,0.19,0.18,0.19,0.15,0.19,15937000,0,15937000,0,0,0,44200,6919510,0,"CVJC2201",31122140
1,0,83500,14498940,0,2537700,"2022-06-16T00:00:00",243100,0.17364,0.17,0.19,0.22,0.16,0.16,-11628000,0,-11628000,0,0,0,159500,27695580,0,"CVJC2201",42211884
1,0,97400,15776852,0,2612800,"2022-06-15T00:00:00",267900,0.16197999999999999,0.22,0.17,0.22,0.15,0.22,-11675000,0,-11675000,0,0,0,161200,26111176,0,"CVJC2201",43394442
1,0,0,0,0,2484800,"2022-06-14T00:00:00",1200,0.24,0.19,0.22,0.26,0.22,0.26,0,0,0,0,0,0,0,0,0,"CVJC2201",288000
1,0,29300,6048106,0,2451200,"2022-06-13T00:00:00",88000,0.20642,0.25,0.19,0.24,0.19,0.24,877000,0,877000,0,0,0,22300,4603166,0,"CVJC2201",18164960
1,0,335600,85249112,0,2621200,"2022-06-10T00:00:00",472200,0.25402,0.27,0.25,0.28,0.23,0.27,54004000,0,54004000,0,0,0,128000,32514560,0,"CVJC2201",119948244
1,0,0,0,0,2502400,"2022-06-09T00:00:00",87400,0.25299,0.26,0.27,0.29,0.25,0.29,-15725000,0,-15725000,0,0,0,62900,15913071,0,"CVJC2201",22111326
1,0,4200,1077888,0,2466200,"2022-06-08T00:00:00",204600,0.25664,0.27,0.26,0.32,0.25,0.32,-41102000,0,-41102000,0,0,0,165600,42499584,0,"CVJC2201",52508544
1,0,146100,37676268,0,2011700,"2022-06-07T00:00:00",266300,0.25788,0.29,0.27,0.3,0.24,0.27,9170000,0,9170000,0,0,0,118800,30636144,0,"CVJC2201",68673444
1,0,62000,17520580,0,1128900,"2022-06-06T00:00:00",103000,0.28258999999999995,0.29,0.29,0.3,0.26,0.27,6933000,0,6933000,0,0,0,40400,11416636,0,"CVJC2201",29106770
1,0,1600,453824,0,1095600,"2022-06-03T00:00:00",607200,0.28364,0.33,0.29,0.38,0.25,0.38,-169743000,0,-169743000,0,0,0,600600,170354184,0,"CVJC2201",172226208
1,0,71400,22700202,0,956100,"2022-06-02T00:00:00",1016200,0.31793,0.38,0.33,0.36,0.29,0.33,-274757000,0,-274757000,0,0,0,944800,300380264,0,"CVJC2201",323080466
1,0,43200,15928272,0,792000,"2022-06-01T00:00:00",143200,0.36871,0.37,0.38,0.38,0.35,0.36,3068000,0,3068000,0,0,0,34900,12867979,0,"CVJC2201",52799272
1,0,278400,108002496,0,916800,"2022-05-31T00:00:00",495400,0.38794,0.42,0.37,0.42,0.34,0.42,38117000,0,38117000,0,0,0,210900,81816546,0,"CVJC2201",192185476
1,0,1461100,569960499,0,2179600,"2022-05-30T00:00:00",1705400,0.39009,0.34,0.42,0.42,0.34,0.34,486212000,0,486212000,0,0,0,207300,80865657,0,"CVJC2201",665259486
1,0,11400,3499116,0,2043400,"2022-05-27T00:00:00",170600,0.30694,0.33,0.34,0.34,0.3,0.3,0,0,0,0,0,0,153600,47145984,0,"CVJC2201",52363964
1,0,21700,7161434,0,1913800,"2022-05-26T00:00:00",243000,0.33002,0.36,0.33,0.36,0.32,0.36,-57168000,0,-57168000,0,0,0,198300,65442966,0,"CVJC2201",80194860
1,0,138800,44646408,0,1979200,"2022-05-25T00:00:00",287700,0.32166,0.35,0.36,0.37,0.3,0.33,2153000,0,2153000,0,0,0,147600,47477016,0,"CVJC2201",92541582
1,0,376200,125056404,155300,1747400,"2022-05-24T00:00:00",527500,0.33242,0.34,0.35,0.35,0.3,0.32,81573000,0,81573000,0,0,0,151300,50295146,155300,"CVJC2201",175351550
1,0,143200,50215944,155300,1438100,"2022-05-23T00:00:00",219300,0.35067000000000004,0.36,0.34,0.37,0.33,0.37,27338000,0,27338000,0,0,0,73400,25739178,155300,"CVJC2201",76901931
1,0,109000,37089430,155300,931900,"2022-05-20T00:00:00",717500,0.34026999999999996,0.37,0.36,0.39,0.32,0.38,-161179000,0,-161179000,0,0,0,608000,206884160,155300,"CVJC2201",244143725
1,0,247200,86097288,155300,779400,"2022-05-19T00:00:00",700100,0.34829000000000004,0.39,0.37,0.4,0.32,0.35,0,0,0,0,0,0,452500,157601225,155300,"CVJC2201",243837829
1,0,56600,20376000,155300,741300,"2022-05-18T00:00:00",671800,0.36,0.43,0.39,0.42,0.35,0.42,-198716000,0,-198716000,0,0,0,615200,221472000,155300,"CVJC2201",241848000
1,0,470800,186111948,155300,1146400,"2022-05-17T00:00:00",870500,0.39531,0.4,0.43,0.44,0.37,0.4,47924000,0,47924000,0,0,0,399700,158005407,155300,"CVJC2201",344117355
1,0,259700,105347305,155300,811800,"2022-05-16T00:00:00",356100,0.40564999999999996,0.41,0.4,0.45,0.37,0.41,,,,0,0,0,94700,38415055,155300,"CVJC2201",144451965
1,0,602000,252238000,155300,1149800,"2022-05-13T00:00:00",668300,0.419,0.37,0.41,0.44,0.37,0.39,,,,0,0,0,65700,27528300,155300,"CVJC2201",280017700
1,0,131000,49476080,155300,704600,"2022-05-12T00:00:00",725300,0.37768,0.46,0.37,0.43,0.36,0.43,,,,0,0,0,594300,224455224,155300,"CVJC2201",273931304
1,0,668400,297818988,155300,1342500,"2022-05-11T00:00:00",933400,0.44556999999999997,0.47,0.46,0.47,0.4,0.47,,,,0,0,0,264000,117630480,155300,"CVJC2201",415895038
1,0,142000,58917220,155300,942900,"2022-05-10T00:00:00",724200,0.41491,0.39,0.47,0.47,0.34,0.37,,,,0,0,0,576200,239071142,155300,"CVJC2201",300477822
1,0,239800,101195600,155300,1175700,"2022-05-09T00:00:00",275500,0.422,0.45,0.39,0.44,0.39,0.44,,,,0,0,0,30500,12871000,155300,"CVJC2201",116261000
1,0,440900,192761480,155300,915100,"2022-05-06T00:00:00",994000,0.4372,0.48,0.45,0.49,0.39,0.49,,,,0,0,0,541600,236787520,155300,"CVJC2201",434576800
1,0,116900,57152410,155300,580700,"2022-05-05T00:00:00",124500,0.4889,0.5,0.48,0.5,0.47,0.49,,,,0,0,0,7000,3422300,155300,"CVJC2201",60868050
1,0,236000,109242040,155300,630600,"2022-05-04T00:00:00",938500,0.46288999999999997,0.54,0.5,0.54,0.44,0.51,,,,0,0,0,701500,324717335,155300,"CVJC2201",434422265
1,0,202600,89812580,155300,472400,"2022-04-29T00:00:00",668900,0.4433,0.49,0.54,0.54,0.4,0.49,,,,0,0,0,451300,200061290,155300,"CVJC2201",296523370
1,0,90200,39211744,155300,387800,"2022-04-28T00:00:00",276300,0.43472000000000005,0.52,0.49,0.5,0.4,0.49,,,,0,0,0,186100,80901392,155300,"CVJC2201",120113136
1,0,81000,34326990,155300,304300,"2022-04-27T00:00:00",441800,0.42379,0.57,0.52,0.52,0.4,0.47,,,,0,0,0,360800,152903432,155300,"CVJC2201",187230422
1,0,143600,70430056,155300,271800,"2022-04-26T00:00:00",320100,0.49046,0.53,0.57,0.57,0.4,0.53,,,,0,0,0,174800,85732408,155300,"CVJC2201",156996246
1,0,65300,36843566,155300,171500,"2022-04-25T00:00:00",230900,0.56422,0.71,0.53,0.71,0.45,0.71,,,,0,0,0,164500,92814190,155300,"CVJC2201",130278398
1,0,108500,71105475,155300,197500,"2022-04-22T00:00:00",284600,0.65535,0.74,0.71,0.8,0.6,0.68,,,,0,0,0,176100,115407135,155300,"CVJC2201",186512610
1,0,57700,40528480,155300,96600,"2022-04-21T00:00:00",223300,0.7024,0.82,0.74,0.8,0.65,0.79,,,,0,0,0,165600,116317440,155300,"CVJC2201",156845920
1,0,139200,112199376,155300,170200,"2022-04-20T00:00:00",221900,0.80603,0.85,0.82,0.88,0.73,0.85,,,,0,0,0,82500,66497475,155300,"CVJC2201",178858057
1,0,164000,116853280,155300,193800,"2022-04-19T00:00:00",325600,0.7125199999999999,0.75,0.85,0.85,0.64,0.74,,,,0,0,0,158600,113005672,155300,"CVJC2201",231996512
1,0,46100,31139167,155300,123000,"2022-04-18T00:00:00",111700,0.67547,0.79,0.75,0.75,0.62,0.69,,,,0,0,0,65600,44310832,155300,"CVJC2201",75449999
1,0,34200,22214610,155300,94700,"2022-04-15T00:00:00",174600,0.64955,0.73,0.79,0.79,0.6,0.72,,,,0,0,0,140400,91196820,155300,"CVJC2201",113411430
1,0,32800,23164344,155300,91600,"2022-04-14T00:00:00",155300,0.7083065035415325,0.76,0.73,0.77,0.67,0.76,,,,0,0,0,116900,82558287,155300,"CVJC2201",110000000
1,0,30800,22376816,93400,74500,"2022-04-13T00:00:00",93400,0.7265199999999999,0.81,0.76,0.82,0.7,0.78,,,,0,0,0,62500,45407500,93400,"CVJC2201",67856968
1,0,0,0,35900,0,"2022-04-12T00:00:00",35900,0.7,0.79,0.81,0.82,0.7,0.79,,,,0,0,0,35900,25309859,35900,"CVJC2201",25000000
1,0,0,0,0,0,"2022-04-08T00:00:00",47900,0.7415700000000001,0.77,0.79,0.79,0.7,0.77,,,,0,0,0,47900,35521203,0,"CVJC2201",35521203
1,0,0,0,0,0,"2022-04-07T00:00:00",74500,0.77447,1.26,0.77,0.81,0.77,0.79,,,,0,0,0,74500,57698015,0,"CVJC2201",57698015
