"adjRatio","buyCount","buyForeignQuantity","buyForeignValue","buyQuantity","currentForeignRoom","date","dealVolume","priceAverage","priceBasic","priceClose","priceHigh","priceLow","priceOpen","propTradingNetDealValue","propTradingNetPTValue","propTradingNetValue","putthroughValue","putthroughVolume","sellCount","sellForeignQuantity","sellForeignValue","sellQuantity","symbol","totalValue","totalVolume"
1,0,0,0,0,6980000,"2023-06-13T00:00:00",980800,0.22121000000000002,0.22,0.21,0.24,0.21,0.23,,,,0,0,0,0,0,0,"CVNM2212",216962768,980800
1,0,0,0,0,6980000,"2023-06-12T00:00:00",1607300,0.20185,0.18,0.22,0.24,0.18,0.19,-63642000,0,-63642000,0,0,0,0,0,0,"CVNM2212",324433505,1607300
1,0,0,0,0,6980000,"2023-06-09T00:00:00",933600,0.17735,0.17,0.18,0.19,0.16,0.18,-146322000,0,-146322000,0,0,0,0,0,0,"CVNM2212",165573960,933600
1,0,20000,3671200,0,7000000,"2023-06-08T00:00:00",1317700,0.18356,0.19,0.17,0.2,0.17,0.2,-219394000,0,-219394000,0,0,0,0,0,0,"CVNM2212",241877012,1317700
1,0,0,0,0,7000000,"2023-06-07T00:00:00",733100,0.19949,0.21,0.19,0.21,0.19,0.21,-136047000,0,-136047000,0,0,0,0,0,0,"CVNM2212",146246119,733100
1,0,0,0,0,7000000,"2023-06-06T00:00:00",482900,0.20483,0.22,0.21,0.22,0.2,0.22,-74982000,0,-74982000,0,0,0,0,0,0,"CVNM2212",98912407,482900
1,0,0,0,0,7000000,"2023-06-05T00:00:00",475100,0.21962,0.2,0.22,0.24,0.21,0.21,-81578000,0,-81578000,0,0,0,0,0,0,"CVNM2212",104341462,475100
1,0,0,0,0,7000000,"2023-06-02T00:00:00",267600,0.20232,0.21,0.2,0.21,0.2,0.21,-47683000,0,-47683000,0,0,0,0,0,0,"CVNM2212",54140832,267600
1,0,0,0,0,7000000,"2023-06-01T00:00:00",106900,0.21635,0.22,0.21,0.22,0.21,0.22,-10457000,0,-10457000,0,0,0,0,0,0,"CVNM2212",23127815,106900
1,0,0,0,0,7000000,"2023-05-31T00:00:00",113700,0.22653,0.24,0.22,0.23,0.22,0.23,-12622000,0,-12622000,0,0,0,0,0,0,"CVNM2212",25756461,113700
1,0,0,0,0,7000000,"2023-05-30T00:00:00",195700,0.24209999999999998,0.26,0.24,0.26,0.24,0.26,-2395000,0,-2395000,0,0,0,0,0,0,"CVNM2212",47378970,195700
1,0,0,0,0,7000000,"2023-05-29T00:00:00",284000,0.26450999999999997,0.26,0.26,0.27,0.26,0.27,-73287000,0,-73287000,0,0,0,0,0,0,"CVNM2212",75120840,284000
1,0,0,0,0,7000000,"2023-05-26T00:00:00",100300,0.28282999999999997,0.27,0.26,0.29,0.26,0.27,-26193000,0,-26193000,0,0,0,0,0,0,"CVNM2212",28367849,100300
1,0,0,0,0,7000000,"2023-05-25T00:00:00",221500,0.26279,0.24,0.27,0.28,0.24,0.24,-48143000,0,-48143000,0,0,0,0,0,0,"CVNM2212",58207985,221500
1,0,0,0,0,7000000,"2023-05-24T00:00:00",101300,0.26766,0.28,0.24,0.29,0.24,0.29,-27114000,0,-27114000,0,0,0,0,0,0,"CVNM2212",27113958,101300
1,0,0,0,0,7000000,"2023-05-23T00:00:00",132500,0.29673,0.32,0.28,0.32,0.28,0.32,12253000,0,12253000,0,0,0,0,0,0,"CVNM2212",39316725,132500
1,0,0,0,0,7000000,"2023-05-22T00:00:00",122400,0.33338,0.34,0.32,0.34,0.32,0.34,-40686000,0,-40686000,0,0,0,0,0,0,"CVNM2212",40805712,122400
1,0,0,0,0,7000000,"2023-05-19T00:00:00",51200,0.34393,0.36,0.34,0.36,0.34,0.36,-1867000,0,-1867000,0,0,0,0,0,0,"CVNM2212",17609216,51200
1,0,0,0,0,7000000,"2023-05-18T00:00:00",201200,0.38204000000000005,0.37,0.36,0.4,0.35,0.37,47669000,0,47669000,0,0,0,0,0,0,"CVNM2212",76866448,201200
1,0,0,0,0,7000000,"2023-05-17T00:00:00",41500,0.37301,0.39,0.37,0.39,0.36,0.39,1073000,0,1073000,0,0,0,0,0,0,"CVNM2212",15479915,41500
1,0,0,0,0,7000000,"2023-05-16T00:00:00",42100,0.38416,0.38,0.39,0.39,0.37,0.38,-9901000,0,-9901000,0,0,0,0,0,0,"CVNM2212",16173136,42100
1,0,0,0,0,7000000,"2023-05-15T00:00:00",275500,0.39247000000000004,0.41,0.38,0.42,0.38,0.42,-96032000,0,-96032000,0,0,0,0,0,0,"CVNM2212",108125485,275500
1,0,0,0,0,7000000,"2023-05-12T00:00:00",146000,0.41956,0.43,0.41,0.43,0.41,0.43,-59272000,0,-59272000,0,0,0,0,0,0,"CVNM2212",61255760,146000
1,0,0,0,0,7000000,"2023-05-11T00:00:00",53000,0.44321,0.46,0.43,0.47,0.43,0.47,-18574000,0,-18574000,0,0,0,0,0,0,"CVNM2212",23490130,53000
1,0,0,0,0,7000000,"2023-05-10T00:00:00",20900,0.47320999999999996,0.48,0.46,0.49,0.46,0.48,-8730000,0,-8730000,0,0,0,0,0,0,"CVNM2212",9890089,20900
1,0,0,0,0,7000000,"2023-05-09T00:00:00",33300,0.47975999999999996,0.46,0.48,0.49,0.47,0.48,15006000,0,15006000,0,0,0,0,0,0,"CVNM2212",15976008,33300
1,0,0,0,0,7000000,"2023-05-08T00:00:00",72500,0.45999,0.42,0.46,0.46,0.45,0.45,29625000,0,29625000,0,0,0,0,0,0,"CVNM2212",33349275,72500
1,0,0,0,0,7000000,"2023-05-05T00:00:00",1700,0.40588,0.39,0.42,0.43,0.39,0.4,324000,0,324000,0,0,0,0,0,0,"CVNM2212",689996,1700
1,0,0,0,0,7000000,"2023-05-04T00:00:00",19000,0.40658,0.42,0.39,0.45,0.06,0.06,4446000,0,4446000,0,0,0,0,0,0,"CVNM2212",7725020,19000
1,0,0,0,0,7000000,"2023-04-28T00:00:00",32800,0.46704,0.45,0.42,0.49,0.42,0.47,-13348000,0,-13348000,0,0,0,0,0,0,"CVNM2212",15318912,32800
1,0,0,0,0,7000000,"2023-04-27T00:00:00",73500,0.47799,0.51,0.45,0.5,0.45,0.5,-35132000,0,-35132000,0,0,0,0,0,0,"CVNM2212",35132265,73500
1,0,0,0,0,7000000,"2023-04-26T00:00:00",8100,0.51358,0.48,0.51,0.52,0.51,0.52,1772000,0,1772000,0,0,0,0,0,0,"CVNM2212",4159998,8100
1,0,0,0,0,7000000,"2023-04-25T00:00:00",38900,0.48835,0.53,0.48,0.52,0.48,0.52,8630000,0,8630000,0,0,0,0,0,0,"CVNM2212",18996815,38900
1,0,0,0,0,7000000,"2023-04-24T00:00:00",21100,0.52635,0.54,0.53,0.54,0.52,0.52,2540000,0,2540000,0,0,0,0,0,0,"CVNM2212",11105985,21100
1,0,0,0,0,7000000,"2023-04-21T00:00:00",80000,0.57211,0.64,0.54,0.6,0.54,0.6,-43205000,0,-43205000,0,0,0,0,0,0,"CVNM2212",45768800,80000
1,0,0,0,0,7000000,"2023-04-20T00:00:00",51400,0.60134,0.62,0.64,0.64,0.59,0.63,18653000,0,18653000,0,0,0,0,0,0,"CVNM2212",30908876,51400
1,0,0,0,0,7000000,"2023-04-19T00:00:00",3100,0.63452,0.69,0.62,0.66,0.62,0.66,-1781000,0,-1781000,0,0,0,0,0,0,"CVNM2212",1967012,3100
1,0,0,0,0,7000000,"2023-04-18T00:00:00",31100,0.63486,0.69,0.69,0.69,0.62,0.62,-19399000,0,-19399000,0,0,0,0,0,0,"CVNM2212",19744146,31100
1,0,0,0,0,7000000,"2023-04-17T00:00:00",38000,0.6432100000000001,0.67,0.69,0.69,0.61,0.67,-3004000,0,-3004000,0,0,0,0,0,0,"CVNM2212",24441980,38000
1,0,0,0,0,7000000,"2023-04-14T00:00:00",134100,0.69874,0.73,0.67,0.73,0.67,0.73,12144000,0,12144000,0,0,0,0,0,0,"CVNM2212",93701034,134100
1,0,0,0,0,7000000,"2023-04-13T00:00:00",17000,0.73682,0.77,0.73,0.77,0.73,0.77,-12526000,0,-12526000,0,0,0,0,0,0,"CVNM2212",12525940,17000
1,0,0,0,0,7000000,"2023-04-12T00:00:00",18500,0.77654,0.78,0.77,0.78,0.77,0.78,-14210000,0,-14210000,0,0,0,0,0,0,"CVNM2212",14365990,18500
1,0,0,0,0,7000000,"2023-04-11T00:00:00",6700,0.78761,0.81,0.78,0.79,0.78,0.79,-2770000,0,-2770000,0,0,0,0,0,0,"CVNM2212",5276987,6700
1,0,0,0,0,7000000,"2023-04-10T00:00:00",46900,0.8,0.81,0.81,0.81,0.8,0.81,-200000,0,-200000,0,0,0,0,0,0,"CVNM2212",37520000,46900
1,0,0,0,0,7000000,"2023-04-07T00:00:00",42400,0.81002,0.8,0.81,0.82,0.81,0.81,17657000,0,17657000,0,0,0,0,0,0,"CVNM2212",34344848,42400
1,0,0,0,0,7000000,"2023-04-06T00:00:00",5000,0.8002,0.81,0.8,0.81,0.8,0.81,3920000,0,3920000,0,0,0,0,0,0,"CVNM2212",4001000,5000
1,0,0,0,0,7000000,"2023-04-05T00:00:00",13200,0.7947000000000001,0.82,0.81,0.83,0.72,0.72,-8508000,0,-8508000,0,0,0,0,0,0,"CVNM2212",10490040,13200
1,0,0,0,0,7000000,"2023-04-04T00:00:00",40000,0.81878,0.82,0.82,0.83,0.81,0.82,26895000,0,26895000,0,0,0,0,0,0,"CVNM2212",32751200,40000
1,0,0,0,0,7000000,"2023-04-03T00:00:00",40000,0.832,0.85,0.82,0.84,0.82,0.84,-8762000,0,-8762000,0,0,0,0,0,0,"CVNM2212",33280000,40000
1,0,0,0,0,7000000,"2023-03-31T00:00:00",151100,0.8607100000000001,0.89,0.85,0.89,0.85,0.89,-74200000,0,-74200000,0,0,0,0,0,0,"CVNM2212",130053281,151100
1,0,0,0,0,7000000,"2023-03-30T00:00:00",11000,0.89318,0.85,0.89,0.9,0.89,0.89,-9465000,0,-9465000,0,0,0,0,0,0,"CVNM2212",9824980,11000
1,0,0,0,0,7000000,"2023-03-29T00:00:00",21600,0.85954,0.78,0.85,0.86,0.84,0.86,-17210000,0,-17210000,0,0,0,0,0,0,"CVNM2212",18566064,21600
1,0,0,0,0,7000000,"2023-03-28T00:00:00",17600,0.84597,0.86,0.78,0.9,0.78,0.86,-9927000,0,-9927000,0,0,0,0,0,0,"CVNM2212",14889072,17600
1,0,0,0,0,7000000,"2023-03-27T00:00:00",32400,0.86207,0.92,0.86,0.87,0.86,0.87,-27931000,0,-27931000,0,0,0,0,0,0,"CVNM2212",27931068,32400
1,0,0,0,0,7000000,"2023-03-24T00:00:00",900,0.92,0.9,0.92,0.92,0.92,0.92,828000,0,828000,0,0,0,0,0,0,"CVNM2212",828000,900
1,0,0,0,0,7000000,"2023-03-23T00:00:00",14000,0.89286,0.87,0.9,0.9,0.88,0.88,3700000,0,3700000,0,0,0,0,0,0,"CVNM2212",12500040,14000
1,0,0,0,0,7000000,"2023-03-22T00:00:00",8800,0.8804500000000001,0.88,0.87,0.89,0.87,0.89,-7748000,0,-7748000,0,0,0,0,0,0,"CVNM2212",7747960,8800
1,0,0,0,0,7000000,"2023-03-21T00:00:00",8600,0.91477,0.89,0.88,1,0.88,0.89,-7867000,0,-7867000,0,0,0,0,0,0,"CVNM2212",7867022,8600
1,0,0,0,0,7000000,"2023-03-20T00:00:00",34300,0.8978400000000001,0.9,0.89,0.9,0.89,0.9,-30796000,0,-30796000,0,0,0,0,0,0,"CVNM2212",30795912,34300
1,0,0,0,0,7000000,"2023-03-17T00:00:00",21100,0.93204,1.09,0.9,0.98,0.9,0.98,-19666000,0,-19666000,0,0,0,0,0,0,"CVNM2212",19666044,21100
1,0,0,0,0,7000000,"2023-03-16T00:00:00",0,1.09,1.09,1.09,1.09,1.09,1.09,0,0,0,0,0,0,0,0,0,"CVNM2212",0,0
1,0,0,0,0,7000000,"2023-03-15T00:00:00",1700,1.0858800000000002,1.02,1.09,1.09,1.06,1.06,-1312000,0,-1312000,0,0,0,0,0,0,"CVNM2212",1845996,1700
1,0,0,0,0,7000000,"2023-03-14T00:00:00",7200,1.00472,1.08,1.02,1.02,1,1.01,-6826000,0,-6826000,0,0,0,0,0,0,"CVNM2212",7233984,7200
1,0,0,0,0,7000000,"2023-03-13T00:00:00",200,1.08,1.07,1.08,1.08,1.08,1.08,216000,0,216000,0,0,0,0,0,0,"CVNM2212",216000,200
1,0,0,0,0,7000000,"2023-03-10T00:00:00",200,1.08,1.07,1.07,1.09,1.07,1.09,-216000,0,-216000,0,0,0,0,0,0,"CVNM2212",216000,200
1,0,0,0,0,7000000,"2023-03-09T00:00:00",1200,1.0716700000000001,1.02,1.07,1.1,1.06,1.06,960000,0,960000,0,0,0,0,0,0,"CVNM2212",1286004,1200
1,0,0,0,0,7000000,"2023-03-08T00:00:00",200,1.01,1.05,1.02,1.02,1,1,-202000,0,-202000,0,0,0,0,0,0,"CVNM2212",202000,200
1,0,0,0,0,7000000,"2023-03-07T00:00:00",1000,1.05,1.05,1.05,1.05,1.05,1.05,-1050000,0,-1050000,0,0,0,0,0,0,"CVNM2212",1050000,1000
1,0,0,0,0,7000000,"2023-03-06T00:00:00",100,1.05,1.01,1.05,1.05,1.05,1.05,0,0,0,0,0,0,0,0,0,"CVNM2212",105000,100
1,0,0,0,0,7000000,"2023-03-03T00:00:00",6000,1.01,1.06,1.01,1.01,1.01,1.01,6060000,0,6060000,0,0,0,0,0,0,"CVNM2212",6060000,6000
1,0,0,0,0,7000000,"2023-03-02T00:00:00",2300,1.0778299999999998,1.09,1.06,1.1,1.06,1.09,2051000,0,2051000,0,0,0,0,0,0,"CVNM2212",2479009,2300
1,0,0,0,0,7000000,"2023-03-01T00:00:00",8700,1.08241,1.02,1.09,1.09,1.08,1.08,-4304000,0,-4304000,0,0,0,0,0,0,"CVNM2212",9416967,8700
1,0,0,0,0,7000000,"2023-02-28T00:00:00",2000,1.03,0.95,1.02,1.04,1.02,1.03,-712000,0,-712000,0,0,0,0,0,0,"CVNM2212",2060000,2000
1,0,0,0,0,7000000,"2023-02-27T00:00:00",1000,0.955,0.98,0.95,0.96,0.95,0.96,-955000,0,-955000,0,0,0,0,0,0,"CVNM2212",955000,1000
1,0,0,0,0,7000000,"2023-02-24T00:00:00",23000,0.98,0.98,0.98,0.98,0.98,0.98,20580000,0,20580000,0,0,0,0,0,0,"CVNM2212",22540000,23000
1,0,0,0,0,7000000,"2023-02-23T00:00:00",7800,0.99103,1.16,0.98,1.02,0.98,1.02,1776000,0,1776000,0,0,0,0,0,0,"CVNM2212",7730034,7800
1,0,0,0,0,7000000,"2023-02-22T00:00:00",0,1.16,1.16,1.16,1.16,1.16,1.16,0,0,0,0,0,0,0,0,0,"CVNM2212",0,0
1,0,0,0,0,7000000,"2023-02-21T00:00:00",5300,1.16208,1.13,1.16,1.17,1.16,1.17,6159000,0,6159000,0,0,0,0,0,0,"CVNM2212",6159024,5300
1,0,0,0,0,7000000,"2023-02-20T00:00:00",100,1.13,1.1,1.13,1.13,1.13,1.13,113000,0,113000,0,0,0,0,0,0,"CVNM2212",113000,100
1,0,0,0,0,7000000,"2023-02-17T00:00:00",200,1.105,1.13,1.1,1.11,1.1,1.11,-221000,0,-221000,0,0,0,0,0,0,"CVNM2212",221000,200
1,0,0,0,0,7000000,"2023-02-16T00:00:00",1000,1.102,1.07,1.13,1.13,1.08,1.08,-12000,0,-12000,0,0,0,0,0,0,"CVNM2212",1102000,1000
1,0,0,0,0,7000000,"2023-02-15T00:00:00",6900,1.0698599999999998,1.02,1.07,1.08,1.01,1.02,3378000,0,3378000,0,0,0,0,0,0,"CVNM2212",7382034,6900
1,0,0,0,0,7000000,"2023-02-14T00:00:00",0,1.02,1.02,1.02,1.02,1.02,1.02,0,0,0,0,0,0,0,0,0,"CVNM2212",0,0
1,0,0,0,0,7000000,"2023-02-13T00:00:00",2500,1.0128,1.06,1.02,1.03,1,1.03,-2532000,0,-2532000,0,0,0,0,0,0,"CVNM2212",2532000,2500
1,0,0,0,0,7000000,"2023-02-10T00:00:00",86600,1.0626,1.08,1.06,1.07,1.06,1.07,43871000,0,43871000,0,0,0,0,0,0,"CVNM2212",92021160,86600
1,0,0,0,0,7000000,"2023-02-09T00:00:00",3100,1.08323,1.06,1.08,1.09,1.07,1.09,-3142000,0,-3142000,0,0,0,0,0,0,"CVNM2212",3358013,3100
1,0,0,0,0,7000000,"2023-02-08T00:00:00",0,1.06,1.06,1.06,1.06,1.06,1.06,0,0,0,0,0,0,0,0,0,"CVNM2212",0,0
1,0,0,0,0,7000000,"2023-02-07T00:00:00",9200,1.1987999999999999,1.23,1.06,1.23,1.06,1.23,10783000,0,10783000,0,0,0,0,0,0,"CVNM2212",11028960,9200
1,0,0,0,0,7000000,"2023-02-06T00:00:00",2600,1.22,1.17,1.23,1.23,1.22,1.22,-1232000,0,-1232000,0,0,0,0,0,0,"CVNM2212",3172000,2600
1,0,0,0,0,7000000,"2023-02-03T00:00:00",14800,1.21378,1.24,1.17,1.23,1.16,1.22,-11964000,0,-11964000,0,0,0,0,0,0,"CVNM2212",17963944,14800
1,0,0,0,0,7000000,"2023-02-02T00:00:00",60200,1.23997,1.26,1.24,1.24,1.23,1.23,-72166000,0,-72166000,0,0,0,0,0,0,"CVNM2212",74646194,60200
1,0,0,0,0,7000000,"2023-02-01T00:00:00",800,1.275,1.24,1.26,1.28,1.26,1.28,-516000,0,-516000,0,0,0,0,0,0,"CVNM2212",1020000,800
1,0,0,0,0,7000000,"2023-01-31T00:00:00",16400,1.27238,1.42,1.24,1.37,1.24,1.37,-20867000,0,-20867000,0,0,0,0,0,0,"CVNM2212",20867032,16400
1,0,0,0,0,7000000,"2023-01-30T00:00:00",16100,1.43019,1.58,1.42,1.46,1.42,1.44,-23026000,0,-23026000,0,0,0,0,0,0,"CVNM2212",23026059,16100
1,0,0,0,0,7000000,"2023-01-27T00:00:00",0,1.58,1.58,1.58,1.58,1.58,1.58,0,0,0,0,0,0,0,0,0,"CVNM2212",0,0
1,0,0,0,0,7000000,"2023-01-19T00:00:00",3800,1.57895,1.45,1.58,1.58,1.54,1.54,6000000,0,6000000,0,0,0,0,0,0,"CVNM2212",6000010,3800
1,0,0,0,0,7000000,"2023-01-18T00:00:00",0,1.45,1.45,1.45,1.45,1.45,1.45,0,0,0,0,0,0,0,0,0,"CVNM2212",0,0
1,0,0,0,0,7000000,"2023-01-17T00:00:00",4100,1.5122,2.14,1.45,1.56,1.45,1.56,-6200000,0,-6200000,0,0,0,0,0,0,"CVNM2212",6200020,4100
