"adjRatio","buyCount","buyForeignQuantity","buyForeignValue","buyQuantity","currentForeignRoom","date","dealVolume","priceAverage","priceBasic","priceClose","priceHigh","priceLow","priceOpen","propTradingNetDealValue","propTradingNetPTValue","propTradingNetValue","putthroughValue","putthroughVolume","sellCount","sellForeignQuantity","sellForeignValue","sellQuantity","symbol","totalValue"
1,0,0,0,14900,0,"2023-01-13T00:00:00",0,6.8,6.8,6.8,6.8,6.8,6.8,,,,0,0,0,0,0,7100,"HMR",0
1,0,0,0,21900,0,"2023-01-12T00:00:00",1500,6.70667,6.8,6.8,6.8,6.7,6.7,0,0,0,0,0,0,0,0,4600,"HMR",10060005
1,13,0,0,17700,0,"2023-01-11T00:00:00",1200,6.70833,6.8,6.8,6.8,6.7,6.7,0,0,0,0,0,11,0,0,7000,"HMR",8049996
1,6,0,0,8100,0,"2023-01-10T00:00:00",0,6.8,6.8,6.8,6.8,6.8,6.8,0,0,0,0,0,10,0,0,5300,"HMR",0
1,13,0,0,7600,0,"2023-01-09T00:00:00",100,6.8,6.8,6.8,6.8,6.8,6.8,0,0,0,0,0,10,0,0,6500,"HMR",680000
1,23,0,0,15020,0,"2023-01-06T00:00:00",3200,6.66875,6.8,6.8,6.8,6.5,6.6,0,0,0,0,0,14,0,0,10100,"HMR",21340000
1,25,0,0,18300,0,"2023-01-05T00:00:00",1700,6.75882,6.8,6.8,6.8,6.7,6.8,0,0,0,0,0,16,0,0,11100,"HMR",11489994
1,31,0,0,16620,0,"2023-01-04T00:00:00",7500,6.76533,6.7,6.8,6.8,6.7,6.7,0,0,0,0,0,21,0,0,16300,"HMR",50739975
1,33,0,0,21281,0,"2023-01-03T00:00:00",6300,6.598409999999999,6.4,6.7,6.7,6.4,6.4,0,0,0,0,0,22,0,0,12800,"HMR",41569983
1,38,0,0,33500,0,"2022-12-30T00:00:00",8200,6.36463,6.4,6.4,6.5,6.3,6.5,0,0,0,0,0,19,0,0,16900,"HMR",52189966
1,21,0,0,11300,0,"2022-12-29T00:00:00",5400,6.4,6.6,6.4,6.4,6.4,6.4,0,0,0,0,0,16,0,0,13700,"HMR",34560000
1,19,0,0,12000,0,"2022-12-28T00:00:00",5100,6.52157,6.6,6.6,6.6,6.4,6.4,0,0,0,0,0,19,0,0,17400,"HMR",33260007
1,9,0,0,4900,0,"2022-12-27T00:00:00",500,6.56,6.7,6.6,6.6,6.4,6.4,0,0,0,0,0,15,0,0,10100,"HMR",3280000
1,27,0,0,22715,0,"2022-12-26T00:00:00",8100,6.57037,6.7,6.7,6.7,6.5,6.7,0,0,0,0,0,21,0,0,17800,"HMR",53219997
1,14,0,0,14632,0,"2022-12-23T00:00:00",900,6.7,6.7,6.7,6.7,6.7,6.7,0,0,0,0,0,11,0,0,4817,"HMR",6030000
1,35,0,0,28732,0,"2022-12-22T00:00:00",10200,6.6039200000000005,6.6,6.7,6.9,6.5,6.8,0,0,0,0,0,22,0,0,15917,"HMR",67359984
1,30,0,0,35532,0,"2022-12-21T00:00:00",21700,6.6732700000000005,6.6,6.6,7,6.6,6.7,0,0,0,0,0,34,0,0,31517,"HMR",144809959
1,17,0,0,15900,0,"2022-12-20T00:00:00",3000,6.6,6.6,6.6,6.6,6.6,6.6,0,0,0,0,0,15,0,0,6717,"HMR",19800000
1,35,0,0,31400,0,"2022-12-19T00:00:00",22300,6.704479999999999,6.9,6.6,6.9,6.6,6.8,0,0,0,0,0,30,0,0,27718,"HMR",149509904
1,18,0,0,9500,0,"2022-12-16T00:00:00",1200,6.90833,6.8,6.9,7.2,6.6,6.6,0,0,0,0,0,20,0,0,6517,"HMR",8289996
1,18,0,0,9300,0,"2022-12-15T00:00:00",4000,6.81,7,6.8,7,6.8,6.8,0,0,0,0,0,22,0,0,14717,"HMR",27240000
1,17,0,0,14700,0,"2022-12-14T00:00:00",5900,6.844069999999999,6.9,7,7,6.8,6.8,0,0,0,0,0,20,0,0,19617,"HMR",40380013
1,16,0,0,11900,0,"2022-12-13T00:00:00",5200,6.54038,6.8,6.9,6.9,6.5,6.6,0,0,0,0,0,12,0,0,9317,"HMR",34009976
1,16,0,0,22701,0,"2022-12-12T00:00:00",12500,6.776,6.8,6.8,6.8,6.7,6.8,0,0,0,0,0,17,0,0,23908,"HMR",84700000
1,28,0,0,24300,0,"2022-12-09T00:00:00",17100,6.743270000000001,6.9,6.8,6.8,6.7,6.8,0,0,0,0,0,28,0,0,32408,"HMR",115309917
1,29,0,0,25900,0,"2022-12-08T00:00:00",17400,6.89138,6.9,6.9,7,6.8,6.8,0,0,0,0,0,33,0,0,38108,"HMR",119910012
1,9,0,0,5200,0,"2022-12-07T00:00:00",0,6.9,6.9,6.9,6.9,6.9,6.9,0,0,0,0,0,13,0,0,16300,"HMR",0
1,24,0,0,29400,0,"2022-12-06T00:00:00",13800,6.80072,7,6.9,6.9,6.8,6.8,0,0,0,0,0,28,0,0,28008,"HMR",93849936
1,38,0,0,23102,0,"2022-12-05T00:00:00",15500,6.8290299999999995,7.2,7,7.5,6.7,7.2,0,0,0,0,0,29,0,0,37808,"HMR",105849965
1,17,0,0,22400,0,"2022-12-02T00:00:00",16200,6.9321,7.3,7.2,7.2,6.8,6.8,0,0,0,0,0,20,0,0,28800,"HMR",112300020
1,46,0,0,24629,0,"2022-12-01T00:00:00",19700,6.93299,6.9,7.3,7.3,6.6,6.6,0,0,0,0,0,22,0,0,34000,"HMR",136579903
1,43,0,0,34586,0,"2022-11-30T00:00:00",22600,6.731859999999999,7,6.9,7.3,6.5,7.3,0,0,0,0,0,31,0,0,32286,"HMR",152140036
1,30,0,0,27100,0,"2022-11-29T00:00:00",20500,6.92976,7.1,7,7.6,6.6,7.6,0,0,0,0,0,20,0,0,37003,"HMR",142060080
1,29,0,0,18201,0,"2022-11-28T00:00:00",12800,6.825,6.9,7.1,7.4,6.3,7.4,0,0,0,0,0,23,0,0,23804,"HMR",87360000
1,9,0,0,3601,0,"2022-11-25T00:00:00",100,6.9,6.5,6.9,6.9,6.9,6.9,0,0,0,0,0,10,0,0,9200,"HMR",690000
1,7,0,0,4200,0,"2022-11-24T00:00:00",0,6.5,6.5,6.5,6.5,6.5,6.5,0,0,0,0,0,10,0,0,4804,"HMR",0
1,18,0,0,9902,0,"2022-11-23T00:00:00",3800,6.226319999999999,6.4,6.5,6.6,6.2,6.6,0,0,0,0,0,15,0,0,6806,"HMR",23660016
1,39,0,0,18702,0,"2022-11-22T00:00:00",5200,6.36154,6.2,6.4,6.7,6.3,6.7,0,0,0,0,0,24,0,0,8000,"HMR",33080008
1,21,0,0,17202,0,"2022-11-21T00:00:00",1100,6.20909,6.3,6.2,6.7,6.1,6.7,0,0,0,0,0,13,0,0,4900,"HMR",6829999
1,39,0,0,38602,0,"2022-11-18T00:00:00",25000,6.2772,6.4,6.3,6.8,6.1,6.8,0,0,0,0,0,37,0,0,42800,"HMR",156930000
1,24,0,0,12702,0,"2022-11-17T00:00:00",3000,6.22667,6.4,6.4,6.9,6,6.9,0,0,0,0,0,23,0,0,9700,"HMR",18680010
1,16,0,0,5302,0,"2022-11-16T00:00:00",3200,6.12188,6.7,6.4,6.5,6.1,6.1,0,0,0,0,0,13,0,0,10000,"HMR",19590016
1,7,0,0,2400,0,"2022-11-15T00:00:00",1600,6.04375,6.6,6.7,6.7,6,6,0,0,0,0,0,11,0,0,6900,"HMR",9670000
1,6,0,0,1500,0,"2022-11-14T00:00:00",900,6.6,6.9,6.6,7.3,6.5,7.3,0,0,0,0,0,18,0,0,11100,"HMR",5940000
1,11,0,0,14200,0,"2022-11-11T00:00:00",2400,6.40833,6.3,6.9,6.9,6.3,6.3,0,0,0,0,0,10,0,0,3900,"HMR",15379992
1,22,0,0,30400,0,"2022-11-10T00:00:00",30400,6.320720000000001,6.9,6.3,6.6,6.3,6.5,0,0,0,0,0,30,0,0,43800,"HMR",192149888
1,20,0,0,21701,0,"2022-11-09T00:00:00",9700,6.6433,7,6.9,6.9,6.5,6.7,0,0,0,0,0,22,0,0,16600,"HMR",64440010
1,26,0,0,32300,0,"2022-11-08T00:00:00",22700,6.59956,7.1,7,7,6.5,6.7,0,0,0,0,0,21,0,0,26000,"HMR",149810012
1,26,0,0,18700,0,"2022-11-07T00:00:00",7300,7.115069999999999,7.5,7.1,7.3,7.1,7.1,0,0,0,0,0,20,0,0,10700,"HMR",51940011
1,13,0,0,15400,0,"2022-11-04T00:00:00",2000,7.2,7.5,7.5,7.5,7.1,7.5,0,0,0,0,0,15,0,0,6700,"HMR",14400000
1,9,0,0,7500,0,"2022-11-03T00:00:00",0,7.5,7.5,7.5,7.5,7.5,7.5,0,0,0,0,0,13,0,0,5200,"HMR",0
1,16,0,0,9601,0,"2022-11-02T00:00:00",1100,7.31818,7.5,7.5,7.5,7.2,7.3,0,0,0,0,0,13,0,0,9300,"HMR",8049998
1,18,0,0,9900,0,"2022-11-01T00:00:00",2100,7.457140000000001,7.7,7.5,7.5,7.3,7.5,0,0,0,0,0,14,0,0,8000,"HMR",15659994
1,13,0,0,8800,0,"2022-10-31T00:00:00",700,7.58571,7.7,7.7,7.9,7.4,7.9,0,0,0,0,0,14,0,0,4700,"HMR",5309997
1,20,0,0,12499,0,"2022-10-28T00:00:00",700,7.542859999999999,7.6,7.7,7.9,7.4,7.9,0,0,0,0,0,15,0,0,6706,"HMR",5280002
1,17,0,0,11400,0,"2022-10-27T00:00:00",1500,7.57333,7.6,7.6,7.6,7.3,7.3,0,0,0,0,0,13,0,0,8100,"HMR",11359995
1,13,0,0,6300,0,"2022-10-26T00:00:00",3200,7.46563,7.9,7.6,7.6,7.4,7.5,0,0,0,0,0,21,0,0,12400,"HMR",23890016
1,11,0,0,7610,0,"2022-10-25T00:00:00",2900,7.32759,8,7.9,7.9,7.3,7.4,0,0,0,0,0,13,0,0,8400,"HMR",21250011
1,29,0,0,32801,0,"2022-10-24T00:00:00",26000,7.33385,8,8,8.4,7.2,8.4,0,0,0,0,0,24,0,0,34984,"HMR",190680100
1,11,0,0,10200,0,"2022-10-21T00:00:00",4900,8,8.5,8,8,8,8,0,0,0,0,0,16,0,0,15400,"HMR",39200000
1,6,0,0,6400,0,"2022-10-20T00:00:00",0,8.5,8.5,8.5,8.5,8.5,8.5,0,0,0,0,0,8,0,0,5500,"HMR",0
1,13,0,0,14300,0,"2022-10-19T00:00:00",100,8.5,8.4,8.5,8.5,8.5,8.5,0,0,0,38000000,5000,9,0,0,10400,"HMR",38850000
1,9,0,0,7500,0,"2022-10-18T00:00:00",0,8.4,8.4,8.4,8.4,8.4,8.4,0,0,0,0,0,10,0,0,8700,"HMR",0
1,18,0,0,9300,0,"2022-10-17T00:00:00",2300,7.97391,8.4,8.4,8.4,7.8,7.8,0,0,0,0,0,13,0,0,8600,"HMR",18339993
1,11,0,0,5200,0,"2022-10-14T00:00:00",600,8.383329999999999,8.4,8.4,8.5,8.2,8.5,0,0,0,0,0,9,0,0,7500,"HMR",5029998
1,5,0,0,3000,0,"2022-10-13T00:00:00",200,8.4,8.3,8.4,8.4,8.4,8.4,0,0,0,0,0,11,0,0,6000,"HMR",1680000
1,6,0,0,3700,0,"2022-10-12T00:00:00",0,8.3,8.3,8.3,8.3,8.3,8.3,0,0,0,0,0,7,0,0,3700,"HMR",0
1,15,0,0,11500,0,"2022-10-11T00:00:00",3100,7.83548,8.3,8.3,8.3,7.7,8,0,0,0,0,0,12,0,0,7800,"HMR",24289988
1,8,0,0,2405,0,"2022-10-10T00:00:00",100,8.3,8.2,8.3,8.3,8.3,8.3,0,0,0,0,0,11,0,0,6700,"HMR",830000
1,14,0,0,7104,0,"2022-10-07T00:00:00",1300,7.98462,8.4,8.2,8.2,7.8,7.8,0,0,0,0,0,13,0,0,7700,"HMR",10380006
1,8,0,0,5499,0,"2022-10-06T00:00:00",300,8.26667,8.4,8.4,8.4,8.2,8.2,0,0,0,0,0,13,0,0,9500,"HMR",2480001
1,8,0,0,8700,0,"2022-10-05T00:00:00",300,8.26667,8.4,8.4,8.4,8.2,8.2,0,0,0,0,0,12,0,0,6500,"HMR",2480001
1,8,0,0,8300,0,"2022-10-04T00:00:00",0,8.4,8.4,8.4,8.4,8.4,8.4,0,0,0,0,0,12,0,0,7100,"HMR",0
1,17,0,0,15915,0,"2022-10-03T00:00:00",2100,8.05714,8.5,8.4,8.4,8,8.4,0,0,0,0,0,16,0,0,8300,"HMR",16919994
1,33,0,0,17654,0,"2022-09-30T00:00:00",12100,8.27273,8.7,8.5,9,8,8.4,0,0,0,0,0,27,0,0,16000,"HMR",100100033
1,15,0,0,10200,0,"2022-09-29T00:00:00",1300,8.65385,8.8,8.7,8.7,8.6,8.7,0,0,0,0,0,17,0,0,17400,"HMR",11250005
1,14,0,0,9900,0,"2022-09-28T00:00:00",300,8.8,8.9,8.8,8.8,8.8,8.8,0,0,0,0,0,14,0,0,13100,"HMR",2640000
1,24,0,0,26000,0,"2022-09-27T00:00:00",900,8.7,8.9,8.9,8.9,8.6,8.6,0,0,0,0,0,12,0,0,8100,"HMR",7830000
1,29,0,0,21900,0,"2022-09-26T00:00:00",16400,8.406709999999999,9.2,8.9,8.9,8.3,8.6,0,0,0,0,0,18,0,0,27800,"HMR",137870044
1,14,0,0,7500,0,"2022-09-23T00:00:00",2200,8.85,9.2,9.2,9.2,8.8,9,0,0,0,0,0,9,0,0,7200,"HMR",19470000
1,16,0,0,7900,0,"2022-09-22T00:00:00",2400,9.075,9.6,9.2,9.6,9,9.6,0,0,0,0,0,18,0,0,10900,"HMR",21780000
1,11,0,0,20699,0,"2022-09-21T00:00:00",1600,9.15,9,9.6,9.6,9,9,0,0,0,0,0,9,0,0,5700,"HMR",14640000
1,17,0,0,16800,0,"2022-09-20T00:00:00",400,8.95,9,9,9,8.9,9,0,0,0,0,0,17,0,0,8500,"HMR",3580000
1,27,0,0,18450,0,"2022-09-19T00:00:00",5600,8.74107,9.1,9,9,8.7,8.8,0,0,0,0,0,14,0,0,23800,"HMR",48949992
1,22,0,0,15100,0,"2022-09-16T00:00:00",2300,8.991299999999999,9.1,9.1,9.1,8.9,9,0,0,0,0,0,15,0,0,19100,"HMR",20679990
1,26,0,0,24400,0,"2022-09-15T00:00:00",3500,8.97143,9,9.1,9.1,8.9,9,0,0,0,0,0,21,0,0,10900,"HMR",31400005
1,10,0,0,10883,0,"2022-09-14T00:00:00",200,9,9.3,9,9,9,9,0,0,0,0,0,16,0,0,9084,"HMR",1800000
1,14,0,0,16800,0,"2022-09-13T00:00:00",2100,9.01429,9,9.3,9.3,9,9,0,0,0,0,0,17,0,0,10384,"HMR",18930009
1,22,0,0,16616,0,"2022-09-12T00:00:00",7600,9.040790000000001,9.3,9,9.4,9,9,0,0,0,0,0,24,0,0,14200,"HMR",68710004
1,24,0,0,25110,0,"2022-09-09T00:00:00",3200,9.103129999999998,9.3,9.3,9.3,9,9.3,0,0,0,0,0,16,0,0,10500,"HMR",29130016
1,17,0,0,11140,0,"2022-09-08T00:00:00",2200,9.013639999999999,9.3,9.3,9.3,9,9,0,0,0,0,0,11,0,0,7200,"HMR",19830008
1,13,0,0,8210,0,"2022-09-07T00:00:00",3000,9.01,9.3,9.3,9.3,9,9,0,0,0,0,0,8,0,0,8500,"HMR",27030000
1,17,0,0,9410,0,"2022-09-06T00:00:00",2400,9.054170000000001,9.4,9.3,9.3,9,9.1,0,0,0,0,0,11,0,0,8400,"HMR",21730008
1,13,0,0,7410,0,"2022-09-05T00:00:00",2200,9.14545,9.4,9.4,9.4,9,9.2,0,0,0,0,0,15,0,0,8300,"HMR",20119990
1,10,0,0,11410,0,"2022-08-31T00:00:00",0,9.4,9.4,9.4,9.4,9.4,9.4,0,0,0,0,0,6,0,0,5000,"HMR",0
1,20,0,0,15211,0,"2022-08-30T00:00:00",6400,9.08594,9.4,9.4,9.4,9,9,0,0,0,0,0,14,0,0,13700,"HMR",58150016
1,24,0,0,25110,0,"2022-08-29T00:00:00",3400,9.01176,9.4,9.4,9.4,9,9,0,0,0,0,0,13,0,0,9100,"HMR",30639984
1,50,0,0,68110,0,"2022-08-26T00:00:00",40900,9.01002,9.4,9.4,9.4,9,9.2,0,0,0,0,0,26,0,0,48400,"HMR",368509818
1,22,0,0,23410,0,"2022-08-25T00:00:00",2300,9.29565,9.4,9.4,9.4,9.2,9.2,0,0,0,0,0,19,0,0,11500,"HMR",21379995
1,23,0,0,11610,0,"2022-08-24T00:00:00",1800,9.24444,9.5,9.4,9.5,9.1,9.1,0,0,0,0,0,14,0,0,8000,"HMR",16639992
1,22,0,0,10210,0,"2022-08-23T00:00:00",500,9.5,9.5,9.5,9.5,9.5,9.5,0,0,0,0,0,10,0,0,7500,"HMR",4750000
1,29,0,0,26210,0,"2022-08-22T00:00:00",9400,9.09894,9.4,9.5,9.9,9,9.9,0,0,0,0,0,16,0,0,24500,"HMR",85530036
1,22,0,0,18510,0,"2022-08-19T00:00:00",1800,9.47222,9.7,9.4,9.9,9.4,9.9,0,0,0,0,0,17,0,0,17800,"HMR",17049996
1,37,0,0,32420,0,"2022-08-18T00:00:00",17800,9.2382,9.6,9.7,9.9,9.2,9.9,0,0,0,0,0,26,0,0,33100,"HMR",164439960
1,29,0,0,20010,0,"2022-08-17T00:00:00",2000,9.52,9.4,9.6,9.6,9.4,9.4,0,0,0,0,0,20,0,0,8700,"HMR",19040000
1,35,0,0,21510,0,"2022-08-16T00:00:00",4200,9.42143,9.5,9.4,9.5,9.2,9.2,0,0,0,0,0,29,0,0,16500,"HMR",39570006
1,38,0,0,34510,0,"2022-08-15T00:00:00",4700,9.41702,9.4,9.5,9.6,9.4,9.4,0,0,0,0,0,27,0,0,15400,"HMR",44259994
1,31,0,0,12910,0,"2022-08-12T00:00:00",800,9.1875,9.2,9.4,9.4,9.1,9.2,0,0,0,0,0,13,0,0,5300,"HMR",7350000
1,30,0,0,13010,0,"2022-08-11T00:00:00",3000,9.38667,9.2,9.2,9.5,9.2,9.5,0,0,0,0,0,25,0,0,13600,"HMR",28160010
1,32,0,0,25310,0,"2022-08-10T00:00:00",9500,9.07684,9.4,9.2,9.7,9,9.7,0,0,0,0,0,24,0,0,22200,"HMR",86229980
1,40,0,0,46300,0,"2022-08-09T00:00:00",14100,9.07943,9,9.4,9.4,9,9.1,0,0,0,0,0,18,0,0,22800,"HMR",128019963
1,47,0,0,28610,0,"2022-08-08T00:00:00",15800,9.00633,9.2,9,9.2,9,9.2,0,0,0,0,0,27,0,0,20800,"HMR",142300014
1,41,0,0,22010,0,"2022-08-05T00:00:00",17600,9.02102,9.4,9.2,9.3,9,9.1,0,0,0,0,0,20,0,0,23200,"HMR",158769952
1,33,0,0,16920,0,"2022-08-04T00:00:00",700,9.22857,9.6,9.4,9.5,9.1,9.5,0,0,0,0,0,19,0,0,14700,"HMR",6459999
1,19,0,0,7510,0,"2022-08-03T00:00:00",2000,9.155,9.2,9.6,10.1,9,10.1,0,0,0,0,0,19,0,0,13600,"HMR",18310000
1,18,0,0,12010,0,"2022-08-02T00:00:00",2100,9.352379999999998,9.3,9.2,9.4,9.2,9.4,0,0,0,0,0,18,0,0,10800,"HMR",19639998
1,16,0,0,12800,0,"2022-08-01T00:00:00",1400,9.164290000000001,9.3,9.3,9.6,9.1,9.6,0,0,0,0,0,16,0,0,9300,"HMR",12830006
1,24,0,0,18700,0,"2022-07-29T00:00:00",15000,9.19333,9.3,9.3,9.3,9.1,9.1,0,0,0,0,0,16,0,0,23600,"HMR",137899950
1,10,0,0,3700,0,"2022-07-28T00:00:00",300,9.66667,9.5,9.3,9.9,9.3,9.9,0,0,0,0,0,15,0,0,15900,"HMR",2900001
1,32,0,0,11100,0,"2022-07-27T00:00:00",3200,9.18125,9.2,9.5,9.7,9,9.7,0,0,0,0,0,18,0,0,8900,"HMR",29380000
1,10,0,0,3900,0,"2022-07-26T00:00:00",900,9.33333,9.6,9.2,9.9,9.2,9.9,0,0,0,0,0,17,0,0,14700,"HMR",8399997
1,11,0,0,3002,0,"2022-07-25T00:00:00",600,9.73333,10.1,9.6,10,9.6,10,0,0,0,0,0,26,0,0,12500,"HMR",5839998
1,11,0,0,3702,0,"2022-07-22T00:00:00",100,10.1,9.8,10.1,10.1,10.1,10.1,0,0,0,0,0,21,0,0,8500,"HMR",1010000
1,13,0,0,4102,0,"2022-07-21T00:00:00",200,9.65,9.8,9.8,9.8,9.5,9.5,0,0,0,0,0,11,0,0,10600,"HMR",1930000
1,13,0,0,7402,0,"2022-07-20T00:00:00",1600,9.68125,10,9.8,9.9,9.4,9.4,0,0,0,0,0,14,0,0,11700,"HMR",15490000
1,11,0,0,4902,0,"2022-07-19T00:00:00",700,9.77143,10,10,10.4,9.6,10.4,0,0,0,0,0,16,0,0,9500,"HMR",6840001
1,13,0,0,5702,0,"2022-07-18T00:00:00",3400,9.72059,10,10,10.2,9.5,9.5,0,0,0,0,0,15,0,0,9600,"HMR",33050006
1,9,0,0,3402,0,"2022-07-15T00:00:00",200,10.15,9.9,10,10.3,10,10.3,0,0,0,0,0,13,0,0,11100,"HMR",2030000
1,9,0,0,3502,0,"2022-07-14T00:00:00",100,9.9,9.8,9.9,9.9,9.9,9.9,0,0,0,0,0,13,0,0,10200,"HMR",990000
1,8,0,0,2802,0,"2022-07-13T00:00:00",600,9.85,9.9,9.8,10.1,9.8,10.1,0,0,0,0,0,13,0,0,18000,"HMR",5910000
1,7,0,0,3502,0,"2022-07-12T00:00:00",2200,9.14091,10.1,9.9,9.9,9.1,9.1,0,0,0,0,0,13,0,0,27100,"HMR",20110002
1,3,0,0,2002,0,"2022-07-11T00:00:00",0,10.1,10.1,10.1,10.1,10.1,10.1,0,0,0,0,0,16,0,0,29400,"HMR",0
1,11,0,0,4002,0,"2022-07-08T00:00:00",1300,9.76154,10.1,10.1,10.5,9.6,10.5,0,0,0,0,0,17,0,0,13600,"HMR",12690002
1,11,0,0,6002,0,"2022-07-07T00:00:00",2100,9.99048,9.9,10.1,10.3,9.9,10.3,0,0,0,0,0,18,0,0,13800,"HMR",20980008
1,14,0,0,5502,0,"2022-07-06T00:00:00",2200,9.10909,9.9,9.9,9.9,9,9.1,0,0,0,0,0,20,0,0,10400,"HMR",20039998
1,8,0,0,2902,0,"2022-07-05T00:00:00",200,10.1,10,9.9,10.3,9.9,10.3,0,0,0,0,0,19,0,0,14100,"HMR",2020000
1,16,0,0,5602,0,"2022-07-04T00:00:00",3400,9.92647,10,10,10,9.5,10,0,0,0,0,0,28,0,0,12000,"HMR",33749998
1,5,0,0,1902,0,"2022-07-01T00:00:00",1000,10,10,10,10,10,10,0,0,0,0,0,10,0,0,8200,"HMR",10000000
1,8,0,0,3113,0,"2022-06-30T00:00:00",1400,10.00714,9.9,10,10.4,9.9,10.4,0,0,0,0,0,22,0,0,11400,"HMR",14009996
1,6,0,0,1802,0,"2022-06-29T00:00:00",1500,9.96,10.5,9.9,10.5,9.9,10,0,0,0,0,0,19,0,0,17300,"HMR",14940000
1,5,0,0,1102,0,"2022-06-28T00:00:00",100,10.5,10,10.5,10.5,10.5,10.5,0,0,0,0,0,22,0,0,17800,"HMR",1050000
1,13,0,0,6502,0,"2022-06-27T00:00:00",4500,10.30667,9.8,10,10.4,10,10.4,0,0,0,0,0,24,0,0,15900,"HMR",46380015
1,9,0,0,5700,0,"2022-06-24T00:00:00",3300,9.8,9.2,9.8,9.8,9.8,9.8,0,0,0,0,0,15,0,0,10400,"HMR",32340000
1,24,0,0,14100,0,"2022-06-23T00:00:00",5100,8.81765,8.6,9.2,9.3,8.8,9.3,0,0,0,0,0,19,0,0,7100,"HMR",44970015
1,20,0,0,20600,0,"2022-06-22T00:00:00",10700,8.0486,7.9,8.6,8.6,7.9,8.3,0,0,0,0,0,11,0,0,10700,"HMR",86120020
1,11,0,0,8700,0,"2022-06-21T00:00:00",8700,7.99195,8.7,7.9,8.6,7.9,8.5,0,0,0,0,0,15,0,0,14400,"HMR",69529965
1,11,0,0,6707,0,"2022-06-20T00:00:00",2400,8.741670000000001,8.8,8.7,8.8,8.7,8.8,0,0,0,0,0,12,0,0,7800,"HMR",20980008
1,7,0,0,4205,0,"2022-06-17T00:00:00",400,8.85,9,8.8,8.9,8.8,8.9,0,0,0,0,0,10,0,0,10500,"HMR",3540000
1,11,0,0,7805,0,"2022-06-16T00:00:00",600,9,9,9,9,9,9,0,0,0,0,0,11,0,0,15800,"HMR",5400000
1,19,0,0,22200,0,"2022-06-15T00:00:00",20600,8.71845,9.2,9,9,8.4,9,0,0,0,0,0,15,0,0,39600,"HMR",179600070
1,28,0,0,36905,0,"2022-06-14T00:00:00",10000,9.212,9.4,9.2,9.9,9,9.4,0,0,0,0,0,18,0,0,15200,"HMR",92120000
1,25,0,0,12005,0,"2022-06-13T00:00:00",9300,9.33118,9.9,9.4,9.7,9.1,9.6,0,0,0,0,0,26,0,0,16600,"HMR",86779974
1,14,0,0,8505,0,"2022-06-10T00:00:00",1400,9.96429,10.1,9.9,10,9.9,10,0,0,0,0,0,14,0,0,9700,"HMR",13950006
1,21,0,0,49105,0,"2022-06-09T00:00:00",1200,10.008329999999999,10,10.1,10.1,10,10,0,0,0,0,0,11,0,0,7700,"HMR",12009996
1,22,0,0,49205,0,"2022-06-08T00:00:00",5500,9.81818,10,10,10,9.6,10,0,0,0,0,0,18,0,0,15300,"HMR",53999990
1,23,0,0,17405,0,"2022-06-07T00:00:00",11400,9.978069999999999,10.2,10,10,9.8,10,0,0,0,0,0,19,0,0,28700,"HMR",113749998
1,18,0,0,18405,0,"2022-06-06T00:00:00",12400,10.19516,10.2,10.2,10.2,10.1,10.2,0,0,0,0,0,19,0,0,21100,"HMR",126419984
1,20,0,0,12005,0,"2022-06-03T00:00:00",3900,10.58718,10.6,10.2,11,10.2,10.7,0,0,0,0,0,19,0,0,10900,"HMR",41290002
1,19,0,0,11705,0,"2022-06-02T00:00:00",3800,10.41842,10.5,10.6,10.6,10.3,10.3,0,0,0,0,0,13,0,0,7100,"HMR",39589996
1,23,0,0,22802,0,"2022-06-01T00:00:00",4400,10.31591,10.6,10.5,10.5,10.2,10.2,0,0,0,0,0,19,0,0,9600,"HMR",45390004
1,29,0,0,17902,0,"2022-05-31T00:00:00",6000,10.66,10,10.6,10.7,10.5,10.6,0,0,0,0,0,28,0,0,11500,"HMR",63960000
1,18,0,0,12502,0,"2022-05-30T00:00:00",1300,10.10769,10.2,10,10.4,10,10.1,0,0,0,0,0,18,0,0,7900,"HMR",13139997
1,21,0,0,10102,0,"2022-05-27T00:00:00",2400,10.52083,10.1,10.2,10.7,10.2,10.6,0,0,0,0,0,15,0,0,5900,"HMR",25249992
1,30,0,0,12302,0,"2022-05-26T00:00:00",7900,10.12025,10.3,10.1,10.3,10,10.1,0,0,0,0,0,18,0,0,14800,"HMR",79949975
1,22,0,0,11602,0,"2022-05-25T00:00:00",1100,10.10909,10.1,10.3,10.5,9.9,9.9,0,0,0,0,0,15,0,0,6000,"HMR",11119999
1,21,0,0,11702,0,"2022-05-24T00:00:00",5400,10.02778,10.1,10.1,10.6,10,10.1,0,0,0,0,0,15,0,0,8700,"HMR",54150012
1,13,0,0,5802,0,"2022-05-23T00:00:00",2500,10.58,10.6,10.1,10.6,10.1,10.6,0,0,0,0,0,12,0,0,8500,"HMR",26450000
1,31,0,0,35000,0,"2022-05-20T00:00:00",4900,10.26939,9.9,10.6,10.6,10,10,0,0,0,0,0,15,0,0,6600,"HMR",50320011
1,26,0,0,15560,0,"2022-05-19T00:00:00",4700,9.86809,10.5,9.9,10,9.7,9.7,0,0,0,0,0,19,0,0,11400,"HMR",46380023
1,27,0,0,16300,0,"2022-05-18T00:00:00",5000,10.37,10.8,10.5,10.5,10.1,10.5,0,0,0,0,0,22,0,0,11200,"HMR",51850000
1,23,0,0,11400,0,"2022-05-17T00:00:00",4100,10.01951,10,10.8,10.8,10,10,0,0,0,0,0,8,0,0,4900,"HMR",41079991
1,6,0,0,4500,0,"2022-05-16T00:00:00",3300,10.293940000000001,10.4,10,10.9,10,10.4,,,,0,0,8,0,0,4900,"HMR",33970002
1,32,0,0,21700,0,"2022-05-13T00:00:00",21700,9.818430000000001,10.5,10.4,10.5,9.5,10.5,,,,0,0,24,0,0,25600,"HMR",213059931
1,33,0,0,67300,0,"2022-05-12T00:00:00",34100,10.8044,11.5,10.5,11.5,10.5,10.6,,,,312000000,30000,33,0,0,73200,"HMR",680430040
1,32,0,0,37000,0,"2022-05-11T00:00:00",16000,11.538129999999999,11.6,11.5,12.7,11.2,11.6,,,,0,0,23,0,0,19900,"HMR",184610080
1,20,0,0,8900,0,"2022-05-10T00:00:00",8800,11.55795,12.6,11.6,12,11.4,11.8,,,,0,0,19,0,0,14100,"HMR",101709960
1,26,0,0,18400,0,"2022-05-09T00:00:00",18400,12.69185,13.9,12.6,13,12.6,13,,,,0,0,25,0,0,27800,"HMR",233530040
1,3,0,0,5200,0,"2022-05-06T00:00:00",0,13.9,13.9,13.9,13.9,13.9,13.9,,,,0,0,9,0,0,13500,"HMR",0
1,7,0,0,7200,0,"2022-05-05T00:00:00",0,13.9,13.9,13.9,13.9,13.9,13.9,,,,0,0,19,0,0,29550,"HMR",0
1,10,0,0,17700,0,"2022-05-04T00:00:00",600,13.9,14,13.9,13.9,13.9,13.9,,,,0,0,18,0,0,11400,"HMR",8340000
1,9,0,0,6613,0,"2022-04-29T00:00:00",2000,14,14,14,14,14,14,,,,0,0,15,0,0,19500,"HMR",28000000
1,9,0,0,3400,0,"2022-04-28T00:00:00",1000,14,14.4,14,14,14,14,,,,0,0,17,0,0,13400,"HMR",14000000
1,9,0,0,10600,0,"2022-04-27T00:00:00",500,14.4,14.4,14.4,14.4,14.4,14.4,,,,0,0,15,0,0,29800,"HMR",7200000
1,21,0,0,9600,0,"2022-04-26T00:00:00",4500,13.042219999999999,13.3,14.4,14.4,13,13,,,,0,0,15,0,0,25200,"HMR",58689990
1,39,0,0,36000,0,"2022-04-25T00:00:00",32700,13.44434,14.6,13.3,13.8,13.2,13.7,,,,0,0,38,0,0,48900,"HMR",439629918
1,31,0,0,29240,0,"2022-04-22T00:00:00",7300,13.820549999999999,13.5,14.6,14.8,13.5,13.5,,,,0,0,29,0,0,23700,"HMR",100890015
1,22,0,0,20000,0,"2022-04-21T00:00:00",7300,13.4863,13.5,13.5,13.5,13.2,13.5,,,,0,0,18,0,0,10600,"HMR",98449990
1,38,0,0,37355,0,"2022-04-20T00:00:00",22500,13.782219999999999,14.4,13.5,14,13.5,14,,,,0,0,26,0,0,34400,"HMR",310099950
1,27,0,0,20400,0,"2022-04-19T00:00:00",9000,14.438889999999999,14,14.4,14.9,14,14,,,,0,0,24,0,0,20800,"HMR",129950010
1,29,0,0,25255,0,"2022-04-18T00:00:00",11000,14.430909999999999,15.4,14,15,14,15,,,,0,0,27,0,0,26100,"HMR",158740010
1,35,0,0,28900,0,"2022-04-15T00:00:00",14100,15.27872,15.7,15.4,15.7,15.1,15.7,,,,0,0,32,0,0,33200,"HMR",215429952
1,26,0,0,19200,0,"2022-04-14T00:00:00",10400,15.576923076923077,15.6,15.7,15.8,15.4,15.7,,,,0,0,28,0,0,29200,"HMR",162000000
1,39,0,0,28300,0,"2022-04-13T00:00:00",9500,15.59789,15.8,15.6,16.1,15.3,15.8,,,,0,0,28,0,0,26700,"HMR",148179955
1,22,0,0,15810,0,"2022-04-12T00:00:00",5000,15.8,16.4,15.8,15.9,15.7,15.9,,,,0,0,27,0,0,24900,"HMR",79000000
1,19,0,0,9900,0,"2022-04-08T00:00:00",3300,15.95152,16.1,16.4,16.4,15.7,15.9,,,,0,0,25,0,0,22300,"HMR",52640016
1,24,0,0,17420,0,"2022-04-07T00:00:00",6600,15.91364,16,16.1,16.1,15.8,16,,,,0,0,23,0,0,18600,"HMR",105030024
1,43,0,0,27340,0,"2022-04-06T00:00:00",8200,16.06707,16.1,16,16.1,16,16.1,,,,0,0,32,0,0,19900,"HMR",131749974
1,37,0,0,26940,0,"2022-04-05T00:00:00",2600,16.2,16.4,16.1,16.4,16,16.4,,,,0,0,38,0,0,36900,"HMR",42120000
1,32,0,0,28840,0,"2022-04-04T00:00:00",9600,16.388540000000003,16.2,16.4,16.4,16.3,16.3,,,,0,0,32,0,0,29300,"HMR",157329984
1,52,0,0,53850,0,"2022-04-01T00:00:00",25800,16.2015503875969,16.7,16.2,16.6,16,16.6,,,,0,0,42,0,0,76600,"HMR",418000000
1,28,0,0,34200,0,"2022-03-31T00:00:00",10200,16.2598,16.8,16.7,16.7,16.2,16.2,,,,0,0,34,0,0,48000,"HMR",165849960
1,29,0,0,29400,0,"2022-03-30T00:00:00",9200,16.630434782608695,16.5,16.8,18,16.5,18,,,,0,0,58,0,0,63000,"HMR",153000000
1,57,0,0,60800,0,"2022-03-29T00:00:00",30800,16.57532,16.5,16.5,16.8,16.3,16.6,,,,0,0,44,0,0,49600,"HMR",510519856
1,66,0,0,64701,0,"2022-03-28T00:00:00",43900,16.47107,16.9,16.5,16.6,16.3,16.6,,,,0,0,40,0,0,70300,"HMR",723079973
1,50,0,0,27001,0,"2022-03-25T00:00:00",6600,16.72727,16.9,16.9,17,16.5,16.5,,,,0,0,47,0,0,41200,"HMR",110399982
1,50,0,0,24601,0,"2022-03-24T00:00:00",10000,16.836,17,16.9,17,16.3,16.5,,,,0,0,41,0,0,57500,"HMR",168360000
1,91,0,0,64300,0,"2022-03-23T00:00:00",39400,16.954314720812185,17.9,17,17.4,16.7,17.1,,,,0,0,55,0,0,84500,"HMR",668000000
1,66,0,0,75901,0,"2022-03-22T00:00:00",55300,17.47884,17.5,17.9,18.2,17,18.2,,,,0,0,64,0,0,110300,"HMR",966579852
1,49,0,0,46900,0,"2022-03-21T00:00:00",38800,17.963917525773194,17.8,17.5,18.3,17.5,17.8,,,,0,0,86,0,0,93900,"HMR",697000000
1,53,0,0,44201,0,"2022-03-18T00:00:00",33600,17.36012,17,17.8,17.8,17,17,,,,0,0,71,0,0,70500,"HMR",583300032
1,74,0,0,91901,0,"2022-03-17T00:00:00",52900,16.918714555765597,16,17,17.5,16.1,17.5,,,,0,0,66,0,0,88200,"HMR",895000000
1,75,0,0,82370,0,"2022-03-16T00:00:00",26500,16.01094,16.7,16,16.7,15.8,15.8,,,,0,0,38,0,0,42500,"HMR",424289910
1,74,0,0,63901,0,"2022-03-15T00:00:00",33200,15.90181,16.1,16.7,16.7,15.3,16.1,,,,0,0,33,0,0,47000,"HMR",527940092
1,57,0,0,44530,0,"2022-03-14T00:00:00",25600,16.582810000000002,17.1,16.1,17.1,15.4,15.4,,,,0,0,65,0,0,55100,"HMR",424519936
1,88,0,0,78535,0,"2022-03-11T00:00:00",67400,17.349259999999997,18.5,17.1,18.5,17,18.5,,,,0,0,75,0,0,87400,"HMR",1169340124
1,94,0,0,72201,0,"2022-03-10T00:00:00",61500,18.3161,18.7,18.5,19,17.6,19,,,,0,0,74,0,0,97900,"HMR",1126440150
1,117,0,0,116401,0,"2022-03-09T00:00:00",98900,18.66572,17,18.7,18.7,18.4,18.6,,,,0,0,84,0,0,98900,"HMR",1846039708
1,109,0,0,175211,0,"2022-03-08T00:00:00",112400,16.79057,15.5,17,17,15.7,15.7,,,,0,0,106,0,0,112400,"HMR",1887260068
1,60,0,0,93501,0,"2022-03-07T00:00:00",64100,15.27285,15.3,15.5,15.5,15,15.2,,,,0,0,61,0,0,129200,"HMR",978989685
1,45,0,0,32601,0,"2022-03-04T00:00:00",10700,15.10654,15.2,15.3,15.4,14.9,15.2,0,0,0,0,0,53,0,0,81400,"HMR",161639978
1,49,0,0,34300,0,"2022-03-03T00:00:00",9200,14.98696,15,15.2,15.2,14.8,14.9,,,,0,0,58,0,0,77600,"HMR",137880032
1,29,0,0,26200,0,"2022-03-02T00:00:00",9900,15.022219999999999,15,15,15.4,14.9,15,0,0,0,0,0,41,0,0,35500,"HMR",148719978
1,32,0,0,37400,0,"2022-03-01T00:00:00",12500,15.0432,15.2,15,15.3,15,15,0,0,0,0,0,41,0,0,38400,"HMR",188040000
1,30,0,0,22100,0,"2022-02-28T00:00:00",11200,15.04107,15.4,15.2,15.4,15,15,0,0,0,0,0,54,0,0,47700,"HMR",168459984
1,43,0,0,21100,0,"2022-02-25T00:00:00",4800,15.05208,14.8,15.4,15.4,14.9,15.1,0,0,0,0,0,37,0,0,21400,"HMR",72249984
1,55,0,0,35140,0,"2022-02-24T00:00:00",22600,14.96593,15.1,14.8,15.2,14.7,15.1,0,0,0,0,0,43,0,0,80600,"HMR",338230018
1,53,0,0,26340,0,"2022-02-23T00:00:00",6600,15.274239999999999,15,15.1,16.5,15,15.4,0,0,0,0,0,69,0,0,49000,"HMR",100809984
1,54,0,0,23710,0,"2022-02-22T00:00:00",10500,15.123809999999999,15.8,15,15.7,15,15.5,0,0,0,0,0,53,0,0,75500,"HMR",158800005
1,51,0,0,24300,0,"2022-02-21T00:00:00",18000,15.655,16.1,15.8,15.9,15.5,15.8,0,0,0,0,0,60,0,0,41500,"HMR",281790000
1,68,0,0,60873,0,"2022-02-18T00:00:00",34100,15.89707,16.1,16.1,17.5,15.2,16,0,0,0,0,0,88,0,0,91000,"HMR",542090087
1,59,0,0,56300,0,"2022-02-17T00:00:00",31900,15.69624,14.7,16.1,16.1,14,14,0,0,0,0,0,55,0,0,38500,"HMR",500710056
1,77,0,0,69450,0,"2022-02-16T00:00:00",34500,14.666666666666666,14.9,14.7,15.6,14.2,14.2,0,0,0,0,0,58,0,0,54400,"HMR",506000000
1,56,0,0,35850,0,"2022-02-15T00:00:00",17900,15.139664804469273,15.8,14.9,16,14.9,16,0,0,0,0,0,53,0,0,81200,"HMR",271000000
1,50,0,0,24815,0,"2022-02-14T00:00:00",12300,15.75528,16.8,15.8,16.4,15.3,15.3,0,0,0,0,0,57,0,0,47000,"HMR",193789944
1,60,0,0,73800,0,"2022-02-11T00:00:00",39800,15.63945,15.8,16.8,16.8,15.1,15.8,0,0,0,0,0,72,0,0,86500,"HMR",622450110
1,32,0,0,35800,0,"2022-02-10T00:00:00",7800,16.02051,16.5,15.8,17,15.8,17,0,0,0,0,0,55,0,0,47200,"HMR",124959978
1,64,0,0,140635,0,"2022-02-09T00:00:00",65300,15.721290000000002,15.9,16.5,16.5,14.4,15.9,0,0,0,0,0,69,0,0,81000,"HMR",1026600237
1,98,0,0,116810,0,"2022-02-08T00:00:00",100400,15.6759,15.1,15.9,16.6,15,16.5,0,0,0,0,0,100,0,0,130700,"HMR",1573860360
1,49,0,0,74500,0,"2022-02-07T00:00:00",18600,15.06559,13.8,15.1,15.1,13.8,13.9,0,0,0,0,0,17,0,0,18600,"HMR",280219974
1,93,0,0,179140,0,"2022-01-28T00:00:00",103000,13.01864,12.6,13.8,13.8,12,12.6,0,0,0,0,0,53,0,0,103000,"HMR",1340919920
1,71,0,0,67080,0,"2022-01-27T00:00:00",33300,12.9009,13.7,12.6,13.5,12.6,13.5,0,0,0,0,0,63,0,0,65200,"HMR",429599970
1,116,0,0,106950,0,"2022-01-26T00:00:00",88900,13.623059999999999,15,13.7,15,13.5,15,0,0,0,0,0,75,0,0,156900,"HMR",1211090034
1,124,0,0,142705,0,"2022-01-25T00:00:00",113000,13.931329999999999,14.6,15,15.9,13.2,13.2,0,0,0,0,0,118,0,0,186400,"HMR",1574240290
1,19,0,0,7800,0,"2022-01-24T00:00:00",7800,14.6,16.2,14.6,14.6,14.6,14.6,0,0,0,0,0,128,0,0,256900,"HMR",114000000
1,18,0,0,12700,0,"2022-01-21T00:00:00",12700,16.2,18,16.2,16.2,16.2,16.2,0,0,0,0,0,162,0,0,320500,"HMR",205740000
1,11,0,0,2900,0,"2022-01-20T00:00:00",2900,18,20,18,18,18,18,0,0,0,0,0,164,0,0,290000,"HMR",52200000
1,15,0,0,17500,0,"2022-01-19T00:00:00",17500,20,22.2,20,20,20,20,0,0,0,0,0,138,0,0,293200,"HMR",350000000
1,113,0,0,105600,0,"2022-01-18T00:00:00",103300,24.64811,24.6,22.2,27,22.2,27,0,0,0,0,0,51,0,0,226900,"HMR",2546149763
1,287,0,0,344490,0,"2022-01-17T00:00:00",315200,24.59651,22.4,24.6,24.6,24.5,24.6,0,0,0,0,0,47,0,0,315200,"HMR",7752819952
1,501,0,0,648241,0,"2022-01-14T00:00:00",401100,22.4,20.4,22.4,22.4,22.4,22.4,0,0,0,0,0,37,0,0,401100,"HMR",8984640000
1,359,0,0,540300,0,"2022-01-13T00:00:00",24100,20.4,15.7,20.4,20.4,20.4,20.4,0,0,0,0,0,6,0,0,24100,"HMR",492000000
