"adjRatio","buyCount","buyForeignQuantity","buyForeignValue","buyQuantity","currentForeignRoom","date","dealVolume","priceAverage","priceBasic","priceClose","priceHigh","priceLow","priceOpen","propTradingNetDealValue","propTradingNetPTValue","propTradingNetValue","putthroughValue","putthroughVolume","sellCount","sellForeignQuantity","sellForeignValue","sellQuantity","symbol","totalValue"
1,29,0,0,65400,0,"2009-12-22T00:00:00",51500,15.104466019417476,15,14.7,15.4,14.7,14.7,,,,0,0,65,0,0,105500,"KMF",777880000
1,44,0,0,42700,0,"2009-12-21T00:00:00",30300,14.697689768976897,14.2,15,15,14.2,14.3,,,,0,0,36,0,0,54800,"KMF",445340000
1,44,0,0,38900,512,"2009-12-18T00:00:00",31500,14.152698412698413,13.5,14.2,14.3,13.8,14.1,,,,0,0,33,0,0,48100,"KMF",445810000
1,24,0,0,25200,512,"2009-12-17T00:00:00",19600,13.371938775510204,13.4,13.5,13.8,13.2,13.4,,,,0,0,29,300,3990000,41700,"KMF",262090000
1,15,0,0,30700,212,"2009-12-16T00:00:00",15700,13.665605095541402,14.1,13.4,14.6,13.4,14,,,,0,0,36,200,2720000,69400,"KMF",214550000
1,38,0,0,57100,12,"2009-12-15T00:00:00",30000,14.206666666666665,14.2,14.1,14.8,14,14.8,,,,0,0,45,0,0,47300,"KMF",426200000
1,47,0,0,73600,12,"2009-12-14T00:00:00",25400,13.868503937007874,13.5,14.2,14.3,13,13,,,,0,0,32,0,0,95200,"KMF",352260000
1,26,0,0,59900,12,"2009-12-11T00:00:00",59900,13.524874791318865,14.5,13.6,13.6,13.5,13.6,,,,0,0,52,0,0,114400,"KMF",810140000
1,17,0,0,22200,12,"2009-12-10T00:00:00",15000,14.548,15.3,14.5,16,14.5,16,,,,0,0,22,0,0,28800,"KMF",218220000
1,36,0,0,45800,0,"2009-12-09T00:00:00",43800,15.049543378995434,16.2,15.3,15.8,15,15.8,,,,0,0,47,0,0,99000,"KMF",659170000
1,28,0,0,37300,12,"2009-12-08T00:00:00",13800,16.142028985507245,16.8,16.2,16.6,15.6,16.6,,,,0,0,31,0,0,29800,"KMF",222760000
1,26,0,0,25900,12,"2009-12-07T00:00:00",12300,16.621138211382114,16.4,16.8,17.5,16.5,17.5,,,,0,0,42,0,0,51200,"KMF",204440000
1,22,0,0,23300,12,"2009-12-04T00:00:00",4500,16.355555555555554,16.7,16.3,16.5,16.2,16.5,,,,0,0,19,0,0,56600,"KMF",73600000
1,36,0,0,45900,12,"2009-12-03T00:00:00",15400,16.205844155844154,17.3,16.7,17,16,16,,,,0,0,31,0,0,40900,"KMF",249570000
1,34,0,0,38200,12,"2009-12-02T00:00:00",20600,16.45388349514563,17.5,17.3,17.8,16.2,17.8,,,,0,0,45,0,0,80200,"KMF",338950000
1,59,0,0,65200,12,"2009-12-01T00:00:00",33400,17.302095808383235,16.9,17.5,18,17,18,,,,0,0,47,0,0,94700,"KMF",577890000
1,64,0,0,116100,12,"2009-11-30T00:00:00",44200,16.884615384615383,16.8,16.9,17.3,16.2,16.2,,,,0,0,31,0,0,95500,"KMF",746299999.9999999
1,77,0,0,74800,12,"2009-11-27T00:00:00",63600,16.829716981132073,17.3,16.5,17.5,16.1,16.1,,,,0,0,65,0,0,93700,"KMF",1070370000
1,3,0,0,500,12,"2009-11-26T00:00:00",500,17.34,17.8,17.3,17.5,17.3,17.5,,,,0,0,36,0,0,66900,"KMF",8670000
1,32,0,0,40500,12,"2009-11-25T00:00:00",40500,18.507160493827158,18.6,17.8,19.2,17.8,19,,,,0,0,77,0,0,171300,"KMF",749540000
1,76,0,0,73400,12,"2009-11-24T00:00:00",45800,19.103493449781663,19.3,18.6,20.6,18.5,20.6,,,,0,0,103,0,0,138400,"KMF",874940000.0000001
1,120,63610,10750090000,270800,0,"2009-11-23T00:00:00",186300,19.260332796564683,18.1,19.3,19.3,18.9,19.3,,,,0,0,84,0,0,186300,"KMF",3588200000.0000005
1,63,0,0,137200,635112,"2009-11-20T00:00:00",66200,18.057250755287008,17.1,18.2,18.2,17.2,17.6,,,,0,0,69,0,0,66200,"KMF",1195390000
1,45,0,0,50300,0,"2009-11-19T00:00:00",27100,17.09520295202952,17.3,17.1,18,16.8,17.9,,,,0,0,47,0,0,70500,"KMF",463280000.00000006
1,54,0,0,102600,635112,"2009-11-18T00:00:00",81000,17.074197530864197,17,17.3,17.5,16.8,17.5,,,,0,0,42,0,0,106000,"KMF",1383009999.9999998
1,33,0,0,48700,635112,"2009-11-17T00:00:00",31100,17.285209003215435,16.9,17,18,17,17.8,,,,0,0,66,0,0,88500,"KMF",537570000
1,55,0,0,104900,635112,"2009-11-16T00:00:00",65800,17.085410334346502,16.6,16.9,17.6,16.5,16.5,,,,0,0,57,0,0,89000,"KMF",1124220000
1,47,0,0,37400,0,"2009-11-13T00:00:00",17000,16.56941176470588,17,16.5,17.4,16.1,17.4,,,,0,0,47,0,0,50200,"KMF",281680000
1,38,0,0,29400,635112,"2009-11-12T00:00:00",22300,16.804484304932735,16.3,17,17,16.5,16.9,,,,0,0,32,0,0,36800,"KMF",374740000
1,46,0,0,48000,635112,"2009-11-11T00:00:00",21100,16.145023696682465,16.1,16.3,17.2,15,15,,,,0,0,40,0,0,110100,"KMF",340660000
1,42,0,0,41400,0,"2009-11-10T00:00:00",41400,16.12729468599034,17,16.1,17,16.1,17,,,,0,0,62,0,0,92500,"KMF",667670000
1,29,0,0,32100,635112,"2009-11-09T00:00:00",32100,17.280996884735202,18.2,17,18.5,17,18.5,,,,0,0,52,0,0,156800,"KMF",554720000
1,68,0,0,131300,635112,"2009-11-06T00:00:00",90600,18.2280353200883,17.3,17.3,18.5,16.1,17.5,,,,0,0,62,0,0,135800,"KMF",1651460000
1,52,0,0,111800,635112,"2009-11-05T00:00:00",23900,17.274058577405857,17.3,17.3,18,17,18,,,,0,0,32,0,0,64100,"KMF",412849999.99999994
1,62,0,0,62800,635112,"2009-11-04T00:00:00",59300,17.480944350758854,19.1,17.3,18.1,16.9,18,,,,0,0,54,0,0,93700,"KMF",1036620000.0000001
1,62,2000,40000000,71600,628812,"2009-11-03T00:00:00",59300,18.138111298482293,19.4,19.1,20.3,17.9,20.3,,,,0,0,66,0,0,159100,"KMF",1075590000
1,98,0,0,172600,637112,"2009-11-02T00:00:00",157200,19.208587786259542,18.3,19.4,19.5,18,19.5,,,,0,0,92,0,0,191900,"KMF",3019590000
1,97,1000,18400000,248400,637112,"2009-10-30T00:00:00",127500,18.339764705882352,17.2,18.4,18.4,16.2,18,,,,0,0,29,0,0,127500,"KMF",2338320000
1,15,0,0,20300,638112,"2009-10-29T00:00:00",20300,17.219704433497537,18.3,17.2,17.4,17.2,17.4,,,,0,0,57,7300,125560000,92300,"KMF",349560000
1,53,0,0,65800,630812,"2009-10-28T00:00:00",65800,18.42462006079027,19.6,18.3,19.6,18.3,18.3,,,,0,0,69,0,0,118300,"KMF",1212340000
1,13,0,0,11400,0,"2009-10-27T00:00:00",11400,19.6,20.4,19.6,19.6,19.6,19.6,,,,0,0,116,0,0,189500,"KMF",223440000
1,64,0,0,105800,630812,"2009-10-26T00:00:00",105800,20.985066162570888,21.9,20.4,23.4,20.4,22.8,,,,0,0,141,0,0,180100,"KMF",2220220000
1,88,0,0,455400,631812,"2009-10-23T00:00:00",148900,21.9,20.5,21.9,21.9,21.9,21.9,,,,0,0,51,0,0,148900,"KMF",3260910000
1,112,0,0,1471200,631812,"2009-10-22T00:00:00",156800,20.5,19.3,20.5,20.5,20.5,20.5,,,,0,0,43,1000,20500000,156800,"KMF",3214400000
1,236,0,0,811000,630812,"2009-10-21T00:00:00",356000,19.247050561797753,18.1,19.3,19.3,18.2,19.2,,,,0,0,141,0,0,356000,"KMF",6851950000.000001
1,135,0,0,688600,630812,"2009-10-20T00:00:00",72200,18.1,17,18.1,18.1,18.1,18.1,,,,0,0,34,0,0,72200,"KMF",1306820000
1,191,0,0,684400,630812,"2009-10-19T00:00:00",29600,17,15.9,17,17,17,17,,,,0,0,12,0,0,29600,"KMF",503200000
1,258,0,0,1114400,630812,"2009-10-16T00:00:00",42300,15.9,14.9,15.9,15.9,15.9,15.9,,,,0,0,28,100,1590000,42300,"KMF",672570000
1,67,0,0,321900,630712,"2009-10-15T00:00:00",122000,14.9,14.2,14.9,14.9,14.9,14.9,,,,0,0,70,0,0,122000,"KMF",1817800000
1,69,0,0,89600,630712,"2009-10-14T00:00:00",56200,14.018327402135231,14,14.2,14.8,13.8,14.8,,,,0,0,100,0,0,152400,"KMF",787830000
1,41,0,0,39200,630712,"2009-10-13T00:00:00",22400,14.183035714285714,14.2,14,15,13.8,14.8,,,,0,0,62,0,0,80700,"KMF",317700000
1,71,0,0,167400,0,"2009-10-12T00:00:00",123700,14.066208569118837,13.3,14.2,14.2,13.5,13.5,,,,0,0,71,0,0,123700,"KMF",1739990000
1,33,0,0,61900,630712,"2009-10-09T00:00:00",22000,13.261818181818182,13.2,13.5,13.5,13,13.5,,,,0,0,45,0,0,75200,"KMF",291760000
1,46,0,0,45000,630712,"2009-10-08T00:00:00",29300,13.001023890784984,13.3,13.2,13.2,12.9,13,,,,0,0,59,0,0,80200,"KMF",380930000
1,47,0,0,40900,630712,"2009-10-07T00:00:00",20600,13.466504854368932,13.1,13.3,13.8,13.2,13.8,,,,0,0,41,0,0,73300,"KMF",277410000
1,60,0,0,66700,630712,"2009-10-06T00:00:00",44500,13.158426966292135,13.5,13.1,13.5,13,13.5,,,,0,0,32,0,0,77400,"KMF",585550000
1,58,0,0,62000,630712,"2009-10-05T00:00:00",36900,13.056368563685638,13.5,13.5,14,12.6,14,,,,0,0,39,0,0,70000,"KMF",481780000
1,46,0,0,65900,630712,"2009-10-02T00:00:00",34400,13.533430232558139,14.5,13.4,13.8,13.4,13.8,,,,0,0,69,0,0,114200,"KMF",465550000
1,53,0,0,72800,630712,"2009-10-01T00:00:00",50200,14.444621513944224,14.6,14.5,14.9,13.5,14.6,,,,0,0,100,0,0,142900,"KMF",725120000
1,73,0,0,113900,630712,"2009-09-30T00:00:00",76200,14.114566929133858,13.9,14.6,14.6,13.6,14,,,,0,0,60,0,0,77600,"KMF",1075530000
1,75,0,0,85000,630712,"2009-09-29T00:00:00",67000,13.747462686567163,14.2,13.9,14,13.5,13.5,,,,0,0,71,0,0,113700,"KMF",921080000
1,42,0,0,49300,630712,"2009-09-28T00:00:00",38200,14.484031413612565,14.3,14.2,15,14.1,14.8,,,,0,0,74,0,0,90800,"KMF",553290000
1,47,0,0,77400,630712,"2009-09-25T00:00:00",53000,14.262830188679246,13.9,14.2,14.5,13.6,14.3,,,,0,0,74,0,0,84400,"KMF",755930000
1,44,0,0,66700,630712,"2009-09-24T00:00:00",43900,13.803644646924829,14.4,13.9,14,13.5,14,,,,0,0,80,0,0,96900,"KMF",605980000
1,125,0,0,183200,630712,"2009-09-23T00:00:00",175100,14.392632781267846,13.6,14.4,14.4,14.2,14.4,,,,0,0,124,0,0,177100,"KMF",2520150000
1,82,0,0,192900,630712,"2009-09-22T00:00:00",101200,13.479545454545454,13,13.6,13.6,13,13,,,,0,0,83,0,0,101200,"KMF",1364130000
1,52,0,0,94900,630712,"2009-09-21T00:00:00",53100,12.787005649717514,12.6,13,13.1,12.6,12.6,,,,0,0,68,0,0,80500,"KMF",678990000
1,35,0,0,24400,630712,"2009-09-18T00:00:00",9400,12.578723404255319,12.5,12.6,12.7,12.5,12.6,,,,0,0,33,0,0,43400,"KMF",118240000
1,34,0,0,37000,630712,"2009-09-17T00:00:00",22700,12.654185022026432,12.6,12.5,13.3,12.5,13.3,,,,0,0,69,0,0,69400,"KMF",287250000
1,42,0,0,37900,630712,"2009-09-16T00:00:00",21000,12.545714285714286,12.5,12.6,12.7,12.4,12.5,,,,0,0,40,0,0,54000,"KMF",263460000
1,79,0,0,75600,630712,"2009-09-15T00:00:00",51200,12.4208984375,13,12.5,12.9,12.1,12.9,,,,0,0,53,0,0,86200,"KMF",635950000
1,46,0,0,41600,630712,"2009-09-14T00:00:00",36500,12.957808219178082,13.3,13,13.2,12.8,13.2,,,,0,0,55,0,0,61200,"KMF",472959999.99999994
1,60,0,0,55800,630712,"2009-09-11T00:00:00",43000,13.314186046511628,13.2,13.2,14,13,14,,,,0,0,101,0,0,96800,"KMF",572510000
1,121,0,0,288900,630712,"2009-09-10T00:00:00",215000,13.198651162790698,12.6,13.2,13.2,13.1,13.2,,,,0,0,87,0,0,215000,"KMF",2837710000
1,105,0,0,213800,630712,"2009-09-09T00:00:00",125700,12.393953858393,11.9,12.6,12.6,12,12,,,,0,0,61,0,0,125700,"KMF",1557920000
1,49,0,0,53500,630712,"2009-09-08T00:00:00",30700,11.816612377850163,11.5,11.9,11.9,11.6,11.9,,,,0,0,26,0,0,48300,"KMF",362770000
1,42,0,0,29400,630712,"2009-09-07T00:00:00",16500,11.381818181818183,11.8,11.5,11.5,11.2,11.3,,,,0,0,28,0,0,31000,"KMF",187800000
1,78,0,0,74600,630712,"2009-09-04T00:00:00",55600,11.810791366906475,12.1,11.5,12.3,11.3,12.1,,,,0,0,66,0,0,83200,"KMF",656680000
1,64,0,0,155900,630712,"2009-09-03T00:00:00",67600,12.095710059171598,12.7,12.1,12.5,11.9,12.5,,,,0,0,84,0,0,120100,"KMF",817670000
1,52,0,0,65400,630712,"2009-09-01T00:00:00",53100,12.723540489642184,12.3,12.4,13.1,12.1,13.1,,,,0,0,132,0,0,141200,"KMF",675620000
1,36,0,0,158600,630712,"2009-08-31T00:00:00",38400,12.3,11.5,12.3,12.3,12.3,12.3,,,,0,0,34,0,0,38400,"KMF",472320000
1,53,0,0,184600,630712,"2009-08-28T00:00:00",46600,11.491845493562233,11,11.6,11.6,11,11,,,,0,0,51,0,0,46600,"KMF",535520000
1,54,500,5250000,53700,629712,"2009-08-27T00:00:00",22900,10.941921397379913,10.6,11,11,10.5,10.6,,,,0,0,34,0,0,46500,"KMF",250570000
1,48,0,0,45100,630212,"2009-08-26T00:00:00",5900,10.715254237288136,10.6,10.6,10.9,10.6,10.7,,,,0,0,37,0,0,38000,"KMF",63220000
1,54,0,0,50000,630212,"2009-08-25T00:00:00",13200,10.541666666666666,10.7,10.6,10.6,10.4,10.6,,,,0,0,57,0,0,72800,"KMF",139150000
1,35,0,0,29000,630212,"2009-08-24T00:00:00",14600,10.858219178082193,11,10.7,11.1,10.3,10.3,,,,0,0,55,1000,11000000,59600,"KMF",158530000
1,52,0,0,75300,630212,"2009-08-21T00:00:00",38700,11.024289405684755,10.5,11,11.3,10.8,10.8,,,,0,0,57,0,0,82600,"KMF",426640000
1,27,0,0,22000,630212,"2009-08-20T00:00:00",8600,10.62906976744186,10.5,10.5,10.9,10.5,10.5,,,,0,0,39,0,0,51300,"KMF",91410000
1,63,0,0,51300,630212,"2009-08-19T00:00:00",19400,10.554123711340205,10.8,10.5,10.8,10.1,10.8,,,,0,0,33,0,0,48700,"KMF",204750000
1,51,0,0,32900,630212,"2009-08-18T00:00:00",15400,10.537662337662338,11,10.8,10.8,10.1,10.8,,,,0,0,28,0,0,41000,"KMF",162280000
1,32,0,0,15200,630212,"2009-08-17T00:00:00",7500,10.814666666666666,11,11,11,10.6,10.7,,,,0,0,26,0,0,30400,"KMF",81110000
1,25,0,0,17400,630212,"2009-08-14T00:00:00",8900,10.965168539325843,11,11,11.1,10.9,11.1,,,,0,0,38,0,0,37800,"KMF",97590000
1,56,0,0,74700,630212,"2009-08-13T00:00:00",59000,11.14542372881356,11.1,11,11.5,10.9,11.4,,,,0,0,58,0,0,78500,"KMF",657580000
1,35,0,0,30200,630212,"2009-08-12T00:00:00",10300,11.142718446601943,11.1,11.1,11.4,11,11.4,,,,0,0,33,0,0,41000,"KMF",114770000.00000001
1,50,1500,16500000,38300,630212,"2009-08-11T00:00:00",19700,11.05279187817259,11,11.1,11.2,11,11,,,,0,0,33,0,0,33100,"KMF",217740000
1,43,0,0,39400,631712,"2009-08-10T00:00:00",26800,11.042537313432836,11.2,11,11.5,10.9,11.5,,,,0,0,40,0,0,49900,"KMF",295940000
1,31,0,0,21400,631712,"2009-08-07T00:00:00",7300,11.2013698630137,11.2,11.2,11.8,11,11.8,,,,0,0,45,0,0,37300,"KMF",81770000
1,32,0,0,25000,631712,"2009-08-06T00:00:00",12000,11.2825,11.2,11.2,11.7,11,11.3,,,,0,0,37,0,0,36600,"KMF",135390000
1,35,0,0,30400,631712,"2009-08-05T00:00:00",25900,11.207722007722008,11.8,11.2,11.5,11.1,11.5,,,,0,0,70,0,0,61200,"KMF",290280000
1,52,0,0,42100,631712,"2009-08-04T00:00:00",23200,11.802586206896553,11.2,11.8,11.9,11.6,11.9,,,,0,0,49,0,0,36600,"KMF",273820000
1,63,0,0,61400,631712,"2009-08-03T00:00:00",47300,11.195137420718817,10.5,11.2,11.2,11,11.2,,,,0,0,63,0,0,47300,"KMF",529530000
1,53,0,0,90000,631712,"2009-07-31T00:00:00",2300,10.5,9.9,10.5,10.5,10.5,10.5,,,,0,0,5,0,0,2300,"KMF",24150000
1,40,0,0,64100,631712,"2009-07-30T00:00:00",13300,9.9,9.3,9.9,9.9,9.9,9.9,,,,0,0,10,0,0,13300,"KMF",131670000
1,24,0,0,14700,631712,"2009-07-29T00:00:00",14700,9.318367346938777,10,9.3,9.5,9.3,9.5,,,,0,0,25,0,0,36300,"KMF",136980000
1,13,0,0,10800,631712,"2009-07-28T00:00:00",7900,9.954430379746835,10.6,10,10.9,9.9,10.9,,,,0,0,44,0,0,21000,"KMF",78640000
1,16,0,0,3100,631712,"2009-07-27T00:00:00",2800,10.64642857142857,10.2,10.6,10.9,10.4,10.9,,,,0,0,27,0,0,8200,"KMF",29809999.999999996
1,15,0,0,27300,631712,"2009-07-24T00:00:00",700,10.2,9.6,10.2,10.2,10.2,10.2,,,,0,0,4,0,0,700,"KMF",7140000
1,25,0,0,9700,631712,"2009-07-23T00:00:00",2600,9.557692307692308,9.1,9.6,9.6,9.4,9.6,,,,0,0,7,0,0,2600,"KMF",24850000.000000004
1,18,0,0,10100,631712,"2009-07-22T00:00:00",2800,8.957142857142857,8.9,9.1,9.1,8.5,8.7,,,,0,0,12,0,0,14000,"KMF",25080000
1,18,0,0,8400,631712,"2009-07-21T00:00:00",1400,8.935714285714287,9.5,8.9,9,8.9,9,,,,0,0,10,0,0,4400,"KMF",12510000
1,10,0,0,4400,631712,"2009-07-20T00:00:00",2200,9.5,10,9.5,9.5,9.5,9.5,,,,0,0,15,0,0,7600,"KMF",20900000
1,9,0,0,1800,631712,"2009-07-17T00:00:00",300,10,10.4,10.4,10.4,9.8,9.8,,,,0,0,26,0,0,7500,"KMF",3000000
1,19,0,0,13700,631712,"2009-07-16T00:00:00",7200,10.36111111111111,10.2,10.4,10.6,10,10.6,,,,0,0,20,0,0,13800,"KMF",74600000
1,15,0,0,10200,631712,"2009-07-15T00:00:00",4700,10.195744680851064,10,10.2,10.5,10.1,10.5,,,,0,0,23,0,0,11200,"KMF",47920000
1,21,0,0,8600,631712,"2009-07-14T00:00:00",5800,9.979310344827587,10.5,10,11,9.9,10.6,,,,0,0,29,0,0,18700,"KMF",57880000.00000001
1,11,0,0,1700,631712,"2009-07-13T00:00:00",800,10.5875,10.5,10.5,11.2,10.5,11.2,,,,0,0,27,0,0,16500,"KMF",8470000
1,20,0,0,6900,631712,"2009-07-10T00:00:00",6900,10.466666666666667,11.1,10.4,10.7,10.4,10.7,,,,0,0,34,0,0,22000,"KMF",72220000
1,10,0,0,3200,631712,"2009-07-09T00:00:00",1300,11.107692307692309,11.1,11.1,11.4,11,11.4,,,,0,0,20,0,0,23500,"KMF",14440000.000000002
1,31,0,0,32200,631712,"2009-07-08T00:00:00",6400,10.7640625,10.4,11.1,11.1,10,11.1,,,,0,0,24,0,0,8700,"KMF",68890000
1,39,0,0,52600,631712,"2009-07-07T00:00:00",18000,10.397222222222222,9.9,10.4,10.4,10.3,10.4,,,,0,0,16,0,0,18000,"KMF",187150000
1,37,0,0,30700,631712,"2009-07-06T00:00:00",11300,9.793805309734513,9.3,9.9,9.9,9.3,9.3,,,,0,0,7,0,0,11300,"KMF",110670000
1,21,0,0,7700,631712,"2009-07-03T00:00:00",1800,9.338888888888889,9.6,9.8,9.8,9,9,,,,0,0,24,0,0,9800,"KMF",16810000
1,14,0,0,8600,631712,"2009-07-02T00:00:00",7400,9.622972972972974,9.6,9.6,9.7,9.3,9.3,,,,0,0,13,0,0,21200,"KMF",71210000
1,15,0,0,9300,631712,"2009-07-01T00:00:00",9300,9.810752688172043,10.1,9.6,10.4,9.6,9.6,,,,0,0,37,0,0,19500,"KMF",91240000
1,26,0,0,9100,631712,"2009-06-30T00:00:00",9100,10.332967032967034,10.7,10.1,10.8,10.1,10.8,,,,0,0,29,0,0,18200,"KMF",94030000
1,8,0,0,3700,631712,"2009-06-29T00:00:00",3400,10.761764705882353,11.4,10.7,11.5,10.7,11.5,,,,0,0,22,0,0,14000,"KMF",36590000
1,16,0,0,11400,631712,"2009-06-26T00:00:00",8000,11.425,11.5,11.3,11.9,10.9,11.9,,,,0,0,31,0,0,27400,"KMF",91400000
1,21,0,0,9100,631712,"2009-06-25T00:00:00",5200,11.590384615384615,11.6,11.5,11.9,11.3,11.3,,,,0,0,16,0,0,8800,"KMF",60270000
1,36,0,0,25900,631712,"2009-06-24T00:00:00",22400,11.247767857142858,10.9,11.6,11.6,10.2,10.2,,,,0,0,19,0,0,22400,"KMF",251950000
1,7,0,0,2900,631712,"2009-06-23T00:00:00",2900,10.9,11.7,10.9,10.9,10.9,10.9,,,,0,0,25,0,0,25600,"KMF",31610000
1,11,0,0,3100,631712,"2009-06-22T00:00:00",3100,11.73225806451613,12.5,11.7,12.5,11.7,11.7,,,,0,0,29,0,0,27200,"KMF",36370000
1,21,0,0,19800,631712,"2009-06-19T00:00:00",6400,12.4796875,12.4,12.7,13.1,12.2,13.1,,,,0,0,47,0,0,39400,"KMF",79870000
1,45,0,0,50100,631712,"2009-06-18T00:00:00",23000,12.378695652173914,12,12.4,12.4,12.2,12.4,,,,0,0,14,0,0,23000,"KMF",284710000
1,43,0,0,47000,631712,"2009-06-17T00:00:00",25400,11.583070866141732,12.2,12,12.6,11.4,12.6,,,,0,0,36,0,0,34400,"KMF",294210000
1,6,0,0,2200,631712,"2009-06-16T00:00:00",2200,12.2,13.2,12.2,12.2,12.2,12.2,,,,0,0,29,0,0,27400,"KMF",26840000
1,34,0,0,12700,631712,"2009-06-15T00:00:00",12600,13.080158730158729,13.9,13.2,14.8,13,14.8,,,,0,0,50,0,0,50000,"KMF",164810000
1,66,0,0,93400,631712,"2009-06-12T00:00:00",86000,13.92860465116279,13.4,13.8,14.1,13.8,14,,,,0,0,103,0,0,127300,"KMF",1197860000
1,68,0,0,73100,631712,"2009-06-11T00:00:00",46200,13.392207792207792,13.5,13.4,14,13,13,,,,0,0,64,0,0,61200,"KMF",618720000
1,16,0,0,9800,631712,"2009-06-10T00:00:00",9800,13.50612244897959,13.8,13.5,13.8,13.5,13.8,,,,0,0,75,0,0,91400,"KMF",132360000
1,73,0,0,44800,631712,"2009-06-09T00:00:00",39000,14.477692307692308,14.4,13.8,15.4,13.5,15.4,,,,0,0,99,0,0,86200,"KMF",564630000
1,93,0,0,79300,630712,"2009-06-08T00:00:00",46500,14.398494623655914,13.5,14.4,14.4,14.2,14.4,,,,0,0,36,0,0,46500,"KMF",669530000
1,82,0,0,92800,631712,"2009-06-05T00:00:00",67500,13.479851851851851,12.9,13.5,13.5,13.3,13.3,,,,0,0,50,0,0,67500,"KMF",909890000
1,104,0,0,145000,630712,"2009-06-04T00:00:00",97300,12.729085303186022,12.2,12.9,12.9,12,12,,,,0,0,71,0,0,97300,"KMF",1238540000
1,63,0,0,55000,630712,"2009-06-03T00:00:00",46500,12.114838709677418,12.7,12.2,13.1,11.9,12.4,,,,0,0,89,1000,12000000,102400,"KMF",563340000
1,64,1000,12700000,77000,630712,"2009-06-02T00:00:00",67400,12.69213649851632,11.9,12.7,12.7,12.5,12.7,,,,0,0,38,0,0,73900,"KMF",855450000
1,77,0,0,85200,631712,"2009-06-01T00:00:00",25600,11.873828125,11.2,11.9,11.9,11.2,11.2,,,,0,0,20,0,0,25600,"KMF",303970000
1,35,0,0,35100,631712,"2009-05-29T00:00:00",35100,11.163532763532762,11.8,11.1,11.8,11.1,11.8,,,,0,0,65,0,0,74500,"KMF",391840000
1,60,0,0,70100,631712,"2009-05-28T00:00:00",70100,11.899714693295293,12.6,11.8,12.6,11.8,12.6,,,,0,0,86,0,0,111300,"KMF",834170000
1,92,0,0,94600,631712,"2009-05-27T00:00:00",70500,12.556312056737589,11.8,12.6,12.6,12.1,12.6,,,,0,0,51,0,0,70500,"KMF",885220000
1,35,0,0,49200,631712,"2009-05-26T00:00:00",10600,11.8,11.1,11.8,11.8,11.8,11.8,,,,0,0,8,0,0,10600,"KMF",125080000
1,48,0,0,43600,631712,"2009-05-25T00:00:00",20300,11.08768472906404,10.4,11.1,11.1,11,11,,,,0,0,12,0,0,20300,"KMF",225080000
1,88,0,0,151500,631712,"2009-05-22T00:00:00",82000,10.384512195121951,10.1,10.5,10.5,9.4,10.5,,,,0,0,53,0,0,82000,"KMF",851530000
1,138,0,0,299100,631712,"2009-05-21T00:00:00",160100,9.907745159275454,9.5,10.1,10.1,9,10.1,,,,0,0,58,0,0,160100,"KMF",1586230000
1,44,0,0,63800,631712,"2009-05-20T00:00:00",5900,9.5,8.9,9.5,9.5,9.5,9.5,,,,0,0,7,0,0,5900,"KMF",56050000
1,53,0,0,114500,631712,"2009-05-19T00:00:00",4700,8.9,8.4,8.9,8.9,8.9,8.9,,,,0,0,6,0,0,4700,"KMF",41830000
1,52,0,0,178100,631712,"2009-05-18T00:00:00",17500,8.4,7.9,8.4,8.4,8.4,8.4,,,,0,0,10,0,0,17500,"KMF",147000000
1,35,0,0,92000,631712,"2009-05-15T00:00:00",4100,7.9,7.4,7.9,7.9,7.9,7.9,,,,0,0,6,0,0,4100,"KMF",32390000
1,61,0,0,211600,631712,"2009-05-14T00:00:00",50000,7.372199999999999,7,7.4,7.4,7.3,7.4,,,,0,0,21,0,0,50000,"KMF",368610000
1,43,0,0,136700,631712,"2009-05-13T00:00:00",12800,7,6.6,7,7,7,7,,,,0,0,13,0,0,12800,"KMF",89600000
1,58,0,0,109000,631712,"2009-05-12T00:00:00",40600,6.580295566502463,6.1,6.6,6.6,6.4,6.4,,,,0,0,35,0,0,40600,"KMF",267160000
1,38,0,0,65600,631712,"2009-05-11T00:00:00",28800,6.159722222222222,5.9,6.1,6.3,5.9,6.1,,,,0,0,21,0,0,31200,"KMF",177400000
1,30,0,0,22000,631712,"2009-05-08T00:00:00",10000,5.93,5.9,5.9,6,5.8,6,,,,0,0,20,0,0,54800,"KMF",59300000
1,19,0,0,31900,631712,"2009-05-07T00:00:00",18400,6.032065217391304,6,5.9,6.2,5.9,6.1,,,,0,0,30,0,0,67900,"KMF",110990000
1,17,0,0,12800,631712,"2009-05-06T00:00:00",12800,6.07109375,5.8,6,6.6,6,6.6,,,,0,0,52,0,0,67900,"KMF",77710000
1,29,0,0,36400,631712,"2009-05-05T00:00:00",19700,6.3644670050761425,6,5.8,6.4,5.8,6.3,,,,0,0,25,0,0,26200,"KMF",125380000
1,17,0,0,39900,631712,"2009-05-04T00:00:00",6300,6,5.7,6,6,6,6,,,,0,0,7,0,0,6300,"KMF",37800000
1,11,0,0,16500,631712,"2009-04-29T00:00:00",7200,5.745833333333333,5.8,5.7,5.8,5.7,5.8,,,,0,0,16,0,0,25800,"KMF",41370000
1,7,0,0,6600,631712,"2009-04-28T00:00:00",1900,5.8,5.8,5.8,5.8,5.8,5.8,,,,0,0,9,0,0,28000,"KMF",11020000
1,15,0,0,16200,631712,"2009-04-27T00:00:00",6400,5.8,5.7,5.8,5.8,5.8,5.8,,,,0,0,10,0,0,14300,"KMF",37120000
1,12,0,0,11200,631712,"2009-04-24T00:00:00",9200,5.654347826086957,5.8,5.6,5.8,5.6,5.8,,,,0,0,16,0,0,38900,"KMF",52020000.00000001
1,13,0,0,11300,631712,"2009-04-23T00:00:00",3900,5.894871794871795,6,5.8,6.1,5.8,6.1,,,,0,0,19,0,0,16700,"KMF",22990000
1,31,0,0,29900,631712,"2009-04-22T00:00:00",13400,5.858208955223881,5.8,6,6.1,5.6,5.6,,,,0,0,16,0,0,22000,"KMF",78500000
1,7,0,0,20600,631712,"2009-04-21T00:00:00",14000,5.8,6.2,5.8,5.8,5.8,5.8,,,,0,0,13,0,0,15600,"KMF",81200000
1,9,0,0,9400,631712,"2009-04-20T00:00:00",9400,6.224468085106383,6.6,6.2,6.3,6.2,6.3,,,,0,0,15,0,0,32100,"KMF",58510000
1,15,0,0,16000,631712,"2009-04-17T00:00:00",16000,6.640625,6.9,6.5,7,6.5,7,,,,0,0,34,0,0,57200,"KMF",106250000
1,24,0,0,31400,631712,"2009-04-16T00:00:00",21600,6.94537037037037,6.8,6.9,7.1,6.7,7,,,,0,0,30,0,0,36700,"KMF",150020000
1,27,0,0,40300,631712,"2009-04-15T00:00:00",14000,6.905714285714286,7,6.8,7.3,6.6,7.3,,,,0,0,32,400,2760000,38400,"KMF",96680000
1,26,200,1380000,28400,631312,"2009-04-14T00:00:00",19000,6.915789473684211,6.7,7,7,6.6,7,,,,0,0,25,0,0,19000,"KMF",131400000
1,53,0,0,53400,631512,"2009-04-13T00:00:00",25700,6.63852140077821,6.3,6.7,6.7,6.3,6.6,,,,0,0,14,0,0,25700,"KMF",170610000
1,39,0,0,41500,631512,"2009-04-10T00:00:00",25900,6.269111969111969,5.8,6.4,6.4,6,6,,,,0,0,22,0,0,49800,"KMF",162370000
1,9,0,0,15200,631512,"2009-04-09T00:00:00",8200,5.995121951219512,5.6,5.8,6.2,5.8,5.8,,,,0,0,17,0,0,13100,"KMF",49160000
1,25,0,0,23100,631512,"2009-04-08T00:00:00",17500,5.793142857142857,5.9,5.6,6.2,5.5,5.8,,,,0,0,24,0,0,28200,"KMF",101380000
1,19,0,0,18900,631512,"2009-04-07T00:00:00",12900,5.9147286821705425,5.7,5.9,6,5.7,5.7,,,,0,0,15,0,0,14100,"KMF",76300000
1,34,0,0,32500,631512,"2009-04-03T00:00:00",19800,5.67020202020202,5.4,5.7,5.7,5.5,5.7,,,,0,0,16,0,0,19800,"KMF",112270000
1,16,0,0,13500,631512,"2009-04-02T00:00:00",6400,5.3640625,5.5,5.4,5.6,5.3,5.3,,,,0,0,24,0,0,18200,"KMF",34330000
1,12,0,0,5700,631512,"2009-04-01T00:00:00",4600,5.5,5.5,5.5,5.5,5.5,5.5,,,,0,0,13,0,0,15600,"KMF",25300000
1,5,0,0,2200,631512,"2009-03-31T00:00:00",2200,5.472727272727273,5.3,5.5,5.5,5.3,5.3,,,,0,0,9,0,0,5000,"KMF",12040000
1,13,0,0,15300,631512,"2009-03-30T00:00:00",11100,5.261261261261261,5.5,5.3,5.4,5.2,5.3,,,,0,0,13,0,0,17100,"KMF",58400000
1,12,0,0,13900,631512,"2009-03-27T00:00:00",13000,5.516153846153846,5.3,5.2,5.8,5.2,5.8,,,,0,0,17,0,0,17500,"KMF",71710000
1,10,0,0,10600,631512,"2009-03-26T00:00:00",2800,5.464285714285714,5.3,5.3,5.5,5.3,5.5,,,,0,0,11,0,0,13400,"KMF",15300000.000000002
1,11,0,0,18900,631512,"2009-03-25T00:00:00",11300,5.3212389380530976,5.6,5.3,5.9,5.3,5.9,,,,0,0,15,0,0,26600,"KMF",60130000
1,15,0,0,14900,631512,"2009-03-24T00:00:00",8000,5.57625,5.5,5.6,5.6,5.4,5.6,,,,0,0,15,0,0,9700,"KMF",44610000
1,12,0,0,15200,631512,"2009-03-23T00:00:00",15000,5.322,5.4,5.5,5.7,5.1,5.5,,,,0,0,18,0,0,21000,"KMF",79830000
1,15,0,0,20900,631512,"2009-03-20T00:00:00",12400,5.361290322580645,5.1,5.5,5.5,5.2,5.3,,,,0,0,16,0,0,12800,"KMF",66480000
1,7,0,0,7100,631512,"2009-03-19T00:00:00",3000,5.166666666666667,5.2,5.1,5.3,5.1,5.1,,,,0,0,17,0,0,9300,"KMF",15500000
1,16,0,0,17400,631512,"2009-03-18T00:00:00",10900,5.197247706422019,5,5.2,5.2,4.9,4.9,,,,0,0,12,0,0,10900,"KMF",56650000
1,25,0,0,27300,631512,"2009-03-17T00:00:00",11800,4.898305084745763,4.7,5,5,4.8,4.8,,,,0,0,11,0,0,11800,"KMF",57800000
1,18,0,0,23300,631512,"2009-03-16T00:00:00",3800,4.652631578947369,4.5,4.7,4.7,4.6,4.6,,,,0,0,6,0,0,4000,"KMF",17680000
1,12,0,0,14800,631512,"2009-03-13T00:00:00",4400,4.545454545454545,4.7,4.4,4.8,4.4,4.8,,,,0,0,10,0,0,6700,"KMF",20000000
1,11,0,0,11000,631512,"2009-03-12T00:00:00",7200,4.634722222222223,5.1,4.7,4.7,4.6,4.6,,,,0,0,11,0,0,9200,"KMF",33370000.000000004
1,16,0,0,10700,631512,"2009-03-11T00:00:00",6500,4.916923076923077,4.9,5.1,5.1,4.8,5,,,,0,0,12,0,0,12900,"KMF",31960000
1,13,0,0,10900,631512,"2009-03-10T00:00:00",5400,4.87962962962963,4.6,4.9,4.9,4.8,4.8,,,,0,0,8,0,0,5400,"KMF",26350000
1,4,0,0,3300,631512,"2009-03-09T00:00:00",0,4.6,4.6,4.6,4.6,4.6,4.6,,,,0,0,5,0,0,6700,"KMF",0
1,7,0,0,2900,631512,"2009-03-06T00:00:00",200,4.6,4.6,4.6,4.6,4.6,4.6,,,,0,0,6,0,0,4300,"KMF",920000
1,9,100,450000,7300,631512,"2009-03-05T00:00:00",1200,4.591666666666667,4.3,4.6,4.6,4.5,4.5,,,,0,0,5,0,0,1900,"KMF",5510000
1,11,0,0,9200,631612,"2009-03-04T00:00:00",2400,4.283333333333333,4.4,4.3,4.3,4.2,4.2,,,,0,0,6,0,0,3400,"KMF",10280000
1,8,0,0,2100,631612,"2009-03-03T00:00:00",1800,4.4,4.7,4.4,4.4,4.4,4.4,,,,0,0,4,0,0,4000,"KMF",7920000
1,2,0,0,400,631612,"2009-03-02T00:00:00",0,4.7,4.7,4.7,4.7,4.7,4.7,,,,0,0,4,0,0,7500,"KMF",0
1,6,0,0,2700,631612,"2009-02-27T00:00:00",1300,4.723076923076923,4.8,4.7,4.8,4.7,4.8,,,,0,0,7,0,0,6700,"KMF",6140000
1,4,0,0,1300,631612,"2009-02-26T00:00:00",200,4.8,4.8,4.8,4.8,4.8,4.8,,,,0,0,3,0,0,6700,"KMF",960000
1,6,0,0,5200,631612,"2009-02-25T00:00:00",2100,4.8,4.8,4.8,4.8,4.8,4.8,,,,0,0,8,0,0,9600,"KMF",10080000
1,2,0,0,3100,631612,"2009-02-24T00:00:00",3000,4.8,4.8,4.8,4.8,4.8,4.8,,,,0,0,9,0,0,7000,"KMF",14400000
1,2,0,0,200,631612,"2009-02-23T00:00:00",0,4.8,4.8,4.8,4.8,4.8,4.8,,,,0,0,3,0,0,2300,"KMF",0
1,2,0,0,800,631612,"2009-02-20T00:00:00",400,4.8,5,4.8,4.8,4.8,4.8,,,,0,0,5,0,0,5100,"KMF",1920000
1,3,0,0,700,631612,"2009-02-19T00:00:00",100,5,4.8,5,5,5,5,,,,0,0,3,0,0,3000,"KMF",500000
1,6,0,0,2700,631612,"2009-02-18T00:00:00",2700,4.825925925925926,5.1,4.8,4.9,4.8,4.9,,,,0,0,11,0,0,11100,"KMF",13030000
1,7,0,0,6300,631612,"2009-02-17T00:00:00",4300,5.1,5,5.1,5.1,5.1,5.1,,,,0,0,8,0,0,9600,"KMF",21930000
1,14,0,0,5700,631612,"2009-02-16T00:00:00",2400,5.0625,5,5,5.2,5,5,,,,0,0,8,0,0,4400,"KMF",12150000
1,7,0,0,2000,631612,"2009-02-13T00:00:00",600,5,5,5,5,5,5,,,,0,0,4,0,0,5600,"KMF",3000000
1,13,0,0,8700,627612,"2009-02-12T00:00:00",2200,4.85,4.7,5,5,4.7,4.7,,,,0,0,4,0,0,2900,"KMF",10670000
1,2,0,0,4100,627612,"2009-02-11T00:00:00",100,4.7,5,4.7,4.7,4.7,4.7,,,,0,0,4,0,0,2200,"KMF",470000
1,5,0,0,6400,627612,"2009-02-10T00:00:00",4500,4.933333333333333,5.1,5,5.1,4.9,5.1,,,,0,0,5,4000,19700000,6900,"KMF",22200000
1,7,0,0,7900,627612,"2009-02-09T00:00:00",1300,5.1,5.3,5.1,5.1,5.1,5.1,,,,0,0,5,0,0,1800,"KMF",6630000
1,4,0,0,9300,627612,"2009-02-06T00:00:00",4100,5.295121951219512,5.4,5.3,5.3,5.1,5.1,,,,0,0,8,0,0,6000,"KMF",21710000
1,3,0,0,700,627612,"2009-02-05T00:00:00",500,5.44,5.6,5.4,5.5,5.4,5.5,,,,0,0,6,0,0,1900,"KMF",2720000
1,4,0,0,2200,627612,"2009-02-04T00:00:00",500,5.6,5.8,5.6,5.6,5.6,5.6,,,,0,0,5,0,0,3200,"KMF",2800000
1,2,0,0,300,627612,"2009-02-03T00:00:00",0,5.8,6,5.8,5.8,5.8,5.8,,,,0,0,3,0,0,5400,"KMF",0
1,7,0,0,2000,627612,"2009-02-02T00:00:00",200,5.8,5.8,6,6,5.6,5.6,,,,0,0,4,0,0,2000,"KMF",1160000
1,5,0,0,2300,627612,"2009-01-23T00:00:00",800,5.8375,6.1,6.1,6.1,5.8,5.8,,,,0,0,6,0,0,1800,"KMF",4670000
1,3,0,0,1000,627612,"2009-01-22T00:00:00",0,6.1,6,6.1,6.1,6.1,6.1,,,,0,0,4,0,0,1400,"KMF",0
1,6,0,0,3900,627612,"2009-01-21T00:00:00",300,6.1,5.9,6,6.3,6,6.3,,,,0,0,4,0,0,2000,"KMF",1830000
1,5,0,0,1200,627612,"2009-01-20T00:00:00",100,5.9,5.8,5.9,5.9,5.9,5.9,,,,0,0,5,0,0,2800,"KMF",590000
1,6,0,0,1800,627612,"2009-01-19T00:00:00",700,6.0285714285714285,6,5.8,6.4,5.8,6.4,,,,0,0,7,0,0,3600,"KMF",4220000
1,9,0,0,7600,627612,"2009-01-16T00:00:00",1800,5.988888888888889,6,5.9,6.3,5.9,6.3,,,,0,0,8,0,0,4400,"KMF",10780000
1,5,0,0,7000,627612,"2009-01-15T00:00:00",900,6.111111111111112,6.1,6,6.4,6,6.4,,,,0,0,8,0,0,2600,"KMF",5500000
1,5,0,0,6200,627612,"2009-01-14T00:00:00",800,6.1625,6.2,6.1,6.3,6.1,6.2,,,,0,0,10,0,0,6600,"KMF",4930000
1,4,0,0,6300,627612,"2009-01-13T00:00:00",0,6.2,6.2,6.2,6.2,6.2,6.2,,,,0,0,5,0,0,5400,"KMF",0
1,5,0,0,3800,627612,"2009-01-12T00:00:00",0,6.2,6.2,6.2,6.2,6.2,6.2,,,,0,0,4,0,0,1400,"KMF",0
1,3,0,0,3800,627612,"2009-01-09T00:00:00",400,6.2,6.5,6.2,6.2,6.2,6.2,,,,0,0,3,0,0,1500,"KMF",2480000
1,2,0,0,3100,627612,"2009-01-08T00:00:00",3100,6.5,6.9,6.5,6.5,6.5,6.5,,,,0,0,17,0,0,6200,"KMF",20150000
1,3,0,0,5200,627612,"2009-01-07T00:00:00",100,6.9,6.5,6.9,6.9,6.9,6.9,,,,0,0,9,0,0,7200,"KMF",690000
1,0,0,0,0,627612,"2009-01-06T00:00:00",0,6.5,6.5,6.5,6.5,6.5,6.5,,,,0,0,0,0,0,0,"KMF",0
1,2,0,0,300,627612,"2009-01-05T00:00:00",100,6.5,6.2,6.5,6.5,6.5,6.5,,,,0,0,6,0,0,6500,"KMF",650000
1,4,0,0,1600,627612,"2009-01-02T00:00:00",1500,6.226666666666667,6.1,6.3,6.3,6.1,6.1,,,,0,0,6,0,0,3800,"KMF",9340000
1,4,0,0,5500,627612,"2008-12-31T00:00:00",0,6.1,6.1,6.1,6.1,6.1,6.1,,,,0,0,5,0,0,3000,"KMF",0
1,10,0,0,6300,627612,"2008-12-30T00:00:00",3000,6.073333333333333,6.4,6.1,6.5,6,6.5,,,,0,0,11,0,0,6700,"KMF",18220000
1,0,0,0,0,627612,"2008-12-29T00:00:00",0,6.4,6.4,6.4,6.4,6.4,6.4,,,,0,0,8,0,0,3600,"KMF",0
1,3,0,0,300,627612,"2008-12-26T00:00:00",100,6.4,6,6.4,6.4,6.4,6.4,,,,0,0,6,0,0,3100,"KMF",640000
1,4,0,0,1400,627612,"2008-12-25T00:00:00",1400,6,6.4,6,6,6,6,,,,0,0,9,0,0,5900,"KMF",8400000
1,1,0,0,100,627612,"2008-12-24T00:00:00",0,6.4,6.4,6.4,6.4,6.4,6.4,,,,0,0,5,0,0,2900,"KMF",0
1,1,0,0,100,627612,"2008-12-23T00:00:00",100,6.4,6.8,6.4,6.4,6.4,6.4,,,,0,0,13,0,0,6400,"KMF",640000
1,3,0,0,800,627612,"2008-12-22T00:00:00",300,6.8,6.5,6.8,6.8,6.8,6.8,,,,0,0,7,0,0,2300,"KMF",2040000
1,6,0,0,3100,627612,"2008-12-19T00:00:00",3100,6.522580645161291,6.2,6.3,6.6,6.3,6.5,,,,0,0,7,0,0,5100,"KMF",20220000
1,4,0,0,500,627612,"2008-12-18T00:00:00",300,6.2,6,6.2,6.2,6.2,6.2,,,,0,0,8,0,0,3500,"KMF",1860000
1,4,0,0,1300,627612,"2008-12-17T00:00:00",600,6,5.8,6,6,6,6,,,,0,0,8,0,0,3000,"KMF",3600000
1,1,0,0,500,627612,"2008-12-16T00:00:00",500,5.8,6.2,5.8,5.8,5.8,5.8,,,,0,0,7,0,0,3800,"KMF",2900000
1,8,0,0,7100,627612,"2008-12-15T00:00:00",1500,6.2,5.8,6.2,6.2,6.2,6.2,,,,0,0,5,0,0,1500,"KMF",9300000
1,9,0,0,2200,627612,"2008-12-12T00:00:00",900,5.8,5.5,5.8,5.8,5.8,5.8,,,,0,0,2,0,0,900,"KMF",5220000
1,8,0,0,3100,627612,"2008-12-11T00:00:00",2000,5.5,5.8,5.5,5.5,5.5,5.5,,,,0,0,4,0,0,3500,"KMF",11000000
1,1,0,0,2000,627612,"2008-12-10T00:00:00",1100,5.8,6.1,5.8,5.8,5.8,5.8,,,,0,0,9,0,0,5900,"KMF",6380000
1,5,0,0,2700,627612,"2008-12-09T00:00:00",600,6.183333333333333,5.8,6.1,6.2,6.1,6.2,,,,0,0,3,0,0,1600,"KMF",3710000
1,1,0,0,1000,627612,"2008-12-08T00:00:00",1000,5.8,6.2,5.8,5.8,5.8,5.8,,,,0,0,4,0,0,4100,"KMF",5800000
1,8,0,0,2800,627612,"2008-12-05T00:00:00",1000,6.21,6.3,6.3,6.3,6,6,,,,0,0,5,0,0,5600,"KMF",6210000
1,10,0,0,5200,627612,"2008-12-04T00:00:00",4200,6.321428571428571,6.6,6.3,6.4,6.2,6.4,,,,0,0,5,0,0,4700,"KMF",26550000
1,4,0,0,1200,627612,"2008-12-03T00:00:00",1200,6.6,7,6.6,6.6,6.6,6.6,,,,0,0,8,0,0,4900,"KMF",7920000
1,3,0,0,1400,627612,"2008-12-02T00:00:00",100,7,7,7,7,7,7,,,,0,0,7,0,0,5900,"KMF",700000
1,2,0,0,1400,627612,"2008-12-01T00:00:00",1100,6.872727272727273,7.2,7,7,6.8,6.8,,,,0,0,8,0,0,4800,"KMF",7560000
1,9,0,0,16300,627612,"2008-11-28T00:00:00",5500,7.227272727272727,7.1,7.3,7.3,7,7,,,,0,0,8,0,0,7000,"KMF",39750000
1,4,4000,28400000,4200,627612,"2008-11-27T00:00:00",4100,7.1,7.5,7.1,7.1,7.1,7.1,,,,0,0,9,0,0,11600,"KMF",29110000
1,18,0,0,13100,631612,"2008-11-26T00:00:00",10500,7.4695238095238095,7.1,7.5,7.5,7.3,7.5,,,,0,0,15,0,0,11800,"KMF",78430000
1,13,0,0,7100,631612,"2008-11-25T00:00:00",1900,7.084210526315789,6.9,7.1,7.1,7,7.1,,,,0,0,4,0,0,1900,"KMF",13460000
1,8,0,0,5200,631612,"2008-11-24T00:00:00",1600,6.7125,6.5,6.9,6.9,6.6,6.9,,,,0,0,3,0,0,2500,"KMF",10740000
1,4,0,0,2200,631612,"2008-11-21T00:00:00",1000,6.5,6.9,6.5,6.5,6.5,6.5,,,,0,0,4,0,0,3300,"KMF",6500000
1,4,0,0,2400,631612,"2008-11-20T00:00:00",800,6.9,6.7,6.9,6.9,6.9,6.9,,,,0,0,3,0,0,4200,"KMF",5520000
1,8,0,0,6100,631612,"2008-11-19T00:00:00",5800,6.948275862068965,7.1,6.7,7,6.7,7,,,,0,0,7,0,0,7500,"KMF",40300000
1,3,0,0,1400,631612,"2008-11-18T00:00:00",100,7.1,7.2,7.1,7.1,7.1,7.1,,,,0,0,5,0,0,3200,"KMF",710000
1,6,0,0,13100,631612,"2008-11-17T00:00:00",700,7.285714285714286,7.4,7.2,7.3,7.2,7.3,,,,0,0,6,0,0,12300,"KMF",5100000
1,18,0,0,8200,631612,"2008-11-14T00:00:00",4800,7.44375,7.4,7.3,7.9,7.3,7.8,,,,0,0,11,0,0,15400,"KMF",35730000
1,14,0,0,10300,631612,"2008-11-13T00:00:00",1500,7.413333333333333,7.3,7.4,7.7,7.3,7.7,,,,0,0,4,0,0,4600,"KMF",11120000
1,8,0,0,5200,631612,"2008-11-12T00:00:00",200,7.3,7.5,7.3,7.3,7.3,7.3,,,,0,0,5,0,0,2800,"KMF",1460000
1,10,0,0,4600,631612,"2008-11-11T00:00:00",2800,7.5,7.9,7.5,7.5,7.5,7.5,,,,0,0,11,0,0,11500,"KMF",21000000
1,18,0,0,13400,631612,"2008-11-10T00:00:00",13400,7.934328358208956,8.4,7.9,8.4,7.9,8.4,,,,0,0,16,0,0,18500,"KMF",106320000
1,1,0,0,2100,631612,"2008-11-07T00:00:00",2100,8.4,9,8.4,8.4,8.4,8.4,,,,0,0,15,0,0,17100,"KMF",17640000
1,5,0,0,1200,631612,"2008-11-06T00:00:00",1100,9,9,9,9,9,9,,,,0,0,18,0,0,28400,"KMF",9900000
1,21,0,0,23400,631612,"2008-11-05T00:00:00",18800,9.045744680851064,8.7,9,9.1,8.7,9,,,,0,0,19,0,0,23600,"KMF",170060000
1,20,0,0,11400,631612,"2008-11-04T00:00:00",8400,8.55,8.7,8.7,8.7,8.1,8.1,,,,0,0,13,0,0,24500,"KMF",71820000
1,1,0,0,100,631612,"2008-11-03T00:00:00",0,8.7,8.7,8.7,8.7,8.7,8.7,,,,0,0,9,0,0,22400,"KMF",0
1,8,0,0,3900,631612,"2008-10-31T00:00:00",400,8.675,8.5,8.7,8.8,8.5,8.8,,,,0,0,10,0,0,16700,"KMF",3470000
1,18,0,0,13900,631612,"2008-10-30T00:00:00",4800,8.441666666666666,8.3,8.5,8.7,8.4,8.7,,,,0,0,15,0,0,12500,"KMF",40520000
1,27,0,0,22700,631612,"2008-10-29T00:00:00",16700,8.217365269461077,7.8,8.3,8.3,8,8.3,,,,0,0,11,0,0,16700,"KMF",137230000
1,9,0,0,5200,631612,"2008-10-28T00:00:00",4500,7.8,8.3,7.8,7.8,7.8,7.8,,,,0,0,13,0,0,7200,"KMF",35100000
1,5,0,0,1900,631612,"2008-10-27T00:00:00",1200,8.3,8.3,8.3,8.3,8.3,8.3,,,,0,0,10,0,0,11900,"KMF",9960000
1,16,0,0,8100,631612,"2008-10-24T00:00:00",8000,8.325,8.9,8.3,8.4,8.3,8.3,,,,0,0,20,100,830000,19900,"KMF",66600000
1,5,0,0,3100,631512,"2008-10-23T00:00:00",3100,8.9,9.5,8.9,8.9,8.9,8.9,,,,0,0,17,0,0,22100,"KMF",27590000
1,7,0,0,3400,631512,"2008-10-22T00:00:00",3400,9.5,10,9.5,9.5,9.5,9.5,,,,0,0,24,0,0,24700,"KMF",32300000
1,11,0,0,3700,631512,"2008-10-21T00:00:00",1700,10.16470588235294,10.2,10,10.8,9.7,10.4,,,,0,0,27,0,0,24700,"KMF",17280000
1,5,0,0,11300,631512,"2008-10-20T00:00:00",200,10.25,9.7,10.2,10.3,10.2,10.3,,,,0,0,15,0,0,19100,"KMF",2050000
1,23,0,0,17900,631512,"2008-10-17T00:00:00",1600,9.65,9.4,9.9,10.2,9.2,10.2,,,,0,0,15,0,0,8700,"KMF",15440000
1,14,0,0,4900,631512,"2008-10-16T00:00:00",3700,9.55945945945946,10.1,9.4,10.8,9.4,10.8,,,,0,0,34,0,0,26900,"KMF",35370000
1,23,7300,73730000,32500,631512,"2008-10-15T00:00:00",30200,10.07185430463576,9.5,10.1,10.1,9.1,10.1,,,,0,0,15,0,0,34900,"KMF",304170000
1,29,0,0,18700,638812,"2008-10-14T00:00:00",5900,9.5,9,9.5,9.5,9.5,9.5,,,,0,0,3,0,0,5900,"KMF",56050000
1,18,0,0,27700,638812,"2008-10-13T00:00:00",25600,8.943359375,9.5,9,9,8.9,9,,,,0,0,16,0,0,38200,"KMF",228950000
1,19,0,0,17600,638812,"2008-10-10T00:00:00",6400,9.4921875,9.6,9.4,9.6,9.4,9.5,,,,0,0,17,0,0,27600,"KMF",60750000
1,20,0,0,26800,638812,"2008-10-09T00:00:00",19200,9.915104166666666,9.5,9.6,10.1,9.5,9.5,,,,0,0,16,0,0,21900,"KMF",190370000
1,33,0,0,37800,638812,"2008-10-08T00:00:00",12900,9.5,9.3,9.5,9.9,9.3,9.5,,,,0,0,11,0,0,16900,"KMF",122550000
1,15,0,0,11200,638812,"2008-10-07T00:00:00",10300,9.338834951456311,10,9.3,9.5,9.3,9.3,,,,0,0,22,0,0,15800,"KMF",96190000
1,10,0,0,8100,638812,"2008-10-06T00:00:00",7600,10.026315789473685,10.7,10,10.2,10,10.2,,,,0,0,14,0,0,23200,"KMF",76200000
1,22,0,0,18900,638812,"2008-10-03T00:00:00",4400,10.688636363636364,10.7,10.7,10.9,10.1,10.7,,,,0,0,13,0,0,18500,"KMF",47030000
1,29,0,0,26600,638812,"2008-10-02T00:00:00",6900,10.633333333333335,10.5,10.7,10.7,10.4,10.4,,,,0,0,9,0,0,6900,"KMF",73370000
1,17,1000,10000000,19500,638812,"2008-10-01T00:00:00",8000,10.0125,10.3,10.5,10.5,10,10,,,,0,0,17,0,0,23900,"KMF",80100000
1,4,0,0,1000,639812,"2008-09-30T00:00:00",1000,10.3,11,10.3,10.3,10.3,10.3,,,,0,0,16,0,0,29900,"KMF",10300000
1,30,0,0,21400,639812,"2008-09-29T00:00:00",21200,10.975943396226416,11.7,11,12,10.9,12,,,,0,0,25,0,0,54800,"KMF",232690000
1,21,0,0,21200,639812,"2008-09-26T00:00:00",9900,11.70909090909091,11.8,11.6,12,11.6,11.6,,,,0,0,33,0,0,44200,"KMF",115920000.00000001
1,18,0,0,19600,639812,"2008-09-25T00:00:00",500,11.62,11,11.8,11.8,11.2,11.8,,,,0,0,6,0,0,3200,"KMF",5810000
1,12,0,0,15600,639812,"2008-09-24T00:00:00",12200,11.098360655737704,11.5,11,11.3,11,11.1,,,,0,0,29,0,0,52400,"KMF",135400000
1,25,0,0,28100,639812,"2008-09-23T00:00:00",20600,11.755339805825242,11.9,11.5,12.7,11.1,11.9,,,,0,0,38,0,0,53300,"KMF",242160000
1,13,0,0,17300,639812,"2008-09-22T00:00:00",4800,11.9,11.2,11.9,11.9,11.9,11.9,,,,0,0,3,0,0,4800,"KMF",57120000
1,42,0,0,33600,639812,"2008-09-19T00:00:00",7000,11.2,10.5,11.2,11.2,11.2,11.2,,,,0,0,4,0,0,7000,"KMF",78400000
1,3,0,0,2500,639812,"2008-09-18T00:00:00",2500,10.5,11.2,10.5,10.5,10.5,10.5,,,,0,0,16,0,0,41000,"KMF",26250000
1,13,0,0,7200,639812,"2008-09-17T00:00:00",7200,11.2375,12,11.2,11.5,11.2,11.2,,,,0,0,16,0,0,14000,"KMF",80910000
1,17,0,0,25900,639812,"2008-09-16T00:00:00",22700,12.038325991189428,12.7,12,12.7,12,12.1,,,,0,0,33,0,0,38200,"KMF",273270000
1,20,0,0,27200,639812,"2008-09-15T00:00:00",27200,12.780514705882354,13.6,12.7,14,12.7,12.7,,,,0,0,43,0,0,62300,"KMF",347630000
1,6,0,0,6600,639812,"2008-09-12T00:00:00",6600,13.6,14.3,13.6,13.6,13.6,13.6,,,,0,0,33,0,0,47300,"KMF",89760000
1,4,0,0,3400,639812,"2008-09-11T00:00:00",3400,14.56764705882353,14.5,14.3,15.3,14.3,15,,,,0,0,46,0,0,54500,"KMF",49530000
1,55,0,0,66900,639812,"2008-09-10T00:00:00",62000,15.284193548387096,14.9,14.5,15.8,14.4,15.8,,,,0,0,57,0,0,73400,"KMF",947620000
1,50,0,0,67000,639812,"2008-09-09T00:00:00",34800,14.783908045977013,14.1,14.9,14.9,14.5,14.9,,,,0,0,30,0,0,34800,"KMF",514480000
1,73,0,0,122000,639812,"2008-09-08T00:00:00",67100,14.007898658718332,13.2,14.1,14.1,13.5,14.1,,,,0,0,72,0,0,67100,"KMF",939930000
1,98,0,0,277900,639812,"2008-09-05T00:00:00",80100,13.150686641697877,12.4,13.2,13.2,12.9,13.2,,,,0,0,48,0,0,80100,"KMF",1053370000
1,13,0,0,67400,639812,"2008-09-04T00:00:00",14200,12.4,11.6,12.4,12.4,12.4,12.4,,,,0,0,15,0,0,14200,"KMF",176080000
1,45,0,0,66500,639812,"2008-09-03T00:00:00",48600,11.588683127572017,10.9,11.6,11.6,11.5,11.6,,,,0,0,17,0,0,48600,"KMF",563210000
1,42,0,0,37300,639812,"2008-08-29T00:00:00",25700,10.882490272373541,11.1,11.5,11.5,10.8,10.8,,,,0,0,27,0,0,38000,"KMF",279680000
1,35,1000,11900000,33900,639812,"2008-08-28T00:00:00",33900,11.628318584070795,11.9,11.1,12.7,11.1,12.7,,,,0,0,71,0,0,74300,"KMF",394200000
1,29,100,1190000,48600,640812,"2008-08-27T00:00:00",24600,11.9,11.2,11.9,11.9,11.9,11.9,,,,0,0,26,0,0,24600,"KMF",292740000
1,25,0,0,50200,640912,"2008-08-26T00:00:00",5800,11.2,10.5,11.2,11.2,11.2,11.2,,,,0,0,5,0,0,5800,"KMF",64960000
1,43,100,1050000,59100,640912,"2008-08-25T00:00:00",20600,10.5,9.9,10.5,10.5,10.5,10.5,,,,0,0,5,0,0,20600,"KMF",216300000
1,63,100,890000,83700,641012,"2008-08-22T00:00:00",26600,9.855263157894736,9.6,10.1,10.1,8.9,8.9,,,,0,0,29,0,0,26600,"KMF",262150000
1,39,0,0,18800,641112,"2008-08-21T00:00:00",13800,9.539130434782608,9.8,9.6,10.3,9.3,9.3,,,,0,0,22,0,0,27600,"KMF",131639999.99999999
1,16,0,0,19300,641112,"2008-08-20T00:00:00",19300,9.892746113989636,10.4,9.8,10.2,9.8,9.8,,,,0,0,24,0,0,37400,"KMF",190930000
1,13,500,5550000,6000,641112,"2008-08-19T00:00:00",6000,10.47,10.7,10.4,11.1,10.4,11.1,,,,0,0,37,0,0,33200,"KMF",62820000
1,25,0,0,22800,641612,"2008-08-18T00:00:00",15200,11.072368421052632,11.4,10.7,12.1,10.7,12.1,,,,0,0,42,0,0,42800,"KMF",168300000
1,57,0,0,82000,641612,"2008-08-15T00:00:00",42000,11.4,11.1,11.4,11.4,11.4,11.4,,,,0,0,23,0,0,42000,"KMF",478800000
1,48,0,0,45800,641612,"2008-08-14T00:00:00",28600,11.025524475524476,10.7,11.1,11.1,10.7,10.7,,,,0,0,17,0,0,28600,"KMF",315330000
1,18,0,0,13800,641612,"2008-08-13T00:00:00",13300,10.739097744360903,11.2,10.7,10.8,10.7,10.7,,,,0,0,24,0,0,18200,"KMF",142830000
1,48,0,0,36500,641612,"2008-08-12T00:00:00",32300,11.10030959752322,11.2,11.2,11.6,10.8,10.8,,,,0,0,40,0,0,43400,"KMF",358540000
1,41,0,0,53400,641612,"2008-08-11T00:00:00",53400,11.23071161048689,11.6,11.2,11.6,11.2,11.2,,,,0,0,50,0,0,81500,"KMF",599720000
1,4,0,0,1300,641612,"2008-08-08T00:00:00",1300,11.6,12,11.6,11.6,11.6,11.6,,,,0,0,18,0,0,31000,"KMF",15080000
1,1,0,0,100,641612,"2008-08-07T00:00:00",100,12,12.5,12,12,12,12,,,,0,0,23,0,0,44300,"KMF",1200000
1,0,0,0,0,641612,"2008-08-06T00:00:00",0,12.5,12.5,12.5,12.5,12.5,12.5,,,,0,0,19,0,0,34000,"KMF",0
1,1,0,0,700,641612,"2008-08-05T00:00:00",700,12.5,12.5,12.5,12.5,12.5,12.5,,,,0,0,11,0,0,18600,"KMF",8750000
1,0,0,0,0,641612,"2008-08-04T00:00:00",0,12.5,12.5,12.5,12.5,12.5,12.5,,,,0,0,18,0,0,29700,"KMF",0
1,0,0,0,0,641612,"2008-08-01T00:00:00",0,12.5,12.5,12.5,12.5,12.5,12.5,,,,0,0,14,0,0,22400,"KMF",0
1,0,0,0,0,641612,"2008-07-31T00:00:00",0,12.5,12.5,12.5,12.5,12.5,12.5,,,,0,0,13,0,0,20600,"KMF",0
1,0,0,0,0,641612,"2008-07-30T00:00:00",0,12.5,12.5,12.5,12.5,12.5,12.5,,,,0,0,15,0,0,25100,"KMF",0
1,4,0,0,1000,641612,"2008-07-29T00:00:00",1000,12.5,13,12.5,12.5,12.5,12.5,,,,0,0,17,0,0,38400,"KMF",12500000
1,0,0,0,0,641612,"2008-07-28T00:00:00",0,13,13,13,13,13,13,,,,0,0,9,0,0,29900,"KMF",0
1,1,0,0,100,641612,"2008-07-25T00:00:00",100,13,13.5,13,13,13,13,,,,0,0,21,0,0,38100,"KMF",1300000
1,0,0,0,0,641612,"2008-07-24T00:00:00",0,13.5,13.5,13.5,13.5,13.5,13.5,,,,0,0,0,0,0,0,"KMF",0
1,0,0,0,0,641612,"2008-07-23T00:00:00",0,13.5,13.5,13.5,13.5,13.5,13.5,,,,0,0,28,0,0,35000,"KMF",0
1,0,0,0,0,641612,"2008-07-22T00:00:00",0,13.5,13.5,13.5,13.5,13.5,13.5,,,,0,0,34,0,0,63800,"KMF",0
1,0,0,0,0,641612,"2008-07-21T00:00:00",0,13.5,13.5,13.5,13.5,13.5,13.5,,,,0,0,25,0,0,30900,"KMF",0
1,7,0,0,1300,641612,"2008-07-18T00:00:00",1300,13.538461538461538,14,13.5,13.9,13.5,13.9,,,,0,0,41,0,0,45800,"KMF",17600000
1,31,0,0,25500,641612,"2008-07-17T00:00:00",21000,14.016666666666666,13.9,14,14.3,13.5,14,,,,0,0,52,0,0,36100,"KMF",294350000
1,23,0,0,13400,641612,"2008-07-16T00:00:00",8200,13.970731707317073,13.7,13.9,14.2,13.2,14.2,,,,0,0,36,0,0,21600,"KMF",114560000
1,28,0,0,27600,641612,"2008-07-15T00:00:00",13800,13.7,13.2,13.7,13.7,13.7,13.7,,,,0,0,11,0,0,13800,"KMF",189060000
1,55,0,0,65700,641612,"2008-07-14T00:00:00",51400,13.178599221789884,12.7,13.2,13.2,12.8,13.2,,,,0,0,24,0,0,51400,"KMF",677380000
1,50,0,0,60600,641612,"2008-07-11T00:00:00",32700,12.726299694189601,12.4,12.8,12.8,12.4,12.4,,,,0,0,31,0,0,32700,"KMF",416150000
1,34,0,0,34400,641612,"2008-07-10T00:00:00",27400,12.387591240875912,12.5,12.4,12.5,11.9,12.5,,,,0,0,27,0,0,32000,"KMF",339420000
1,22,0,0,16400,641612,"2008-07-09T00:00:00",4900,12.308163265306122,12.1,12.5,12.5,12.1,12.1,,,,0,0,13,0,0,9000,"KMF",60310000
1,13,0,0,17700,641612,"2008-07-08T00:00:00",17700,12.1,12.1,12.1,12.1,12.1,12.1,,,,0,0,11,0,0,18700,"KMF",214170000
1,22,0,0,32700,641612,"2008-07-07T00:00:00",32700,12.640366972477064,12.6,12.1,13.1,12.1,13.1,,,,0,0,42,0,0,36200,"KMF",413340000
1,116,0,0,95300,641612,"2008-07-04T00:00:00",67500,12.558666666666666,12.5,13,13,12,12,,,,0,0,40,0,0,67500,"KMF",847710000
1,13,0,0,9200,641612,"2008-07-03T00:00:00",9200,12.5,13,12.5,12.5,12.5,12.5,,,,0,0,28,0,0,50300,"KMF",115000000
1,4,0,0,1000,641612,"2008-07-02T00:00:00",1000,13,13.5,13,13,13,13,,,,0,0,20,0,0,38300,"KMF",13000000
1,8,0,0,2900,641612,"2008-07-01T00:00:00",2900,13.5,14,13.5,13.5,13.5,13.5,,,,0,0,26,0,0,48900,"KMF",39150000
1,1,0,0,100,641612,"2008-06-30T00:00:00",100,14,14.5,14,14,14,14,,,,0,0,19,0,0,49100,"KMF",1400000
1,2,0,0,200,641612,"2008-06-27T00:00:00",200,14.5,15.1,14.5,14.5,14.5,14.5,,,,0,0,20,0,0,39400,"KMF",2900000
1,1,0,0,100,641612,"2008-06-26T00:00:00",100,15.1,15.7,15.1,15.1,15.1,15.1,,,,0,0,29,0,0,82700,"KMF",1510000
1,3,0,0,1300,641612,"2008-06-25T00:00:00",1300,15.7,16.3,15.7,15.7,15.7,15.7,,,,0,0,27,0,0,54600,"KMF",20410000
1,1,0,0,100,641612,"2008-06-24T00:00:00",100,16.3,16.9,16.3,16.3,16.3,16.3,,,,0,0,21,0,0,43300,"KMF",1630000
1,1,0,0,200,641612,"2008-06-23T00:00:00",200,16.9,17.6,16.9,16.9,16.9,16.9,,,,0,0,24,0,0,49700,"KMF",3380000
1,0,0,0,0,641612,"2008-06-20T00:00:00",0,17.6,17.6,17.6,17.6,17.6,17.6,,,,0,0,21,0,0,41000,"KMF",0
1,0,0,0,0,641612,"2008-06-19T00:00:00",0,17.6,17.5,17.6,17.6,17.6,17.6,,,,0,0,15,0,0,32500,"KMF",0
1,7,0,0,4900,641612,"2008-06-18T00:00:00",4900,17.56122448979592,17.9,17.5,18.1,17.5,18.1,,,,0,0,26,0,0,43600,"KMF",86050000
1,47,0,0,49100,641612,"2008-06-17T00:00:00",49100,17.95967413441955,18.4,17.9,18.4,17.9,17.9,,,,0,0,59,0,0,84000,"KMF",881819999.9999999
1,0,0,0,0,641612,"2008-06-16T00:00:00",0,18.4,18.4,18.4,18.4,18.4,18.4,,,,0,0,28,0,0,61000,"KMF",0
1,0,0,0,0,641612,"2008-06-13T00:00:00",0,18.4,18.4,18.4,18.4,18.4,18.4,,,,0,0,27,0,0,51700,"KMF",0
1,4,0,0,1400,641612,"2008-06-12T00:00:00",1400,18.4,18.9,18.4,18.4,18.4,18.4,,,,0,0,21,0,0,42900,"KMF",25760000
1,0,0,0,0,641612,"2008-06-11T00:00:00",0,18.9,18.9,18.9,18.9,18.9,18.9,,,,0,0,23,0,0,51400,"KMF",0
1,0,0,0,0,641612,"2008-06-10T00:00:00",0,18.9,18.9,18.9,18.9,18.9,18.9,,,,0,0,18,0,0,41100,"KMF",0
1,1,100,1890000,100,641612,"2008-06-09T00:00:00",100,18.9,19.4,18.9,18.9,18.9,18.9,,,,0,0,27,0,0,56800,"KMF",1890000
1,4,0,0,1500,641712,"2008-06-06T00:00:00",1500,19.4,20,19.4,19.4,19.4,19.4,,,,0,0,21,0,0,45700,"KMF",29100000
1,0,0,0,0,641712,"2008-06-05T00:00:00",0,20,20,20,20,20,20,,,,0,0,16,0,0,36600,"KMF",0
1,0,0,0,0,641712,"2008-06-04T00:00:00",0,20,20,20,20,20,20,,,,0,0,18,0,0,56900,"KMF",0
1,0,0,0,0,641712,"2008-06-03T00:00:00",0,20,20,20,20,20,20,,,,0,0,15,0,0,45200,"KMF",0
1,0,0,0,0,641712,"2008-06-02T00:00:00",0,20,20,20,20,20,20,,,,0,0,18,0,0,54900,"KMF",0
1,0,0,0,0,641712,"2008-05-30T00:00:00",0,20,20,20,20,20,20,,,,0,0,15,0,0,39600,"KMF",0
1,1,0,0,200,641712,"2008-05-28T00:00:00",200,20,20.6,20,20,20,20,,,,0,0,23,0,0,53200,"KMF",4000000
1,0,0,0,0,641712,"2008-05-26T00:00:00",0,20.6,20.6,20.6,20.6,20.6,20.6,,,,0,0,22,0,0,58900,"KMF",0
1,0,0,0,0,641712,"2008-05-23T00:00:00",0,20.6,20.6,20.6,20.6,20.6,20.6,,,,0,0,27,0,0,60900,"KMF",0
1,0,0,0,0,641712,"2008-05-22T00:00:00",0,20.6,20.6,20.6,20.6,20.6,20.6,,,,0,0,23,0,0,55900,"KMF",0
1,0,0,0,0,641712,"2008-05-21T00:00:00",0,20.6,20.6,20.6,20.6,20.6,20.6,,,,0,0,24,0,0,45400,"KMF",0
1,0,0,0,0,641712,"2008-05-20T00:00:00",0,20.6,20.6,20.6,20.6,20.6,20.6,,,,0,0,22,0,0,34000,"KMF",0
1,1,100,2060000,100,641712,"2008-05-19T00:00:00",100,20.6,21.2,20.6,20.6,20.6,20.6,,,,0,0,22,0,0,43300,"KMF",2060000
1,0,0,0,0,641812,"2008-05-16T00:00:00",0,21.2,21.2,21.2,21.2,21.2,21.2,,,,0,0,22,0,0,37300,"KMF",0
1,0,0,0,0,641812,"2008-05-15T00:00:00",0,21.2,21.2,21.2,21.2,21.2,21.2,,,,0,0,22,0,0,39800,"KMF",0
1,0,0,0,0,641812,"2008-05-14T00:00:00",0,21.2,21.2,21.2,21.2,21.2,21.2,,,,0,0,27,0,0,51400,"KMF",0
1,1,0,0,100,641812,"2008-05-13T00:00:00",100,21.2,21.8,21.2,21.2,21.2,21.2,,,,0,0,19,0,0,31900,"KMF",2120000
1,0,0,0,0,641812,"2008-05-12T00:00:00",0,21.8,21.8,21.8,21.8,21.8,21.8,,,,0,0,22,0,0,45200,"KMF",0
1,0,0,0,0,641812,"2008-05-09T00:00:00",0,21.8,21.8,21.8,21.8,21.8,21.8,,,,0,0,23,0,0,48900,"KMF",0
1,0,0,0,0,641812,"2008-05-08T00:00:00",0,21.8,21.8,21.8,21.8,21.8,21.8,,,,0,0,27,0,0,52300,"KMF",0
1,0,0,0,0,641812,"2008-05-07T00:00:00",0,21.8,21.8,21.8,21.8,21.8,21.8,,,,0,0,25,0,0,39800,"KMF",0
1,0,0,0,0,641812,"2008-05-06T00:00:00",0,21.8,21.8,21.8,21.8,21.8,21.8,,,,0,0,26,0,0,61100,"KMF",0
1,0,0,0,0,641812,"2008-05-05T00:00:00",0,21.8,21.8,21.8,21.8,21.8,21.8,,,,0,0,29,0,0,60700,"KMF",0
1,0,0,0,0,641812,"2008-04-29T00:00:00",0,21.8,21.8,21.8,21.8,21.8,21.8,,,,0,0,22,0,0,33400,"KMF",0
1,1,0,0,200,641812,"2008-04-28T00:00:00",200,21.8,22.4,21.8,21.8,21.8,21.8,,,,0,0,28,0,0,53800,"KMF",4360000
1,1,0,0,100,641812,"2008-04-25T00:00:00",100,22.4,22.1,22.4,22.4,22.4,22.4,,,,0,0,22,0,0,36800,"KMF",2240000
1,0,0,0,0,641812,"2008-04-24T00:00:00",0,22.1,22.1,22.1,23,22.1,23,,,,0,0,21,0,0,31900,"KMF",0
1,0,0,0,0,641812,"2008-04-23T00:00:00",0,22.1,22.1,22.1,23,22.1,23,,,,0,0,33,0,0,50800,"KMF",0
1,2,0,0,400,641812,"2008-04-22T00:00:00",400,22.975,22.7,22.1,23.3,22.1,23.2,,,,0,0,22,0,0,31700,"KMF",9190000
1,1,0,0,100,641812,"2008-04-21T00:00:00",100,22.7,23.3,22.7,22.7,22.7,22.7,,,,0,0,25,0,0,36400,"KMF",2270000
1,1,0,0,100,641812,"2008-04-18T00:00:00",100,23.3,24,23.3,23.3,23.3,23.3,,,,0,0,38,0,0,75600,"KMF",2330000
1,18,0,0,16700,641812,"2008-04-17T00:00:00",16700,24,23.8,24,24,24,24,,,,0,0,33,0,0,52300,"KMF",400800000
1,0,0,0,0,641812,"2008-04-16T00:00:00",0,23.8,23.8,23.8,24.7,23.8,24.7,,,,0,0,32,0,0,55200,"KMF",0
1,0,0,0,0,641812,"2008-04-11T00:00:00",0,23.8,23.8,23.8,24.7,23.8,24.7,,,,0,0,42,0,0,72800,"KMF",0
1,0,0,0,0,641812,"2008-04-10T00:00:00",0,23.8,23.8,23.8,24.7,23.8,24.7,,,,0,0,59,0,0,64900,"KMF",0
1,4,0,0,6400,641812,"2008-04-09T00:00:00",6400,24.7375,24.1,23.8,25,23.8,25,,,,0,0,32,0,0,41900,"KMF",158320000
1,19,0,0,10100,641812,"2008-04-08T00:00:00",8500,24.492941176470588,24.2,24.1,24.9,23.5,24.9,,,,0,0,35,0,0,30400,"KMF",208190000
1,41,0,0,22800,641812,"2008-04-07T00:00:00",15100,24.188079470198673,23.5,24.2,24.2,24,24.2,,,,0,0,10,0,0,15100,"KMF",365240000
1,7,0,0,3600,641812,"2008-04-04T00:00:00",2100,23.5,23.1,23.5,23.5,23.5,23.5,,,,0,0,2,0,0,2100,"KMF",49350000
1,15,100,2310000,16000,641812,"2008-04-03T00:00:00",100,23.1,22.7,23.1,23.1,23.1,23.1,,,,0,0,1,0,0,100,"KMF",2310000
1,12,0,0,13500,641912,"2008-04-02T00:00:00",100,22.7,22.3,22.7,22.7,22.7,22.7,,,,0,0,1,0,0,100,"KMF",2270000
1,12,0,0,7900,641912,"2008-04-01T00:00:00",100,22.3,21.9,22.3,22.3,22.3,22.3,,,,0,0,1,0,0,100,"KMF",2230000
1,14,0,0,8700,641912,"2008-03-31T00:00:00",4300,21.9,21.5,21.9,21.9,21.9,21.9,,,,0,0,3,0,0,4300,"KMF",94170000
1,11,0,0,9500,641912,"2008-03-28T00:00:00",2100,21.5,21.2,21.5,21.5,21.5,21.5,,,,0,0,2,0,0,2100,"KMF",45150000
1,12,0,0,11500,641912,"2008-03-27T00:00:00",3800,21.071052631578947,20.3,21.2,21.2,21,21,,,,0,0,6,0,0,3800,"KMF",80070000
1,24,0,0,21900,641912,"2008-03-26T00:00:00",16900,20.79526627218935,20,20.3,21.5,18,21.5,,,,0,0,45,0,0,48600,"KMF",351440000
1,1,0,0,400,641912,"2008-03-25T00:00:00",400,20,20.6,20,20,20,20,,,,0,0,29,0,0,46300,"KMF",8000000
1,11,0,0,7200,641912,"2008-03-24T00:00:00",7200,22.175,22.8,20.6,22.9,20.6,20.8,,,,0,0,32,0,0,24000,"KMF",159660000
1,11,0,0,13200,641912,"2008-03-21T00:00:00",7900,22.764556962025317,21.8,21.7,23.3,21,23.3,,,,0,0,34,0,0,28900,"KMF",179840000
1,20,0,0,15700,641912,"2008-03-20T00:00:00",13100,22.29618320610687,22.9,21.8,23.7,21.8,23,,,,0,0,38,0,0,42500,"KMF",292080000
1,27,0,0,20700,641912,"2008-03-19T00:00:00",17400,24.22758620689655,23.8,22.9,25,22.9,23,,,,0,0,42,0,0,39900,"KMF",421560000
1,10,0,0,12300,641912,"2008-03-18T00:00:00",12300,25.36910569105691,24.1,23.8,28,23.8,26.5,,,,0,0,51,0,0,52900,"KMF",312040000
1,16,0,0,12600,641912,"2008-03-17T00:00:00",12600,26.38968253968254,26.7,24.1,29,24.1,28.4,,,,0,0,48,0,0,54100,"KMF",332510000
1,25,100,2560000,14400,641912,"2008-03-14T00:00:00",9600,26.684375,25.2,25,27.9,25,27.9,,,,0,0,41,0,0,47100,"KMF",256170000
1,28,0,0,16600,642012,"2008-03-13T00:00:00",9900,25.577777777777776,24.1,25.2,27,25.1,25.1,,,,0,0,41,0,0,45600,"KMF",253220000
1,38,0,0,26300,642012,"2008-03-12T00:00:00",9100,25.571428571428573,24.4,24.1,27.5,23.9,26.5,,,,0,0,31,0,0,29400,"KMF",232700000
1,16,0,0,12400,642012,"2008-03-11T00:00:00",12400,26.075,27,24.4,28.9,24.4,25,,,,0,0,59,0,0,52500,"KMF",323330000
1,31,0,0,24400,642012,"2008-03-10T00:00:00",20400,27.12892156862745,24.9,27,27.3,24.9,27.3,,,,0,0,28,0,0,30000,"KMF",553430000
1,27,0,0,37900,642012,"2008-03-07T00:00:00",2100,24.9,22.9,24.9,24.9,24.9,24.9,,,,0,0,2,0,0,2100,"KMF",52290000
1,49,0,0,62000,642012,"2008-03-06T00:00:00",11000,22.693636363636365,21.2,22.9,22.9,20.9,22.8,,,,0,0,4,0,0,11000,"KMF",249630000
1,22,0,0,25900,642012,"2008-03-05T00:00:00",18200,20.880219780219782,22.8,21.2,22,20.7,20.7,,,,0,0,28,0,0,27300,"KMF",380020000
1,5,0,0,1400,642012,"2008-03-04T00:00:00",1400,22.97142857142857,24.9,22.8,23,22.8,23,,,,0,0,16,0,0,25800,"KMF",32160000
1,19,2500,62050000,12100,642012,"2008-03-03T00:00:00",10200,25.307843137254903,27.1,24.9,27,24.4,27,,,,0,0,29,0,0,33200,"KMF",258140000
1,27,0,0,17300,644512,"2008-02-29T00:00:00",14400,27.070833333333333,27.5,26.2,28.9,26,28.9,,,,0,0,44,0,0,56900,"KMF",389820000
1,19,0,0,21000,644512,"2008-02-28T00:00:00",15100,28.337086092715232,28,27.5,29.2,27.5,28.5,,,,0,0,37,0,0,55600,"KMF",427890000
1,16,0,0,16700,644512,"2008-02-27T00:00:00",11900,29.25126050420168,27,28,29.5,28,29.4,,,,0,0,19,0,0,28700,"KMF",348090000
1,27,0,0,14300,644512,"2008-02-26T00:00:00",8700,28.370114942528737,30,27,30,27,30,,,,0,0,21,0,0,24800,"KMF",246820000
1,67,1100,32920000,53200,644512,"2008-02-25T00:00:00",40100,29.540399002493768,27.3,30,30,27.3,27.3,,,,0,0,20,0,0,45700,"KMF",1184570000
1,63,0,0,80400,645612,"2008-02-22T00:00:00",48400,27.332644628099175,29.4,27.9,27.9,27,27.5,,,,0,0,22,0,0,61800,"KMF",1322900000
1,22,0,0,15100,645612,"2008-02-21T00:00:00",15100,30.044370860927152,34.5,29.4,32.5,29.4,31,,,,0,0,35,0,0,87100,"KMF",453670000
1,15,0,0,11900,645612,"2008-02-20T00:00:00",4700,32.58936170212766,34.3,34.5,34.5,32,33.5,,,,0,0,42,0,0,49300,"KMF",153170000
1,16,0,0,27700,645612,"2008-02-19T00:00:00",21200,35.17877358490566,34.2,34.3,36.5,33.9,36.2,,,,0,0,64,0,0,85000,"KMF",745790000
1,30,0,0,58700,645612,"2008-02-18T00:00:00",47400,35.289451476793246,36.8,34.2,36.9,33.6,35.5,,,,0,0,90,0,0,111700,"KMF",1672720000
1,34,300,10800000,71600,645612,"2008-02-15T00:00:00",47300,36.769767441860466,36.5,36.2,37.5,35.7,37,,,,0,0,109,0,0,136300,"KMF",1739210000
1,28,0,0,63000,645912,"2008-02-14T00:00:00",44100,36.460090702947845,34.9,36.5,37.5,35,37.3,,,,0,0,89,0,0,88400,"KMF",1607890000
1,25,0,0,30200,645912,"2008-02-13T00:00:00",19000,36.06473684210526,36.2,34.9,37.5,34.5,36.8,,,,0,0,106,0,0,101300,"KMF",685229999.9999999
1,29,0,0,41000,645912,"2008-02-12T00:00:00",20000,37.2065,36.5,36.2,38.5,35.5,38,,,,0,0,84,0,0,68000,"KMF",744130000
1,43,0,0,65600,645912,"2008-02-01T00:00:00",45800,36.491048034934494,34.1,35.2,38,34,36.6,,,,0,0,118,0,0,110200,"KMF",1671289999.9999998
1,28,100,3570000,79100,645912,"2008-01-31T00:00:00",63400,35.58154574132492,34.5,34.1,37.9,33,37,,,,0,0,116,0,0,131300,"KMF",2255870000
1,46,0,0,106600,646012,"2008-01-30T00:00:00",92600,34.78012958963283,33.8,34.5,35.5,34,35.5,,,,0,0,79,0,0,128400,"KMF",3220640000
1,38,500,15500000,85700,646012,"2008-01-29T00:00:00",62900,32.29220985691574,31.3,33.8,33.8,31,31,,,,0,0,84,0,0,86400,"KMF",2031180000
1,31,2000,61200000,65500,646512,"2008-01-28T00:00:00",49400,30.750202429149798,30.9,31.3,31.3,30.1,30.9,,,,0,0,77,0,0,75900,"KMF",1519060000
1,32,2000,62360000,65100,648512,"2008-01-25T00:00:00",53800,30.92918215613383,31,30.2,31.3,30,31,,,,0,0,84,0,0,97600,"KMF",1663990000
1,26,0,0,75800,650512,"2008-01-24T00:00:00",73800,30.986585365853657,30.1,31,32,30,31.8,,,,0,0,116,0,0,132600,"KMF",2286810000
1,54,0,0,84100,650512,"2008-01-23T00:00:00",69600,30.705603448275863,30.6,30.1,32,30,31.5,,,,0,0,104,0,0,122500,"KMF",2137110000
1,45,3200,98910000,102100,650512,"2008-01-22T00:00:00",93100,31.23071965628357,31.6,30.6,31.8,30.2,30.2,,,,0,0,140,0,0,207900,"KMF",2907580000
1,44,0,0,72700,653712,"2008-01-21T00:00:00",57900,31.526252158894646,31.5,31.6,32,30.2,31.5,,,,0,0,121,0,0,160800,"KMF",1825370000
1,48,0,0,56200,653712,"2008-01-18T00:00:00",27400,31.47992700729927,31,31.5,32,30.1,32,,,,0,0,116,0,0,117900,"KMF",862550000
1,44,0,0,56800,653712,"2008-01-17T00:00:00",26900,31.49553903345725,32.5,31,32.5,30,32.5,,,,0,0,91,0,0,100500,"KMF",847230000
1,116,0,0,151400,653712,"2008-01-16T00:00:00",97200,31.92057613168724,29,32.5,33,30,30,,,,0,0,98,0,0,133300,"KMF",3102680000
1,67,2000,59700000,90500,653712,"2008-01-15T00:00:00",81700,30.745042839657284,30.9,29,33,28.8,32.5,,,,0,0,184,0,0,242400,"KMF",2511870000
1,52,2500,79600000,82100,655712,"2008-01-14T00:00:00",62900,31.97551669316375,32.3,30.9,33.5,30.5,32.7,,,,0,0,160,0,0,184800,"KMF",2011260000
1,51,0,0,63500,658212,"2008-01-11T00:00:00",41800,32.3433014354067,31.2,31.7,33,31.2,32,,,,0,0,139,0,0,195800,"KMF",1351950000
1,80,0,0,93800,658212,"2008-01-10T00:00:00",64800,31.64753086419753,31.5,31.2,34,30.2,32.9,,,,0,0,164,0,0,166200,"KMF",2050760000
1,64,0,0,100100,658212,"2008-01-09T00:00:00",79000,32.14556962025316,30.9,31.5,34,30.8,32,,,,0,0,121,0,0,205000,"KMF",2539500000
1,71,0,0,94500,658212,"2008-01-08T00:00:00",74300,31.81386271870794,30,30.9,33,30,32,,,,0,0,96,0,0,169500,"KMF",2363770000
1,50,0,0,32400,658212,"2008-01-07T00:00:00",23900,30.677405857740585,32.9,30,33,29.8,32.5,,,,0,0,106,0,0,141700,"KMF",733190000
1,62,100,3260000,60500,658212,"2008-01-04T00:00:00",54500,32.894862385321105,32,32,35.4,31.7,33.4,,,,0,0,72,0,0,124900,"KMF",1792770000
1,67,0,0,43900,658312,"2008-01-03T00:00:00",33100,32.15498489425982,32,32,34.5,31.8,34.5,,,,0,0,52,0,0,86400,"KMF",1064330000
1,67,0,0,76100,658312,"2008-01-02T00:00:00",64600,32.389009287925695,32,32,33.9,32,33.8,,,,0,0,61,0,0,103500,"KMF",2092330000
1,129,0,0,93600,658312,"2007-12-28T00:00:00",71200,32.00955056179775,33,32.3,33,31,33,,,,0,0,62,0,0,97500,"KMF",2279080000
1,129,0,0,76600,658312,"2007-12-27T00:00:00",57200,33.10454545454546,34,33,34,32.8,34,,,,0,0,60,0,0,119000,"KMF",1893580000
1,125,0,0,88500,658312,"2007-12-26T00:00:00",48500,34.35278350515464,35.5,34,35.2,33,35.2,,,,0,0,47,0,0,104600,"KMF",1666110000.0000002
1,54,0,0,43600,658312,"2007-12-25T00:00:00",17900,35.225139664804466,36.5,35.5,35.9,34.1,35.9,,,,0,0,36,0,0,62800,"KMF",630530000
1,87,0,0,49300,658312,"2007-12-24T00:00:00",31300,36.055910543130985,35.6,36.5,37,35.7,36,,,,0,0,33,0,0,88100,"KMF",1128550000
1,197,0,0,157000,658312,"2007-12-21T00:00:00",125100,35.614068745004,37,36,36.6,33.8,35.5,,,,0,0,74,0,0,200300,"KMF",4455320000
1,103,0,0,71700,658312,"2007-12-20T00:00:00",52600,36.588403041825096,40.5,37,40.6,36,40.6,,,,0,0,73,0,0,198600,"KMF",1924550000.0000002
1,275,0,0,308800,658312,"2007-12-19T00:00:00",270100,39.79622362088115,43.1,40.5,44,38.8,38.8,,,,0,0,63,0,0,306800,"KMF",10748960000
1,6,0,0,1000,658312,"2007-12-18T00:00:00",1000,43.1,46.5,43.1,43.1,43.1,43.1,,,,0,0,31,0,0,122900,"KMF",43100000
1,7,0,0,1900,658312,"2007-12-17T00:00:00",1900,47.821052631578944,51.6,46.5,51.6,46.5,51.6,,,,0,0,34,0,0,122000,"KMF",90860000
1,187,0,0,200000,658312,"2007-12-14T00:00:00",139200,51.63793103448276,0,47,71,43.2,71,,,,0,0,47,0,0,236400,"KMF",7188000000
