"adjRatio","buyCount","buyForeignQuantity","buyForeignValue","buyQuantity","currentForeignRoom","date","dealVolume","priceAverage","priceBasic","priceClose","priceHigh","priceLow","priceOpen","propTradingNetDealValue","propTradingNetPTValue","propTradingNetValue","putthroughValue","putthroughVolume","sellCount","sellForeignQuantity","sellForeignValue","sellQuantity","symbol","totalValue"
1,56,0,0,26362,0,"2022-04-08T00:00:00",24600,7.6,8.6,7.5,9,7.4,7.7,,,,0,0,45,0,0,28400,"SON",186990012
1,31,0,0,8200,0,"2022-04-07T00:00:00",8200,8.6,9.9,8.5,9.7,8.5,9.7,,,,0,0,33,0,0,14400,"SON",70170024
1,10,0,0,5410,0,"2022-04-06T00:00:00",2200,9.9,8.8,10.1,10.1,9,9,,,,0,0,7,0,0,2200,"SON",21879990
1,18,0,0,13410,0,"2022-04-05T00:00:00",2600,8.8,9,8.7,9,8.7,9,,,,0,0,12,0,0,6200,"SON",22940008
1,40,0,0,22410,0,"2022-04-04T00:00:00",11200,9,9,10.1,10.3,7.9,9,,,,0,0,26,0,0,12100,"SON",100359952
1,19,0,0,6410,0,"2022-04-01T00:00:00",5300,9,8.7,9.3,9.3,8.8,9.3,,,,0,0,23,0,0,8300,"SON",47000000
1,19,0,0,6600,0,"2022-03-31T00:00:00",5900,8.7,8.8,9.4,9.4,8.4,8.8,,,,0,0,19,0,0,9100,"SON",51129990
1,20,0,0,13700,0,"2022-03-30T00:00:00",13100,8.8,8.5,8.5,9.5,8.5,8.5,,,,0,0,25,0,0,14100,"SON",115000000
1,25,0,0,9500,0,"2022-03-29T00:00:00",7300,8.5,8.3,8.5,8.6,8.4,8.4,,,,0,0,14,0,0,7700,"SON",62110006
1,54,0,0,22421,0,"2022-03-28T00:00:00",11300,8.3,9.4,8.4,8.5,8.1,8.1,,,,0,0,24,0,0,12400,"SON",94279968
1,36,0,0,9832,0,"2022-03-25T00:00:00",9100,9.4,10.9,9.3,9.5,9.3,9.4,,,,0,0,37,0,0,12000,"SON",85200024
1,27,0,0,8400,0,"2022-03-24T00:00:00",8200,10.9,12.5,10.8,14.3,10.7,12.8,,,,0,0,20,0,0,12200,"SON",89569994
1,29,0,0,14312,0,"2022-03-23T00:00:00",12000,12.5,11.2,12.8,12.8,10,12.8,,,,0,0,16,0,0,15900,"SON",150000000
1,14,0,0,3117,0,"2022-03-22T00:00:00",1200,11.2,9.8,11.2,11.2,11.2,11.2,,,,0,0,3,0,0,1200,"SON",13440000
1,7,0,0,6305,0,"2022-03-21T00:00:00",3000,9.8,8.6,9.8,9.8,9.5,9.5,,,,0,0,7,0,0,3000,"SON",29000000
1,13,0,0,7746,0,"2022-03-18T00:00:00",2000,8.6,8.8,8.6,8.7,8.5,8.7,,,,0,0,9,0,0,3500,"SON",17180000
1,6,0,0,1105,0,"2022-03-17T00:00:00",300,8.8,8,8.8,8.8,8.8,8.8,,,,0,0,6,0,0,2500,"SON",3000000
1,3,0,0,605,0,"2022-03-16T00:00:00",0,8,8,8,8,8,8,,,,0,0,2,0,0,500,"SON",0
1,6,0,0,806,0,"2022-03-15T00:00:00",0,8,8,8,8,8,8,,,,0,0,2,0,0,600,"SON",0
1,7,0,0,1805,0,"2022-03-14T00:00:00",1200,8,8.9,8.1,8.1,8,8,,,,0,0,6,0,0,2200,"SON",9609996
1,3,0,0,106,0,"2022-03-11T00:00:00",0,8.9,8.9,8.9,8.9,8.9,8.9,,,,0,0,5,0,0,1300,"SON",0
1,3,0,0,110,0,"2022-03-10T00:00:00",0,8.9,8.9,8.9,8.9,8.9,8.9,,,,0,0,2,0,0,400,"SON",0
1,6,0,0,1305,0,"2022-03-09T00:00:00",200,8.9,8.1,8.9,8.9,8.9,8.9,,,,0,0,6,0,0,1200,"SON",1780000
1,3,0,0,805,0,"2022-03-08T00:00:00",0,8.1,8.1,8.1,8.1,8.1,8.1,,,,0,0,3,0,0,600,"SON",0
1,6,0,0,2205,0,"2022-03-07T00:00:00",0,8.1,8.1,8.1,8.1,8.1,8.1,,,,0,0,3,0,0,500,"SON",0
1,4,0,0,1405,0,"2022-03-04T00:00:00",400,8.1,9.1,8.1,8.2,8.1,8.2,0,0,0,0,0,5,0,0,1900,"SON",3250000
1,3,0,0,805,0,"2022-03-03T00:00:00",0,9.1,9.1,9.1,9.1,9.1,9.1,,,,0,0,4,0,0,2000,"SON",0
1,4,0,0,1115,0,"2022-03-02T00:00:00",0,9.1,9.1,9.1,9.1,9.1,9.1,0,0,0,0,0,5,0,0,5600,"SON",0
1,3,0,0,115,0,"2022-03-01T00:00:00",0,9.1,9.1,9.1,9.1,9.1,9.1,0,0,0,0,0,4,0,0,3500,"SON",0
1,3,0,0,1105,0,"2022-02-28T00:00:00",0,9.1,9.1,9.1,9.1,9.1,9.1,0,0,0,0,0,3,0,0,1200,"SON",0
1,2,0,0,101,0,"2022-02-25T00:00:00",0,9.1,9.1,9.1,9.1,9.1,9.1,0,0,0,0,0,3,0,0,1600,"SON",0
1,3,0,0,111,0,"2022-02-24T00:00:00",0,9.1,9.1,9.1,9.1,9.1,9.1,0,0,0,0,0,3,0,0,1900,"SON",0
1,4,0,0,900,0,"2022-02-23T00:00:00",100,9.1,8.4,9.1,9.1,9.1,9.1,0,0,0,0,0,6,0,0,2700,"SON",910000
1,2,0,0,150,0,"2022-02-22T00:00:00",0,8.4,8.4,8.4,8.4,8.4,8.4,0,0,0,0,0,3,0,0,400,"SON",0
1,2,0,0,300,0,"2022-02-21T00:00:00",0,8.4,8.4,8.4,8.4,8.4,8.4,0,0,0,0,0,4,0,0,1400,"SON",0
1,1,0,0,100,0,"2022-02-18T00:00:00",0,8.4,8.4,8.4,8.4,8.4,8.4,0,0,0,0,0,4,0,0,2200,"SON",0
1,1,0,0,100,0,"2022-02-17T00:00:00",0,8.4,8.4,8.4,8.4,8.4,8.4,0,0,0,0,0,3,0,0,400,"SON",0
1,2,0,0,200,0,"2022-02-16T00:00:00",0,8.4,8.4,8.4,8.4,8.4,8.4,0,0,0,0,0,3,0,0,400,"SON",0
1,3,0,0,400,0,"2022-02-15T00:00:00",0,8.4,8.4,8.4,8.4,8.4,8.4,0,0,0,0,0,3,0,0,400,"SON",0
1,2,0,0,200,0,"2022-02-14T00:00:00",0,8.4,8.4,8.4,8.4,8.4,8.4,0,0,0,0,0,2,0,0,200,"SON",0
1,1,0,0,100,0,"2022-02-11T00:00:00",100,8.4,9.8,8.4,8.4,8.4,8.4,0,0,0,0,0,4,0,0,1400,"SON",840000
1,1,0,0,100,0,"2022-02-10T00:00:00",0,9.8,9.8,9.8,9.8,9.8,9.8,0,0,0,0,0,3,0,0,1500,"SON",0
1,1,0,0,100,0,"2022-02-09T00:00:00",0,9.8,9.8,9.8,9.8,9.8,9.8,0,0,0,0,0,2,0,0,600,"SON",0
1,5,0,0,500,0,"2022-02-08T00:00:00",200,9.8,8.7,9.9,9.9,9.7,9.7,0,0,0,0,0,4,0,0,2700,"SON",1960000
1,1,0,0,100,0,"2022-02-07T00:00:00",0,8.7,8.7,8.7,8.7,8.7,8.7,0,0,0,0,0,5,0,0,900,"SON",0
1,2,0,0,101,0,"2022-01-28T00:00:00",0,8.7,8.7,8.7,8.7,8.7,8.7,0,0,0,0,0,2,0,0,300,"SON",0
1,2,0,0,101,0,"2022-01-27T00:00:00",0,8.7,8.7,8.7,8.7,8.7,8.7,0,0,0,0,0,4,0,0,1600,"SON",0
1,2,0,0,101,0,"2022-01-26T00:00:00",0,8.7,8.7,8.7,8.7,8.7,8.7,0,0,0,0,0,4,0,0,1600,"SON",0
1,2,0,0,101,0,"2022-01-25T00:00:00",0,8.7,8.7,8.7,8.7,8.7,8.7,0,0,0,0,0,5,0,0,2300,"SON",0
1,2,0,0,101,0,"2022-01-24T00:00:00",0,8.7,8.7,8.7,8.7,8.7,8.7,0,0,0,0,0,3,0,0,1400,"SON",0
1,2,0,0,700,0,"2022-01-21T00:00:00",0,8.7,8.7,8.7,8.7,8.7,8.7,0,0,0,0,0,4,0,0,1700,"SON",0
1,3,0,0,500,0,"2022-01-20T00:00:00",0,8.7,8.7,8.7,8.7,8.7,8.7,0,0,0,0,0,4,0,0,1200,"SON",0
1,1,0,0,100,0,"2022-01-19T00:00:00",0,8.7,8.7,8.7,8.7,8.7,8.7,0,0,0,0,0,3,0,0,1200,"SON",0
1,1,0,0,100,0,"2022-01-18T00:00:00",0,8.7,8.7,8.7,8.7,8.7,8.7,0,0,0,0,0,2,0,0,700,"SON",0
1,4,0,0,402,0,"2022-01-17T00:00:00",0,8.7,8.7,8.7,8.7,8.7,8.7,0,0,0,0,0,4,0,0,500,"SON",0
1,5,0,0,1301,0,"2022-01-14T00:00:00",0,8.7,8.7,8.7,8.7,8.7,8.7,0,0,0,0,0,3,0,0,1200,"SON",0
1,6,0,0,1801,0,"2022-01-13T00:00:00",0,8.7,8.7,8.7,8.7,8.7,8.7,0,0,0,0,0,4,0,0,500,"SON",0
1,10,0,0,4800,0,"2022-01-12T00:00:00",2500,8.7,10.1,8.7,8.7,8.7,8.7,0,0,0,0,0,7,0,0,3200,"SON",22000000
1,6,0,0,5200,0,"2022-01-11T00:00:00",0,10.1,10.1,10.1,10.1,10.1,10.1,0,0,0,0,0,2,0,0,400,"SON",0
1,7,0,0,7300,0,"2022-01-10T00:00:00",2000,10.1,8.8,10.1,10.1,10,10,0,0,0,0,0,4,0,0,2400,"SON",20180000
1,14,0,0,4902,0,"2022-01-07T00:00:00",500,8.8,10,8.8,8.8,8.8,8.8,0,0,0,0,0,5,0,0,1100,"SON",4000000
1,4,0,0,1100,0,"2022-01-06T00:00:00",0,10,10,10,10,10,10,0,0,0,0,0,4,0,0,1600,"SON",0
1,3,0,0,201,0,"2022-01-05T00:00:00",0,10,10,10,10,10,10,0,0,0,0,0,3,0,0,1000,"SON",0
1,11,0,0,3401,0,"2022-01-04T00:00:00",2600,10,9.5,10,10,10,10,0,0,0,0,0,4,0,0,3200,"SON",26000000
1,7,0,0,1901,0,"2021-12-31T00:00:00",100,9.5,11,9.5,9.5,9.5,9.5,0,0,0,0,0,4,0,0,2200,"SON",1000000
1,2,0,0,101,0,"2021-12-30T00:00:00",0,11,11,11,11,11,11,0,0,0,0,0,4,0,0,4100,"SON",0
1,6,0,0,5800,0,"2021-12-29T00:00:00",5700,11,10.5,11,11,11,11,0,0,0,0,0,12,0,0,8000,"SON",62700000
1,10,0,0,3200,0,"2021-12-28T00:00:00",1300,10.5,9.3,10.6,10.6,10,10.5,0,0,0,0,0,4,0,0,1900,"SON",13709995
1,3,0,0,700,0,"2021-12-27T00:00:00",0,9.3,9.3,9.3,9.3,9.3,9.3,0,0,0,0,0,3,0,0,2800,"SON",0
1,6,0,0,1605,0,"2021-12-24T00:00:00",1500,9.3,10.9,9.3,9.3,9.3,9.3,,,,0,0,4,0,0,2300,"SON",13950000
1,3,0,0,700,0,"2021-12-23T00:00:00",0,10.9,10.9,10.9,10.9,10.9,10.9,0,0,0,0,0,5,0,0,4300,"SON",0
1,1,0,0,200,0,"2021-12-22T00:00:00",100,10.9,12.8,10.9,10.9,10.9,10.9,0,0,0,0,0,4,0,0,3800,"SON",1000000
1,1,0,0,1,0,"2021-12-21T00:00:00",0,12.8,12.8,12.8,12.8,12.8,12.8,0,0,0,0,0,2,0,0,1200,"SON",0
1,1,0,0,1,0,"2021-12-20T00:00:00",0,12.8,12.8,12.8,12.8,12.8,12.8,0,0,0,0,0,3,0,0,7200,"SON",0
1,1,0,0,1,0,"2021-12-17T00:00:00",0,12.8,12.8,12.8,12.8,12.8,12.8,0,0,0,0,0,25,0,0,9800,"SON",0
1,1,0,0,1,0,"2021-12-16T00:00:00",0,12.8,12.8,12.8,12.8,12.8,12.8,0,0,0,0,0,21,0,0,3000,"SON",0
1,1,0,0,1,0,"2021-12-15T00:00:00",0,12.8,12.8,12.8,12.8,12.8,12.8,0,0,0,0,0,5,0,0,8300,"SON",0
1,1,0,0,1,0,"2021-12-14T00:00:00",0,12.8,12.8,12.8,12.8,12.8,12.8,0,0,0,0,0,3,0,0,2100,"SON",0
1,1,0,0,1,0,"2021-12-13T00:00:00",0,12.8,12.8,12.8,12.8,12.8,12.8,0,0,0,0,0,3,0,0,2200,"SON",0
1,3,0,0,3002,0,"2021-12-10T00:00:00",0,12.8,12.8,12.8,12.8,12.8,12.8,0,0,0,0,0,4,0,0,3400,"SON",0
1,2,0,0,2,0,"2021-12-09T00:00:00",0,12.8,12.8,12.8,12.8,12.8,12.8,0,0,0,0,0,1,0,0,2000,"SON",0
1,3,0,0,102,0,"2021-12-08T00:00:00",0,12.8,12.8,12.8,12.8,12.8,12.8,0,0,0,0,0,32,0,0,5400,"SON",0
1,2,0,0,301,0,"2021-12-07T00:00:00",300,12.8,12.8,12.8,12.8,12.8,12.8,0,0,0,0,0,15,0,0,9300,"SON",3840000
1,2,0,0,301,0,"2021-12-06T00:00:00",0,12.8,12.8,12.8,12.8,12.8,12.8,0,0,0,0,0,33,0,0,11400,"SON",0
1,3,0,0,1501,0,"2021-12-03T00:00:00",0,12.8,12.8,12.8,12.8,12.8,12.8,0,0,0,0,0,2,0,0,2400,"SON",0
1,15,0,0,9861,0,"2021-12-02T00:00:00",1900,12.763157894736842,14.7,13,13,12.5,12.5,0,0,0,0,0,38,0,0,13000,"SON",24250000
1,2,0,0,10001,0,"2021-12-01T00:00:00",0,14.7,14.7,14.7,14.7,14.7,14.7,0,0,0,0,0,4,0,0,8600,"SON",0
1,1,0,0,1,0,"2021-11-30T00:00:00",0,14.7,14.7,14.7,14.7,14.7,14.7,0,0,0,0,0,36,0,0,10400,"SON",0
1,1,0,0,1,0,"2021-11-29T00:00:00",0,14.7,14.7,14.7,14.7,14.7,14.7,0,0,0,0,0,33,0,0,9500,"SON",0
1,4,0,0,403,0,"2021-11-26T00:00:00",100,14.7,12.8,14.7,14.7,14.7,14.7,0,0,0,0,0,31,0,0,8300,"SON",1000000
1,3,0,0,803,0,"2021-11-25T00:00:00",800,12.8,13.2,12.7,12.9,12.7,12.9,0,0,0,0,0,4,0,0,7100,"SON",10220000
1,5,0,0,803,0,"2021-11-24T00:00:00",700,13.2,12.8,14.3,14.3,12.9,12.9,0,0,0,0,0,17,0,0,5400,"SON",9000000
1,6,0,0,803,0,"2021-11-23T00:00:00",700,12.8,14,12.9,12.9,11.9,11.9,0,0,0,0,0,9,0,0,9400,"SON",8930000
1,1,0,0,3,0,"2021-11-22T00:00:00",0,14,14,14,14,14,14,0,0,0,0,0,6,0,0,8400,"SON",0
1,1,0,0,1,0,"2021-11-19T00:00:00",0,14,14,14,14,14,14,0,0,0,0,0,14,0,0,8800,"SON",0
1,0,0,0,0,0,"2021-11-18T00:00:00",0,14,14,14,14,14,14,0,0,0,0,0,4,0,0,7500,"SON",0
1,0,0,0,0,0,"2021-11-17T00:00:00",0,14,14,14,14,14,14,0,0,0,0,0,4,0,0,4300,"SON",0
1,3,0,0,1200,0,"2021-11-16T00:00:00",0,14,14,14,14,14,14,0,0,0,0,0,5,0,0,14000,"SON",0
1,3,0,0,400,0,"2021-11-15T00:00:00",400,14,13.1,13.8,14,13.8,14,0,0,0,0,0,2,0,0,400,"SON",6000000
1,12,0,0,12200,0,"2021-11-12T00:00:00",100,13.1,14.9,13.1,13.1,13.1,13.1,0,0,0,0,0,3,0,0,1200,"SON",1310000
1,2,0,0,300,0,"2021-11-11T00:00:00",300,14.9,14.3,16.2,16.2,14.3,14.3,0,0,0,0,0,10,0,0,3700,"SON",4000000
1,7,0,0,6101,0,"2021-11-10T00:00:00",5900,14.3,14.1,16,16,14,16,0,0,0,0,0,19,0,0,9900,"SON",84200000
1,13,0,0,7401,0,"2021-11-09T00:00:00",3800,14.1,16.2,15,15,13.8,13.8,0,0,0,0,0,14,0,0,5300,"SON",53000000
1,1,0,0,1,0,"2021-11-08T00:00:00",0,16.2,16.2,16.2,16.2,16.2,16.2,0,0,0,0,0,4,0,0,2100,"SON",0
1,2,0,0,101,0,"2021-11-05T00:00:00",0,16.2,16.2,16.2,16.2,16.2,16.2,0,0,0,0,0,13,0,0,1900,"SON",0
1,2,0,0,101,0,"2021-11-04T00:00:00",0,16.2,16.2,16.2,16.2,16.2,16.2,0,0,0,0,0,1,0,0,1000,"SON",0
1,15,0,0,6459,0,"2021-11-03T00:00:00",5900,16.2,14.1,16.2,16.2,14.1,16.2,0,0,0,0,0,15,0,0,5900,"SON",95370000
1,9,0,0,11902,0,"2021-11-02T00:00:00",400,14.1,12.3,14.1,14.1,14.1,14.1,0,0,0,0,0,2,0,0,400,"SON",6000000
1,9,0,0,3601,0,"2021-11-01T00:00:00",100,12.3,10.7,12.3,12.3,12.3,12.3,0,0,0,0,0,1,0,0,100,"SON",1230000
1,17,0,0,10401,0,"2021-10-29T00:00:00",7500,10.7,11.6,13.3,13.3,10.1,10.1,0,0,0,0,0,5,0,0,7500,"SON",80320000
1,6,0,0,1401,0,"2021-10-28T00:00:00",700,11.6,13.4,11.7,11.7,11.4,11.4,0,0,0,0,0,3,0,0,700,"SON",8130000
1,9,0,0,2701,0,"2021-10-27T00:00:00",500,13.4,13.6,12.5,13.6,12.5,13.6,0,0,0,0,0,5,0,0,1000,"SON",6690000
1,9,0,0,10203,0,"2021-10-26T00:00:00",9700,13.6,15.9,13.6,13.6,13.6,13.6,0,0,0,0,0,13,0,0,10800,"SON",132000000
1,5,0,0,1300,0,"2021-10-25T00:00:00",1300,15.9,18.6,15.9,15.9,15.9,15.9,0,0,0,0,0,10,0,0,9000,"SON",21000000
1,3,0,0,1600,0,"2021-10-22T00:00:00",1600,18.6,20.4,17.4,19,17.4,19,0,0,0,0,0,6,0,0,5100,"SON",30000000
1,2,0,0,1400,0,"2021-10-21T00:00:00",900,20.4,18.7,19,21.5,19,21.5,0,0,0,0,0,7,0,0,5700,"SON",18000000
1,7,0,0,4000,0,"2021-10-20T00:00:00",3500,18.7,16.3,18.7,18.7,18.7,18.7,0,0,0,0,0,4,0,0,3500,"SON",65000000
1,9,0,0,4600,0,"2021-10-19T00:00:00",3100,16.3,14.2,16.3,16.3,16.3,16.3,0,0,0,0,0,6,0,0,3100,"SON",51000000
1,6,0,0,5200,0,"2021-10-18T00:00:00",2100,14.2,12.4,14.2,14.2,14.2,14.2,,,,0,0,2,0,0,2100,"SON",30000000
1,5,0,0,500,0,"2021-10-15T00:00:00",400,12.4,10.8,12.4,12.4,12.4,12.4,0,0,0,0,0,2,0,0,400,"SON",5000000
1,6,0,0,1600,0,"2021-10-14T00:00:00",100,10.8,9.4,10.8,10.8,10.8,10.8,0,0,0,0,0,1,0,0,100,"SON",1000000
1,15,0,0,3300,0,"2021-10-13T00:00:00",3100,9.4,8.2,9.4,9.4,9,9,0,0,0,0,0,8,0,0,3100,"SON",29000000
1,4,0,0,500,0,"2021-10-12T00:00:00",500,8.2,8.1,8.1,8.2,8.1,8.2,0,0,0,0,0,7,0,0,1700,"SON",4000000
1,7,0,0,3700,0,"2021-10-11T00:00:00",800,8.1,7.9,9,9,8,8,0,0,0,0,0,4,0,0,800,"SON",7000000
1,10,0,0,1900,0,"2021-10-08T00:00:00",500,7.9,7.1,8,8,7.5,7.5,0,0,0,0,0,2,0,0,500,"SON",4000000
1,45,0,0,11660,0,"2021-10-07T00:00:00",5300,7.1,6.2,7.1,7.1,7.1,7.1,0,0,0,0,0,23,0,0,6572,"SON",38000000
1,1,0,0,2400,0,"2021-10-06T00:00:00",100,6.2,5.4,6.2,6.2,6.2,6.2,0,0,0,0,0,1,0,0,100,"SON",1000000
1,0,0,0,0,0,"2021-10-05T00:00:00",0,5.4,5.4,5.4,5.4,5.4,5.4,0,0,0,0,0,0,0,0,0,"SON",0
1,6,0,0,1800,0,"2021-10-04T00:00:00",0,5.4,5.4,5.4,5.4,5.4,5.4,0,0,0,0,0,0,0,0,0,"SON",0
1,0,0,0,0,0,"2021-10-01T00:00:00",0,5.4,5.4,5.4,5.4,5.4,5.4,0,0,0,0,0,0,0,0,0,"SON",0
1,1,0,0,100,0,"2021-09-30T00:00:00",0,5.4,5.4,5.4,5.4,5.4,5.4,,,,0,0,0,0,0,0,"SON",0
1,0,0,0,0,0,"2021-09-29T00:00:00",0,5.4,5.4,5.4,5.4,5.4,5.4,0,0,0,0,0,0,0,0,0,"SON",0
1,1,0,0,100,0,"2021-09-28T00:00:00",0,5.4,5.4,5.4,5.4,5.4,5.4,0,0,0,0,0,0,0,0,0,"SON",0
1,1,0,0,100,0,"2021-09-27T00:00:00",0,5.4,5.4,5.4,5.4,5.4,5.4,0,0,0,0,0,0,0,0,0,"SON",0
1,3,0,0,100,0,"2021-09-24T00:00:00",100,5.4,4.7,5.4,5.4,5.4,5.4,0,0,0,0,0,1,0,0,100,"SON",1000000
1,3,0,0,1200,0,"2021-09-23T00:00:00",0,4.7,4.7,4.7,4.7,4.7,4.7,0,0,0,0,0,0,0,0,0,"SON",0
1,2,0,0,200,0,"2021-09-22T00:00:00",0,4.7,4.7,4.7,4.7,4.7,4.7,0,0,0,0,0,0,0,0,0,"SON",0
1,12,0,0,0,0,"2021-09-21T00:00:00",100,4.7,4.1,4.7,4.7,4.7,4.7,0,0,0,0,0,1,0,0,100,"SON",470000
1,2,0,0,100,0,"2021-09-20T00:00:00",0,4.1,4.1,4.1,4.1,4.1,4.1,0,0,0,0,0,0,0,0,0,"SON",0
1,0,0,0,1100,0,"2021-09-17T00:00:00",0,4.1,4.1,4.1,4.1,4.1,4.1,0,0,0,0,0,0,0,0,0,"SON",0
1,11,0,0,1350,0,"2021-09-16T00:00:00",100,4.1,3.6,4.1,4.1,4.1,4.1,0,0,0,0,0,1,0,0,50,"SON",410000
1,0,0,0,2000,0,"2021-09-15T00:00:00",0,3.6,3.6,3.6,3.6,3.6,3.6,0,0,0,0,0,0,0,0,0,"SON",0
1,0,0,0,0,0,"2021-09-14T00:00:00",0,3.6,3.6,3.6,3.6,3.6,3.6,0,0,0,0,0,0,0,0,0,"SON",0
1,0,0,0,0,0,"2021-09-13T00:00:00",0,3.6,3.6,3.6,3.6,3.6,3.6,0,0,0,0,0,0,0,0,0,"SON",0
1,0,0,0,0,0,"2021-09-10T00:00:00",0,3.6,3.6,3.6,3.6,3.6,3.6,0,0,0,0,0,0,0,0,0,"SON",0
1,0,0,0,0,0,"2021-09-09T00:00:00",0,3.6,3.6,3.6,3.6,3.6,3.6,0,0,0,0,0,0,0,0,0,"SON",0
1,0,0,0,100,0,"2021-09-08T00:00:00",0,3.6,3.6,3.6,3.6,3.6,3.6,0,0,0,0,0,0,0,0,0,"SON",0
1,0,0,0,0,0,"2021-09-07T00:00:00",0,3.6,3.6,3.6,3.6,3.6,3.6,0,0,0,0,0,0,0,0,0,"SON",0
1,0,0,0,0,0,"2021-09-06T00:00:00",0,3.6,3.6,3.6,3.6,3.6,3.6,0,0,0,0,0,0,0,0,0,"SON",0
1,0,0,0,0,0,"2021-09-01T00:00:00",0,3.6,3.6,3.6,3.6,3.6,3.6,0,0,0,0,0,0,0,0,0,"SON",0
1,0,0,0,0,0,"2021-08-31T00:00:00",0,3.6,3.6,3.6,3.6,3.6,3.6,0,0,0,0,0,0,0,0,0,"SON",0
1,0,0,0,0,0,"2021-08-30T00:00:00",0,3.6,3.6,3.6,3.6,3.6,3.6,0,0,0,0,0,0,0,0,0,"SON",0
1,11,0,0,2050,0,"2021-08-27T00:00:00",100,3.6,3.2,3.6,3.6,3.6,3.6,0,0,0,0,0,1,0,0,50,"SON",360000
1,0,0,0,0,0,"2021-08-26T00:00:00",0,3.2,3.2,3.2,3.2,3.2,3.2,0,0,0,0,0,0,0,0,0,"SON",0
1,0,0,0,0,0,"2021-08-25T00:00:00",0,3.2,3.2,3.2,3.2,3.2,3.2,0,0,0,0,0,0,0,0,0,"SON",0
1,0,0,0,0,0,"2021-08-24T00:00:00",0,3.2,3.2,3.2,3.2,3.2,3.2,0,0,0,0,0,0,0,0,0,"SON",0
1,0,0,0,0,0,"2021-08-23T00:00:00",0,3.2,3.2,3.2,3.2,3.2,3.2,0,0,0,0,0,0,0,0,0,"SON",0
1,0,0,0,0,0,"2021-08-20T00:00:00",0,3.2,3.2,3.2,3.2,3.2,3.2,0,0,0,0,0,0,0,0,0,"SON",0
1,0,0,0,0,0,"2021-08-19T00:00:00",0,3.2,3.2,3.2,3.2,3.2,3.2,0,0,0,0,0,0,0,0,0,"SON",0
1,0,0,0,0,0,"2021-08-18T00:00:00",0,3.2,3.2,3.2,3.2,3.2,3.2,0,0,0,0,0,0,0,0,0,"SON",0
1,0,0,0,0,0,"2021-08-17T00:00:00",0,3.2,3.2,3.2,3.2,3.2,3.2,0,0,0,0,0,0,0,0,0,"SON",0
1,0,0,0,0,0,"2021-08-16T00:00:00",0,3.2,3.2,3.2,3.2,3.2,3.2,0,0,0,0,0,0,0,0,0,"SON",0
1,0,0,0,0,0,"2021-08-13T00:00:00",0,3.2,3.2,3.2,3.2,3.2,3.2,0,0,0,0,0,0,0,0,0,"SON",0
1,0,0,0,0,0,"2021-08-12T00:00:00",0,3.2,3.2,3.2,3.2,3.2,3.2,0,0,0,0,0,0,0,0,0,"SON",0
1,0,0,0,0,0,"2021-08-11T00:00:00",0,3.2,3.2,3.2,3.2,3.2,3.2,0,0,0,0,0,0,0,0,0,"SON",0
1,0,0,0,0,0,"2021-08-10T00:00:00",0,3.2,3.2,3.2,3.2,3.2,3.2,0,0,0,0,0,0,0,0,0,"SON",0
1,0,0,0,0,0,"2021-08-09T00:00:00",0,3.2,3.2,3.2,3.2,3.2,3.2,0,0,0,0,0,0,0,0,0,"SON",0
1,0,0,0,0,0,"2021-08-06T00:00:00",0,3.2,3.2,3.2,3.2,3.2,3.2,0,0,0,0,0,0,0,0,0,"SON",0
1,0,0,0,0,0,"2021-08-05T00:00:00",0,3.2,3.2,3.2,3.2,3.2,3.2,0,0,0,0,0,0,0,0,0,"SON",0
1,0,0,0,0,0,"2021-08-04T00:00:00",0,3.2,3.2,3.2,3.2,3.2,3.2,0,0,0,0,0,0,0,0,0,"SON",0
1,0,0,0,0,0,"2021-08-03T00:00:00",0,3.2,3.2,3.2,3.2,3.2,3.2,0,0,0,0,0,0,0,0,0,"SON",0
1,0,0,0,0,0,"2021-08-02T00:00:00",0,3.2,3.2,3.2,3.2,3.2,3.2,0,0,0,0,0,0,0,0,0,"SON",0
1,44,0,0,500,0,"2021-07-30T00:00:00",400,3.2,3.7,3.2,3.2,3.2,3.2,0,0,0,0,0,4,0,0,400,"SON",1000000
1,0,0,0,0,0,"2021-07-29T00:00:00",0,3.7,3.7,3.7,3.7,3.7,3.7,0,0,0,0,0,0,0,0,0,"SON",0
1,0,0,0,0,0,"2021-07-28T00:00:00",0,3.7,3.7,3.7,3.7,3.7,3.7,0,0,0,0,0,0,0,0,0,"SON",0
1,0,0,0,0,0,"2021-07-27T00:00:00",0,3.7,3.7,3.7,3.7,3.7,3.7,0,0,0,0,0,0,0,0,0,"SON",0
1,0,0,0,0,0,"2021-07-26T00:00:00",0,3.7,3.7,3.7,3.7,3.7,3.7,0,0,0,0,0,0,0,0,0,"SON",0
1,0,0,0,0,0,"2021-07-23T00:00:00",0,3.7,3.7,3.7,3.7,3.7,3.7,0,0,0,0,0,0,0,0,0,"SON",0
1,0,0,0,0,0,"2021-07-22T00:00:00",0,3.7,3.7,3.7,3.7,3.7,3.7,0,0,0,0,0,0,0,0,0,"SON",0
1,0,0,0,0,0,"2021-07-21T00:00:00",0,3.7,3.7,3.7,3.7,3.7,3.7,0,0,0,0,0,0,0,0,0,"SON",0
1,0,0,0,0,0,"2021-07-20T00:00:00",0,3.7,3.7,3.7,3.7,3.7,3.7,0,0,0,0,0,0,0,0,0,"SON",0
1,0,0,0,0,0,"2021-07-19T00:00:00",0,3.7,3.7,3.7,3.7,3.7,3.7,0,0,0,0,0,0,0,0,0,"SON",0
1,0,0,0,0,0,"2021-07-16T00:00:00",0,3.7,3.7,3.7,3.7,3.7,3.7,0,0,0,0,0,0,0,0,0,"SON",0
1,0,0,0,0,0,"2021-07-15T00:00:00",0,3.7,3.7,3.7,3.7,3.7,3.7,0,0,0,0,0,0,0,0,0,"SON",0
1,0,0,0,100,0,"2021-07-14T00:00:00",0,3.7,3.7,3.7,3.7,3.7,3.7,0,0,0,0,0,0,0,0,0,"SON",0
1,0,0,0,0,0,"2021-07-13T00:00:00",0,3.7,3.7,3.7,3.7,3.7,3.7,0,0,0,0,0,0,0,0,0,"SON",0
1,0,0,0,0,0,"2021-07-12T00:00:00",0,3.7,3.7,3.7,3.7,3.7,3.7,0,0,0,0,0,0,0,0,0,"SON",0
1,22,0,0,200,0,"2021-07-09T00:00:00",200,3.7,3.7,3.7,3.7,3.7,3.7,0,0,0,0,0,2,0,0,200,"SON",1000000
1,0,0,0,0,0,"2021-07-08T00:00:00",0,3.7,3.7,3.7,3.7,3.7,3.7,0,0,0,0,0,0,0,0,0,"SON",0
1,0,0,0,200,0,"2021-07-07T00:00:00",0,3.7,3.7,3.7,3.7,3.7,3.7,0,0,0,0,0,0,0,0,0,"SON",0
1,0,0,0,300,0,"2021-07-06T00:00:00",0,3.7,3.7,3.7,3.7,3.7,3.7,0,0,0,0,0,0,0,0,0,"SON",0
1,0,0,0,600,0,"2021-07-05T00:00:00",0,3.7,3.7,3.7,3.7,3.7,3.7,0,0,0,0,0,0,0,0,0,"SON",0
1,44,0,0,600,0,"2021-07-02T00:00:00",400,3.7,4.3,3.7,3.7,3.7,3.7,0,0,0,0,0,4,0,0,400,"SON",1000000
1,0,0,0,0,0,"2021-07-01T00:00:00",0,4.3,4.3,4.3,4.3,4.3,4.3,0,0,0,0,0,0,0,0,0,"SON",0
1,0,0,0,400,0,"2021-06-30T00:00:00",0,4.3,4.3,4.3,4.3,4.3,4.3,0,0,0,0,0,0,0,0,0,"SON",0
1,0,0,0,0,0,"2021-06-29T00:00:00",0,4.3,4.3,4.3,4.3,4.3,4.3,0,0,0,0,0,0,0,0,0,"SON",0
1,0,0,0,0,0,"2021-06-28T00:00:00",0,4.3,4.3,4.3,4.3,4.3,4.3,0,0,0,0,0,0,0,0,0,"SON",0
1,0,0,0,300,0,"2021-06-25T00:00:00",0,4.3,4.3,4.3,4.3,4.3,4.3,0,0,0,0,0,0,0,0,0,"SON",0
1,0,0,0,500,0,"2021-06-24T00:00:00",0,4.3,4.3,4.3,4.3,4.3,4.3,0,0,0,0,0,0,0,0,0,"SON",0
1,0,0,0,1000,0,"2021-06-23T00:00:00",0,4.3,4.3,4.3,4.3,4.3,4.3,0,0,0,0,0,0,0,0,0,"SON",0
1,22,0,0,4500,0,"2021-06-22T00:00:00",200,4.3,4.6,4.3,4.3,4.3,4.3,0,0,0,0,0,2,0,0,200,"SON",1000000
1,11,0,0,1088,0,"2021-06-21T00:00:00",100,4.6,5.4,4.6,4.6,4.6,4.6,0,0,0,0,0,1,0,0,88,"SON",460000
1,11,0,0,1200,0,"2021-06-18T00:00:00",100,5.4,5.2,5.4,5.4,5.4,5.4,0,0,0,0,0,1,0,0,200,"SON",540000
1,22,0,0,1200,0,"2021-06-17T00:00:00",200,5.2,5.1,5.2,5.2,5.2,5.2,0,0,0,0,0,2,0,0,200,"SON",1000000
1,0,0,0,100,0,"2021-06-16T00:00:00",0,5.1,5.1,5.1,5.1,5.1,5.1,0,0,0,0,0,0,0,0,0,"SON",0
1,0,0,0,200,0,"2021-06-15T00:00:00",0,5.1,5.1,5.1,5.1,5.1,5.1,0,0,0,0,0,0,0,0,0,"SON",0
1,110,0,0,1000,0,"2021-06-14T00:00:00",1000,5.1,5.8,5,5.6,5,5,0,0,0,0,0,10,0,0,1000,"SON",5000000
1,33,0,0,300,0,"2021-06-11T00:00:00",300,5.8,6.8,5.8,5.8,5.8,5.8,0,0,0,0,0,3,0,0,1200,"SON",2000000
1,0,0,0,0,0,"2021-06-10T00:00:00",0,6.8,6.8,6.8,6.8,6.8,6.8,0,0,0,0,0,0,0,0,0,"SON",0
1,0,0,0,0,0,"2021-06-09T00:00:00",0,6.8,6.8,6.8,6.8,6.8,6.8,0,0,0,0,0,1,0,0,100,"SON",0
1,0,0,0,100,0,"2021-06-08T00:00:00",0,6.8,6.8,6.8,6.8,6.8,6.8,0,0,0,0,0,9,0,0,1100,"SON",0
1,0,0,0,0,0,"2021-06-07T00:00:00",0,6.8,6.8,6.8,6.8,6.8,6.8,0,0,0,0,0,0,0,0,0,"SON",0
1,11,0,0,200,0,"2021-06-04T00:00:00",100,6.8,11.2,6.8,6.8,6.8,6.8,0,0,0,0,0,1,0,0,1100,"SON",1000000
1,0,0,0,0,0,"2021-06-03T00:00:00",0,11.2,11.2,11.2,11.2,11.2,11.2,0,0,0,0,0,5,0,0,700,"SON",0
1,0,0,0,0,0,"2021-06-02T00:00:00",0,11.2,11.2,11.2,11.2,11.2,11.2,0,0,0,0,0,5,0,0,700,"SON",0
1,0,0,0,0,0,"2021-06-01T00:00:00",0,11.2,11.2,11.2,11.2,11.2,11.2,0,0,0,0,0,0,0,0,0,"SON",0
1,0,0,0,0,0,"2021-05-31T00:00:00",0,11.2,11.2,11.2,11.2,11.2,11.2,0,0,0,0,0,0,0,0,0,"SON",0
1,0,0,0,0,0,"2021-05-28T00:00:00",0,11.2,11.2,11.2,11.2,11.2,11.2,0,0,0,0,0,0,0,0,0,"SON",0
1,0,0,0,0,0,"2021-05-27T00:00:00",0,11.2,11.2,11.2,11.2,11.2,11.2,0,0,0,0,0,0,0,0,0,"SON",0
1,0,0,0,0,0,"2021-05-26T00:00:00",0,11.2,11.2,11.2,11.2,11.2,11.2,0,0,0,0,0,0,0,0,0,"SON",0
1,0,0,0,0,0,"2021-05-25T00:00:00",0,11.2,11.2,11.2,11.2,11.2,11.2,0,0,0,0,0,0,0,0,0,"SON",0
1,0,0,0,0,0,"2021-05-24T00:00:00",0,11.2,11.2,11.2,11.2,11.2,11.2,0,0,0,0,0,14,0,0,2000,"SON",0
1,0,0,0,0,0,"2021-05-21T00:00:00",0,11.2,11.2,11.2,11.2,11.2,11.2,0,0,0,0,0,0,0,0,0,"SON",0
1,0,0,0,0,0,"2021-05-20T00:00:00",0,11.2,11.2,11.2,11.2,11.2,11.2,0,0,0,0,0,0,0,0,0,"SON",0
1,0,0,0,0,0,"2021-05-19T00:00:00",0,11.2,11.2,11.2,11.2,11.2,11.2,0,0,0,0,0,0,0,0,0,"SON",0
1,0,0,0,0,0,"2021-05-18T00:00:00",0,11.2,11.2,11.2,11.2,11.2,11.2,0,0,0,0,0,0,0,0,0,"SON",0
1,0,0,0,0,0,"2021-05-17T00:00:00",0,11.2,11.2,11.2,11.2,11.2,11.2,0,0,0,0,0,0,0,0,0,"SON",0
1,0,0,0,0,0,"2021-05-14T00:00:00",0,11.2,11.2,11.2,11.2,11.2,11.2,0,0,0,0,0,0,0,0,0,"SON",0
1,0,0,0,0,0,"2021-05-13T00:00:00",0,11.2,11.2,11.2,11.2,11.2,11.2,0,0,0,0,0,0,0,0,0,"SON",0
1,0,0,0,0,0,"2021-05-12T00:00:00",0,11.2,11.2,11.2,11.2,11.2,11.2,0,0,0,0,0,3,0,0,500,"SON",0
1,0,0,0,0,0,"2021-05-11T00:00:00",0,11.2,11.2,11.2,11.2,11.2,11.2,0,0,0,0,0,0,0,0,0,"SON",0
1,0,0,0,0,0,"2021-05-10T00:00:00",0,11.2,11.2,11.2,11.2,11.2,11.2,0,0,0,0,0,0,0,0,0,"SON",0
1,0,0,0,0,0,"2021-05-07T00:00:00",0,11.2,11.2,11.2,11.2,11.2,11.2,0,0,0,0,0,0,0,0,0,"SON",0
1,0,0,0,0,0,"2021-05-06T00:00:00",0,11.2,11.2,11.2,11.2,11.2,11.2,0,0,0,0,0,0,0,0,0,"SON",0
1,0,0,0,0,0,"2021-05-05T00:00:00",0,11.2,11.2,11.2,11.2,11.2,11.2,0,0,0,0,0,0,0,0,0,"SON",0
1,0,0,0,0,0,"2021-05-04T00:00:00",0,11.2,11.2,11.2,11.2,11.2,11.2,0,0,0,0,0,0,0,0,0,"SON",0
1,0,0,0,0,0,"2021-04-29T00:00:00",0,11.2,11.2,11.2,11.2,11.2,11.2,0,0,0,0,0,0,0,0,0,"SON",0
1,0,0,0,0,0,"2021-04-28T00:00:00",0,11.2,11.2,11.2,11.2,11.2,11.2,0,0,0,0,0,0,0,0,0,"SON",0
1,0,0,0,0,0,"2021-04-27T00:00:00",0,11.2,11.2,11.2,11.2,11.2,11.2,0,0,0,0,0,5,0,0,700,"SON",0
1,0,0,0,0,0,"2021-04-26T00:00:00",0,11.2,11.2,11.2,11.2,11.2,11.2,0,0,0,0,0,0,0,0,0,"SON",0
1,0,0,0,0,0,"2021-04-23T00:00:00",0,11.2,11.2,11.2,11.2,11.2,11.2,0,0,0,0,0,0,0,0,0,"SON",0
1,0,0,0,0,0,"2021-04-22T00:00:00",0,11.2,11.2,11.2,11.2,11.2,11.2,0,0,0,0,0,14,0,0,2000,"SON",0
1,0,0,0,0,0,"2021-04-20T00:00:00",0,11.2,11.2,11.2,11.2,11.2,11.2,0,0,0,0,0,14,0,0,2000,"SON",0
1,22,0,0,200,0,"2021-04-19T00:00:00",200,11.2,9.8,11.2,11.2,11.2,11.2,0,0,0,0,0,6,0,0,200,"SON",2240000
1,0,0,0,0,0,"2021-04-16T00:00:00",0,9.8,9.8,9.8,9.8,9.8,9.8,0,0,0,0,0,0,0,0,0,"SON",0
1,0,0,0,0,0,"2021-04-15T00:00:00",0,9.8,9.8,9.8,9.8,9.8,9.8,0,0,0,0,0,1,0,0,200,"SON",0
1,0,0,0,0,0,"2021-04-14T00:00:00",0,9.8,9.8,9.8,9.8,9.8,9.8,0,0,0,0,0,1,0,0,200,"SON",0
1,0,0,0,0,0,"2021-04-13T00:00:00",0,9.8,9.8,9.8,9.8,9.8,9.8,0,0,0,0,0,3,0,0,400,"SON",0
1,0,0,0,0,0,"2021-04-12T00:00:00",0,9.8,9.8,9.8,9.8,9.8,9.8,0,0,0,0,0,0,0,0,0,"SON",0
1,0,0,0,0,0,"2021-04-09T00:00:00",0,9.8,9.8,9.8,9.8,9.8,9.8,0,0,0,0,0,0,0,0,0,"SON",0
1,22,0,0,200,0,"2021-04-08T00:00:00",200,9.8,8.6,9.8,9.8,9.8,9.8,0,0,0,0,0,6,0,0,200,"SON",1960000
1,11,0,0,5400,0,"2021-04-07T00:00:00",100,8.6,7.5,8.6,8.6,8.6,8.6,0,0,0,0,0,3,0,0,100,"SON",860000
1,11,0,0,600,0,"2021-04-06T00:00:00",100,7.5,6.6,7.5,7.5,7.5,7.5,0,0,0,0,0,3,0,0,100,"SON",750000
1,0,0,0,0,0,"2021-04-05T00:00:00",0,6.6,6.6,6.6,6.6,6.6,6.6,0,0,0,0,0,0,0,0,0,"SON",0
1,0,0,0,0,0,"2021-04-02T00:00:00",0,6.6,6.6,6.6,6.6,6.6,6.6,,,,0,0,0,0,0,0,"SON",0
1,0,0,0,400,0,"2021-04-01T00:00:00",0,6.6,6.6,6.6,6.6,6.6,6.6,,,,0,0,0,0,0,0,"SON",0
1,44,0,0,1000,0,"2021-03-31T00:00:00",400,6.6,10.9,6.6,6.6,6.6,6.6,,,,0,0,13,0,0,400,"SON",2640000
1,0,0,0,0,0,"2021-03-30T00:00:00",0,10.9,10.9,10.9,10.9,10.9,10.9,,,,0,0,3,0,0,400,"SON",0
1,0,0,0,0,0,"2021-03-29T00:00:00",0,10.9,10.9,10.9,10.9,10.9,10.9,,,,0,0,3,0,0,400,"SON",0
1,0,0,0,0,0,"2021-03-26T00:00:00",0,10.9,10.9,10.9,10.9,10.9,10.9,,,,0,0,0,0,0,0,"SON",0
1,0,0,0,0,0,"2021-03-25T00:00:00",0,10.9,10.9,10.9,10.9,10.9,10.9,,,,0,0,0,0,0,0,"SON",0
1,0,0,0,0,0,"2021-03-24T00:00:00",0,10.9,10.9,10.9,10.9,10.9,10.9,,,,0,0,0,0,0,0,"SON",0
1,0,0,0,0,0,"2021-03-23T00:00:00",0,10.9,10.9,10.9,10.9,10.9,10.9,,,,0,0,3,0,0,400,"SON",0
1,0,0,0,0,0,"2021-03-22T00:00:00",0,10.9,10.9,10.9,10.9,10.9,10.9,,,,0,0,3,0,0,400,"SON",0
1,0,0,0,0,0,"2021-03-19T00:00:00",0,10.9,10.9,10.9,10.9,10.9,10.9,,,,0,0,0,0,0,0,"SON",0
1,0,0,0,0,0,"2021-03-18T00:00:00",0,10.9,10.9,10.9,10.9,10.9,10.9,,,,0,0,0,0,0,0,"SON",0
1,0,0,0,0,0,"2021-03-17T00:00:00",0,10.9,10.9,10.9,10.9,10.9,10.9,,,,0,0,0,0,0,0,"SON",0
1,0,0,0,0,0,"2021-03-16T00:00:00",0,10.9,10.9,10.9,10.9,10.9,10.9,,,,0,0,0,0,0,0,"SON",0
1,0,0,0,0,0,"2021-03-15T00:00:00",0,10.9,10.9,10.9,10.9,10.9,10.9,,,,0,0,3,0,0,400,"SON",0
1,0,0,0,0,0,"2021-03-12T00:00:00",0,10.9,10.9,10.9,10.9,10.9,10.9,,,,0,0,0,0,0,0,"SON",0
1,0,0,0,0,0,"2021-03-11T00:00:00",0,10.9,10.9,10.9,10.9,10.9,10.9,,,,0,0,0,0,0,0,"SON",0
1,0,0,0,0,0,"2021-03-10T00:00:00",0,10.9,10.9,10.9,10.9,10.9,10.9,,,,0,0,0,0,0,0,"SON",0
1,0,0,0,0,0,"2021-03-09T00:00:00",0,10.9,10.9,10.9,10.9,10.9,10.9,,,,0,0,0,0,0,0,"SON",0
1,0,0,0,500,0,"2021-03-08T00:00:00",0,10.9,10.9,10.9,10.9,10.9,10.9,,,,0,0,3,0,0,400,"SON",0
1,0,0,0,0,0,"2021-03-05T00:00:00",0,10.9,10.9,10.9,10.9,10.9,10.9,,,,0,0,0,0,0,0,"SON",0
1,0,0,0,300,0,"2021-03-04T00:00:00",0,10.9,10.9,10.9,10.9,10.9,10.9,,,,0,0,3,0,0,400,"SON",0
1,0,0,0,0,0,"2021-03-03T00:00:00",0,10.9,10.9,10.9,10.9,10.9,10.9,,,,0,0,0,0,0,0,"SON",0
1,0,0,0,0,0,"2021-03-02T00:00:00",0,10.9,10.9,10.9,10.9,10.9,10.9,,,,0,0,0,0,0,0,"SON",0
1,0,0,0,600,0,"2021-03-01T00:00:00",0,10.9,10.9,10.9,10.9,10.9,10.9,,,,0,0,0,0,0,0,"SON",0
1,0,0,0,0,0,"2021-02-26T00:00:00",0,10.9,10.9,10.9,10.9,10.9,10.9,,,,0,0,0,0,0,0,"SON",0
1,0,0,0,0,0,"2021-02-25T00:00:00",0,10.9,10.9,10.9,10.9,10.9,10.9,,,,0,0,0,0,0,0,"SON",0
1,0,0,0,0,0,"2021-02-24T00:00:00",0,10.9,10.9,10.9,10.9,10.9,10.9,,,,0,0,0,0,0,0,"SON",0
1,0,0,0,0,0,"2021-02-23T00:00:00",0,10.9,10.9,10.9,10.9,10.9,10.9,,,,0,0,0,0,0,0,"SON",0
1,0,0,0,0,0,"2021-02-22T00:00:00",0,10.9,10.9,10.9,10.9,10.9,10.9,,,,0,0,0,0,0,0,"SON",0
1,0,0,0,0,0,"2021-02-19T00:00:00",0,10.9,10.9,10.9,10.9,10.9,10.9,,,,0,0,0,0,0,0,"SON",0
1,0,0,0,0,0,"2021-02-18T00:00:00",0,10.9,10.9,10.9,10.9,10.9,10.9,,,,0,0,0,0,0,0,"SON",0
1,0,0,0,0,0,"2021-02-17T00:00:00",0,10.9,10.9,10.9,10.9,10.9,10.9,,,,0,0,0,0,0,0,"SON",0
1,0,0,0,0,0,"2021-02-09T00:00:00",0,10.9,10.9,10.9,10.9,10.9,10.9,,,,0,0,0,0,0,0,"SON",0
1,0,0,0,0,0,"2021-02-08T00:00:00",0,10.9,10.9,10.9,10.9,10.9,10.9,,,,0,0,0,0,0,0,"SON",0
1,0,0,0,0,0,"2021-02-05T00:00:00",0,10.9,10.9,10.9,10.9,10.9,10.9,,,,0,0,0,0,0,0,"SON",0
1,0,0,0,0,0,"2021-02-04T00:00:00",0,10.9,10.9,10.9,10.9,10.9,10.9,,,,0,0,0,0,0,0,"SON",0
1,0,0,0,0,0,"2021-02-03T00:00:00",0,10.9,10.9,10.9,10.9,10.9,10.9,,,,0,0,0,0,0,0,"SON",0
1,0,0,0,0,0,"2021-02-02T00:00:00",0,10.9,10.9,10.9,10.9,10.9,10.9,,,,0,0,0,0,0,0,"SON",0
1,0,0,0,0,0,"2021-02-01T00:00:00",0,10.9,10.9,10.9,10.9,10.9,10.9,,,,0,0,0,0,0,0,"SON",0
1,33,0,0,300,0,"2021-01-29T00:00:00",300,10.9,12.8,10.9,10.9,10.9,10.9,,,,0,0,11,0,0,300,"SON",3270000
1,0,0,0,0,0,"2021-01-28T00:00:00",0,12.8,12.8,12.8,12.8,12.8,12.8,,,,0,0,0,0,0,0,"SON",0
1,0,0,0,0,0,"2021-01-27T00:00:00",0,12.8,12.8,12.8,12.8,12.8,12.8,,,,0,0,0,0,0,0,"SON",0
1,0,0,0,0,0,"2021-01-26T00:00:00",0,12.8,12.8,12.8,12.8,12.8,12.8,,,,0,0,0,0,0,0,"SON",0
1,0,0,0,0,0,"2021-01-25T00:00:00",0,12.8,12.8,12.8,12.8,12.8,12.8,,,,0,0,0,0,0,0,"SON",0
1,0,0,0,0,0,"2021-01-22T00:00:00",0,12.8,12.8,12.8,12.8,12.8,12.8,,,,0,0,0,0,0,0,"SON",0
1,0,0,0,0,0,"2021-01-21T00:00:00",0,12.8,12.8,12.8,12.8,12.8,12.8,,,,0,0,0,0,0,0,"SON",0
1,0,0,0,0,0,"2021-01-20T00:00:00",0,12.8,12.8,12.8,12.8,12.8,12.8,,,,0,0,0,0,0,0,"SON",0
1,0,0,0,0,0,"2021-01-19T00:00:00",0,12.8,12.8,12.8,12.8,12.8,12.8,,,,0,0,0,0,0,0,"SON",0
1,0,0,0,0,0,"2021-01-18T00:00:00",0,12.8,12.8,12.8,12.8,12.8,12.8,,,,0,0,0,0,0,0,"SON",0
1,66,0,0,600,0,"2021-01-15T00:00:00",600,12.833333333333334,12,12,13,12,13,,,,0,0,22,0,0,600,"SON",7700000
1,0,0,0,0,0,"2021-01-14T00:00:00",0,12,12,12,12,12,12,,,,0,0,0,0,0,0,"SON",0
1,0,0,0,0,0,"2021-01-13T00:00:00",0,12,12,12,12,12,12,,,,0,0,0,0,0,0,"SON",0
1,0,0,0,0,0,"2021-01-12T00:00:00",0,12,12,12,12,12,12,,,,0,0,0,0,0,0,"SON",0
1,0,0,0,0,0,"2021-01-11T00:00:00",0,12,12,12,12,12,12,,,,0,0,0,0,0,0,"SON",0
1,0,0,0,0,0,"2021-01-08T00:00:00",0,12,12,12,12,12,12,,,,0,0,9,0,0,900,"SON",0
1,0,0,0,0,0,"2021-01-07T00:00:00",0,12,12,12,12,12,12,,,,0,0,2,0,0,200,"SON",0
1,0,0,0,0,0,"2021-01-06T00:00:00",0,12,12,12,12,12,12,,,,0,0,0,0,0,0,"SON",0
1,0,0,0,0,0,"2021-01-05T00:00:00",0,12,12,12,12,12,12,,,,0,0,0,0,0,0,"SON",0
1,0,0,0,0,0,"2021-01-04T00:00:00",0,12,12,12,12,12,12,,,,0,0,1,0,0,100,"SON",0
1,0,0,0,0,0,"2020-12-31T00:00:00",0,12,12,12,12,12,12,,,,0,0,1,0,0,100,"SON",0
1,0,0,0,0,0,"2020-12-30T00:00:00",0,12,12,12,12,12,12,,,,0,0,1,0,0,100,"SON",0
1,0,0,0,0,0,"2020-12-29T00:00:00",0,12,12,12,12,12,12,,,,0,0,1,0,0,100,"SON",0
1,0,0,0,0,0,"2020-12-28T00:00:00",0,12,12,12,12,12,12,,,,0,0,1,0,0,100,"SON",0
1,0,0,0,0,0,"2020-12-25T00:00:00",0,12,12,12,12,12,12,,,,0,0,0,0,0,0,"SON",0
1,0,0,0,0,0,"2020-12-24T00:00:00",0,12,12,12,12,12,12,,,,0,0,1,0,0,100,"SON",0
1,0,0,0,0,0,"2020-12-23T00:00:00",0,12,12,12,12,12,12,,,,0,0,1,0,0,100,"SON",0
1,0,0,0,0,0,"2020-12-22T00:00:00",0,12,12,12,12,12,12,,,,0,0,1,0,0,100,"SON",0
1,0,0,0,0,0,"2020-12-21T00:00:00",0,12,12,12,12,12,12,,,,0,0,1,0,0,100,"SON",0
1,0,0,0,0,0,"2020-12-18T00:00:00",0,12,12,12,12,12,12,,,,0,0,1,0,0,100,"SON",0
1,0,0,0,0,0,"2020-12-17T00:00:00",0,12,12,12,12,12,12,,,,0,0,1,0,0,100,"SON",0
1,0,0,0,0,0,"2020-12-16T00:00:00",0,12,12,12,12,12,12,,,,0,0,1,0,0,100,"SON",0
1,0,0,0,0,0,"2020-12-15T00:00:00",0,12,12,12,12,12,12,,,,0,0,1,0,0,100,"SON",0
1,0,0,0,0,0,"2020-12-14T00:00:00",0,12,12,12,12,12,12,,,,0,0,0,0,0,0,"SON",0
1,0,0,0,0,0,"2020-12-11T00:00:00",0,12,12,12,12,12,12,,,,0,0,1,0,0,100,"SON",0
1,0,0,0,0,0,"2020-12-10T00:00:00",0,12,12,12,12,12,12,,,,0,0,1,0,0,100,"SON",0
1,0,0,0,0,0,"2020-12-09T00:00:00",0,12,12,12,12,12,12,,,,0,0,1,0,0,100,"SON",0
1,0,0,0,0,0,"2020-12-08T00:00:00",0,12,12,12,12,12,12,,,,0,0,1,0,0,100,"SON",0
1,0,0,0,0,0,"2020-12-07T00:00:00",0,12,12,12,12,12,12,,,,0,0,0,0,0,0,"SON",0
1,0,0,0,0,0,"2020-12-04T00:00:00",0,12,12,12,12,12,12,,,,0,0,0,0,0,0,"SON",0
1,0,0,0,0,0,"2020-12-03T00:00:00",0,12,12,12,12,12,12,,,,0,0,0,0,0,0,"SON",0
1,0,0,0,0,0,"2020-12-02T00:00:00",0,12,12,12,12,12,12,,,,0,0,0,0,0,0,"SON",0
1,0,0,0,0,0,"2020-12-01T00:00:00",0,12,12,12,12,12,12,,,,0,0,0,0,0,0,"SON",0
1,0,0,0,0,0,"2020-11-30T00:00:00",0,12,12,12,12,12,12,,,,0,0,0,0,0,0,"SON",0
1,0,0,0,0,0,"2020-11-27T00:00:00",0,12,12,12,12,12,12,,,,0,0,0,0,0,0,"SON",0
1,0,0,0,0,0,"2020-11-26T00:00:00",0,12,12,12,12,12,12,,,,0,0,0,0,0,0,"SON",0
1,0,0,0,0,0,"2020-11-25T00:00:00",0,12,12,12,12,12,12,,,,0,0,0,0,0,0,"SON",0
1,0,0,0,0,0,"2020-11-24T00:00:00",0,12,12,12,12,12,12,,,,0,0,0,0,0,0,"SON",0
1,0,0,0,0,0,"2020-11-23T00:00:00",0,12,12,12,12,12,12,,,,0,0,0,0,0,0,"SON",0
1,0,0,0,0,0,"2020-11-20T00:00:00",0,12,12,12,12,12,12,,,,0,0,0,0,0,0,"SON",0
1,0,0,0,0,0,"2020-11-19T00:00:00",0,12,12,12,12,12,12,,,,0,0,0,0,0,0,"SON",0
1,0,0,0,0,0,"2020-11-18T00:00:00",0,12,12,12,12,12,12,,,,0,0,0,0,0,0,"SON",0
1,0,0,0,0,0,"2020-11-17T00:00:00",0,12,12,12,12,12,12,,,,0,0,0,0,0,0,"SON",0
1,0,0,0,0,0,"2020-11-16T00:00:00",0,12,12,12,12,12,12,,,,0,0,0,0,0,0,"SON",0
1,0,0,0,0,0,"2020-11-13T00:00:00",0,12,12,12,12,12,12,,,,0,0,0,0,0,0,"SON",0
1,0,0,0,0,0,"2020-11-12T00:00:00",0,12,12,12,12,12,12,,,,0,0,0,0,0,0,"SON",0
1,0,0,0,0,0,"2020-11-11T00:00:00",0,12,12,12,12,12,12,,,,0,0,0,0,0,0,"SON",0
1,0,0,0,0,0,"2020-11-10T00:00:00",0,12,12,12,12,12,12,,,,0,0,0,0,0,0,"SON",0
1,0,0,0,0,0,"2020-11-09T00:00:00",0,12,12,12,12,12,12,,,,0,0,0,0,0,100,"SON",0
1,0,0,0,0,0,"2020-11-06T00:00:00",0,12,12,12,12,12,12,,,,0,0,0,0,0,100,"SON",0
1,0,0,0,0,0,"2020-11-05T00:00:00",0,12,12,12,12,12,12,,,,0,0,0,0,0,0,"SON",0
1,0,0,0,0,0,"2020-11-04T00:00:00",0,12,12,12,12,12,12,,,,0,0,0,0,0,0,"SON",0
1,0,0,0,0,0,"2020-11-03T00:00:00",0,12,12,12,12,12,12,,,,0,0,0,0,0,0,"SON",0
1,0,0,0,0,0,"2020-11-02T00:00:00",0,12,12,12,12,12,12,,,,0,0,0,0,0,0,"SON",0
1,0,0,0,0,0,"2020-10-30T00:00:00",0,12,12,12,12,12,12,,,,0,0,0,0,0,0,"SON",0
1,0,0,0,0,0,"2020-10-29T00:00:00",0,12,12,12,12,12,12,,,,0,0,0,0,0,0,"SON",0
1,0,0,0,0,0,"2020-10-28T00:00:00",0,12,12,12,12,12,12,,,,0,0,0,0,0,0,"SON",0
1,0,0,0,0,0,"2020-10-27T00:00:00",0,12,12,12,12,12,12,,,,0,0,0,0,0,0,"SON",0
1,0,0,0,0,0,"2020-10-26T00:00:00",0,12,12,12,12,12,12,,,,0,0,0,0,0,100,"SON",0
1,0,0,0,0,0,"2020-10-23T00:00:00",0,12,12,12,12,12,12,,,,0,0,0,0,0,0,"SON",0
1,0,0,0,0,0,"2020-10-22T00:00:00",0,12,12,12,12,12,12,,,,0,0,0,0,0,500,"SON",0
1,0,0,0,100,0,"2020-10-21T00:00:00",100,12,10.5,12,12,12,12,,,,0,0,0,0,0,100,"SON",1200000
1,0,0,0,0,0,"2020-10-20T00:00:00",0,10.5,10.5,10.5,10.5,10.5,10.5,,,,0,0,0,0,0,0,"SON",0
1,0,0,0,0,0,"2020-10-19T00:00:00",0,10.5,10.5,10.5,10.5,10.5,10.5,,,,0,0,0,0,0,100,"SON",0
1,0,0,0,0,0,"2020-10-16T00:00:00",0,10.5,10.5,10.5,10.5,10.5,10.5,,,,0,0,0,0,0,0,"SON",0
1,0,0,0,0,0,"2020-10-15T00:00:00",0,10.5,10.5,10.5,10.5,10.5,10.5,,,,0,0,0,0,0,100,"SON",0
1,0,0,0,0,0,"2020-10-14T00:00:00",0,10.5,10.5,10.5,10.5,10.5,10.5,,,,0,0,0,0,0,100,"SON",0
1,0,0,0,0,0,"2020-10-13T00:00:00",0,10.5,10.5,10.5,10.5,10.5,10.5,,,,0,0,0,0,0,0,"SON",0
1,0,0,0,0,0,"2020-10-12T00:00:00",0,10.5,10.5,10.5,10.5,10.5,10.5,,,,0,0,0,0,0,0,"SON",0
1,0,0,0,0,0,"2020-10-09T00:00:00",0,10.5,10.5,10.5,10.5,10.5,10.5,,,,0,0,0,0,0,100,"SON",0
1,0,0,0,0,0,"2020-10-08T00:00:00",0,10.5,10.5,10.5,10.5,10.5,10.5,,,,0,0,0,0,0,100,"SON",0
1,0,0,0,0,0,"2020-10-07T00:00:00",0,10.5,10.5,10.5,10.5,10.5,10.5,,,,0,0,0,0,0,0,"SON",0
1,0,0,0,0,0,"2020-10-06T00:00:00",0,10.5,10.5,10.5,10.5,10.5,10.5,,,,0,0,0,0,0,0,"SON",0
1,0,0,0,0,0,"2020-10-05T00:00:00",0,10.5,10.5,10.5,10.5,10.5,10.5,,,,0,0,0,0,0,0,"SON",0
1,0,0,0,0,0,"2020-10-02T00:00:00",0,10.5,10.5,10.5,10.5,10.5,10.5,,,,0,0,0,0,0,100,"SON",0
1,0,0,0,0,0,"2020-10-01T00:00:00",0,10.5,10.5,10.5,10.5,10.5,10.5,,,,0,0,0,0,0,100,"SON",0
1,0,0,0,0,0,"2020-09-30T00:00:00",0,10.5,10.5,10.5,10.5,10.5,10.5,,,,0,0,0,0,0,0,"SON",0
1,0,0,0,0,0,"2020-09-29T00:00:00",0,10.5,10.5,10.5,10.5,10.5,10.5,,,,0,0,0,0,0,100,"SON",0
1,0,0,0,0,0,"2020-09-28T00:00:00",0,10.5,10.5,10.5,10.5,10.5,10.5,,,,0,0,0,0,0,100,"SON",0
1,0,0,0,0,0,"2020-09-25T00:00:00",0,10.5,10.5,10.5,10.5,10.5,10.5,,,,0,0,0,0,0,0,"SON",0
1,0,0,0,0,0,"2020-09-24T00:00:00",0,10.5,10.5,10.5,10.5,10.5,10.5,,,,0,0,0,0,0,100,"SON",0
1,0,0,0,0,0,"2020-09-23T00:00:00",0,10.5,10.5,10.5,10.5,10.5,10.5,,,,0,0,0,0,0,100,"SON",0
1,0,0,0,0,0,"2020-09-22T00:00:00",0,10.5,10.5,10.5,10.5,10.5,10.5,,,,0,0,0,0,0,0,"SON",0
1,0,0,0,0,0,"2020-09-21T00:00:00",0,10.5,10.5,10.5,10.5,10.5,10.5,,,,0,0,0,0,0,0,"SON",0
1,0,0,0,0,0,"2020-09-18T00:00:00",0,10.5,10.5,10.5,10.5,10.5,10.5,,,,0,0,0,0,0,0,"SON",0
1,0,0,0,0,0,"2020-09-17T00:00:00",0,10.5,10.5,10.5,10.5,10.5,10.5,,,,0,0,0,0,0,100,"SON",0
1,0,0,0,0,0,"2020-09-16T00:00:00",0,10.5,10.5,10.5,10.5,10.5,10.5,,,,0,0,0,0,0,100,"SON",0
1,0,0,0,0,0,"2020-09-15T00:00:00",0,10.5,10.5,10.5,10.5,10.5,10.5,,,,0,0,0,0,0,100,"SON",0
1,0,0,0,0,0,"2020-09-14T00:00:00",0,10.5,10.5,10.5,10.5,10.5,10.5,,,,0,0,0,0,0,100,"SON",0
1,0,0,0,0,0,"2020-09-11T00:00:00",0,10.5,10.5,10.5,10.5,10.5,10.5,,,,0,0,0,0,0,0,"SON",0
1,0,0,0,0,0,"2020-09-10T00:00:00",0,10.5,10.5,10.5,10.5,10.5,10.5,,,,0,0,0,0,0,0,"SON",0
1,0,0,0,0,0,"2020-09-09T00:00:00",0,10.5,10.5,10.5,10.5,10.5,10.5,,,,0,0,0,0,0,0,"SON",0
1,0,0,0,0,0,"2020-09-08T00:00:00",0,10.5,10.5,10.5,10.5,10.5,10.5,,,,0,0,0,0,0,0,"SON",0
1,0,0,0,0,0,"2020-09-07T00:00:00",0,10.5,10.5,10.5,10.5,10.5,10.5,,,,0,0,0,0,0,0,"SON",0
1,0,0,0,0,0,"2020-09-04T00:00:00",0,10.5,10.5,10.5,10.5,10.5,10.5,,,,0,0,0,0,0,0,"SON",0
1,0,0,0,0,0,"2020-09-03T00:00:00",0,10.5,10.5,10.5,10.5,10.5,10.5,,,,0,0,0,0,0,0,"SON",0
1,0,0,0,0,0,"2020-09-01T00:00:00",0,10.5,10.5,10.5,10.5,10.5,10.5,,,,0,0,0,0,0,100,"SON",0
1,0,0,0,0,0,"2020-08-31T00:00:00",0,10.5,10.5,10.5,10.5,10.5,10.5,,,,0,0,0,0,0,100,"SON",0
1,0,0,0,300,0,"2020-08-28T00:00:00",0,10.5,10.5,10.5,10.5,10.5,10.5,,,,0,0,0,0,0,100,"SON",0
1,0,0,0,300,0,"2020-08-27T00:00:00",0,10.5,10.5,10.5,10.5,10.5,10.5,,,,0,0,0,0,0,100,"SON",0
1,0,0,0,300,0,"2020-08-26T00:00:00",0,10.5,10.5,10.5,10.5,10.5,10.5,,,,0,0,0,0,0,100,"SON",0
1,0,0,0,0,0,"2020-08-25T00:00:00",0,10.5,10.5,10.5,10.5,10.5,10.5,,,,0,0,0,0,0,0,"SON",0
1,0,0,0,0,0,"2020-08-24T00:00:00",0,10.5,10.5,10.5,10.5,10.5,10.5,,,,0,0,0,0,0,0,"SON",0
1,0,0,0,0,0,"2020-08-21T00:00:00",0,10.5,10.5,10.5,10.5,10.5,10.5,,,,0,0,0,0,0,0,"SON",0
1,0,0,0,0,0,"2020-08-20T00:00:00",0,10.5,10.5,10.5,10.5,10.5,10.5,,,,0,0,0,0,0,0,"SON",0
1,0,0,0,0,0,"2020-08-19T00:00:00",0,10.5,10.5,10.5,10.5,10.5,10.5,,,,0,0,0,0,0,0,"SON",0
1,0,0,0,0,0,"2020-08-18T00:00:00",0,10.5,10.5,10.5,10.5,10.5,10.5,,,,0,0,0,0,0,0,"SON",0
1,0,0,0,0,0,"2020-08-17T00:00:00",0,10.5,10.5,10.5,10.5,10.5,10.5,,,,0,0,0,0,0,0,"SON",0
1,0,0,0,0,0,"2020-08-14T00:00:00",0,10.5,10.5,10.5,10.5,10.5,10.5,,,,0,0,0,0,0,0,"SON",0
1,0,0,0,0,0,"2020-08-13T00:00:00",0,10.5,10.5,10.5,10.5,10.5,10.5,,,,0,0,0,0,0,0,"SON",0
1,0,0,0,0,0,"2020-08-12T00:00:00",0,10.5,10.5,10.5,10.5,10.5,10.5,,,,0,0,0,0,0,0,"SON",0
1,0,0,0,0,0,"2020-08-11T00:00:00",0,10.5,10.5,10.5,10.5,10.5,10.5,,,,0,0,0,0,0,0,"SON",0
1,0,0,0,0,0,"2020-08-10T00:00:00",0,10.5,10.5,10.5,10.5,10.5,10.5,,,,0,0,0,0,0,0,"SON",0
1,0,0,0,0,0,"2020-08-07T00:00:00",0,10.5,10.5,10.5,10.5,10.5,10.5,,,,0,0,0,0,0,0,"SON",0
1,0,0,0,0,0,"2020-08-06T00:00:00",0,10.5,10.5,10.5,10.5,10.5,10.5,,,,0,0,0,0,0,0,"SON",0
1,0,0,0,0,0,"2020-08-05T00:00:00",0,10.5,10.5,10.5,10.5,10.5,10.5,,,,0,0,0,0,0,0,"SON",0
1,0,0,0,0,0,"2020-08-04T00:00:00",0,10.5,10.5,10.5,10.5,10.5,10.5,,,,0,0,0,0,0,0,"SON",0
1,0,0,0,0,0,"2020-08-03T00:00:00",0,10.5,10.5,10.5,10.5,10.5,10.5,,,,0,0,0,0,0,0,"SON",0
1,0,0,0,0,0,"2020-07-31T00:00:00",0,10.5,10.5,10.5,10.5,10.5,10.5,,,,0,0,0,0,0,0,"SON",0
1,0,0,0,0,0,"2020-07-30T00:00:00",0,10.5,10.5,10.5,10.5,10.5,10.5,,,,0,0,0,0,0,0,"SON",0
1,0,0,0,0,0,"2020-07-29T00:00:00",0,10.5,10.5,10.5,10.5,10.5,10.5,,,,0,0,0,0,0,0,"SON",0
1,0,0,0,1000,0,"2020-07-28T00:00:00",1000,10.5,10,10.5,10.5,10.5,10.5,,,,0,0,0,0,0,1000,"SON",10500000
1,0,0,0,0,0,"2020-07-27T00:00:00",0,10,10,10,10,10,10,,,,0,0,0,0,0,0,"SON",0
1,0,0,0,0,0,"2020-07-24T00:00:00",0,10,10,10,10,10,10,,,,0,0,0,0,0,0,"SON",0
1,0,0,0,0,0,"2020-07-23T00:00:00",0,10,10,10,10,10,10,,,,0,0,0,0,0,0,"SON",0
1,0,0,0,1400,0,"2020-07-22T00:00:00",1400,10,10.5,10,10,10,10,,,,0,0,0,0,0,1500,"SON",14000000
1,0,0,0,0,0,"2020-07-21T00:00:00",0,10.5,10.5,10.5,10.5,10.5,10.5,,,,0,0,0,0,0,100,"SON",0
1,0,0,0,0,0,"2020-07-20T00:00:00",0,10.5,10.5,10.5,10.5,10.5,10.5,,,,0,0,0,0,0,100,"SON",0
1,0,0,0,500,0,"2020-07-17T00:00:00",500,10.5,10.4,10.5,10.5,10.5,10.5,,,,0,0,0,0,0,600,"SON",5250000
1,0,0,0,0,0,"2020-07-16T00:00:00",0,10.4,10.4,10.4,10.4,10.4,10.4,,,,0,0,0,0,0,0,"SON",0
1,0,0,0,0,0,"2020-07-15T00:00:00",0,10.4,10.4,10.4,10.4,10.4,10.4,,,,0,0,0,0,0,100,"SON",0
1,0,0,0,0,0,"2020-07-14T00:00:00",0,10.4,10.4,10.4,10.4,10.4,10.4,,,,0,0,0,0,0,0,"SON",0
1,0,0,0,0,0,"2020-07-13T00:00:00",0,10.4,10.4,10.4,10.4,10.4,10.4,,,,0,0,0,0,0,0,"SON",0
1,0,0,0,2400,0,"2020-07-10T00:00:00",2400,10.4,10.3,10.4,10.4,10.4,10.4,,,,0,0,0,0,0,2400,"SON",24960000
1,0,0,0,0,0,"2020-07-09T00:00:00",0,10.3,10.3,10.3,10.3,10.3,10.3,,,,0,0,0,0,0,0,"SON",0
1,0,0,0,0,0,"2020-07-08T00:00:00",0,10.3,10.3,10.3,10.3,10.3,10.3,,,,0,0,0,0,0,100,"SON",0
1,0,0,0,0,0,"2020-07-07T00:00:00",0,10.3,10.3,10.3,10.3,10.3,10.3,,,,0,0,0,0,0,100,"SON",0
1,0,0,0,0,0,"2020-07-06T00:00:00",0,10.3,10.3,10.3,10.3,10.3,10.3,,,,0,0,0,0,0,100,"SON",0
1,0,0,0,0,0,"2020-07-03T00:00:00",0,10.3,10.3,10.3,10.3,10.3,10.3,,,,0,0,0,0,0,100,"SON",0
1,0,0,0,0,0,"2020-07-02T00:00:00",0,10.3,10.3,10.3,10.3,10.3,10.3,,,,0,0,0,0,0,0,"SON",0
1,0,0,0,0,0,"2020-07-01T00:00:00",0,10.3,10.3,10.3,10.3,10.3,10.3,,,,0,0,0,0,0,100,"SON",0
1,0,0,0,0,0,"2020-06-30T00:00:00",0,10.3,10.3,10.3,10.3,10.3,10.3,,,,0,0,0,0,0,100,"SON",0
1,0,0,0,2400,0,"2020-06-29T00:00:00",2400,10.3,10.1,10.3,10.3,10.3,10.3,,,,0,0,0,0,0,2500,"SON",24720000
1,0,0,0,0,0,"2020-06-26T00:00:00",0,10.1,10.1,10.1,10.1,10.1,10.1,,,,0,0,0,0,0,0,"SON",0
1,0,0,0,0,0,"2020-06-25T00:00:00",0,10.1,10.1,10.1,10.1,10.1,10.1,,,,0,0,0,0,0,0,"SON",0
1,0,0,0,0,0,"2020-06-24T00:00:00",0,10.1,10.1,10.1,10.1,10.1,10.1,,,,0,0,0,0,0,0,"SON",0
1,0,0,0,0,0,"2020-06-23T00:00:00",0,10.1,10.1,10.1,10.1,10.1,10.1,,,,0,0,0,0,0,0,"SON",0
1,0,0,0,0,0,"2020-06-22T00:00:00",0,10.1,10.1,10.1,10.1,10.1,10.1,,,,0,0,0,0,0,1000,"SON",0
1,0,0,0,0,0,"2020-06-19T00:00:00",0,10.1,10.1,10.1,10.1,10.1,10.1,,,,0,0,0,0,0,0,"SON",0
1,0,0,0,0,0,"2020-06-18T00:00:00",0,10.1,10.1,10.1,10.1,10.1,10.1,,,,0,0,0,0,0,0,"SON",0
1,0,0,0,0,0,"2020-06-17T00:00:00",0,10.1,10.1,10.1,10.1,10.1,10.1,,,,0,0,0,0,0,0,"SON",0
1,0,0,0,0,0,"2020-06-16T00:00:00",0,10.1,10.1,10.1,10.1,10.1,10.1,,,,0,0,0,0,0,0,"SON",0
1,0,0,0,0,0,"2020-06-15T00:00:00",0,10.1,10.1,10.1,10.1,10.1,10.1,,,,0,0,0,0,0,0,"SON",0
1,0,0,0,0,0,"2020-06-12T00:00:00",0,10.1,10.1,10.1,10.1,10.1,10.1,,,,0,0,0,0,0,0,"SON",0
1,0,0,0,0,0,"2020-06-11T00:00:00",0,10.1,10.1,10.1,10.1,10.1,10.1,,,,0,0,0,0,0,0,"SON",0
1,0,0,0,0,0,"2020-06-10T00:00:00",0,10.1,10.1,10.1,10.1,10.1,10.1,,,,0,0,0,0,0,0,"SON",0
1,0,0,0,0,0,"2020-06-09T00:00:00",0,10.1,10.1,10.1,10.1,10.1,10.1,,,,0,0,0,0,0,0,"SON",0
1,0,0,0,0,0,"2020-06-08T00:00:00",0,10.1,10.1,10.1,10.1,10.1,10.1,,,,0,0,0,0,0,0,"SON",0
1,0,0,0,0,0,"2020-06-05T00:00:00",0,10.1,10.1,10.1,10.1,10.1,10.1,,,,0,0,0,0,0,0,"SON",0
1,0,0,0,0,0,"2020-06-04T00:00:00",0,10.1,10.1,10.1,10.1,10.1,10.1,,,,0,0,0,0,0,0,"SON",0
1,0,0,0,0,0,"2020-06-03T00:00:00",0,10.1,10.1,10.1,10.1,10.1,10.1,,,,0,0,0,0,0,0,"SON",0
1,0,0,0,0,0,"2020-06-02T00:00:00",0,10.1,10.1,10.1,10.1,10.1,10.1,,,,0,0,0,0,0,0,"SON",0
1,0,0,0,0,0,"2020-06-01T00:00:00",0,10.1,10.1,10.1,10.1,10.1,10.1,,,,0,0,0,0,0,0,"SON",0
1,0,0,0,0,0,"2020-05-29T00:00:00",0,10.1,10.1,10.1,10.1,10.1,10.1,,,,0,0,0,0,0,0,"SON",0
1,0,0,0,0,0,"2020-05-28T00:00:00",0,10.1,10.1,10.1,10.1,10.1,10.1,,,,0,0,0,0,0,0,"SON",0
1,0,0,0,0,0,"2020-05-27T00:00:00",0,10.1,10.1,10.1,10.1,10.1,10.1,,,,0,0,0,0,0,0,"SON",0
1,0,0,0,0,0,"2020-05-26T00:00:00",0,10.1,10.1,10.1,10.1,10.1,10.1,,,,0,0,0,0,0,0,"SON",0
1,0,0,0,0,0,"2020-05-25T00:00:00",0,10.1,10.1,10.1,10.1,10.1,10.1,,,,0,0,0,0,0,0,"SON",0
1,0,0,0,0,0,"2020-05-22T00:00:00",0,10.1,10.1,10.1,10.1,10.1,10.1,,,,0,0,0,0,0,0,"SON",0
1,0,0,0,0,0,"2020-05-21T00:00:00",0,10.1,10.1,10.1,10.1,10.1,10.1,,,,0,0,0,0,0,0,"SON",0
1,0,0,0,0,0,"2020-05-20T00:00:00",0,10.1,10.1,10.1,10.1,10.1,10.1,,,,0,0,0,0,0,0,"SON",0
1,0,0,0,0,0,"2020-05-19T00:00:00",0,10.1,10.1,10.1,10.1,10.1,10.1,,,,0,0,0,0,0,0,"SON",0
1,0,0,0,0,0,"2020-05-18T00:00:00",0,10.1,10.1,10.1,10.1,10.1,10.1,,,,0,0,0,0,0,0,"SON",0
1,0,0,0,0,0,"2020-05-15T00:00:00",0,10.1,10.1,10.1,10.1,10.1,10.1,,,,0,0,0,0,0,0,"SON",0
1,0,0,0,0,0,"2020-05-14T00:00:00",0,10.1,10.1,10.1,10.1,10.1,10.1,,,,0,0,0,0,0,0,"SON",0
1,0,0,0,0,0,"2020-05-13T00:00:00",0,10.1,10.1,10.1,10.1,10.1,10.1,,,,0,0,0,0,0,0,"SON",0
1,0,0,0,0,0,"2020-05-12T00:00:00",0,10.1,10.1,10.1,10.1,10.1,10.1,,,,0,0,0,0,0,0,"SON",0
1,0,0,0,0,0,"2020-05-11T00:00:00",0,10.1,10.1,10.1,10.1,10.1,10.1,,,,0,0,0,0,0,0,"SON",0
1,0,0,0,0,0,"2020-05-08T00:00:00",0,10.1,10.1,10.1,10.1,10.1,10.1,,,,0,0,0,0,0,0,"SON",0
1,0,0,0,0,0,"2020-05-07T00:00:00",0,10.1,10.1,10.1,10.1,10.1,10.1,,,,0,0,0,0,0,0,"SON",0
1,0,0,0,0,0,"2020-05-06T00:00:00",0,10.1,10.1,10.1,10.1,10.1,10.1,,,,0,0,0,0,0,0,"SON",0
1,0,0,0,0,0,"2020-05-05T00:00:00",0,10.1,10.1,10.1,10.1,10.1,10.1,,,,0,0,0,0,0,0,"SON",0
1,0,0,0,0,0,"2020-05-04T00:00:00",0,10.1,10.1,10.1,10.1,10.1,10.1,,,,0,0,0,0,0,0,"SON",0
1,0,0,0,0,0,"2020-04-29T00:00:00",0,10.1,10.1,10.1,10.1,10.1,10.1,,,,0,0,0,0,0,0,"SON",0
1,0,0,0,0,0,"2020-04-28T00:00:00",0,10.1,10.1,10.1,10.1,10.1,10.1,,,,0,0,0,0,0,0,"SON",0
1,0,0,0,0,0,"2020-04-27T00:00:00",0,10.1,10.1,10.1,10.1,10.1,10.1,,,,0,0,0,0,0,0,"SON",0
1,0,0,0,0,0,"2020-04-24T00:00:00",0,10.1,10.1,10.1,10.1,10.1,10.1,,,,0,0,0,0,0,100,"SON",0
1,0,0,0,0,0,"2020-04-23T00:00:00",0,10.1,10.1,10.1,10.1,10.1,10.1,,,,0,0,0,0,0,0,"SON",0
1,0,0,0,0,0,"2020-04-22T00:00:00",0,10.1,10.1,10.1,10.1,10.1,10.1,,,,0,0,0,0,0,0,"SON",0
1,0,0,0,0,0,"2020-04-21T00:00:00",0,10.1,10.1,10.1,10.1,10.1,10.1,,,,0,0,0,0,0,0,"SON",0
1,0,0,0,0,0,"2020-04-20T00:00:00",0,10.1,10.1,10.1,10.1,10.1,10.1,,,,0,0,0,0,0,0,"SON",0
1,0,0,0,0,0,"2020-04-17T00:00:00",0,10.1,10.1,10.1,10.1,10.1,10.1,,,,0,0,0,0,0,0,"SON",0
1,0,0,0,0,0,"2020-04-16T00:00:00",0,10.1,10.1,10.1,10.1,10.1,10.1,,,,0,0,0,0,0,0,"SON",0
1,0,0,0,0,0,"2020-04-15T00:00:00",0,10.1,10.1,10.1,10.1,10.1,10.1,,,,0,0,0,0,0,0,"SON",0
1,0,0,0,0,0,"2020-04-14T00:00:00",0,10.1,10.1,10.1,10.1,10.1,10.1,,,,0,0,0,0,0,0,"SON",0
1,0,0,0,0,0,"2020-04-13T00:00:00",0,10.1,10.1,10.1,10.1,10.1,10.1,,,,0,0,0,0,0,0,"SON",0
1,0,0,0,0,0,"2020-04-10T00:00:00",0,10.1,10.1,10.1,10.1,10.1,10.1,,,,0,0,0,0,0,0,"SON",0
1,0,0,0,0,0,"2020-04-09T00:00:00",0,10.1,10.1,10.1,10.1,10.1,10.1,,,,0,0,0,0,0,0,"SON",0
1,0,0,0,0,0,"2020-04-08T00:00:00",0,10.1,10.1,10.1,10.1,10.1,10.1,,,,0,0,0,0,0,0,"SON",0
1,0,0,0,0,0,"2020-04-07T00:00:00",0,10.1,10.1,10.1,10.1,10.1,10.1,,,,0,0,0,0,0,0,"SON",0
1,0,0,0,0,0,"2020-04-06T00:00:00",0,10.1,10.1,10.1,10.1,10.1,10.1,,,,0,0,0,0,0,0,"SON",0
1,0,0,0,0,0,"2020-04-03T00:00:00",0,10.1,10.1,10.1,10.1,10.1,10.1,,,,0,0,0,0,0,0,"SON",0
1,0,0,0,0,0,"2020-04-01T00:00:00",0,10.1,10.1,10.1,10.1,10.1,10.1,,,,0,0,0,0,0,0,"SON",0
1,0,0,0,0,0,"2020-03-31T00:00:00",0,10.1,10.1,10.1,10.1,10.1,10.1,,,,0,0,0,0,0,0,"SON",0
1,0,0,0,0,0,"2020-03-30T00:00:00",0,10.1,10.1,10.1,10.1,10.1,10.1,,,,0,0,0,0,0,0,"SON",0
1,0,0,0,0,0,"2020-03-27T00:00:00",0,10.1,10.1,10.1,10.1,10.1,10.1,,,,0,0,0,0,0,0,"SON",0
1,0,0,0,0,0,"2020-03-26T00:00:00",0,10.1,10.1,10.1,10.1,10.1,10.1,,,,0,0,0,0,0,0,"SON",0
1,0,0,0,0,0,"2020-03-25T00:00:00",0,10.1,10.1,10.1,10.1,10.1,10.1,,,,0,0,0,0,0,0,"SON",0
1,0,0,0,0,0,"2020-03-24T00:00:00",0,10.1,10.1,10.1,10.1,10.1,10.1,,,,0,0,0,0,0,0,"SON",0
1,0,0,0,0,0,"2020-03-23T00:00:00",0,10.1,10.1,10.1,10.1,10.1,10.1,,,,0,0,0,0,0,0,"SON",0
1,0,0,0,0,0,"2020-03-20T00:00:00",0,10.1,10.1,10.1,10.1,10.1,10.1,,,,0,0,0,0,0,0,"SON",0
1,0,0,0,0,0,"2020-03-19T00:00:00",0,10.1,10.1,10.1,10.1,10.1,10.1,,,,0,0,0,0,0,0,"SON",0
1,0,0,0,0,0,"2020-03-18T00:00:00",0,10.1,10.1,10.1,10.1,10.1,10.1,,,,0,0,0,0,0,0,"SON",0
1,0,0,0,0,0,"2020-03-17T00:00:00",0,10.1,10.1,10.1,10.1,10.1,10.1,,,,0,0,0,0,0,0,"SON",0
1,0,0,0,0,0,"2020-03-16T00:00:00",0,10.1,10.1,10.1,10.1,10.1,10.1,,,,0,0,0,0,0,0,"SON",0
1,0,0,0,0,0,"2020-03-13T00:00:00",0,10.1,10.1,10.1,10.1,10.1,10.1,,,,0,0,0,0,0,0,"SON",0
1,0,0,0,0,0,"2020-03-12T00:00:00",0,10.1,10.1,10.1,10.1,10.1,10.1,,,,0,0,0,0,0,0,"SON",0
1,0,0,0,0,0,"2020-03-11T00:00:00",0,10.1,10.1,10.1,10.1,10.1,10.1,,,,0,0,0,0,0,0,"SON",0
1,0,0,0,0,0,"2020-03-10T00:00:00",0,10.1,10.1,10.1,10.1,10.1,10.1,,,,0,0,0,0,0,0,"SON",0
1,0,0,0,0,0,"2020-03-09T00:00:00",0,10.1,10.1,10.1,10.1,10.1,10.1,,,,0,0,0,0,0,0,"SON",0
1,0,0,0,0,0,"2020-03-06T00:00:00",0,10.1,10.1,10.1,10.1,10.1,10.1,,,,0,0,0,0,0,0,"SON",0
1,0,0,0,0,0,"2020-03-05T00:00:00",0,10.1,10.1,10.1,10.1,10.1,10.1,,,,0,0,0,0,0,0,"SON",0
1,0,0,0,0,0,"2020-03-04T00:00:00",0,10.1,10.1,10.1,10.1,10.1,10.1,,,,0,0,0,0,0,0,"SON",0
1,0,0,0,0,0,"2020-03-03T00:00:00",0,10.1,10.1,10.1,10.1,10.1,10.1,,,,0,0,0,0,0,0,"SON",0
1,0,0,0,0,0,"2020-03-02T00:00:00",0,10.1,10.1,10.1,10.1,10.1,10.1,,,,0,0,0,0,0,100,"SON",0
1,0,0,0,0,0,"2020-02-28T00:00:00",0,10.1,10.1,10.1,10.1,10.1,10.1,,,,0,0,0,0,0,0,"SON",0
1,0,0,0,0,0,"2020-02-27T00:00:00",0,10.1,10.1,10.1,10.1,10.1,10.1,,,,0,0,0,0,0,0,"SON",0
1,0,0,0,0,0,"2020-02-26T00:00:00",0,10.1,10.1,10.1,10.1,10.1,10.1,,,,0,0,0,0,0,0,"SON",0
1,0,0,0,0,0,"2020-02-25T00:00:00",0,10.1,10.1,10.1,10.1,10.1,10.1,,,,0,0,0,0,0,0,"SON",0
1,0,0,0,0,0,"2020-02-24T00:00:00",0,10.1,10.1,10.1,10.1,10.1,10.1,,,,0,0,0,0,0,0,"SON",0
1,0,0,0,0,0,"2020-02-21T00:00:00",0,10.1,10.1,10.1,10.1,10.1,10.1,,,,0,0,0,0,0,0,"SON",0
1,0,0,0,0,0,"2020-02-20T00:00:00",0,10.1,10.1,10.1,10.1,10.1,10.1,,,,0,0,0,0,0,0,"SON",0
1,0,0,0,0,0,"2020-02-19T00:00:00",0,10.1,10.1,10.1,10.1,10.1,10.1,,,,0,0,0,0,0,0,"SON",0
1,0,0,0,0,0,"2020-02-18T00:00:00",0,10.1,10.1,10.1,10.1,10.1,10.1,,,,0,0,0,0,0,0,"SON",0
1,0,0,0,0,0,"2020-02-17T00:00:00",0,10.1,10.1,10.1,10.1,10.1,10.1,,,,0,0,0,0,0,0,"SON",0
1,0,0,0,0,0,"2020-02-14T00:00:00",0,10.1,10.1,10.1,10.1,10.1,10.1,,,,0,0,0,0,0,0,"SON",0
1,0,0,0,0,0,"2020-02-13T00:00:00",0,10.1,10.1,10.1,10.1,10.1,10.1,,,,0,0,0,0,0,0,"SON",0
1,0,0,0,0,0,"2020-02-12T00:00:00",0,10.1,10.1,10.1,10.1,10.1,10.1,,,,0,0,0,0,0,0,"SON",0
1,0,0,0,0,0,"2020-02-11T00:00:00",0,10.1,10.1,10.1,10.1,10.1,10.1,,,,0,0,0,0,0,0,"SON",0
1,0,0,0,0,0,"2020-02-10T00:00:00",0,10.1,10.1,10.1,10.1,10.1,10.1,,,,0,0,0,0,0,0,"SON",0
1,0,0,0,0,0,"2020-02-07T00:00:00",0,10.1,10.1,10.1,10.1,10.1,10.1,,,,0,0,0,0,0,0,"SON",0
1,0,0,0,0,0,"2020-02-06T00:00:00",0,10.1,10.1,10.1,10.1,10.1,10.1,,,,0,0,0,0,0,0,"SON",0
1,0,0,0,0,0,"2020-02-05T00:00:00",0,10.1,10.1,10.1,10.1,10.1,10.1,,,,0,0,0,0,0,0,"SON",0
1,0,0,0,0,0,"2020-02-04T00:00:00",0,10.1,10.1,10.1,10.1,10.1,10.1,,,,0,0,0,0,0,0,"SON",0
1,0,0,0,0,0,"2020-02-03T00:00:00",0,10.1,10.1,10.1,10.1,10.1,10.1,,,,0,0,0,0,0,0,"SON",0
1,0,0,0,0,0,"2020-01-31T00:00:00",0,10.1,10.1,10.1,10.1,10.1,10.1,,,,0,0,0,0,0,0,"SON",0
1,0,0,0,0,0,"2020-01-30T00:00:00",0,10.1,10.1,10.1,10.1,10.1,10.1,,,,0,0,0,0,0,0,"SON",0
1,0,0,0,0,0,"2020-01-22T00:00:00",0,10.1,10.1,10.1,10.1,10.1,10.1,,,,0,0,0,0,0,0,"SON",0
1,0,0,0,0,0,"2020-01-21T00:00:00",0,10.1,10.1,10.1,10.1,10.1,10.1,,,,0,0,0,0,0,0,"SON",0
1,0,0,0,0,0,"2020-01-20T00:00:00",0,10.1,10.1,10.1,10.1,10.1,10.1,,,,0,0,0,0,0,0,"SON",0
1,0,0,0,0,0,"2020-01-17T00:00:00",0,10.1,10.1,10.1,10.1,10.1,10.1,,,,0,0,0,0,0,0,"SON",0
1,0,0,0,0,0,"2020-01-16T00:00:00",0,10.1,10.1,10.1,10.1,10.1,10.1,,,,0,0,0,0,0,0,"SON",0
1,0,0,0,0,0,"2020-01-15T00:00:00",0,10.1,10.1,10.1,10.1,10.1,10.1,,,,0,0,0,0,0,0,"SON",0
1,0,0,0,0,0,"2020-01-14T00:00:00",0,10.1,10.1,10.1,10.1,10.1,10.1,,,,0,0,0,0,0,0,"SON",0
1,0,0,0,0,0,"2020-01-13T00:00:00",0,10.1,10.1,10.1,10.1,10.1,10.1,,,,0,0,0,0,0,0,"SON",0
1,0,0,0,0,0,"2020-01-10T00:00:00",0,10.1,10.1,10.1,10.1,10.1,10.1,,,,0,0,0,0,0,1000,"SON",0
1,0,0,0,0,0,"2020-01-09T00:00:00",0,10.1,10.1,10.1,10.1,10.1,10.1,,,,0,0,0,0,0,0,"SON",0
1,0,0,0,0,0,"2020-01-08T00:00:00",0,10.1,10.1,10.1,10.1,10.1,10.1,,,,0,0,0,0,0,0,"SON",0
1,0,0,0,0,0,"2020-01-07T00:00:00",0,10.1,10.1,10.1,10.1,10.1,10.1,,,,0,0,0,0,0,0,"SON",0
1,0,0,0,0,0,"2020-01-06T00:00:00",0,10.1,10.1,10.1,10.1,10.1,10.1,,,,0,0,0,0,0,0,"SON",0
1,0,0,0,0,0,"2020-01-03T00:00:00",0,10.1,10.1,10.1,10.1,10.1,10.1,,,,0,0,0,0,0,0,"SON",0
1,0,0,0,0,0,"2020-01-02T00:00:00",0,10.1,10.1,10.1,10.1,10.1,10.1,,,,0,0,0,0,0,0,"SON",0
1,0,0,0,0,0,"2019-12-31T00:00:00",0,10.1,10.1,10.1,10.1,10.1,10.1,,,,0,0,0,0,0,0,"SON",0
1,0,0,0,0,0,"2019-12-30T00:00:00",0,10.1,10.1,10.1,10.1,10.1,10.1,,,,0,0,0,0,0,0,"SON",0
1,0,0,0,0,0,"2019-12-27T00:00:00",0,10.1,10.1,10.1,10.1,10.1,10.1,,,,0,0,0,0,0,0,"SON",0
1,0,0,0,0,0,"2019-12-26T00:00:00",0,10.1,10.1,10.1,10.1,10.1,10.1,,,,0,0,0,0,0,0,"SON",0
1,0,0,0,0,0,"2019-12-25T00:00:00",0,10.1,10.1,10.1,10.1,10.1,10.1,,,,0,0,0,0,0,0,"SON",0
1,0,0,0,0,0,"2019-12-24T00:00:00",0,10.1,10.1,10.1,10.1,10.1,10.1,,,,0,0,0,0,0,0,"SON",0
1,0,0,0,0,0,"2019-12-23T00:00:00",0,10.1,10.1,10.1,10.1,10.1,10.1,,,,0,0,0,0,0,0,"SON",0
1,0,0,0,0,0,"2019-12-20T00:00:00",0,10.1,10.1,10.1,10.1,10.1,10.1,,,,0,0,0,0,0,0,"SON",0
1,0,0,0,0,0,"2019-12-19T00:00:00",0,10.1,10.1,10.1,10.1,10.1,10.1,,,,0,0,0,0,0,0,"SON",0
1,0,0,0,0,0,"2019-12-18T00:00:00",0,10.1,10.1,10.1,10.1,10.1,10.1,,,,0,0,0,0,0,0,"SON",0
1,0,0,0,0,0,"2019-12-17T00:00:00",0,10.1,10.1,10.1,10.1,10.1,10.1,,,,0,0,0,0,0,0,"SON",0
1,0,0,0,0,0,"2019-12-16T00:00:00",0,10.1,10.1,10.1,10.1,10.1,10.1,,,,0,0,0,0,0,0,"SON",0
1,0,0,0,0,0,"2019-12-13T00:00:00",0,10.1,10.1,10.1,10.1,10.1,10.1,,,,0,0,0,0,0,0,"SON",0
1,0,0,0,0,0,"2019-12-12T00:00:00",0,10.1,10.1,10.1,10.1,10.1,10.1,,,,0,0,0,0,0,0,"SON",0
1,0,0,0,0,0,"2019-12-11T00:00:00",0,10.1,10.1,10.1,10.1,10.1,10.1,,,,0,0,0,0,0,0,"SON",0
1,0,0,0,0,0,"2019-12-10T00:00:00",0,10.1,10.1,10.1,10.1,10.1,10.1,,,,0,0,0,0,0,0,"SON",0
1,0,0,0,0,0,"2019-12-09T00:00:00",0,10.1,10.1,10.1,10.1,10.1,10.1,,,,0,0,0,0,0,0,"SON",0
1,0,0,0,0,0,"2019-12-06T00:00:00",0,10.1,10.1,10.1,10.1,10.1,10.1,,,,0,0,0,0,0,0,"SON",0
1,0,0,0,0,0,"2019-12-05T00:00:00",0,10.1,10.1,10.1,10.1,10.1,10.1,,,,0,0,0,0,0,0,"SON",0
1,0,0,0,0,0,"2019-12-04T00:00:00",0,10.1,10.1,10.1,10.1,10.1,10.1,,,,0,0,0,0,0,0,"SON",0
1,0,0,0,0,0,"2019-12-03T00:00:00",0,10.1,10.1,10.1,10.1,10.1,10.1,,,,0,0,0,0,0,0,"SON",0
1,0,0,0,0,0,"2019-12-02T00:00:00",0,10.1,10.1,10.1,10.1,10.1,10.1,,,,0,0,0,0,0,0,"SON",0
1,0,0,0,0,0,"2019-11-29T00:00:00",0,10.1,10.1,10.1,10.1,10.1,10.1,,,,0,0,0,0,0,0,"SON",0
1,0,0,0,0,0,"2019-11-28T00:00:00",0,10.1,10.1,10.1,10.1,10.1,10.1,,,,0,0,0,0,0,0,"SON",0
1,0,0,0,0,0,"2019-11-27T00:00:00",0,10.1,10.1,10.1,10.1,10.1,10.1,,,,0,0,0,0,0,0,"SON",0
1,0,0,0,0,0,"2019-11-26T00:00:00",0,10.1,10.1,10.1,10.1,10.1,10.1,,,,0,0,0,0,0,0,"SON",0
1,0,0,0,0,0,"2019-11-25T00:00:00",0,10.1,10.1,10.1,10.1,10.1,10.1,,,,0,0,0,0,0,0,"SON",0
1,0,0,0,0,0,"2019-11-22T00:00:00",0,10.1,10.1,10.1,10.1,10.1,10.1,,,,0,0,0,0,0,0,"SON",0
1,0,0,0,0,0,"2019-11-21T00:00:00",0,10.1,10.1,10.1,10.1,10.1,10.1,,,,0,0,0,0,0,0,"SON",0
1,0,0,0,0,0,"2019-11-20T00:00:00",0,10.1,10.1,10.1,10.1,10.1,10.1,,,,0,0,0,0,0,0,"SON",0
1,0,0,0,0,0,"2019-11-19T00:00:00",0,10.1,10.1,10.1,10.1,10.1,10.1,,,,0,0,0,0,0,0,"SON",0
1,0,0,0,0,0,"2019-11-18T00:00:00",0,10.1,10.1,10.1,10.1,10.1,10.1,,,,0,0,0,0,0,0,"SON",0
1,0,0,0,0,0,"2019-11-15T00:00:00",0,10.1,10.1,10.1,10.1,10.1,10.1,,,,0,0,0,0,0,0,"SON",0
1,0,0,0,0,0,"2019-11-14T00:00:00",0,10.1,10.1,10.1,10.1,10.1,10.1,,,,0,0,0,0,0,0,"SON",0
1,0,0,0,0,0,"2019-11-13T00:00:00",0,10.1,10.1,10.1,10.1,10.1,10.1,,,,0,0,0,0,0,0,"SON",0
1,0,0,0,0,0,"2019-11-12T00:00:00",0,10.1,10.1,10.1,10.1,10.1,10.1,,,,0,0,0,0,0,0,"SON",0
1,0,0,0,0,0,"2019-11-11T00:00:00",0,10.1,10.1,10.1,10.1,10.1,10.1,,,,0,0,0,0,0,0,"SON",0
1,0,0,0,0,0,"2019-11-08T00:00:00",0,10.1,10.1,10.1,10.1,10.1,10.1,,,,0,0,0,0,0,0,"SON",0
1,0,0,0,0,0,"2019-11-07T00:00:00",0,10.1,10.1,10.1,10.1,10.1,10.1,,,,0,0,0,0,0,0,"SON",0
1,0,0,0,0,0,"2019-11-06T00:00:00",0,10.1,10.1,10.1,10.1,10.1,10.1,,,,0,0,0,0,0,0,"SON",0
1,0,0,0,0,0,"2019-11-05T00:00:00",0,10.1,10.1,10.1,10.1,10.1,10.1,,,,0,0,0,0,0,0,"SON",0
1,0,0,0,0,0,"2019-11-04T00:00:00",0,10.1,10.1,10.1,10.1,10.1,10.1,,,,0,0,0,0,0,0,"SON",0
1,0,0,0,0,0,"2019-11-01T00:00:00",0,10.1,10.1,10.1,10.1,10.1,10.1,,,,0,0,0,0,0,0,"SON",0
1,0,0,0,0,0,"2019-10-31T00:00:00",0,10.1,10.1,10.1,10.1,10.1,10.1,,,,0,0,0,0,0,0,"SON",0
1,0,0,0,0,0,"2019-10-30T00:00:00",0,10.1,10.1,10.1,10.1,10.1,10.1,,,,0,0,0,0,0,0,"SON",0
1,0,0,0,0,0,"2019-10-29T00:00:00",0,10.1,10.1,10.1,10.1,10.1,10.1,,,,0,0,0,0,0,0,"SON",0
1,0,0,0,0,0,"2019-10-28T00:00:00",0,10.1,10.1,10.1,10.1,10.1,10.1,,,,0,0,0,0,0,0,"SON",0
1,0,0,0,0,0,"2019-10-25T00:00:00",0,10.1,10.1,10.1,10.1,10.1,10.1,,,,0,0,0,0,0,0,"SON",0
1,0,0,0,0,0,"2019-10-24T00:00:00",0,10.1,10.1,10.1,10.1,10.1,10.1,,,,0,0,0,0,0,0,"SON",0
1,0,0,0,0,0,"2019-10-23T00:00:00",0,10.1,10.1,10.1,10.1,10.1,10.1,,,,0,0,0,0,0,0,"SON",0
1,0,0,0,0,0,"2019-10-22T00:00:00",0,10.1,10.1,10.1,10.1,10.1,10.1,,,,0,0,0,0,0,0,"SON",0
1,0,0,0,0,0,"2019-10-21T00:00:00",0,10.1,10.1,10.1,10.1,10.1,10.1,,,,0,0,0,0,0,0,"SON",0
1,0,0,0,0,0,"2019-10-18T00:00:00",0,10.1,10.1,10.1,10.1,10.1,10.1,,,,0,0,0,0,0,0,"SON",0
1,0,0,0,0,0,"2019-10-17T00:00:00",0,10.1,10.1,10.1,10.1,10.1,10.1,,,,0,0,0,0,0,0,"SON",0
1,0,0,0,0,0,"2019-10-16T00:00:00",0,10.1,10.1,10.1,10.1,10.1,10.1,,,,0,0,0,0,0,0,"SON",0
1,0,0,0,0,0,"2019-10-15T00:00:00",0,10.1,10.1,10.1,10.1,10.1,10.1,,,,0,0,0,0,0,0,"SON",0
1,0,0,0,0,0,"2019-10-14T00:00:00",0,10.1,10.1,10.1,10.1,10.1,10.1,,,,0,0,0,0,0,0,"SON",0
1,0,0,0,0,0,"2019-10-11T00:00:00",0,10.1,10.1,10.1,10.1,10.1,10.1,,,,0,0,0,0,0,0,"SON",0
1,0,0,0,0,0,"2019-10-10T00:00:00",0,10.1,10.1,10.1,10.1,10.1,10.1,,,,0,0,0,0,0,0,"SON",0
1,0,0,0,0,0,"2019-10-09T00:00:00",0,10.1,10.1,10.1,10.1,10.1,10.1,,,,0,0,0,0,0,100,"SON",0
1,0,0,0,0,0,"2019-10-08T00:00:00",0,10.1,10.1,10.1,10.1,10.1,10.1,,,,0,0,0,0,0,0,"SON",0
1,0,0,0,0,0,"2019-10-07T00:00:00",0,10.1,10.1,10.1,10.1,10.1,10.1,,,,0,0,0,0,0,0,"SON",0
1,0,0,0,0,0,"2019-10-04T00:00:00",0,10.1,10.1,10.1,10.1,10.1,10.1,,,,0,0,0,0,0,0,"SON",0
1,0,0,0,0,0,"2019-10-03T00:00:00",0,10.1,10.1,10.1,10.1,10.1,10.1,,,,0,0,0,0,0,0,"SON",0
1,0,0,0,0,0,"2019-10-02T00:00:00",0,10.1,10.1,10.1,10.1,10.1,10.1,,,,0,0,0,0,0,0,"SON",0
1,0,0,0,0,0,"2019-10-01T00:00:00",0,10.1,10.1,10.1,10.1,10.1,10.1,,,,0,0,0,0,0,0,"SON",0
1,0,0,0,0,0,"2019-09-30T00:00:00",0,10.1,10.1,10.1,10.1,10.1,10.1,,,,0,0,0,0,0,0,"SON",0
1,0,0,0,0,0,"2019-09-27T00:00:00",0,10.1,10.1,10.1,10.1,10.1,10.1,,,,0,0,0,0,0,0,"SON",0
1,0,0,0,0,0,"2019-09-26T00:00:00",0,10.1,10.1,10.1,10.1,10.1,10.1,,,,0,0,0,0,0,0,"SON",0
1,0,0,0,0,0,"2019-09-25T00:00:00",0,10.1,10.1,10.1,10.1,10.1,10.1,,,,0,0,0,0,0,0,"SON",0
1,0,0,0,0,0,"2019-09-24T00:00:00",0,10.1,10.1,10.1,10.1,10.1,10.1,,,,0,0,0,0,0,0,"SON",0
1,0,0,0,0,0,"2019-09-23T00:00:00",0,10.1,10.1,10.1,10.1,10.1,10.1,,,,0,0,0,0,0,0,"SON",0
1,0,0,0,0,0,"2019-09-20T00:00:00",0,10.1,10.1,10.1,10.1,10.1,10.1,,,,0,0,0,0,0,0,"SON",0
1,0,0,0,0,0,"2019-09-19T00:00:00",0,10.1,10.1,10.1,10.1,10.1,10.1,,,,0,0,0,0,0,0,"SON",0
1,0,0,0,0,0,"2019-09-18T00:00:00",0,10.1,10.1,10.1,10.1,10.1,10.1,,,,0,0,0,0,0,0,"SON",0
1,0,0,0,0,0,"2019-09-17T00:00:00",0,10.1,10.1,10.1,10.1,10.1,10.1,,,,0,0,0,0,0,0,"SON",0
1,0,0,0,0,0,"2019-09-16T00:00:00",0,10.1,10.1,10.1,10.1,10.1,10.1,,,,0,0,0,0,0,0,"SON",0
1,0,0,0,0,0,"2019-09-13T00:00:00",0,10.1,10.1,10.1,10.1,10.1,10.1,,,,0,0,0,0,0,100,"SON",0
1,0,0,0,0,0,"2019-09-12T00:00:00",0,10.1,10.1,10.1,10.1,10.1,10.1,,,,0,0,0,0,0,0,"SON",0
1,0,0,0,0,0,"2019-09-11T00:00:00",0,10.1,10.1,10.1,10.1,10.1,10.1,,,,0,0,0,0,0,0,"SON",0
1,0,0,0,0,0,"2019-09-10T00:00:00",0,10.1,10.1,10.1,10.1,10.1,10.1,,,,0,0,0,0,0,0,"SON",0
1,0,0,0,0,0,"2019-09-09T00:00:00",0,10.1,10.1,10.1,10.1,10.1,10.1,,,,0,0,0,0,0,0,"SON",0
1,0,0,0,0,0,"2019-09-06T00:00:00",0,10.1,10.1,10.1,10.1,10.1,10.1,,,,0,0,0,0,0,0,"SON",0
1,0,0,0,0,0,"2019-09-05T00:00:00",0,10.1,10.1,10.1,10.1,10.1,10.1,,,,0,0,0,0,0,0,"SON",0
1,0,0,0,0,0,"2019-09-04T00:00:00",0,10.1,10.1,10.1,10.1,10.1,10.1,,,,0,0,0,0,0,0,"SON",0
1,0,0,0,0,0,"2019-09-03T00:00:00",0,10.1,10.1,10.1,10.1,10.1,10.1,,,,0,0,0,0,0,100,"SON",0
1,0,0,0,0,0,"2019-08-30T00:00:00",0,10.1,10.1,10.1,10.1,10.1,10.1,,,,0,0,0,0,0,1100,"SON",0
1,0,0,0,0,0,"2019-08-29T00:00:00",0,10.1,10.1,10.1,10.1,10.1,10.1,,,,0,0,0,0,0,0,"SON",0
1,0,0,0,0,0,"2019-08-28T00:00:00",0,10.1,10.1,10.1,10.1,10.1,10.1,,,,0,0,0,0,0,0,"SON",0
1,0,0,0,0,0,"2019-08-27T00:00:00",0,10.1,10.1,10.1,10.1,10.1,10.1,,,,0,0,0,0,0,100,"SON",0
1,0,0,0,0,0,"2019-08-26T00:00:00",0,10.1,10.1,10.1,10.1,10.1,10.1,,,,0,0,0,0,0,0,"SON",0
1,0,0,0,0,0,"2019-08-23T00:00:00",0,10.1,10.1,10.1,10.1,10.1,10.1,,,,0,0,0,0,0,0,"SON",0
1,0,0,0,0,0,"2019-08-22T00:00:00",0,10.1,10.1,10.1,10.1,10.1,10.1,,,,0,0,0,0,0,0,"SON",0
1,0,0,0,0,0,"2019-08-21T00:00:00",0,10.1,10.1,10.1,10.1,10.1,10.1,,,,0,0,0,0,0,100,"SON",0
1,0,0,0,0,0,"2019-08-20T00:00:00",0,10.1,10.1,10.1,10.1,10.1,10.1,,,,0,0,0,0,0,0,"SON",0
1,0,0,0,0,0,"2019-08-19T00:00:00",0,10.1,10.1,10.1,10.1,10.1,10.1,,,,0,0,0,0,0,0,"SON",0
1,0,0,0,0,0,"2019-08-16T00:00:00",0,10.1,10.1,10.1,10.1,10.1,10.1,,,,0,0,0,0,0,0,"SON",0
1,0,0,0,0,0,"2019-08-15T00:00:00",0,10.1,10.1,10.1,10.1,10.1,10.1,,,,0,0,0,0,0,0,"SON",0
1,0,0,0,0,0,"2019-08-14T00:00:00",0,10.1,10.1,10.1,10.1,10.1,10.1,,,,0,0,0,0,0,0,"SON",0
1,0,0,0,0,0,"2019-08-13T00:00:00",0,10.1,10.1,10.1,10.1,10.1,10.1,,,,0,0,0,0,0,0,"SON",0
1,0,0,0,0,0,"2019-08-12T00:00:00",0,10.1,10.1,10.1,10.1,10.1,10.1,,,,0,0,0,0,0,0,"SON",0
1,0,0,0,0,0,"2019-08-09T00:00:00",0,10.1,10.1,10.1,10.1,10.1,10.1,,,,0,0,0,0,0,0,"SON",0
1,0,0,0,0,0,"2019-08-08T00:00:00",0,10.1,10.1,10.1,10.1,10.1,10.1,,,,0,0,0,0,0,0,"SON",0
1,0,0,0,0,0,"2019-08-07T00:00:00",0,10.1,10.1,10.1,10.1,10.1,10.1,,,,0,0,0,0,0,0,"SON",0
1,0,0,0,0,0,"2019-08-06T00:00:00",0,10.1,10.1,10.1,10.1,10.1,10.1,,,,0,0,0,0,0,0,"SON",0
1,0,0,0,0,0,"2019-08-05T00:00:00",0,10.1,10.1,10.1,10.1,10.1,10.1,,,,0,0,0,0,0,0,"SON",0
1,0,0,0,0,0,"2019-08-02T00:00:00",0,10.1,10.1,10.1,10.1,10.1,10.1,,,,0,0,0,0,0,0,"SON",0
1,0,0,0,0,0,"2019-08-01T00:00:00",0,10.1,10.1,10.1,10.1,10.1,10.1,,,,0,0,0,0,0,0,"SON",0
1,0,0,0,0,0,"2019-07-31T00:00:00",0,10.1,10.1,10.1,10.1,10.1,10.1,,,,0,0,0,0,0,0,"SON",0
1,0,0,0,0,0,"2019-07-30T00:00:00",0,10.1,10.1,10.1,10.1,10.1,10.1,,,,0,0,0,0,0,0,"SON",0
1,0,0,0,0,0,"2019-07-29T00:00:00",0,10.1,10.1,10.1,10.1,10.1,10.1,,,,0,0,0,0,0,0,"SON",0
1,0,0,0,0,0,"2019-07-26T00:00:00",0,10.1,10.1,10.1,10.1,10.1,10.1,,,,0,0,0,0,0,0,"SON",0
1,0,0,0,0,0,"2019-07-25T00:00:00",0,10.1,10.1,10.1,10.1,10.1,10.1,,,,0,0,0,0,0,0,"SON",0
1,0,0,0,0,0,"2019-07-24T00:00:00",0,10.1,10.1,10.1,10.1,10.1,10.1,,,,0,0,0,0,0,0,"SON",0
1,0,0,0,0,0,"2019-07-23T00:00:00",0,10.1,10.1,10.1,10.1,10.1,10.1,,,,0,0,0,0,0,0,"SON",0
1,0,0,0,0,0,"2019-07-22T00:00:00",0,10.1,10.1,10.1,10.1,10.1,10.1,,,,0,0,0,0,0,0,"SON",0
1,0,0,0,0,0,"2019-07-19T00:00:00",0,10.1,10.1,10.1,10.1,10.1,10.1,,,,0,0,0,0,0,100,"SON",0
1,0,0,0,0,0,"2019-07-18T00:00:00",0,10.1,10.1,10.1,10.1,10.1,10.1,,,,0,0,0,0,0,0,"SON",0
1,0,0,0,0,0,"2019-07-17T00:00:00",0,10.1,10.1,10.1,10.1,10.1,10.1,,,,0,0,0,0,0,0,"SON",0
1,0,0,0,0,0,"2019-07-16T00:00:00",0,10.1,10.1,10.1,10.1,10.1,10.1,,,,0,0,0,0,0,0,"SON",0
1,0,0,0,0,0,"2019-07-15T00:00:00",0,10.1,10.1,10.1,10.1,10.1,10.1,,,,0,0,0,0,0,0,"SON",0
1,0,0,0,0,0,"2019-07-12T00:00:00",0,10.1,10.1,10.1,10.1,10.1,10.1,,,,0,0,0,0,0,0,"SON",0
1,0,0,0,0,0,"2019-07-11T00:00:00",0,10.1,10.1,10.1,10.1,10.1,10.1,,,,0,0,0,0,0,100,"SON",0
1,0,0,0,0,0,"2019-07-10T00:00:00",0,10.1,10.1,10.1,10.1,10.1,10.1,,,,0,0,0,0,0,0,"SON",0
1,0,0,0,0,0,"2019-07-09T00:00:00",0,10.1,10.1,10.1,10.1,10.1,10.1,,,,0,0,0,0,0,0,"SON",0
1,0,0,0,0,0,"2019-07-08T00:00:00",0,10.1,10.1,10.1,10.1,10.1,10.1,,,,0,0,0,0,0,0,"SON",0
1,0,0,0,0,0,"2019-07-05T00:00:00",0,10.1,10.1,10.1,10.1,10.1,10.1,,,,0,0,0,0,0,0,"SON",0
1,0,0,0,0,0,"2019-07-04T00:00:00",0,10.1,10.1,10.1,10.1,10.1,10.1,,,,0,0,0,0,0,0,"SON",0
1,0,0,0,0,0,"2019-07-03T00:00:00",0,10.1,10.1,10.1,10.1,10.1,10.1,,,,0,0,0,0,0,0,"SON",0
1,0,0,0,0,0,"2019-07-02T00:00:00",0,10.1,10.1,10.1,10.1,10.1,10.1,,,,0,0,0,0,0,0,"SON",0
1,0,0,0,0,0,"2019-07-01T00:00:00",0,10.1,10.1,10.1,10.1,10.1,10.1,,,,0,0,0,0,0,0,"SON",0
1,0,0,0,0,0,"2019-06-28T00:00:00",0,10.1,10.1,10.1,10.1,10.1,10.1,,,,0,0,0,0,0,0,"SON",0
1,0,0,0,0,0,"2019-06-27T00:00:00",0,10.1,10.1,10.1,10.1,10.1,10.1,,,,0,0,0,0,0,100,"SON",0
1,0,0,0,0,0,"2019-06-26T00:00:00",0,10.1,10.1,10.1,10.1,10.1,10.1,,,,0,0,0,0,0,100,"SON",0
1,0,0,0,0,0,"2019-06-25T00:00:00",0,10.1,10.1,10.1,10.1,10.1,10.1,,,,0,0,0,0,0,100,"SON",0
1,0,0,0,0,0,"2019-06-24T00:00:00",0,10.1,10.1,10.1,10.1,10.1,10.1,,,,0,0,0,0,0,0,"SON",0
1,0,0,0,0,0,"2019-06-21T00:00:00",0,10.1,10.1,10.1,10.1,10.1,10.1,,,,0,0,0,0,0,0,"SON",0
1,0,0,0,0,0,"2019-06-20T00:00:00",0,10.1,10.1,10.1,10.1,10.1,10.1,,,,0,0,0,0,0,0,"SON",0
1,0,0,0,0,0,"2019-06-19T00:00:00",0,10.1,10.1,10.1,10.1,10.1,10.1,,,,0,0,0,0,0,0,"SON",0
1,0,0,0,0,0,"2019-06-18T00:00:00",0,10.1,10.1,10.1,10.1,10.1,10.1,,,,0,0,0,0,0,0,"SON",0
1,0,0,0,0,0,"2019-06-17T00:00:00",0,10.1,10.1,10.1,10.1,10.1,10.1,,,,0,0,0,0,0,0,"SON",0
1,0,0,0,100,0,"2019-06-14T00:00:00",0,10.1,10.1,10.1,10.1,10.1,10.1,,,,0,0,0,0,0,0,"SON",0
1,0,0,0,100,0,"2019-06-13T00:00:00",0,10.1,10.1,10.1,10.1,10.1,10.1,,,,0,0,0,0,0,100,"SON",0
1,0,0,0,100,0,"2019-06-12T00:00:00",0,10.1,10.1,10.1,10.1,10.1,10.1,,,,0,0,0,0,0,100,"SON",0
1,0,0,0,0,0,"2019-06-11T00:00:00",0,10.1,10.1,10.1,10.1,10.1,10.1,,,,0,0,0,0,0,0,"SON",0
1,0,0,0,0,0,"2019-06-10T00:00:00",0,10.1,10.1,10.1,10.1,10.1,10.1,,,,0,0,0,0,0,100,"SON",0
1,0,0,0,0,0,"2019-06-07T00:00:00",0,10.1,10.1,10.1,10.1,10.1,10.1,,,,0,0,0,0,0,0,"SON",0
1,0,0,0,0,0,"2019-06-06T00:00:00",0,10.1,10.1,10.1,10.1,10.1,10.1,,,,0,0,0,0,0,0,"SON",0
1,0,0,0,0,0,"2019-06-05T00:00:00",0,10.1,10.1,10.1,10.1,10.1,10.1,,,,0,0,0,0,0,0,"SON",0
1,0,0,0,0,0,"2019-06-04T00:00:00",0,10.1,10.1,10.1,10.1,10.1,10.1,,,,0,0,0,0,0,0,"SON",0
1,0,0,0,0,0,"2019-06-03T00:00:00",0,10.1,10.1,10.1,10.1,10.1,10.1,,,,0,0,0,0,0,0,"SON",0
1,0,0,0,0,0,"2019-05-31T00:00:00",0,10.1,10.1,10.1,10.1,10.1,10.1,,,,0,0,0,0,0,0,"SON",0
1,0,0,0,0,0,"2019-05-30T00:00:00",0,10.1,10.1,10.1,10.1,10.1,10.1,,,,0,0,0,0,0,0,"SON",0
1,0,0,0,0,0,"2019-05-29T00:00:00",0,10.1,10.1,10.1,10.1,10.1,10.1,,,,0,0,0,0,0,0,"SON",0
1,0,0,0,0,0,"2019-05-28T00:00:00",0,10.1,10.1,10.1,10.1,10.1,10.1,,,,0,0,0,0,0,0,"SON",0
1,0,0,0,0,0,"2019-05-27T00:00:00",0,10.1,10.1,10.1,10.1,10.1,10.1,,,,0,0,0,0,0,0,"SON",0
1,0,0,0,0,0,"2019-05-24T00:00:00",0,10.1,10.1,10.1,10.1,10.1,10.1,,,,0,0,0,0,0,0,"SON",0
1,0,0,0,0,0,"2019-05-23T00:00:00",0,10.1,10.1,10.1,10.1,10.1,10.1,,,,0,0,0,0,0,0,"SON",0
1,0,0,0,0,0,"2019-05-22T00:00:00",0,10.1,10.1,10.1,10.1,10.1,10.1,,,,0,0,0,0,0,0,"SON",0
1,0,0,0,0,0,"2019-05-21T00:00:00",0,10.1,10.1,10.1,10.1,10.1,10.1,,,,0,0,0,0,0,100,"SON",0
1,0,0,0,0,0,"2019-05-20T00:00:00",0,10.1,10.1,10.1,10.1,10.1,10.1,,,,0,0,0,0,0,0,"SON",0
1,0,0,0,0,0,"2019-05-17T00:00:00",0,10.1,10.1,10.1,10.1,10.1,10.1,,,,0,0,0,0,0,0,"SON",0
1,0,0,0,0,0,"2019-05-16T00:00:00",0,10.1,10.1,10.1,10.1,10.1,10.1,,,,0,0,0,0,0,100,"SON",0
1,0,0,0,0,0,"2019-05-15T00:00:00",0,10.1,10.1,10.1,10.1,10.1,10.1,,,,0,0,0,0,0,0,"SON",0
1,0,0,0,0,0,"2019-05-14T00:00:00",0,10.1,10.1,10.1,10.1,10.1,10.1,,,,0,0,0,0,0,100,"SON",0
1,0,0,0,0,0,"2019-05-13T00:00:00",0,10.1,10.1,10.1,10.1,10.1,10.1,,,,0,0,0,0,0,0,"SON",0
1,0,0,0,0,0,"2019-05-10T00:00:00",0,10.1,10.1,10.1,10.1,10.1,10.1,,,,0,0,0,0,0,0,"SON",0
1,0,0,0,0,0,"2019-05-09T00:00:00",0,10.1,10.1,10.1,10.1,10.1,10.1,,,,0,0,0,0,0,0,"SON",0
1,0,0,0,0,0,"2019-05-08T00:00:00",0,10.1,10.1,10.1,10.1,10.1,10.1,,,,0,0,0,0,0,0,"SON",0
1,0,0,0,0,0,"2019-05-07T00:00:00",0,10.1,10.1,10.1,10.1,10.1,10.1,,,,0,0,0,0,0,0,"SON",0
1,0,0,0,0,0,"2019-05-06T00:00:00",0,10.1,10.1,10.1,10.1,10.1,10.1,,,,0,0,0,0,0,0,"SON",0
1,0,0,0,0,0,"2019-05-03T00:00:00",0,10.1,10.1,10.1,10.1,10.1,10.1,,,,0,0,0,0,0,0,"SON",0
1,0,0,0,0,0,"2019-05-02T00:00:00",0,10.1,10.1,10.1,10.1,10.1,10.1,,,,0,0,0,0,0,0,"SON",0
1,0,0,0,0,0,"2019-04-26T00:00:00",0,10.1,10.1,10.1,10.1,10.1,10.1,,,,0,0,0,0,0,0,"SON",0
1,0,0,0,0,0,"2019-04-25T00:00:00",0,10.1,10.1,10.1,10.1,10.1,10.1,,,,0,0,0,0,0,0,"SON",0
1,0,0,0,0,0,"2019-04-24T00:00:00",0,10.1,10.1,10.1,10.1,10.1,10.1,,,,0,0,0,0,0,0,"SON",0
1,0,0,0,0,0,"2019-04-23T00:00:00",0,10.1,10.1,10.1,10.1,10.1,10.1,,,,0,0,0,0,0,100,"SON",0
1,0,0,0,0,0,"2019-04-22T00:00:00",0,10.1,10.1,10.1,10.1,10.1,10.1,,,,0,0,0,0,0,0,"SON",0
1,0,0,0,0,0,"2019-04-19T00:00:00",0,10.1,10.1,10.1,10.1,10.1,10.1,,,,0,0,0,0,0,0,"SON",0
1,0,0,0,0,0,"2019-04-18T00:00:00",0,10.1,10.1,10.1,10.1,10.1,10.1,,,,0,0,0,0,0,0,"SON",0
1,0,0,0,0,0,"2019-04-17T00:00:00",0,10.1,10.1,10.1,10.1,10.1,10.1,,,,0,0,0,0,0,100,"SON",0
1,0,0,0,0,0,"2019-04-16T00:00:00",0,10.1,10.1,10.1,10.1,10.1,10.1,,,,0,0,0,0,0,100,"SON",0
1,0,0,0,0,0,"2019-04-12T00:00:00",0,10.1,10.1,10.1,10.1,10.1,10.1,,,,0,0,0,0,0,0,"SON",0
1,0,0,0,0,0,"2019-04-11T00:00:00",0,10.1,10.1,10.1,10.1,10.1,10.1,,,,0,0,0,0,0,500,"SON",0
1,0,0,0,0,0,"2019-04-10T00:00:00",0,10.1,10.1,10.1,10.1,10.1,10.1,,,,0,0,0,0,0,100,"SON",0
1,0,0,0,0,0,"2019-04-09T00:00:00",0,10.1,10.1,10.1,10.1,10.1,10.1,,,,0,0,0,0,0,100,"SON",0
1,0,0,0,0,0,"2019-04-08T00:00:00",0,10.1,10.1,10.1,10.1,10.1,10.1,,,,0,0,0,0,0,100,"SON",0
1,0,0,0,0,0,"2019-04-05T00:00:00",0,10.1,10.1,10.1,10.1,10.1,10.1,,,,0,0,0,0,0,100,"SON",0
1,0,0,0,0,0,"2019-04-04T00:00:00",0,10.1,10.1,10.1,10.1,10.1,10.1,,,,0,0,0,0,0,100,"SON",0
1,0,0,0,0,0,"2019-04-03T00:00:00",0,10.1,10.1,10.1,10.1,10.1,10.1,,,,0,0,0,0,0,100,"SON",0
1,0,0,0,0,0,"2019-04-02T00:00:00",0,10.1,10.1,10.1,10.1,10.1,10.1,,,,0,0,0,0,0,100,"SON",0
1,0,0,0,0,0,"2019-04-01T00:00:00",0,10.1,10.1,10.1,10.1,10.1,10.1,,,,0,0,0,0,0,100,"SON",0
1,0,0,0,0,0,"2019-03-29T00:00:00",0,10.1,10.1,10.1,10.1,10.1,10.1,,,,0,0,0,0,0,0,"SON",0
1,0,0,0,0,0,"2019-03-28T00:00:00",0,10.1,10.1,10.1,10.1,10.1,10.1,,,,0,0,0,0,0,100,"SON",0
1,0,0,0,0,0,"2019-03-27T00:00:00",0,10.1,10.1,10.1,10.1,10.1,10.1,,,,0,0,0,0,0,0,"SON",0
1,0,0,0,0,0,"2019-03-26T00:00:00",0,10.1,10.1,10.1,10.1,10.1,10.1,,,,0,0,0,0,0,100,"SON",0
1,0,0,0,0,0,"2019-03-25T00:00:00",0,10.1,10.1,10.1,10.1,10.1,10.1,,,,0,0,0,0,0,100,"SON",0
1,0,0,0,0,0,"2019-03-22T00:00:00",0,10.1,10.1,10.1,10.1,10.1,10.1,,,,0,0,0,0,0,0,"SON",0
1,0,0,0,0,0,"2019-03-21T00:00:00",0,10.1,10.1,10.1,10.1,10.1,10.1,,,,0,0,0,0,0,0,"SON",0
1,0,0,0,0,0,"2019-03-20T00:00:00",0,10.1,10.1,10.1,10.1,10.1,10.1,,,,0,0,0,0,0,0,"SON",0
1,0,0,0,0,0,"2019-03-19T00:00:00",0,10.1,10.1,10.1,10.1,10.1,10.1,,,,0,0,0,0,0,100,"SON",0
1,0,0,0,0,0,"2019-03-18T00:00:00",0,10.1,10.1,10.1,10.1,10.1,10.1,,,,0,0,0,0,0,100,"SON",0
1,0,0,0,0,0,"2019-03-15T00:00:00",0,10.1,10.1,10.1,10.1,10.1,10.1,,,,0,0,0,0,0,100,"SON",0
1,0,0,0,0,0,"2019-03-14T00:00:00",0,10.1,10.1,10.1,10.1,10.1,10.1,,,,0,0,0,0,0,100,"SON",0
1,0,0,0,0,0,"2019-03-13T00:00:00",0,10.1,10.1,10.1,10.1,10.1,10.1,,,,0,0,0,0,0,100,"SON",0
1,0,0,0,0,0,"2019-03-12T00:00:00",0,10.1,10.1,10.1,10.1,10.1,10.1,,,,0,0,0,0,0,100,"SON",0
1,0,0,0,0,0,"2019-03-11T00:00:00",0,10.1,10.1,10.1,10.1,10.1,10.1,,,,0,0,0,0,0,0,"SON",0
1,0,0,0,0,0,"2019-03-08T00:00:00",0,10.1,10.1,10.1,10.1,10.1,10.1,,,,0,0,0,0,0,100,"SON",0
1,0,0,0,600,0,"2019-03-07T00:00:00",600,10.1,9.1,10.1,10.1,10.1,10.1,,,,0,0,0,0,0,700,"SON",6060000
1,0,0,0,0,0,"2019-03-06T00:00:00",0,9.1,9.1,9.1,9.1,9.1,9.1,,,,0,0,0,0,0,0,"SON",0
1,0,0,0,0,0,"2019-03-05T00:00:00",0,9.1,9.1,9.1,9.1,9.1,9.1,,,,0,0,0,0,0,0,"SON",0
1,0,0,0,0,0,"2019-03-04T00:00:00",0,9.1,9.1,9.1,9.1,9.1,9.1,,,,0,0,0,0,0,0,"SON",0
1,0,0,0,0,0,"2019-03-01T00:00:00",0,9.1,9.1,9.1,9.1,9.1,9.1,,,,0,0,0,0,0,700,"SON",0
1,0,0,0,0,0,"2019-02-28T00:00:00",0,9.1,9.1,9.1,9.1,9.1,9.1,,,,0,0,0,0,0,0,"SON",0
1,0,0,0,0,0,"2019-02-27T00:00:00",0,9.1,9.1,9.1,9.1,9.1,9.1,,,,0,0,0,0,0,500,"SON",0
1,0,0,0,0,0,"2019-02-26T00:00:00",0,9.1,9.1,9.1,9.1,9.1,9.1,,,,0,0,0,0,0,500,"SON",0
1,0,0,0,0,0,"2019-02-25T00:00:00",0,9.1,9.1,9.1,9.1,9.1,9.1,,,,0,0,0,0,0,500,"SON",0
1,0,0,0,0,0,"2019-02-22T00:00:00",0,9.1,9.1,9.1,9.1,9.1,9.1,,,,0,0,0,0,0,200,"SON",0
1,0,0,0,0,0,"2019-02-21T00:00:00",0,9.1,9.1,9.1,9.1,9.1,9.1,,,,0,0,0,0,0,0,"SON",0
1,0,0,0,0,0,"2019-02-20T00:00:00",0,9.1,9.1,9.1,9.1,9.1,9.1,,,,0,0,0,0,0,200,"SON",0
1,0,0,0,0,0,"2019-02-19T00:00:00",0,9.1,9.1,9.1,9.1,9.1,9.1,,,,0,0,0,0,0,700,"SON",0
1,0,0,0,0,0,"2019-02-18T00:00:00",0,9.1,9.1,9.1,9.1,9.1,9.1,,,,0,0,0,0,0,700,"SON",0
1,0,0,0,0,0,"2019-02-15T00:00:00",0,9.1,9.1,9.1,9.1,9.1,9.1,,,,0,0,0,0,0,200,"SON",0
1,0,0,0,200,0,"2019-02-14T00:00:00",200,9.1,8,9.1,9.1,9.1,9.1,,,,0,0,0,0,0,400,"SON",1820000
1,0,0,0,0,0,"2019-02-13T00:00:00",0,8,8,8,8,8,8,,,,0,0,0,0,0,0,"SON",0
1,0,0,0,0,0,"2019-02-12T00:00:00",0,8,8,8,8,8,8,,,,0,0,0,0,0,0,"SON",0
1,0,0,0,0,0,"2019-02-11T00:00:00",0,8,8,8,8,8,8,,,,0,0,0,0,0,0,"SON",0
1,0,0,0,0,0,"2019-02-01T00:00:00",0,8,8,8,8,8,8,,,,0,0,0,0,0,0,"SON",0
1,0,0,0,0,0,"2019-01-31T00:00:00",0,8,8,8,8,8,8,,,,0,0,0,0,0,0,"SON",0
1,0,0,0,0,0,"2019-01-30T00:00:00",0,8,8,8,8,8,8,,,,0,0,0,0,0,0,"SON",0
1,0,0,0,0,0,"2019-01-29T00:00:00",0,8,8,8,8,8,8,,,,0,0,0,0,0,0,"SON",0
1,0,0,0,0,0,"2019-01-28T00:00:00",0,8,8,8,8,8,8,,,,0,0,0,0,0,0,"SON",0
1,0,0,0,0,0,"2019-01-25T00:00:00",0,8,8,8,8,8,8,,,,0,0,0,0,0,0,"SON",0
1,0,0,0,0,0,"2019-01-24T00:00:00",0,8,8,8,8,8,8,,,,0,0,0,0,0,0,"SON",0
1,0,0,0,0,0,"2019-01-23T00:00:00",0,8,8,8,8,8,8,,,,0,0,0,0,0,0,"SON",0
1,0,0,0,0,0,"2019-01-22T00:00:00",0,8,8,8,8,8,8,,,,0,0,0,0,0,0,"SON",0
1,0,0,0,0,0,"2019-01-21T00:00:00",0,8,8,8,8,8,8,,,,0,0,0,0,0,0,"SON",0
1,0,0,0,0,0,"2019-01-18T00:00:00",0,8,8,8,8,8,8,,,,0,0,0,0,0,0,"SON",0
1,0,0,0,0,0,"2019-01-17T00:00:00",0,8,8,8,8,8,8,,,,0,0,0,0,0,0,"SON",0
1,0,0,0,0,0,"2019-01-16T00:00:00",0,8,8,8,8,8,8,,,,0,0,0,0,0,100,"SON",0
1,0,0,0,0,0,"2019-01-15T00:00:00",0,8,8,8,8,8,8,,,,0,0,0,0,0,0,"SON",0
1,0,0,0,0,0,"2019-01-14T00:00:00",0,8,8,8,8,8,8,,,,0,0,0,0,0,0,"SON",0
1,0,0,0,0,0,"2019-01-11T00:00:00",0,8,8,8,8,8,8,,,,0,0,0,0,0,0,"SON",0
1,0,0,0,0,0,"2019-01-10T00:00:00",0,8,8,8,8,8,8,,,,0,0,0,0,0,0,"SON",0
1,0,0,0,0,0,"2019-01-09T00:00:00",0,8,8,8,8,8,8,,,,0,0,0,0,0,0,"SON",0
1,0,0,0,0,0,"2019-01-08T00:00:00",0,8,8,8,8,8,8,,,,0,0,0,0,0,0,"SON",0
1,0,0,0,0,0,"2019-01-07T00:00:00",0,8,8,8,8,8,8,,,,0,0,0,0,0,0,"SON",0
1,0,0,0,0,0,"2019-01-04T00:00:00",0,8,8,8,8,8,8,,,,0,0,0,0,0,0,"SON",0
1,0,0,0,0,0,"2019-01-03T00:00:00",0,8,8,8,8,8,8,,,,0,0,0,0,0,0,"SON",0
1,0,0,0,0,0,"2019-01-02T00:00:00",0,8,8,8,8,8,8,,,,0,0,0,0,0,0,"SON",0
1,0,0,0,0,0,"2018-12-28T00:00:00",0,8,8,8,8,8,8,,,,0,0,0,0,0,0,"SON",0
1,0,0,0,0,0,"2018-12-27T00:00:00",0,8,8,8,8,8,8,,,,0,0,0,0,0,0,"SON",0
1,0,0,0,0,0,"2018-12-26T00:00:00",0,8,8,8,8,8,8,,,,0,0,0,0,0,0,"SON",0
1,0,0,0,0,0,"2018-12-25T00:00:00",0,8,8,8,8,8,8,,,,0,0,0,0,0,0,"SON",0
1,0,0,0,0,0,"2018-12-24T00:00:00",0,8,8,8,8,8,8,,,,0,0,0,0,0,0,"SON",0
1,0,0,0,0,0,"2018-12-21T00:00:00",0,8,8,8,8,8,8,,,,0,0,0,0,0,0,"SON",0
1,0,0,0,0,0,"2018-12-20T00:00:00",0,8,8,8,8,8,8,,,,0,0,0,0,0,0,"SON",0
1,0,0,0,0,0,"2018-12-19T00:00:00",0,8,8,8,8,8,8,,,,0,0,0,0,0,0,"SON",0
1,0,0,0,0,0,"2018-12-18T00:00:00",0,8,8,8,8,8,8,,,,0,0,0,0,0,0,"SON",0
1,0,0,0,0,0,"2018-12-17T00:00:00",0,8,8,8,8,8,8,,,,0,0,0,0,0,0,"SON",0
1,0,0,0,0,0,"2018-12-14T00:00:00",0,8,8,8,8,8,8,,,,0,0,0,0,0,0,"SON",0
1,0,0,0,0,0,"2018-12-13T00:00:00",0,8,8,8,8,8,8,,,,0,0,0,0,0,0,"SON",0
1,0,0,0,0,0,"2018-12-12T00:00:00",0,8,8,8,8,8,8,,,,0,0,0,0,0,0,"SON",0
1,0,0,0,0,0,"2018-12-11T00:00:00",0,8,8,8,8,8,8,,,,0,0,0,0,0,0,"SON",0
1,0,0,0,0,0,"2018-12-10T00:00:00",0,8,8,8,8,8,8,,,,0,0,0,0,0,0,"SON",0
1,0,0,0,0,0,"2018-12-07T00:00:00",0,8,8,8,8,8,8,,,,0,0,0,0,0,0,"SON",0
1,0,0,0,0,0,"2018-12-06T00:00:00",0,8,8,8,8,8,8,,,,0,0,0,0,0,0,"SON",0
1,0,0,0,0,0,"2018-12-05T00:00:00",0,8,8,8,8,8,8,,,,0,0,0,0,0,0,"SON",0
1,0,0,0,0,0,"2018-12-04T00:00:00",0,8,8,8,8,8,8,,,,0,0,0,0,0,0,"SON",0
1,0,0,0,0,0,"2018-12-03T00:00:00",0,8,8,8,8,8,8,,,,0,0,0,0,0,0,"SON",0
1,0,0,0,0,0,"2018-11-30T00:00:00",0,8,8,8,8,8,8,,,,0,0,0,0,0,0,"SON",0
1,0,0,0,0,0,"2018-11-29T00:00:00",0,8,8,8,8,8,8,,,,0,0,0,0,0,0,"SON",0
1,0,0,0,0,0,"2018-11-28T00:00:00",0,8,8,8,8,8,8,,,,0,0,0,0,0,0,"SON",0
1,0,0,0,0,0,"2018-11-27T00:00:00",0,8,8,8,8,8,8,,,,0,0,0,0,0,0,"SON",0
1,0,0,0,0,0,"2018-11-26T00:00:00",0,8,8,8,8,8,8,,,,0,0,0,0,0,0,"SON",0
1,0,0,0,0,0,"2018-11-23T00:00:00",0,8,8,8,8,8,8,,,,0,0,0,0,0,0,"SON",0
1,0,0,0,0,0,"2018-11-22T00:00:00",0,8,8,8,8,8,8,,,,0,0,0,0,0,0,"SON",0
1,0,0,0,0,0,"2018-11-21T00:00:00",0,8,8,8,8,8,8,,,,0,0,0,0,0,0,"SON",0
1,0,0,0,0,0,"2018-11-20T00:00:00",0,8,8,8,8,8,8,,,,0,0,0,0,0,0,"SON",0
1,0,0,0,0,0,"2018-11-19T00:00:00",0,8,8,8,8,8,8,,,,0,0,0,0,0,0,"SON",0
1,0,0,0,0,0,"2018-11-16T00:00:00",0,8,8,8,8,8,8,,,,0,0,0,0,0,0,"SON",0
1,0,0,0,0,0,"2018-11-15T00:00:00",0,8,8,8,8,8,8,,,,0,0,0,0,0,0,"SON",0
1,0,0,0,0,0,"2018-11-14T00:00:00",0,8,8,8,8,8,8,,,,0,0,0,0,0,0,"SON",0
1,0,0,0,0,0,"2018-11-13T00:00:00",0,8,8,8,8,8,8,,,,0,0,0,0,0,0,"SON",0
1,0,0,0,0,0,"2018-11-12T00:00:00",0,8,8,8,8,8,8,,,,0,0,0,0,0,0,"SON",0
1,0,0,0,0,0,"2018-11-09T00:00:00",0,8,8,8,8,8,8,,,,0,0,0,0,0,0,"SON",0
1,0,0,0,0,0,"2018-11-08T00:00:00",0,8,8,8,8,8,8,,,,0,0,0,0,0,0,"SON",0
1,0,0,0,0,0,"2018-11-07T00:00:00",0,8,8,8,8,8,8,,,,0,0,0,0,0,0,"SON",0
1,0,0,0,0,0,"2018-11-06T00:00:00",0,8,8,8,8,8,8,,,,0,0,0,0,0,0,"SON",0
1,0,0,0,0,0,"2018-11-05T00:00:00",0,8,8,8,8,8,8,,,,0,0,0,0,0,0,"SON",0
1,0,0,0,0,0,"2018-11-02T00:00:00",0,8,8,8,8,8,8,,,,0,0,0,0,0,0,"SON",0
1,0,0,0,0,0,"2018-11-01T00:00:00",0,8,8,8,8,8,8,,,,0,0,0,0,0,0,"SON",0
1,0,0,0,0,0,"2018-10-31T00:00:00",0,8,8,8,8,8,8,,,,0,0,0,0,0,0,"SON",0
1,0,0,0,0,0,"2018-10-30T00:00:00",0,8,8,8,8,8,8,,,,0,0,0,0,0,0,"SON",0
1,0,0,0,0,0,"2018-10-29T00:00:00",0,8,8,8,8,8,8,,,,0,0,0,0,0,0,"SON",0
1,0,0,0,0,0,"2018-10-26T00:00:00",0,8,8,8,8,8,8,,,,0,0,0,0,0,0,"SON",0
1,0,0,0,0,0,"2018-10-25T00:00:00",0,8,8,8,8,8,8,,,,0,0,0,0,0,0,"SON",0
1,0,0,0,500,0,"2018-10-24T00:00:00",0,8,8,8,8,8,8,,,,0,0,0,0,0,1000,"SON",0
1,0,0,0,0,0,"2018-10-23T00:00:00",0,8,8,8,8,8,8,,,,0,0,0,0,0,0,"SON",0
1,0,0,0,0,0,"2018-10-22T00:00:00",0,8,8,8,8,8,8,,,,0,0,0,0,0,0,"SON",0
1,0,0,0,0,0,"2018-10-19T00:00:00",0,8,8,8,8,8,8,,,,0,0,0,0,0,0,"SON",0
1,0,0,0,0,0,"2018-10-18T00:00:00",0,8,8,8,8,8,8,,,,0,0,0,0,0,0,"SON",0
1,0,0,0,0,0,"2018-10-17T00:00:00",0,8,8,8,8,8,8,,,,0,0,0,0,0,0,"SON",0
1,0,0,0,0,0,"2018-10-16T00:00:00",0,8,8,8,8,8,8,,,,0,0,0,0,0,0,"SON",0
1,0,0,0,0,0,"2018-10-15T00:00:00",0,8,8,8,8,8,8,,,,0,0,0,0,0,0,"SON",0
1,0,0,0,0,0,"2018-10-12T00:00:00",0,8,8,8,8,8,8,,,,0,0,0,0,0,3400,"SON",0
1,0,0,0,0,0,"2018-10-11T00:00:00",0,8,8,8,8,8,8,,,,0,0,0,0,0,0,"SON",0
1,0,0,0,0,0,"2018-10-10T00:00:00",0,8,8,8,8,8,8,,,,0,0,0,0,0,0,"SON",0
1,0,0,0,0,0,"2018-10-09T00:00:00",0,8,8,8,8,8,8,,,,0,0,0,0,0,0,"SON",0
1,0,0,0,0,0,"2018-10-08T00:00:00",0,8,8,8,8,8,8,,,,0,0,0,0,0,0,"SON",0
1,0,0,0,0,0,"2018-10-05T00:00:00",0,8,8,8,8,8,8,,,,0,0,0,0,0,0,"SON",0
1,0,0,0,0,0,"2018-10-04T00:00:00",0,8,8,8,8,8,8,,,,0,0,0,0,0,900,"SON",0
1,0,0,0,0,0,"2018-10-03T00:00:00",0,8,8,8,8,8,8,,,,0,0,0,0,0,500,"SON",0
1,0,0,0,0,0,"2018-10-02T00:00:00",0,8,8,8,8,8,8,,,,0,0,0,0,0,500,"SON",0
1,0,0,0,0,0,"2018-10-01T00:00:00",0,8,8,8,8,8,8,,,,0,0,0,0,0,0,"SON",0
1,0,0,0,0,0,"2018-09-28T00:00:00",0,8,8,8,8,8,8,,,,0,0,0,0,0,0,"SON",0
1,0,0,0,0,0,"2018-09-27T00:00:00",0,8,8,8,8,8,8,,,,0,0,0,0,0,0,"SON",0
1,0,0,0,0,0,"2018-09-26T00:00:00",0,8,8,8,8,8,8,,,,0,0,0,0,0,2500,"SON",0
1,0,0,0,0,0,"2018-09-25T00:00:00",0,8,8,8,8,8,8,,,,0,0,0,0,0,0,"SON",0
1,0,0,0,0,0,"2018-09-24T00:00:00",0,8,8,8,8,8,8,,,,0,0,0,0,0,0,"SON",0
1,0,0,0,0,0,"2018-09-21T00:00:00",0,8,8,8,8,8,8,,,,0,0,0,0,0,0,"SON",0
1,0,0,0,0,0,"2018-09-20T00:00:00",0,8,8,8,8,8,8,,,,0,0,0,0,0,0,"SON",0
1,0,0,0,0,0,"2018-09-19T00:00:00",0,8,8,8,8,8,8,,,,0,0,0,0,0,0,"SON",0
1,0,0,0,0,0,"2018-09-18T00:00:00",0,8,8,8,8,8,8,,,,0,0,0,0,0,0,"SON",0
1,0,0,0,0,0,"2018-09-17T00:00:00",0,8,8,8,8,8,8,,,,0,0,0,0,0,0,"SON",0
1,0,0,0,0,0,"2018-09-14T00:00:00",0,8,8,8,8,8,8,,,,0,0,0,0,0,0,"SON",0
1,0,0,0,0,0,"2018-09-13T00:00:00",0,8,8,8,8,8,8,,,,0,0,0,0,0,0,"SON",0
1,0,0,0,0,0,"2018-09-12T00:00:00",0,8,8,8,8,8,8,,,,0,0,0,0,0,0,"SON",0
1,0,0,0,0,0,"2018-09-11T00:00:00",0,8,8,8,8,8,8,,,,0,0,0,0,0,0,"SON",0
1,0,0,0,0,0,"2018-09-10T00:00:00",0,8,8,8,8,8,8,,,,0,0,0,0,0,0,"SON",0
1,0,0,0,0,0,"2018-09-07T00:00:00",0,8,8,8,8,8,8,,,,0,0,0,0,0,0,"SON",0
1,0,0,0,0,0,"2018-09-06T00:00:00",0,8,8,8,8,8,8,,,,0,0,0,0,0,0,"SON",0
1,0,0,0,0,0,"2018-09-05T00:00:00",0,8,8,8,8,8,8,,,,0,0,0,0,0,0,"SON",0
1,0,0,0,0,0,"2018-09-04T00:00:00",0,8,8,8,8,8,8,,,,0,0,0,0,0,0,"SON",0
1,0,0,0,0,0,"2018-08-31T00:00:00",0,8,8,8,8,8,8,,,,0,0,0,0,0,0,"SON",0
1,0,0,0,0,0,"2018-08-30T00:00:00",0,8,8,8,8,8,8,,,,0,0,0,0,0,0,"SON",0
1,0,0,0,0,0,"2018-08-29T00:00:00",0,8,8,8,8,8,8,,,,0,0,0,0,0,0,"SON",0
1,0,0,0,0,0,"2018-08-28T00:00:00",0,8,8,8,8,8,8,,,,0,0,0,0,0,0,"SON",0
1,0,0,0,0,0,"2018-08-27T00:00:00",0,8,8,8,8,8,8,,,,0,0,0,0,0,0,"SON",0
1,0,0,0,0,0,"2018-08-24T00:00:00",0,8,8,8,8,8,8,,,,0,0,0,0,0,0,"SON",0
1,0,0,0,0,0,"2018-08-23T00:00:00",0,8,8,8,8,8,8,,,,0,0,0,0,0,0,"SON",0
1,0,0,0,0,0,"2018-08-22T00:00:00",0,8,8,8,8,8,8,,,,0,0,0,0,0,0,"SON",0
1,0,0,0,0,0,"2018-08-21T00:00:00",0,8,8,8,8,8,8,,,,0,0,0,0,0,0,"SON",0
1,0,0,0,0,0,"2018-08-20T00:00:00",0,8,8,8,8,8,8,,,,0,0,0,0,0,500,"SON",0
1,0,0,0,0,0,"2018-08-17T00:00:00",0,8,8,8,8,8,8,,,,0,0,0,0,0,0,"SON",0
1,0,0,0,0,0,"2018-08-16T00:00:00",0,8,8,8,8,8,8,,,,0,0,0,0,0,0,"SON",0
1,0,0,0,0,0,"2018-08-15T00:00:00",0,8,8,8,8,8,8,,,,0,0,0,0,0,0,"SON",0
1,0,0,0,0,0,"2018-08-14T00:00:00",0,8,8,8,8,8,8,,,,0,0,0,0,0,0,"SON",0
1,0,0,0,0,0,"2018-08-13T00:00:00",0,8,8,8,8,8,8,,,,0,0,0,0,0,0,"SON",0
1,0,0,0,0,0,"2018-08-10T00:00:00",0,8,8,8,8,8,8,,,,0,0,0,0,0,0,"SON",0
1,0,0,0,0,0,"2018-08-09T00:00:00",0,8,8,8,8,8,8,,,,0,0,0,0,0,0,"SON",0
1,0,0,0,0,0,"2018-08-08T00:00:00",0,8,8,8,8,8,8,,,,0,0,0,0,0,500,"SON",0
1,0,0,0,0,0,"2018-08-07T00:00:00",0,8,8,8,8,8,8,,,,0,0,0,0,0,0,"SON",0
1,0,0,0,0,0,"2018-08-06T00:00:00",0,8,8,8,8,8,8,,,,0,0,0,0,0,0,"SON",0
1,0,0,0,0,0,"2018-08-03T00:00:00",0,8,8,8,8,8,8,,,,0,0,0,0,0,0,"SON",0
1,0,0,0,0,0,"2018-08-02T00:00:00",0,8,8,8,8,8,8,,,,0,0,0,0,0,0,"SON",0
1,0,0,0,0,0,"2018-08-01T00:00:00",0,8,8,8,8,8,8,,,,0,0,0,0,0,0,"SON",0
1,0,0,0,0,0,"2018-07-31T00:00:00",0,8,8,8,8,8,8,,,,0,0,0,0,0,0,"SON",0
1,0,0,0,0,0,"2018-07-30T00:00:00",0,8,8,8,8,8,8,,,,0,0,0,0,0,0,"SON",0
1,0,0,0,0,0,"2018-07-27T00:00:00",0,8,8,8,8,8,8,,,,0,0,0,0,0,0,"SON",0
1,0,0,0,0,0,"2018-07-26T00:00:00",0,8,8,8,8,8,8,,,,0,0,0,0,0,0,"SON",0
1,0,0,0,0,0,"2018-07-25T00:00:00",0,8,8,8,8,8,8,,,,0,0,0,0,0,0,"SON",0
1,0,0,0,0,0,"2018-07-24T00:00:00",0,8,8,8,8,8,8,,,,0,0,0,0,0,0,"SON",0
1,0,0,0,0,0,"2018-07-23T00:00:00",0,8,8,8,8,8,8,,,,0,0,0,0,0,0,"SON",0
1,0,0,0,0,0,"2018-07-20T00:00:00",0,8,8,8,8,8,8,,,,0,0,0,0,0,500,"SON",0
1,0,0,0,0,0,"2018-07-19T00:00:00",0,8,8,8,8,8,8,,,,0,0,0,0,0,0,"SON",0
1,0,0,0,0,0,"2018-07-18T00:00:00",0,8,8,8,8,8,8,,,,0,0,0,0,0,0,"SON",0
1,0,0,0,0,0,"2018-07-17T00:00:00",0,8,8,8,8,8,8,,,,0,0,0,0,0,0,"SON",0
1,0,0,0,0,0,"2018-07-16T00:00:00",0,8,8,8,8,8,8,,,,0,0,0,0,0,0,"SON",0
1,0,0,0,0,0,"2018-07-13T00:00:00",0,8,8,8,8,8,8,,,,0,0,0,0,0,0,"SON",0
1,0,0,0,0,0,"2018-07-12T00:00:00",0,8,8,8,8,8,8,,,,0,0,0,0,0,0,"SON",0
1,0,0,0,0,0,"2018-07-11T00:00:00",0,8,8,8,8,8,8,,,,0,0,0,0,0,0,"SON",0
1,0,0,0,0,0,"2018-07-10T00:00:00",0,8,8,8,8,8,8,,,,0,0,0,0,0,0,"SON",0
1,0,0,0,0,0,"2018-07-09T00:00:00",0,8,8,8,8,8,8,,,,0,0,0,0,0,0,"SON",0
1,0,0,0,0,0,"2018-07-06T00:00:00",0,8,8,8,8,8,8,,,,0,0,0,0,0,0,"SON",0
1,0,0,0,0,0,"2018-07-05T00:00:00",0,8,8,8,8,8,8,,,,0,0,0,0,0,0,"SON",0
1,0,0,0,0,0,"2018-07-04T00:00:00",0,8,8,8,8,8,8,,,,0,0,0,0,0,0,"SON",0
1,0,0,0,0,0,"2018-07-03T00:00:00",0,8,8,8,8,8,8,,,,0,0,0,0,0,0,"SON",0
1,0,0,0,0,0,"2018-07-02T00:00:00",0,8,8,8,8,8,8,,,,0,0,0,0,0,0,"SON",0
1,0,0,0,0,0,"2018-06-29T00:00:00",0,8,8,8,8,8,8,,,,0,0,0,0,0,0,"SON",0
1,0,0,0,0,0,"2018-06-28T00:00:00",0,8,8,8,8,8,8,,,,0,0,0,0,0,0,"SON",0
1,0,0,0,0,0,"2018-06-27T00:00:00",0,8,8,8,8,8,8,,,,0,0,0,0,0,0,"SON",0
1,0,0,0,0,0,"2018-06-26T00:00:00",0,8,8,8,8,8,8,,,,0,0,0,0,0,500,"SON",0
1,0,0,0,0,0,"2018-06-25T00:00:00",0,8,8,8,8,8,8,,,,0,0,0,0,0,500,"SON",0
1,0,0,0,0,0,"2018-06-22T00:00:00",0,8,8,8,8,8,8,,,,0,0,0,0,0,300,"SON",0
1,0,0,0,0,0,"2018-06-21T00:00:00",0,8,8,8,8,8,8,,,,0,0,0,0,0,200,"SON",0
1,0,0,0,0,0,"2018-06-20T00:00:00",0,8,8,8,8,8,8,,,,0,0,0,0,0,700,"SON",0
1,0,0,0,0,0,"2018-06-19T00:00:00",0,8,8,8,8,8,8,,,,0,0,0,0,0,1000,"SON",0
1,0,0,0,0,0,"2018-06-18T00:00:00",0,8,8,8,8,8,8,,,,0,0,0,0,0,0,"SON",0
1,0,0,0,0,0,"2018-06-15T00:00:00",0,8,8,8,8,8,8,,,,0,0,0,0,0,0,"SON",0
1,0,0,0,0,0,"2018-06-14T00:00:00",0,8,8,8,8,8,8,,,,0,0,0,0,0,0,"SON",0
1,0,0,0,0,0,"2018-06-13T00:00:00",0,8,8,8,8,8,8,,,,0,0,0,0,0,500,"SON",0
1,0,0,0,0,0,"2018-06-12T00:00:00",0,8,8,8,8,8,8,,,,0,0,0,0,0,500,"SON",0
1,0,0,0,0,0,"2018-06-11T00:00:00",0,8,8,8,8,8,8,,,,0,0,0,0,0,0,"SON",0
1,0,0,0,0,0,"2018-06-08T00:00:00",0,8,8,8,8,8,8,,,,0,0,0,0,0,0,"SON",0
1,0,0,0,0,0,"2018-06-07T00:00:00",0,8,8,8,8,8,8,,,,0,0,0,0,0,200,"SON",0
1,0,0,0,0,0,"2018-06-06T00:00:00",0,8,8,8,8,8,8,,,,0,0,0,0,0,500,"SON",0
1,0,0,0,0,0,"2018-06-05T00:00:00",0,8,8,8,8,8,8,,,,0,0,0,0,0,500,"SON",0
1,0,0,0,0,0,"2018-06-04T00:00:00",0,8,8,8,8,8,8,,,,0,0,0,0,0,700,"SON",0
1,0,0,0,0,0,"2018-06-01T00:00:00",0,8,8,8,8,8,8,,,,0,0,0,0,0,0,"SON",0
1,0,0,0,0,0,"2018-05-31T00:00:00",0,8,8,8,8,8,8,,,,0,0,0,0,0,500,"SON",0
1,0,0,0,0,0,"2018-05-30T00:00:00",0,8,8,8,8,8,8,,,,0,0,0,0,0,500,"SON",0
1,0,0,0,0,0,"2018-05-29T00:00:00",0,8,8,8,8,8,8,,,,0,0,0,0,0,900,"SON",0
1,0,0,0,0,0,"2018-05-28T00:00:00",0,8,8,8,8,8,8,,,,0,0,0,0,0,200,"SON",0
1,0,0,0,0,0,"2018-05-25T00:00:00",0,8,8,8,8,8,8,,,,0,0,0,0,0,0,"SON",0
1,0,0,0,0,0,"2018-05-24T00:00:00",0,8,8,8,8,8,8,,,,0,0,0,0,0,0,"SON",0
1,0,0,0,0,0,"2018-05-23T00:00:00",0,8,8,8,8,8,8,,,,0,0,0,0,0,200,"SON",0
1,0,0,0,0,0,"2018-05-22T00:00:00",0,8,8,8,8,8,8,,,,0,0,0,0,0,200,"SON",0
1,0,0,0,0,0,"2018-05-21T00:00:00",0,8,8,8,8,8,8,,,,0,0,0,0,0,200,"SON",0
1,0,0,0,0,0,"2018-05-18T00:00:00",0,8,8,8,8,8,8,,,,0,0,0,0,0,0,"SON",0
1,0,0,0,0,0,"2018-05-17T00:00:00",0,8,8,8,8,8,8,,,,0,0,0,0,0,0,"SON",0
1,0,0,0,0,0,"2018-05-16T00:00:00",0,8,8,8,8,8,8,,,,0,0,0,0,0,200,"SON",0
1,0,0,0,0,0,"2018-05-15T00:00:00",0,8,8,8,8,8,8,,,,0,0,0,0,0,400,"SON",0
1,0,0,0,0,0,"2018-05-14T00:00:00",0,8,8,8,8,8,8,,,,0,0,0,0,0,200,"SON",0
1,0,0,0,0,0,"2018-05-11T00:00:00",0,8,8,8,8,8,8,,,,0,0,0,0,0,900,"SON",0
1,0,0,0,500,0,"2018-05-10T00:00:00",500,8,8,8,8,8,8,,,,0,0,0,0,0,1400,"SON",4000000
1,0,0,0,0,0,"2018-05-09T00:00:00",0,8,8,8,8,8,8,,,,0,0,0,0,0,500,"SON",0
1,0,0,0,0,0,"2018-05-08T00:00:00",0,8,8,8,8,8,8,,,,0,0,0,0,0,900,"SON",0
1,0,0,0,0,0,"2018-05-07T00:00:00",0,8,8,8,8,8,8,,,,0,0,0,0,0,1400,"SON",0
1,0,0,0,0,0,"2018-05-04T00:00:00",0,8,8,8,8,8,8,,,,0,0,0,0,0,0,"SON",0
1,0,0,0,0,0,"2018-05-03T00:00:00",0,8,8,8,8,8,8,,,,0,0,0,0,0,0,"SON",0
1,0,0,0,0,0,"2018-05-02T00:00:00",0,8,8,8,8,8,8,,,,0,0,0,0,0,1400,"SON",0
1,0,0,0,0,0,"2018-04-27T00:00:00",0,8,8,8,8,8,8,,,,0,0,0,0,0,1400,"SON",0
1,0,0,0,0,0,"2018-04-26T00:00:00",0,8,8,8,8,8,8,,,,0,0,0,0,0,1400,"SON",0
1,0,0,0,0,0,"2018-04-24T00:00:00",0,8,8,8,8,8,8,,,,0,0,0,0,0,0,"SON",0
1,0,0,0,0,0,"2018-04-23T00:00:00",0,8,8,8,8,8,8,,,,0,0,0,0,0,1400,"SON",0
1,0,0,0,0,0,"2018-04-20T00:00:00",0,8,8,8,8,8,8,,,,0,0,0,0,0,900,"SON",0
1,0,0,0,0,0,"2018-04-19T00:00:00",0,8,8,8,8,8,8,,,,0,0,0,0,0,800,"SON",0
1,0,0,0,0,0,"2018-04-18T00:00:00",0,8,8,8,8,8,8,,,,0,0,0,0,0,1500,"SON",0
1,0,0,0,0,0,"2018-04-17T00:00:00",0,8,8,8,8,8,8,,,,0,0,0,0,0,1400,"SON",0
1,0,0,0,0,0,"2018-04-16T00:00:00",0,8,8,8,8,8,8,,,,0,0,0,0,0,900,"SON",0
1,0,0,0,0,0,"2018-04-13T00:00:00",0,8,8,8,8,8,8,,,,0,0,0,0,0,900,"SON",0
1,0,0,0,0,0,"2018-04-12T00:00:00",0,8,8,8,8,8,8,,,,0,0,0,0,0,200,"SON",0
1,0,0,0,0,0,"2018-04-11T00:00:00",0,8,8,8,8,8,8,,,,0,0,0,0,0,1300,"SON",0
1,0,0,0,100,0,"2018-04-10T00:00:00",0,8,8,8,8,8,8,,,,0,0,0,0,0,1800,"SON",0
1,0,0,0,0,0,"2018-04-09T00:00:00",0,8,8,8,8,8,8,,,,0,0,0,0,0,1400,"SON",0
1,0,0,0,0,0,"2018-04-06T00:00:00",0,8,8,8,8,8,8,,,,0,0,0,0,0,1800,"SON",0
1,0,0,0,900,0,"2018-04-05T00:00:00",500,8,8.2,8,8,8,8,,,,0,0,0,0,0,1900,"SON",4000000
1,0,0,0,0,0,"2018-04-04T00:00:00",0,8.2,8.2,8.2,8.2,8.2,8.2,,,,0,0,0,0,0,1400,"SON",0
1,0,0,0,400,0,"2018-04-03T00:00:00",0,8.2,8.2,8.2,8.2,8.2,8.2,,,,0,0,0,0,0,1400,"SON",0
1,0,0,0,0,0,"2018-04-02T00:00:00",0,8.2,8.2,8.2,8.2,8.2,8.2,,,,0,0,0,0,0,900,"SON",0
1,0,0,0,0,0,"2018-03-30T00:00:00",0,8.2,8.2,8.2,8.2,8.2,8.2,,,,0,0,0,0,0,0,"SON",0
1,1,0,0,500,0,"2018-03-29T00:00:00",0,8.2,8.2,8.2,8.2,8.2,8.2,,,,0,0,3,0,0,900,"SON",0
1,2,0,0,1300,0,"2018-03-28T00:00:00",800,8.2,8.2,8.2,8.2,8.2,8.2,,,,0,0,4,0,0,1800,"SON",6560000
1,2,0,0,400,0,"2018-03-27T00:00:00",200,8.2,8,8.2,8.2,8.2,8.2,,,,0,0,3,0,0,900,"SON",1640000
1,1,0,0,500,0,"2018-03-26T00:00:00",500,8,8.2,8,8,8,8,,,,0,0,2,0,0,500,"SON",4000000
1,0,0,0,0,0,"2018-03-23T00:00:00",0,8.2,8.5,8.2,8.2,8.2,8.2,,,,0,0,0,0,0,0,"SON",0
1,5,0,0,1600,0,"2018-03-22T00:00:00",1300,8.223076923076924,8.5,8.5,8.5,7.3,7.3,,,,0,0,6,0,0,3200,"SON",10690000
1,1,0,0,500,0,"2018-03-21T00:00:00",0,8.5,8.5,8.5,8.5,8.5,8.5,,,,0,0,5,0,0,1800,"SON",0
1,2,0,0,1300,0,"2018-03-20T00:00:00",800,8.5,8.5,8.5,8.5,8.5,8.5,,,,0,0,1,0,0,2100,"SON",6800000
1,9,0,0,3900,0,"2018-03-19T00:00:00",3000,8.493333333333334,7.4,8.5,8.5,8.3,8.3,,,,0,0,6,0,0,3000,"SON",25480000
1,1,0,0,400,0,"2018-03-16T00:00:00",400,7.4,8.7,7.4,7.4,7.4,7.4,,,,0,0,1,0,0,400,"SON",2960000
1,0,0,0,0,0,"2018-03-15T00:00:00",0,8.7,8.7,8.7,8.7,8.7,8.7,,,,0,0,1,0,0,1400,"SON",0
1,3,0,0,3500,0,"2018-03-14T00:00:00",3500,8.7,14.5,8.7,8.7,8.7,8.7,,,,0,0,4,0,0,4000,"SON",30450000
1,0,0,0,0,0,"2018-03-13T00:00:00",0,14.5,14.5,14.5,14.5,14.5,14.5,,,,0,0,0,0,0,0,"SON",0
1,0,0,0,0,0,"2018-03-12T00:00:00",0,14.5,14.5,14.5,14.5,14.5,14.5,,,,0,0,0,0,0,0,"SON",0
1,0,0,0,0,0,"2018-03-09T00:00:00",0,14.5,14.5,14.5,14.5,14.5,14.5,,,,0,0,0,0,0,0,"SON",0
1,0,0,0,0,0,"2018-03-08T00:00:00",0,14.5,14.5,14.5,14.5,14.5,14.5,,,,0,0,0,0,0,0,"SON",0
1,0,0,0,0,0,"2018-03-07T00:00:00",0,14.5,14.5,14.5,14.5,14.5,14.5,,,,0,0,0,0,0,0,"SON",0
1,0,0,0,0,0,"2018-03-06T00:00:00",0,14.5,14.5,14.5,14.5,14.5,14.5,,,,0,0,0,0,0,0,"SON",0
1,0,0,0,0,0,"2018-03-05T00:00:00",0,14.5,14.5,14.5,14.5,14.5,14.5,,,,0,0,0,0,0,0,"SON",0
1,0,0,0,0,0,"2018-03-02T00:00:00",0,14.5,14.5,14.5,14.5,14.5,14.5,,,,0,0,0,0,0,0,"SON",0
1,0,0,0,0,0,"2018-03-01T00:00:00",0,14.5,14.5,14.5,14.5,14.5,14.5,,,,0,0,1,0,0,900,"SON",0
1,0,0,0,0,0,"2018-02-28T00:00:00",0,14.5,14.5,14.5,14.5,14.5,14.5,,,,0,0,0,0,0,0,"SON",0
1,0,0,0,0,0,"2018-02-27T00:00:00",0,14.5,14.5,14.5,14.5,14.5,14.5,,,,0,0,0,0,0,0,"SON",0
1,0,0,0,0,0,"2018-02-26T00:00:00",0,14.5,14.5,14.5,14.5,14.5,14.5,,,,0,0,0,0,0,0,"SON",0
1,0,0,0,0,0,"2018-02-23T00:00:00",0,14.5,14.5,14.5,14.5,14.5,14.5,,,,0,0,1,0,0,900,"SON",0
1,0,0,0,0,0,"2018-02-22T00:00:00",0,14.5,14.5,14.5,14.5,14.5,14.5,,,,0,0,0,0,0,0,"SON",0
1,0,0,0,0,0,"2018-02-21T00:00:00",0,14.5,14.5,14.5,14.5,14.5,14.5,,,,0,0,0,0,0,0,"SON",0
1,0,0,0,0,0,"2018-02-13T00:00:00",0,14.5,14.5,14.5,14.5,14.5,14.5,,,,0,0,0,0,0,0,"SON",0
1,0,0,0,0,0,"2018-02-12T00:00:00",0,14.5,14.5,14.5,14.5,14.5,14.5,,,,0,0,1,0,0,400,"SON",0
1,0,0,0,0,0,"2018-02-09T00:00:00",0,14.5,14.5,14.5,14.5,14.5,14.5,,,,0,0,0,0,0,0,"SON",0
1,0,0,0,0,0,"2018-02-08T00:00:00",0,14.5,14.5,14.5,14.5,14.5,14.5,,,,0,0,2,0,0,2200,"SON",0
1,0,0,0,0,0,"2018-02-07T00:00:00",0,14.5,14.5,14.5,14.5,14.5,14.5,,,,0,0,0,0,0,0,"SON",0
1,0,0,0,0,0,"2018-02-06T00:00:00",0,14.5,14.5,14.5,14.5,14.5,14.5,,,,0,0,1,0,0,1300,"SON",0
1,0,0,0,0,0,"2018-02-05T00:00:00",0,14.5,14.5,14.5,14.5,14.5,14.5,,,,0,0,0,0,0,0,"SON",0
1,0,0,0,0,0,"2018-02-02T00:00:00",0,14.5,14.5,14.5,14.5,14.5,14.5,,,,0,0,0,0,0,0,"SON",0
1,0,0,0,0,0,"2018-02-01T00:00:00",0,14.5,14.5,14.5,14.5,14.5,14.5,,,,0,0,0,0,0,0,"SON",0
1,0,0,0,0,0,"2018-01-31T00:00:00",0,14.5,14.5,14.5,14.5,14.5,14.5,,,,0,0,0,0,0,0,"SON",0
1,0,0,0,0,0,"2018-01-30T00:00:00",0,14.5,14.5,14.5,14.5,14.5,14.5,,,,0,0,0,0,0,0,"SON",0
1,0,0,0,0,0,"2018-01-29T00:00:00",0,14.5,14.5,14.5,14.5,14.5,14.5,,,,0,0,0,0,0,0,"SON",0
1,0,0,0,0,0,"2018-01-26T00:00:00",0,14.5,14.5,14.5,14.5,14.5,14.5,,,,0,0,0,0,0,0,"SON",0
1,0,0,0,0,0,"2018-01-25T00:00:00",0,14.5,14.5,14.5,14.5,14.5,14.5,,,,0,0,0,0,0,0,"SON",0
1,0,0,0,0,0,"2018-01-24T00:00:00",0,14.5,14.5,14.5,14.5,14.5,14.5,,,,0,0,0,0,0,0,"SON",0
1,0,0,0,0,0,"2018-01-23T00:00:00",0,14.5,14.5,14.5,14.5,14.5,14.5,,,,0,0,0,0,0,0,"SON",0
1,0,0,0,0,0,"2018-01-22T00:00:00",0,14.5,14.5,14.5,14.5,14.5,14.5,,,,0,0,0,0,0,0,"SON",0
1,0,0,0,0,0,"2018-01-19T00:00:00",0,14.5,14.5,14.5,14.5,14.5,14.5,,,,0,0,0,0,0,0,"SON",0
1,0,0,0,0,0,"2018-01-18T00:00:00",0,14.5,14.5,14.5,14.5,14.5,14.5,,,,0,0,0,0,0,0,"SON",0
1,0,0,0,0,0,"2018-01-17T00:00:00",0,14.5,14.5,14.5,14.5,14.5,14.5,,,,0,0,0,0,0,0,"SON",0
1,1,0,0,100,0,"2018-01-16T00:00:00",0,14.5,14.5,14.5,14.5,14.5,14.5,,,,0,0,0,0,0,0,"SON",0
1,0,0,0,0,0,"2018-01-15T00:00:00",0,14.5,14.5,14.5,14.5,14.5,14.5,,,,0,0,0,0,0,0,"SON",0
1,0,0,0,0,0,"2018-01-12T00:00:00",0,14.5,14.5,14.5,14.5,14.5,14.5,,,,0,0,0,0,0,0,"SON",0
1,0,0,0,0,0,"2018-01-11T00:00:00",0,14.5,14.5,14.5,14.5,14.5,14.5,,,,0,0,0,0,0,0,"SON",0
1,0,0,0,0,0,"2018-01-10T00:00:00",0,14.5,14.5,14.5,14.5,14.5,14.5,,,,0,0,0,0,0,0,"SON",0
1,0,0,0,0,0,"2018-01-09T00:00:00",0,14.5,14.5,14.5,14.5,14.5,14.5,,,,0,0,0,0,0,0,"SON",0
1,0,0,0,0,0,"2018-01-08T00:00:00",0,14.5,14.5,14.5,14.5,14.5,14.5,,,,0,0,0,0,0,0,"SON",0
1,2,0,0,2600,0,"2018-01-05T00:00:00",0,14.5,14.5,14.5,14.5,14.5,14.5,,,,0,0,0,0,0,0,"SON",0
