"adjRatio","buyCount","buyForeignQuantity","buyForeignValue","buyQuantity","currentForeignRoom","date","dealVolume","priceAverage","priceBasic","priceClose","priceHigh","priceLow","priceOpen","propTradingNetDealValue","propTradingNetPTValue","propTradingNetValue","putthroughValue","putthroughVolume","sellCount","sellForeignQuantity","sellForeignValue","sellQuantity","symbol","totalValue"
1,0,0,0,190700,187497500,"2023-01-03T00:00:00",164400,70.64805,70.1,70.5,71.3,70.1,71,,,,0,0,0,0,0,193900,"SSH",11614539420
1,116,0,0,196801,187495900,"2022-12-30T00:00:00",166000,70.1,69.6,71,71,69.8,70.3,0,0,0,0,0,82,1500,105167625,193803,"SSH",11638550500
1,143,0,0,241201,187495900,"2022-12-29T00:00:00",213700,69.6,69.6,70.3,70.5,69.1,70.5,0,0,0,0,0,113,0,0,245200,"SSH",14864350133
1,119,0,0,184808,187495900,"2022-12-28T00:00:00",150300,69.6,69.6,70.5,70.5,69.2,69.7,0,0,0,0,0,95,1600,111390448,180860,"SSH",10463740209
1,132,0,0,235400,187495900,"2022-12-27T00:00:00",199800,69.6,69.5,69.6,69.9,69.2,69.6,0,0,0,0,0,109,0,0,239310,"SSH",13909680396
1,121,0,0,201102,187495900,"2022-12-26T00:00:00",171600,69.5,69.8,69.5,70,68.9,70,0,0,0,0,0,95,0,0,206610,"SSH",11919639732
1,122,0,0,214405,187495900,"2022-12-23T00:00:00",186500,69.8,69.9,69.9,70.2,69.4,70,0,0,0,0,0,105,0,0,222822,"SSH",13013380660
1,148,0,0,233917,187495900,"2022-12-22T00:00:00",208100,69.9,69.7,70,70.4,69.4,69.6,0,0,0,0,0,129,0,0,238723,"SSH",14550780686
1,115,0,0,188703,187495900,"2022-12-21T00:00:00",164400,69.7,69.5,69.6,70.2,69.5,70.2,0,0,0,0,0,102,0,0,206123,"SSH",11464169316
1,134,0,0,237504,187495900,"2022-12-20T00:00:00",208600,69.5,69.5,70.2,70.2,69.1,69.4,0,0,0,0,0,125,0,0,242423,"SSH",14494819234
1,141,0,0,220001,187495900,"2022-12-19T00:00:00",193900,69.5,69.2,69.5,70.5,69.1,70.5,0,0,0,0,0,125,0,0,239223,"SSH",13473940368
1,133,0,0,261702,187495900,"2022-12-16T00:00:00",237700,69.2,69.1,70.5,70.5,69,69.5,0,0,0,0,0,110,0,0,265700,"SSH",16454559062
1,106,0,0,171599,187495900,"2022-12-15T00:00:00",148600,69.1,69.2,69.5,70.3,68.6,70.1,0,0,0,0,0,104,0,0,197409,"SSH",10266490174
1,100,0,0,164759,187495900,"2022-12-14T00:00:00",139300,69.2,69.3,70.2,70.2,68.8,69.5,0,0,0,0,0,100,0,0,174183,"SSH",9634979816
1,137,0,0,251099,187495900,"2022-12-13T00:00:00",227700,69.3,69.3,69.5,69.9,68.8,69.5,0,0,0,0,0,94,0,0,276400,"SSH",15776959572
1,141,0,0,284898,187495900,"2022-12-12T00:00:00",242500,69.3,68.9,69.5,70.2,68.8,70.2,0,0,0,0,0,136,0,0,300740,"SSH",16803040825
1,161,600,41357010,334901,187495900,"2022-12-09T00:00:00",310000,68.9,69,70.2,70.2,68.6,69.3,0,0,0,0,0,131,0,0,340000,"SSH",21367788500
1,138,0,0,262702,187496500,"2022-12-08T00:00:00",235500,69,69.1,69.3,69.9,68.7,69.7,0,0,0,0,0,116,0,0,281700,"SSH",16238160675
1,170,0,0,339102,187496500,"2022-12-07T00:00:00",311900,69.1,69.2,69.7,69.7,68.5,69.3,0,0,0,0,0,147,0,0,360331,"SSH",21548129254
1,152,0,0,302703,187496500,"2022-12-06T00:00:00",270700,69.2,69.3,69.5,69.6,68.8,69.6,0,0,0,0,0,128,0,0,315500,"SSH",18728560869
1,123,0,0,231006,187496500,"2022-12-05T00:00:00",201100,69.3,69.5,69.7,70.2,68.8,69.7,0,0,0,0,0,105,0,0,241205,"SSH",13934719739
1,156,0,0,297604,187496500,"2022-12-02T00:00:00",268700,69.5,69.9,69.7,70,69.2,70,0,0,0,0,0,120,0,0,322131,"SSH",18674940196
1,164,0,0,315921,187496500,"2022-12-01T00:00:00",290100,69.9,69.5,70,70.3,69,70.3,0,0,0,0,0,127,0,0,338850,"SSH",20264729529
1,155,0,0,276920,187496500,"2022-11-30T00:00:00",247300,69.5,69.4,69.8,70.5,69,70,0,0,0,0,0,131,0,0,304909,"SSH",17182661192
1,110,0,0,216611,187496500,"2022-11-29T00:00:00",184400,69.4,69.5,70,70.2,68.8,70,0,0,0,0,0,93,0,0,221241,"SSH",12796959852
1,154,0,0,300710,187496500,"2022-11-28T00:00:00",280400,69.5,69.5,70,70,69,69,0,0,0,0,0,148,0,0,325000,"SSH",19484850192
1,140,0,0,254610,187496500,"2022-11-25T00:00:00",227600,69.5,69.6,70,70.6,69,70.1,0,0,0,0,0,129,0,0,275700,"SSH",15809480644
1,166,0,0,337825,187496500,"2022-11-24T00:00:00",318000,69.6,69.5,70.2,70.3,68.6,70.1,0,0,0,0,0,145,0,0,350714,"SSH",22129251120
1,156,0,0,302251,187496500,"2022-11-23T00:00:00",272200,69.5,69.4,70,70.6,68.9,70,0,0,0,0,0,153,0,0,323641,"SSH",18906810572
1,144,0,0,258605,187496500,"2022-11-22T00:00:00",227200,69.4,69.5,70,70,68.9,70,0,0,0,0,0,135,0,0,268703,"SSH",15757580960
1,188,0,0,369802,187496500,"2022-11-21T00:00:00",338000,69.5,69.7,70,70.1,69.2,70.1,0,0,0,0,0,170,0,0,375103,"SSH",23502748880
1,169,0,0,302802,187496500,"2022-11-18T00:00:00",275100,69.7,69.1,70.1,70.7,69.2,70.7,0,0,0,0,0,159,0,0,322553,"SSH",19174291185
1,152,0,0,285000,187496500,"2022-11-17T00:00:00",259300,69.1,68.5,70.6,70.9,68.5,70.7,0,0,0,0,0,158,0,0,291203,"SSH",17924470334
1,186,0,0,356100,187496500,"2022-11-16T00:00:00",330400,68.5,68.9,70.7,70.7,68,70.2,0,0,0,0,0,191,0,0,362803,"SSH",22635839464
1,204,0,0,328700,187496500,"2022-11-15T00:00:00",311700,68.9,69.4,70.2,70.2,67.5,70.1,0,0,0,0,0,207,0,0,344453,"SSH",21482931294
1,134,600,41663070,246201,187496500,"2022-11-14T00:00:00",221300,69.4,70.2,70.1,70.2,69,70.2,0,0,0,0,0,153,0,0,251903,"SSH",15366728985
1,244,0,0,399917,187497100,"2022-11-11T00:00:00",369700,70.2,70.5,70.2,70.7,69.9,70.5,0,0,0,0,0,222,0,0,406553,"SSH",25955368929
1,153,0,0,274413,187497100,"2022-11-10T00:00:00",251900,70.5,70.9,70,71.4,69.9,71.4,0,0,0,0,0,160,0,0,293003,"SSH",17770970668
1,136,0,0,236902,187497100,"2022-11-09T00:00:00",202800,70.9,70.5,71.4,71.6,70.4,71,0,0,0,0,0,132,0,0,235817,"SSH",14376589344
1,175,0,0,310402,187497100,"2022-11-08T00:00:00",278300,70.5,70.7,71,71,70.1,70.3,0,0,0,0,0,169,0,0,306453,"SSH",19611361286
1,191,0,0,371203,187497100,"2022-11-07T00:00:00",341100,70.7,70.9,70.3,71,70.3,71,0,0,0,0,0,198,0,0,371917,"SSH",24105001473
1,196,0,0,345802,187497100,"2022-11-04T00:00:00",325000,70.9,71.8,70.9,72.5,70.3,72.5,0,0,0,0,0,188,0,0,362303,"SSH",23040940000
1,180,0,0,306301,187497100,"2022-11-03T00:00:00",275200,71.8,71.7,72.5,72.5,71.5,72,0,0,0,0,0,168,0,0,304667,"SSH",19770200128
1,226,0,0,422201,187497100,"2022-11-02T00:00:00",397800,71.7,71.8,72.1,72.5,71.3,72.5,0,0,0,0,0,221,0,0,429153,"SSH",28508050584
1,199,0,0,359002,187497100,"2022-11-01T00:00:00",329100,71.8,71.1,72.5,72.5,71.3,71.5,0,0,0,0,0,170,0,0,352453,"SSH",23631150558
1,155,0,0,269602,187497100,"2022-10-31T00:00:00",234300,71.1,71.2,71.5,72,70.7,72,0,0,0,0,0,148,0,0,265803,"SSH",16660281066
1,181,0,0,340802,187497100,"2022-10-28T00:00:00",303700,71.2,70.6,71.9,71.9,70.8,71.4,0,0,0,0,0,167,0,0,330553,"SSH",21621180472
1,220,0,0,418501,187497100,"2022-10-27T00:00:00",379900,70.6,70.3,71.4,71.4,70.3,71,0,0,0,0,0,215,0,0,405403,"SSH",26804611898
1,174,0,0,328902,187497100,"2022-10-26T00:00:00",289500,70.3,70.4,71,71,70,70.6,0,0,0,0,0,165,0,0,316453,"SSH",20345811030
1,222,1000,70441750,381802,187497100,"2022-10-25T00:00:00",347100,70.4,70.4,70.5,70.8,70,70.2,0,0,0,0,0,211,0,0,376103,"SSH",24450331425
1,170,0,0,311103,187498100,"2022-10-24T00:00:00",278000,70.4,71.7,70.1,70.8,70,70.6,0,0,0,0,0,174,0,0,313474,"SSH",19576848960
1,252,0,0,427006,187498100,"2022-10-21T00:00:00",405000,71.7,72.4,70.6,73.1,70,73.1,0,0,0,0,0,243,0,0,450950,"SSH",29045308050
1,179,0,0,298805,187498100,"2022-10-20T00:00:00",264200,72.4,72.7,73,73,72,72.5,0,0,0,0,0,171,0,0,294303,"SSH",19132560832
1,208,0,0,362501,187498100,"2022-10-19T00:00:00",326400,72.7,73.3,72.8,73.2,72.3,72.5,0,0,0,0,0,199,0,0,357250,"SSH",23742838656
1,267,0,0,461325,187498100,"2022-10-18T00:00:00",428300,73.3,72.4,72.4,74,72.1,73.1,0,0,0,0,0,266,0,0,466588,"SSH",31378170279
1,227,0,0,415002,187498100,"2022-10-17T00:00:00",387800,72.4,72.7,73,73,72.1,73,0,0,0,0,0,221,0,0,422638,"SSH",28071829842
1,274,0,0,511205,187498100,"2022-10-14T00:00:00",483000,72.7,72.3,73,73.7,72.1,73.5,0,0,0,0,0,267,0,0,516991,"SSH",35103280800
1,218,0,0,364683,187498100,"2022-10-13T00:00:00",342100,72.3,72.4,73.3,73.9,71.9,73.9,0,0,0,0,0,232,0,0,377341,"SSH",24734438938
1,253,1000,72392070,456501,187498100,"2022-10-12T00:00:00",424900,72.4,73.4,73.9,73.9,71.8,73.6,0,0,0,0,0,244,0,0,459428,"SSH",30759390543
1,188,0,0,319000,187499100,"2022-10-11T00:00:00",299400,73.4,75.4,73.5,74.9,71.9,74.8,0,0,0,0,0,194,0,0,338028,"SSH",21969130686
1,256,0,0,424605,187499100,"2022-10-10T00:00:00",407000,75.4,79,74.8,77.7,73.5,77.6,0,0,0,0,0,249,0,0,454728,"SSH",30703758470
1,208,800,63219032,393100,187499100,"2022-10-07T00:00:00",366500,79,80.6,77.7,80.3,77.7,80.2,0,0,0,0,0,236,0,0,417928,"SSH",28962219035
1,210,0,0,372500,187499900,"2022-10-06T00:00:00",348000,80.6,81.1,80.2,81.6,80,81.1,0,0,0,0,0,213,0,0,388600,"SSH",28033721160
1,277,0,0,474242,187499900,"2022-10-05T00:00:00",453800,81.1,80.4,81.1,81.8,80.4,80.5,0,0,0,0,0,270,0,0,489228,"SSH",36800861082
1,272,0,0,473802,187499900,"2022-10-04T00:00:00",436800,80.4,80.6,80.4,81,80,80.6,0,0,0,0,0,251,0,0,470664,"SSH",35111600160
1,208,0,0,379901,187499900,"2022-10-03T00:00:00",348000,80.6,81,80.5,80.9,80,80.9,0,0,0,0,0,199,0,0,381915,"SSH",28038060720
1,240,0,0,441602,187499900,"2022-09-30T00:00:00",416000,81,80.9,80.9,81.5,80.5,80.8,0,0,0,0,0,253,0,0,455442,"SSH",33715069440
1,230,0,0,372304,187499900,"2022-09-29T00:00:00",338000,80.9,80.4,81.5,81.5,80.4,80.8,0,0,0,0,0,217,0,0,366144,"SSH",27352869700
1,231,0,0,410599,187499900,"2022-09-28T00:00:00",385600,80.4,80.5,80.8,81.2,80,81.2,0,0,0,0,0,247,0,0,425535,"SSH",31000188608
1,309,0,0,529202,187499900,"2022-09-27T00:00:00",485000,80.5,80,81.8,82,79.7,80.2,0,0,0,0,0,285,0,0,503160,"SSH",39040361150
1,196,0,0,348600,187499900,"2022-09-26T00:00:00",315700,80,80.2,80.2,80.2,79.6,80,0,0,0,0,0,194,0,0,348500,"SSH",25254888736
1,194,0,0,334702,187499900,"2022-09-23T00:00:00",305000,80.2,79.6,80.4,80.6,79.9,80.5,0,0,0,0,0,188,0,0,340644,"SSH",24464379400
1,232,0,0,394602,187499900,"2022-09-22T00:00:00",365000,79.6,80,80.8,80.8,79,80,0,0,0,0,0,216,0,0,394529,"SSH",29056120650
1,276,0,0,482302,187499100,"2022-09-21T00:00:00",452500,80,79.6,80.2,80.5,79,79.8,0,0,0,0,0,260,0,0,489069,"SSH",36221272025
1,267,0,0,458902,187499100,"2022-09-20T00:00:00",420200,79.6,79.6,80.4,80.4,79.2,80,0,0,0,0,0,227,0,0,447325,"SSH",33457908154
1,225,0,0,376402,187499100,"2022-09-19T00:00:00",351800,79.6,80.9,79.6,80.5,79.1,80.5,0,0,0,0,0,224,800,63650168,386440,"SSH",27990161378
1,286,0,0,479302,187499100,"2022-09-16T00:00:00",450000,80.9,80.6,80.8,81.2,80.3,81,0,0,0,0,0,259,0,0,484269,"SSH",36411822000
1,282,0,0,452805,187499100,"2022-09-15T00:00:00",420300,80.6,80.8,81.2,81.5,80.1,80.7,0,0,0,0,0,228,0,0,448429,"SSH",33858901467
1,222,0,0,361673,187499100,"2022-09-14T00:00:00",335100,80.8,81.4,80.8,81.3,80.1,81.3,0,0,0,0,0,219,0,0,375900,"SSH",27063661194
1,291,0,0,508902,187499100,"2022-09-13T00:00:00",474800,81.4,81.9,81.6,81.8,81.1,81.7,0,0,0,0,0,304,0,0,507700,"SSH",38645358416
1,284,0,0,482890,187499100,"2022-09-12T00:00:00",451200,81.9,81.5,82,82.3,81.5,82,0,0,0,0,0,339,0,0,487969,"SSH",36959348640
1,252,0,0,396703,187499100,"2022-09-09T00:00:00",367900,81.5,81.7,82.3,82.3,80.9,82,0,0,0,0,0,210,0,0,396969,"SSH",29990269855
1,258,0,0,433303,187499100,"2022-09-08T00:00:00",418300,81.7,82.3,81.8,82.5,80.8,82.5,0,0,0,0,0,255,0,0,448400,"SSH",34189968016
1,209,0,0,374100,187499100,"2022-09-07T00:00:00",348400,82.3,82.4,82,83.3,81.7,83.3,0,0,0,0,0,204,0,0,381969,"SSH",28681110224
1,259,0,0,451010,187499100,"2022-09-06T00:00:00",415600,82.4,82.8,82.6,82.6,82,82.6,0,0,0,0,0,225,0,0,450069,"SSH",34225599256
1,229,0,0,374406,187499100,"2022-09-05T00:00:00",338200,82.8,82.6,82.7,83.1,82.4,83,0,0,0,0,0,207,0,0,370100,"SSH",28006910176
1,334,0,0,515806,187499100,"2022-08-31T00:00:00",483900,82.6,83,82.8,82.9,82,82.5,0,0,0,0,0,362,0,0,521400,"SSH",39992951046
1,233,300,24895836,338106,187499100,"2022-08-30T00:00:00",315600,83,83.4,82.8,83.5,82.1,83.5,0,0,0,0,0,249,0,0,347200,"SSH",26190419472
1,304,0,0,463806,187499400,"2022-08-29T00:00:00",439000,83.4,84.5,83.1,85.3,82.8,85.3,0,0,0,0,0,285,0,0,484800,"SSH",36597112080
1,259,0,0,392306,187499400,"2022-08-26T00:00:00",368500,84.5,85.3,84.8,86.2,84,86.2,0,0,0,0,0,260,0,0,409469,"SSH",31124619185
1,369,0,0,566913,187499400,"2022-08-25T00:00:00",530000,85.3,83.7,86,86,84.2,85.2,0,0,0,0,0,318,0,0,554450,"SSH",45213102200
1,317,0,0,468808,187499400,"2022-08-24T00:00:00",429200,83.7,83.5,84.8,85,83.1,83.6,0,0,0,0,0,283,0,0,454050,"SSH",35938061964
1,270,0,0,376008,187499400,"2022-08-23T00:00:00",346000,83.5,84,83.5,83.9,83,83.5,0,0,0,0,0,255,0,0,381800,"SSH",28884291060
1,361,0,0,511408,187499400,"2022-08-22T00:00:00",480800,84,84.2,84,84.6,83.5,83.5,0,0,0,0,0,341,0,0,515050,"SSH",40386579768
1,232,600,50526918,348099,187499400,"2022-08-19T00:00:00",288800,84.2,83.6,84.2,84.5,83.7,84.5,0,0,0,2019240000,28400,228,0,0,345500,"SSH",26339529864
1,392,0,0,452908,187500000,"2022-08-18T00:00:00",407100,83.6,81.8,84.8,84.8,82.6,83.9,0,0,0,0,0,413,0,0,432400,"SSH",34030250277
1,456,0,0,550508,187500000,"2022-08-17T00:00:00",505700,81.8,81.1,83.5,84.5,80.5,81,0,0,0,0,0,405,0,0,531500,"SSH",41370391569
1,325,0,0,413908,187500000,"2022-08-16T00:00:00",383800,81.1,81.1,81.3,81.5,80.2,81.5,0,0,0,0,0,329,0,0,416200,"SSH",31109139280
1,389,0,0,512208,187500000,"2022-08-15T00:00:00",482000,81.1,81.5,81.5,81.5,80.6,81,0,0,0,0,0,400,0,0,515600,"SSH",39112318980
1,335,0,0,422608,187500000,"2022-08-12T00:00:00",390000,81.5,81.4,81.6,81.9,81.2,81.9,0,0,0,0,0,334,0,0,422200,"SSH",31802631900
1,345,0,0,455408,187500000,"2022-08-11T00:00:00",425000,81.4,81.6,81.6,82.3,80.9,81.9,0,0,0,0,0,365,0,0,460600,"SSH",34583129750
1,375,0,0,497508,187500000,"2022-08-10T00:00:00",464600,81.6,80.9,81.8,82,80.7,81.5,0,0,0,0,0,355,0,0,494300,"SSH",37904158700
1,382,0,0,469908,187500000,"2022-08-09T00:00:00",441100,80.9,81,81.4,81.4,80,80.8,0,0,0,0,0,364,0,0,472800,"SSH",35700710804
1,321,0,0,442961,187500000,"2022-08-08T00:00:00",410800,81,80.6,81.5,81.5,80.6,80.6,0,0,0,0,0,327,0,0,440200,"SSH",33279298260
1,276,0,0,376243,187500000,"2022-08-05T00:00:00",345600,80.6,80.6,81.3,81.3,80.1,80.3,0,0,0,0,0,311,0,0,373100,"SSH",27845690112
1,353,0,0,470908,187500000,"2022-08-04T00:00:00",427400,80.6,80.5,80.8,81,80.2,80.8,0,0,0,0,0,398,0,0,458100,"SSH",34459791744
1,272,0,0,377508,187500000,"2022-08-03T00:00:00",326800,80.5,80.5,80.7,81,80,81,0,0,0,0,0,317,0,0,359600,"SSH",26316860860
1,324,0,0,438119,187500000,"2022-08-02T00:00:00",386900,80.5,80.5,80.7,80.9,80,80.3,0,0,0,0,0,357,0,0,418000,"SSH",31138141459
1,373,0,0,523708,187500000,"2022-08-01T00:00:00",499900,80.5,81.2,81,81.4,79.8,81,0,0,0,0,0,419,0,0,529600,"SSH",40249188552
1,303,0,0,396908,187500000,"2022-07-29T00:00:00",367700,81.2,80.8,81.5,81.6,80.7,81.6,0,0,0,0,0,333,0,0,397300,"SSH",29858648291
1,301,0,0,458008,187500000,"2022-07-28T00:00:00",422100,80.8,80.2,81.6,81.6,79.9,80,0,0,0,0,0,297,0,0,445600,"SSH",34102628217
1,366,0,0,482408,187500000,"2022-07-27T00:00:00",459800,80.2,80,80.5,81,79.5,80.3,0,0,0,0,0,410,0,0,485400,"SSH",36891970236
1,267,0,0,407308,0,"2022-07-26T00:00:00",380000,80,80.1,80,80.5,79.4,80.5,0,0,0,0,0,269,0,0,409100,"SSH",30390731800
1,313,0,0,459008,0,"2022-07-25T00:00:00",429300,80.1,80.4,80.4,80.5,79.6,80.2,0,0,0,0,0,377,0,0,457350,"SSH",34370470638
1,346,0,0,455608,0,"2022-07-22T00:00:00",420000,80.4,80.1,80.8,81.1,79.7,79.7,0,0,0,0,0,394,0,0,446989,"SSH",33756878400
1,382,0,0,493009,0,"2022-07-21T00:00:00",466200,80.1,80.3,80.3,80.8,79,80.5,0,0,0,0,0,439,0,0,496800,"SSH",37333398564
1,342,0,0,468908,0,"2022-07-20T00:00:00",442100,80.3,80.2,80.3,80.8,79,80.5,0,0,0,0,0,394,0,0,471900,"SSH",35509688629
1,344,0,0,428709,0,"2022-07-19T00:00:00",402700,80.2,80.5,80.2,81,79.4,81,0,0,0,0,0,386,0,0,435900,"SSH",32310920417
1,405,0,0,557008,0,"2022-07-18T00:00:00",525800,80.5,80,81.2,82,79.7,79.7,0,0,0,0,0,481,0,0,552600,"SSH",42348931020
1,332,0,0,463308,0,"2022-07-15T00:00:00",431900,80,79.6,80,80.8,79.4,79.5,0,0,0,0,0,416,0,0,459500,"SSH",34534909717
1,353,0,0,487008,0,"2022-07-14T00:00:00",459500,79.6,79.7,80,80.2,79.2,80,0,0,0,0,0,420,0,0,486800,"SSH",36593991840
1,320,0,0,429507,0,"2022-07-13T00:00:00",389400,79.7,78.7,80.5,80.8,78.6,79.6,0,0,0,0,0,368,0,0,413400,"SSH",31049478768
1,428,0,0,555807,0,"2022-07-12T00:00:00",511200,78.7,80.2,79.1,80.1,76.9,80.1,0,0,0,0,0,458,0,0,547700,"SSH",40252889952
1,336,0,0,441206,0,"2022-07-11T00:00:00",417200,80.2,81.5,80,81.8,79.4,81.8,0,0,0,0,0,406,0,0,453300,"SSH",33463549420
1,347,0,0,502806,0,"2022-07-08T00:00:00",479200,81.5,81.5,81.8,81.9,81.1,81.7,0,0,0,0,0,413,0,0,509100,"SSH",39036552064
1,361,0,0,506113,0,"2022-07-07T00:00:00",456700,81.5,81.4,82,82,80.8,81.1,0,0,0,0,0,408,0,0,483850,"SSH",37206969939
1,449,0,0,612807,0,"2022-07-06T00:00:00",555100,81.4,80.1,81.8,81.9,80,80,0,0,0,0,0,494,0,0,585500,"SSH",45182980661
1,287,0,0,371038,0,"2022-07-05T00:00:00",356500,80.1,80.3,81,81,79.5,80,0,0,0,0,0,363,0,0,382700,"SSH",28552459325
1,325,0,0,467163,0,"2022-07-04T00:00:00",444300,80.3,80.5,80.4,80.9,79.7,80.5,0,0,0,0,0,399,0,0,479026,"SSH",35691032199
1,310,0,0,410149,0,"2022-07-01T00:00:00",380800,80.5,80.5,80.9,80.9,80.1,80.3,0,0,0,0,0,345,0,0,408868,"SSH",30661018304
1,402,0,0,557706,0,"2022-06-30T00:00:00",534600,80.5,80.5,80.5,80.9,78.9,80.5,0,0,0,0,0,445,0,0,567525,"SSH",43040790342
1,386,0,0,517213,0,"2022-06-29T00:00:00",488900,80.5,80.6,80.8,81.3,79.8,80.3,0,0,0,0,0,416,0,0,519209,"SSH",39356420666
1,336,0,0,448107,0,"2022-06-28T00:00:00",420800,80.6,81,80.8,80.9,80.1,80.9,0,0,0,0,0,396,0,0,457202,"SSH",33926351968
1,365,0,0,502307,0,"2022-06-27T00:00:00",468800,81,80.7,80.8,82,80.3,81,0,0,0,0,0,439,0,0,506101,"SSH",37968501104
1,367,0,0,478809,0,"2022-06-24T00:00:00",438900,80.7,79.7,81,81.3,79.9,80,0,0,0,0,0,421,0,0,474101,"SSH",35414889279
1,458,0,0,636307,0,"2022-06-23T00:00:00",595400,79.7,78.8,81.8,82.2,78.6,79.3,0,0,0,0,0,547,0,0,620800,"SSH",47479899116
1,423,0,0,538203,0,"2022-06-22T00:00:00",512200,78.8,77.2,80,80,77,77,0,0,0,0,0,480,0,0,536700,"SSH",40349379642
1,342,0,0,498303,0,"2022-06-21T00:00:00",463400,77.2,76.9,77.3,78.5,76.5,76.5,0,0,0,0,0,344,0,0,489700,"SSH",35781718308
1,377,0,0,547590,0,"2022-06-20T00:00:00",510500,76.9,76.4,77.5,78.3,75.9,77,0,0,0,0,0,361,0,0,535569,"SSH",39282602335
1,309,0,0,464915,0,"2022-06-17T00:00:00",436200,76.4,77.7,76.6,78,75.7,78,0,0,0,0,0,355,0,0,474915,"SSH",33346970922
1,374,0,0,511200,0,"2022-06-16T00:00:00",474900,77.7,77.2,77.7,78.4,76.7,77,0,0,0,0,0,389,0,0,506200,"SSH",36878250273
1,319,0,0,438400,0,"2022-06-15T00:00:00",410400,77.2,78.2,77,78.3,76.5,78,0,0,0,0,0,336,0,0,447700,"SSH",31691580480
1,401,0,0,531600,0,"2022-06-14T00:00:00",490900,78.2,78.2,79.4,79.4,77.1,77.4,0,0,0,0,0,399,0,0,507800,"SSH",38386730576
1,386,0,0,462694,0,"2022-06-13T00:00:00",440600,78.2,79.8,77.9,80.5,76.8,79.5,0,0,0,0,0,429,0,0,480100,"SSH",34438230072
1,430,0,0,553094,0,"2022-06-10T00:00:00",531400,79.8,80.5,80.3,80.4,78.8,80,0,0,0,0,0,538,0,0,564000,"SSH",42416390512
1,378,0,0,505494,0,"2022-06-09T00:00:00",466300,80.5,79.9,79.9,80.9,79.5,79.5,0,0,0,0,0,382,0,0,504900,"SSH",37544498888
1,397,0,0,563794,0,"2022-06-08T00:00:00",515200,79.9,79.9,81,81,79,80.5,0,0,0,0,0,367,0,0,545100,"SSH",41168508864
1,311,0,0,429694,0,"2022-06-07T00:00:00",393500,79.9,80.4,80.4,80.6,79,80.3,0,0,0,0,0,322,0,0,433500,"SSH",31447370980
1,435,0,0,610794,0,"2022-06-06T00:00:00",572000,80.4,80.1,80.8,80.9,78,80,0,0,0,0,0,428,0,0,608900,"SSH",46002928400
1,345,0,0,481194,0,"2022-06-03T00:00:00",451200,80.1,80.1,79.9,80.5,78.8,80.1,0,0,0,0,0,376,0,0,490600,"SSH",36152368416
1,381,0,0,552000,0,"2022-06-02T00:00:00",521000,80.1,80.5,80.6,80.8,79,80,0,0,0,0,0,398,0,0,560800,"SSH",41748261420
1,348,0,0,460394,0,"2022-06-01T00:00:00",424500,80.5,80.6,81,81,80,80,0,0,0,0,0,353,0,0,460700,"SSH",34186521690
1,311,0,0,417994,0,"2022-05-31T00:00:00",382300,80.6,80.8,80.3,81,80.1,81,0,0,0,0,0,310,0,0,421900,"SSH",30829440423
1,355,0,0,508507,0,"2022-05-30T00:00:00",471800,80.8,80.7,80.9,81.5,80.6,81.5,0,0,0,0,0,337,0,0,508355,"SSH",38131630880
1,368,0,0,526894,0,"2022-05-27T00:00:00",491100,80.7,80.8,81.5,81.5,80,80.5,0,0,0,0,0,372,0,0,525169,"SSH",39610559391
1,371,0,0,465294,0,"2022-05-26T00:00:00",435400,80.8,79.5,80,81.4,79.5,80.5,0,0,0,0,0,407,0,0,473650,"SSH",35169970542
1,430,0,0,577106,0,"2022-05-25T00:00:00",535300,79.5,79.5,81.3,81.3,77.9,79,0,0,0,0,0,430,0,0,564606,"SSH",42542892558
1,345,0,0,435940,0,"2022-05-24T00:00:00",401400,79.5,82.9,79,82,78.4,82,0,0,0,0,0,396,0,0,445440,"SSH",31930619382
1,343,0,0,424208,0,"2022-05-23T00:00:00",393500,82.9,85.8,81.7,84.5,81.7,84.3,0,0,0,0,0,404,0,0,439441,"SSH",32638220030
1,274,0,0,403046,0,"2022-05-20T00:00:00",376800,85.8,89.6,83.8,87,83.8,87,0,0,0,0,0,367,0,0,427002,"SSH",32313998736
1,265,0,0,338618,0,"2022-05-19T00:00:00",303900,89.6,92.1,86.7,92.5,86.2,87.5,0,0,0,0,0,414,0,0,355450,"SSH",27214919658
1,236,0,0,369007,0,"2022-05-18T00:00:00",336700,92.1,94.3,91.5,93.8,91.4,93.8,0,0,0,0,0,400,0,0,377337,"SSH",31001968998
1,224,0,0,274297,0,"2022-05-17T00:00:00",251100,94.3,97.1,93.6,96.5,93.5,96.5,0,0,0,0,0,293,0,0,297141,"SSH",23689590075
1,240,0,0,283385,0,"2022-05-16T00:00:00",261400,97.1,98.7,96.1,99,96,98,,,,0,0,294,0,0,302487,"SSH",25383518856
1,279,0,0,350700,0,"2022-05-13T00:00:00",299900,98.7,99.6,96.9,102,94.9,98.5,,,,0,0,287,0,0,339600,"SSH",29601779450
1,256,0,0,428513,0,"2022-05-12T00:00:00",405300,99.6,98.2,98,100.9,98,99.6,,,,0,0,336,0,0,453550,"SSH",40371191301
1,302,0,0,401185,0,"2022-05-11T00:00:00",380300,98.2,97.3,100.4,100.4,97.5,97.5,,,,0,0,354,0,0,413700,"SSH",37352750351
1,229,0,0,291000,0,"2022-05-10T00:00:00",272900,97.3,97.1,100,100,96,99.6,,,,0,0,289,0,0,309445,"SSH",26540119922
1,254,0,0,339100,0,"2022-05-09T00:00:00",294500,97.1,97,100,100,95.8,99.8,,,,0,0,305,0,0,323100,"SSH",28584599970
1,312,0,0,360145,0,"2022-05-06T00:00:00",329200,97,99.7,100,100,94.8,100,,,,0,0,279,0,0,376492,"SSH",31928640536
1,307,0,0,395190,0,"2022-05-05T00:00:00",370200,99.7,99.7,100,100.1,99.2,100.1,,,,0,0,277,0,0,411642,"SSH",36902609580
1,190,0,0,308690,0,"2022-05-04T00:00:00",288400,99.7,99.9,100,100,99,99.2,,,,0,0,413,0,0,341089,"SSH",28766160948
1,263,0,0,379700,0,"2022-04-29T00:00:00",336700,99.9,100,100,100.1,99.2,99.2,,,,0,0,193,0,0,382447,"SSH",33636060640
1,275,0,0,346790,0,"2022-04-28T00:00:00",280000,100,99.7,100.1,100.5,99.5,99.7,,,,0,0,288,0,0,316889,"SSH",27988881200
1,246,0,0,394690,0,"2022-04-27T00:00:00",354500,99.7,99.4,100,100.2,98.2,99,,,,0,0,481,0,0,420042,"SSH",35352250170
1,220,0,0,286500,0,"2022-04-26T00:00:00",239800,99.4,99.6,100,100,98.3,99.2,,,,0,0,275,0,0,278800,"SSH",23835570858
1,247,0,0,338100,0,"2022-04-25T00:00:00",300700,99.6,100,99.8,100.4,98.3,99.4,,,,0,0,274,0,0,384500,"SSH",29942139353
1,211,0,0,304066,0,"2022-04-22T00:00:00",260000,100,99.9,100,100.1,99.4,99.4,,,,0,0,259,0,0,300751,"SSH",25996240400
1,268,0,0,336745,0,"2022-04-21T00:00:00",289900,99.9,100,100,100.2,99.5,100.2,,,,0,0,349,0,0,341951,"SSH",28949701001
1,330,0,0,417765,0,"2022-04-20T00:00:00",369600,100,100.2,100,100.6,99.4,100.2,,,,0,0,368,0,0,442500,"SSH",36958318320
1,316,0,0,402100,0,"2022-04-19T00:00:00",340800,100.2,100,100.1,101.2,99.7,100,,,,0,0,346,0,0,384551,"SSH",34148981328
1,343,0,0,425900,0,"2022-04-18T00:00:00",388800,100,100.1,100.1,100.5,99.5,100.5,,,,0,0,407,0,0,430254,"SSH",38896088544
1,282,0,0,351302,0,"2022-04-15T00:00:00",315000,100.1,100.6,100.1,101,99.4,100.2,,,,0,0,328,0,0,358451,"SSH",31535491050
1,407,0,0,476901,0,"2022-04-14T00:00:00",439900,100.6,100,101.5,102.3,99.6,99.6,,,,0,0,467,0,0,476800,"SSH",44256000000
1,345,0,0,426102,0,"2022-04-13T00:00:00",389100,100,99.9,100.4,100.4,98.5,99.7,,,,0,0,391,0,0,484500,"SSH",38906568138
1,371,0,0,555201,0,"2022-04-12T00:00:00",523100,99.9,99.8,100.3,100.3,99.5,99.5,,,,0,0,433,0,0,567650,"SSH",52262000000
1,400,0,0,499601,0,"2022-04-08T00:00:00",459300,99.8,99.9,100,100.4,99,99.6,,,,0,0,444,0,0,508951,"SSH",45842397711
1,390,0,0,467201,0,"2022-04-07T00:00:00",430600,99.9,100,100.1,100.4,99,100,,,,0,0,397,0,0,508904,"SSH",43021999550
1,315,0,0,365099,0,"2022-04-06T00:00:00",330000,100,101,100.3,100.7,99,100.7,,,,0,0,328,0,0,404601,"SSH",33004329600
1,369,0,0,442803,0,"2022-04-05T00:00:00",390300,101,100.4,102.5,102.5,99.9,100.4,,,,0,0,378,0,0,419850,"SSH",39401760750
1,438,0,0,532899,0,"2022-04-04T00:00:00",499900,100.4,100.2,100.9,100.9,100.1,100.1,,,,0,0,541,0,0,551600,"SSH",50198028386
1,369,0,0,445501,0,"2022-04-01T00:00:00",419600,100.2,100.1,100.2,100.5,100,100.5,,,,0,0,449,0,0,468900,"SSH",42040000000
1,308,0,0,379299,0,"2022-03-31T00:00:00",341700,100.1,100.2,100.3,100.8,99.5,99.9,,,,0,0,329,0,0,412000,"SSH",34209770463
1,320,0,0,436999,0,"2022-03-30T00:00:00",405100,100.2,100.7,100.1,101,99.5,101,,,,0,0,405,0,0,479900,"SSH",40574000000
1,388,0,0,400820,0,"2022-03-29T00:00:00",372200,100.7,101.7,100.4,101.7,100,101.7,,,,0,0,420,0,0,440390,"SSH",37483461770
1,324,0,0,370201,0,"2022-03-28T00:00:00",340200,101.7,101.8,100.9,102.7,100.9,101.8,,,,0,0,409,0,0,449778,"SSH",34590209220
1,380,0,0,458699,0,"2022-03-25T00:00:00",413100,101.8,101.8,102.4,102.9,101,101.5,,,,0,0,425,0,0,488779,"SSH",42042009069
1,382,0,0,435322,0,"2022-03-24T00:00:00",390900,101.8,102.6,101.8,102.8,101.5,102.8,,,,0,0,387,0,0,486950,"SSH",39799331049
1,417,0,0,490611,0,"2022-03-23T00:00:00",452800,102.6,103.6,102,104,101.5,104,,,,0,0,452,0,0,525478,"SSH",46455000000
1,373,0,0,390322,0,"2022-03-22T00:00:00",346200,103.6,103.8,103.8,104.5,102.9,104.5,,,,0,0,370,0,0,372457,"SSH",35862369858
1,400,0,0,455490,0,"2022-03-21T00:00:00",410200,103.8,103.9,104.6,105.2,102.6,103.5,,,,0,0,430,0,0,438129,"SSH",42596000000
1,381,0,0,407593,0,"2022-03-18T00:00:00",369600,103.9,104.5,103.6,104.8,103,104.5,,,,0,0,394,0,0,395979,"SSH",38417258880
1,474,0,0,511504,0,"2022-03-17T00:00:00",478100,104.5,103.7,103.8,106.4,103.2,104,,,,0,0,472,0,0,511979,"SSH",49943000000
1,375,0,0,413492,0,"2022-03-16T00:00:00",360300,103.7,100.8,104,104.9,101.3,101.9,,,,0,0,402,0,0,391579,"SSH",37371688743
1,309,0,0,344492,0,"2022-03-15T00:00:00",289100,100.8,100.7,102.5,103.1,100.2,100.6,,,,0,0,345,0,0,314553,"SSH",29153378835
1,430,0,0,473295,0,"2022-03-14T00:00:00",429500,100.7,100.5,101.2,101.7,100.2,100.4,,,,0,0,494,0,0,461250,"SSH",43253428865
1,367,0,0,428374,0,"2022-03-11T00:00:00",388800,100.5,100.4,100.4,102.2,99.5,102,,,,0,0,427,0,0,426159,"SSH",39059411760
1,472,0,0,579024,0,"2022-03-10T00:00:00",541200,100.4,100.6,103.4,103.5,99.3,100.5,,,,0,0,574,0,0,580129,"SSH",54343569720
1,357,0,0,488103,0,"2022-03-09T00:00:00",449900,100.6,101.1,101.6,101.6,99,101.5,,,,0,0,439,0,0,470400,"SSH",45259301142
1,348,0,0,430412,0,"2022-03-08T00:00:00",393900,101.1,102.4,100.5,103.2,100.3,102.5,,,,0,0,436,0,0,439900,"SSH",39828461907
1,385,0,0,472002,0,"2022-03-07T00:00:00",433700,102.4,104.2,101.4,104.2,100.6,104,,,,0,0,435,0,0,469901,"SSH",44430491914
1,323,0,0,390501,0,"2022-03-04T00:00:00",345600,104.2,103,103.8,105,102,103.5,0,0,0,0,0,348,0,0,381300,"SSH",36000751104
1,340,0,0,526302,0,"2022-03-03T00:00:00",483200,103,100.9,104.5,105,100.6,100.6,,,,0,0,416,0,0,502401,"SSH",49768227712
1,346,0,0,429151,0,"2022-03-02T00:00:00",400400,100.9,102.6,100.8,102.6,99.9,102.5,0,0,0,0,0,401,0,0,433059,"SSH",40402990628
1,298,0,0,372100,0,"2022-03-01T00:00:00",350500,102.6,102.3,102.3,103.8,101.5,101.8,0,0,0,0,0,376,0,0,373959,"SSH",35943680365
1,342,0,0,451601,0,"2022-02-28T00:00:00",438500,102.3,102.6,101.5,102.9,101.5,102.5,0,0,0,0,0,447,0,0,474498,"SSH",44836458370
1,345,0,0,395000,0,"2022-02-25T00:00:00",370900,102.6,103.3,102,104.5,101.3,102.9,0,0,0,0,0,400,0,0,404239,"SSH",38066078985
1,422,0,0,494701,0,"2022-02-24T00:00:00",470800,103.3,106.3,102,106.3,101,106.2,0,0,0,0,0,498,0,0,522739,"SSH",48627759708
1,334,0,0,374700,0,"2022-02-23T00:00:00",343100,106.3,106.5,106,108.1,104.9,106.6,0,0,0,0,0,384,0,0,376539,"SSH",36470531579
1,314,0,0,309111,0,"2022-02-22T00:00:00",275100,106.5,108.7,106.8,108.8,105.2,108.7,0,0,0,0,0,340,0,0,310950,"SSH",29297580543
1,416,0,0,468818,0,"2022-02-21T00:00:00",430900,108.7,109.4,109.4,109.5,107,109.3,0,0,0,0,0,480,0,0,464500,"SSH",46839808143
1,331,0,0,354601,0,"2022-02-18T00:00:00",308200,109.4,108.9,110.5,110.6,107.7,108.9,0,0,0,0,0,354,0,0,334200,"SSH",33703710284
1,369,0,0,417008,0,"2022-02-17T00:00:00",371500,108.9,107.8,110,110,107.5,108,0,0,0,0,0,401,0,0,404907,"SSH",40463330485
1,259,0,0,292109,0,"2022-02-16T00:00:00",270300,107.8,108.7,106.8,108.5,106.8,108.2,0,0,0,0,0,340,0,0,310801,"SSH",29129000000
1,313,0,0,355700,0,"2022-02-15T00:00:00",332400,108.7,110,108,110.2,107,109.5,0,0,0,0,0,388,0,0,369600,"SSH",36120000000
1,468,0,0,320910,0,"2022-02-14T00:00:00",290800,110,110.5,109.5,110.5,109.3,110.5,0,0,0,0,0,360,0,0,364201,"SSH",31993170424
1,468,0,0,291909,0,"2022-02-11T00:00:00",254200,110.5,110.6,110.4,113.9,110,110.5,0,0,0,0,0,295,0,0,330000,"SSH",28079209078
1,455,0,0,275709,0,"2022-02-10T00:00:00",210400,110.6,108.5,112.9,113,108.4,108.5,0,0,0,0,0,238,0,0,302600,"SSH",23277250528
1,394,0,0,283910,0,"2022-02-09T00:00:00",242900,108.5,108.2,108.5,108.8,108.1,108.2,0,0,0,0,0,274,0,0,320701,"SSH",26355641032
1,438,0,0,289621,0,"2022-02-08T00:00:00",250600,108.2,108.2,108.5,108.5,107.7,108.2,0,0,0,0,0,308,0,0,314336,"SSH",27112368892
1,407,0,0,242303,0,"2022-02-07T00:00:00",201500,108.2,107.8,108.5,108.6,107.7,107.8,0,0,0,0,0,321,0,0,267710,"SSH",21810769045
1,459,0,0,280000,0,"2022-01-28T00:00:00",211300,107.8,106.3,115,115,106.1,107,0,0,0,0,0,240,0,0,231410,"SSH",22773389976
1,260,0,0,157600,0,"2022-01-27T00:00:00",127100,106.3,106.8,105.8,107.1,105.6,106.6,0,0,0,0,0,185,0,0,189639,"SSH",13507679600
1,312,0,0,201500,0,"2022-01-26T00:00:00",161300,106.8,106.5,107.3,107.4,106.3,106.3,0,0,0,0,0,261,0,0,218110,"SSH",17223449474
1,474,0,0,357100,0,"2022-01-25T00:00:00",312700,106.5,106.6,106.9,107.1,106.2,106.5,0,0,0,0,0,306,0,0,374901,"SSH",33297631229
1,598,0,0,384501,0,"2022-01-24T00:00:00",345100,106.6,107.8,106,107.6,105.6,107.6,0,0,0,0,0,335,0,0,419029,"SSH",36800000000
1,522,0,0,362300,0,"2022-01-21T00:00:00",316000,107.8,107.8,107.9,109.1,107.1,109,0,0,0,0,0,308,0,0,392901,"SSH",34051041360
1,529,0,0,426100,0,"2022-01-20T00:00:00",359600,107.8,109.2,109.3,109.3,107.5,108.1,0,0,0,0,0,322,0,0,429610,"SSH",38769759772
1,414,0,0,328501,0,"2022-01-19T00:00:00",296400,109.2,111.8,106.5,111.3,106.5,111.2,0,0,0,0,0,310,0,0,388100,"SSH",32372158884
1,507,0,0,396300,0,"2022-01-18T00:00:00",364300,111.8,112.9,110.6,112.5,110.6,112.5,0,0,0,0,0,317,0,0,449300,"SSH",40743541509
1,456,0,0,358200,0,"2022-01-17T00:00:00",322200,112.9,113,112,113.6,112,113,0,0,0,0,0,265,0,0,407900,"SSH",36390688902
1,543,0,0,444350,0,"2022-01-14T00:00:00",404100,113,113,113.6,113.6,112.5,113.6,0,0,0,0,0,320,0,0,458101,"SSH",45683161515
1,493,0,0,334000,0,"2022-01-13T00:00:00",250800,113,114.1,114.3,114.3,112,113.9,0,0,0,0,0,400,0,0,278001,"SSH",28349650000
1,327,0,0,409506,0,"2022-01-12T00:00:00",383400,114.1,114.9,113.9,117.9,113.5,117.9,0,0,0,0,0,370,0,0,427329,"SSH",43748000000
1,349,0,0,478000,0,"2022-01-11T00:00:00",427600,114.9,116.3,118.7,119.5,110.9,115.4,0,0,0,0,0,440,0,0,443000,"SSH",49140000000
1,322,0,0,389906,0,"2022-01-10T00:00:00",363900,116.3,117.9,115.5,119.2,113.5,119.2,0,0,0,0,0,386,0,0,408601,"SSH",42309030000
1,436,0,0,574300,0,"2022-01-07T00:00:00",481500,117.9,109.9,120.9,121.3,109.7,109.8,0,0,0,0,0,463,0,0,514630,"SSH",56785000000
1,412,0,0,590700,0,"2022-01-06T00:00:00",533400,109.9,103.2,111,111.4,103.5,103.5,0,0,0,0,0,469,0,0,576930,"SSH",58609860000
1,291,0,0,439700,0,"2022-01-05T00:00:00",390000,103.2,102,103.9,103.9,102.6,103,0,0,0,0,0,324,0,0,408201,"SSH",40245000000
1,292,0,0,475300,0,"2022-01-04T00:00:00",411600,102,100.3,103.4,103.4,101,101.8,0,0,0,0,0,340,0,0,432901,"SSH",41982109260
1,297,0,0,513200,0,"2021-12-31T00:00:00",460800,100.3,99.9,102.4,102.4,99,99.9,0,0,0,0,0,396,0,0,478601,"SSH",46226000000
1,303,0,0,429020,0,"2021-12-30T00:00:00",393300,99.9,100,100,100.1,99.4,100,0,0,0,0,0,351,0,0,417600,"SSH",39296911671
1,329,0,0,543110,0,"2021-12-29T00:00:00",505100,100,100.4,100.4,100.4,96,100.3,0,0,0,0,0,454,0,0,527000,"SSH",50518879658
1,284,0,0,487000,0,"2021-12-28T00:00:00",443000,100.4,100.7,100.3,100.7,100,100.6,0,0,0,0,0,385,0,0,475100,"SSH",44491699390
1,298,0,0,441909,0,"2021-12-27T00:00:00",398800,100.7,100,100.6,101.4,99.7,100,0,0,0,0,0,387,0,0,421801,"SSH",40157040000
1,281,0,0,466300,0,"2021-12-24T00:00:00",431000,100,100.2,100.3,100.3,99.3,100.2,,,,0,0,312,0,0,460800,"SSH",43088040000
1,307,0,0,410101,0,"2021-12-23T00:00:00",375500,100.2,101.4,100,101.3,99.1,101.1,0,0,0,0,0,351,0,0,414001,"SSH",37607620000
1,323,0,0,442801,0,"2021-12-22T00:00:00",396900,101.4,101.1,101.1,101.9,100.4,101.8,0,0,0,0,0,366,0,0,429701,"SSH",40226000000
1,358,0,0,520915,0,"2021-12-21T00:00:00",468500,101.1,100.1,101.8,101.9,100,100.1,0,0,0,0,0,380,0,0,497231,"SSH",47360680000
1,294,0,0,456900,0,"2021-12-20T00:00:00",429200,100.1,101,100.3,100.8,99.2,100.8,0,0,0,0,0,364,0,0,467911,"SSH",42942950000
1,323,0,0,447800,0,"2021-12-17T00:00:00",415300,101,101.3,100.9,101.5,100.4,101.5,0,0,0,0,0,370,0,0,457410,"SSH",41949640000
1,353,0,0,444203,0,"2021-12-16T00:00:00",411700,101.3,100.5,101.3,101.8,100.5,100.6,0,0,0,0,0,363,0,0,452500,"SSH",41705530000
1,341,0,0,524095,0,"2021-12-15T00:00:00",488800,100.5,100.1,101.7,101.7,99.7,100,0,0,0,0,0,517,0,0,524476,"SSH",49110540000
1,241,0,0,382600,0,"2021-12-14T00:00:00",356000,100.1,100.6,100.2,100.6,99.8,100.6,0,0,0,0,0,353,0,0,397600,"SSH",35635470000
1,313,0,0,436290,0,"2021-12-13T00:00:00",407000,100.6,100.9,100.8,100.9,100,100.5,0,0,0,0,0,384,0,0,443301,"SSH",40951820000
1,382,0,0,530201,0,"2021-12-10T00:00:00",502800,100.9,97,100.3,102.4,99.5,101.6,0,0,0,0,0,451,0,0,552576,"SSH",50747880000
1.4484536082,262,0,0,425291,0,"2021-12-09T00:00:00",386500,140.5,138.5,141.2,145,137.7,138,0,0,0,0,0,391,0,0,426100,"SSH",54288000000
1.4484536082,234,0,0,372112,0,"2021-12-08T00:00:00",330000,138.5,136.8,138.7,141.1,136,136,0,0,0,0,0,306,0,0,373901,"SSH",45698480000
1.4484536082,230,0,0,367002,0,"2021-12-07T00:00:00",326800,136.8,137.1,137,137.3,135.6,137.1,0,0,0,0,0,433,0,0,374800,"SSH",44702780000
1.4484536082,241,0,0,394300,0,"2021-12-06T00:00:00",358900,137.1,138.9,137.2,138,134.9,135.5,0,0,0,0,0,430,0,0,414900,"SSH",49189090000
1.4484536082,291,0,0,448227,0,"2021-12-03T00:00:00",418000,138.9,142.9,135.3,142,135,141.9,0,0,0,0,0,307,0,0,499600,"SSH",58070900000
1.4484536082,297,0,0,424601,0,"2021-12-02T00:00:00",360500,142.8715117891817,139.4,138.8,145,138.7,140,0,0,0,0,0,339,0,0,422601,"SSH",51505180000
1.4484536082,302,0,0,344414,0,"2021-12-01T00:00:00",285000,139.4,134.9,142.3,144.5,135.4,136,0,0,0,0,0,288,0,0,313600,"SSH",39724880000
1.4484536082,284,0,0,407744,0,"2021-11-30T00:00:00",352000,134.9,127.8,136,136.7,130.4,131,0,0,0,0,0,438,0,0,394100,"SSH",47483230000
1.4484536082,325,0,0,597600,0,"2021-11-29T00:00:00",493700,127.8,119.7,131.5,131.8,120.5,120.5,0,0,0,0,0,449,0,0,533600,"SSH",63114410000
1.4484536082,252,0,0,309800,0,"2021-11-26T00:00:00",252500,119.7,118.8,123.7,125,118.6,118.6,0,0,0,0,0,224,0,0,288300,"SSH",30233000000
1.4484536082,284,0,0,361900,0,"2021-11-25T00:00:00",330900,118.8,118.7,118.8,119,118.4,118.6,0,0,0,0,0,313,0,0,392600,"SSH",39313368660
1.4484536082,235,0,0,383902,0,"2021-11-24T00:00:00",352900,118.7,118.6,119,119.1,118.5,118.5,0,0,0,0,0,490,0,0,412300,"SSH",41888000000
1.4484536082,207,0,0,321300,0,"2021-11-23T00:00:00",291200,118.6,118.5,118.6,118.8,118.5,118.8,0,0,0,0,0,440,0,0,351100,"SSH",34528930000
1.4484536082,234,0,0,329900,0,"2021-11-22T00:00:00",301000,118.5,118,118.6,119,118.1,118.5,0,0,0,0,0,428,0,0,352200,"SSH",35673990000
1.4484536082,266,0,0,387850,0,"2021-11-19T00:00:00",353600,118,117.2,118.7,118.9,117.5,117.5,0,0,0,0,0,472,0,0,377126,"SSH",41722340000
1.4484536082,252,0,0,357609,0,"2021-11-18T00:00:00",315000,117.2,116.2,118.5,118.6,116.5,116.5,0,0,0,0,0,438,0,0,361000,"SSH",36926000000
1.4484536082,309,0,0,464903,0,"2021-11-17T00:00:00",418900,116.2,114.9,117.4,117.7,115.3,115.3,0,0,0,0,0,558,0,0,454400,"SSH",48674000000
1.4484536082,239,0,0,304109,0,"2021-11-16T00:00:00",272000,114.9,115.2,115.2,115.2,114.5,115.1,0,0,0,0,0,491,0,0,326900,"SSH",31253290000
1.4484536082,255,0,0,334729,0,"2021-11-15T00:00:00",295300,115.2,114.3,115.2,115.7,114.7,114.7,0,0,0,0,0,447,0,0,330198,"SSH",34009000000
1.4484536082,259,0,0,366438,0,"2021-11-12T00:00:00",333200,114.3,114.4,115,115.2,114,114.4,0,0,0,0,0,459,0,0,377700,"SSH",38094540000
1.4484536082,284,0,0,423409,0,"2021-11-11T00:00:00",386500,114.4,113.7,114.7,115.1,114,114,0,0,0,0,0,545,0,0,431805,"SSH",44219000000
1.4484536082,230,0,0,347100,0,"2021-11-10T00:00:00",312100,113.7,113.3,114.2,114.2,113.1,113.1,0,0,0,0,0,400,0,0,357701,"SSH",35486520000
1.4484536082,256,0,0,384301,0,"2021-11-09T00:00:00",357100,113.3,113,113.9,113.9,112.9,112.9,0,0,0,0,0,497,0,0,399600,"SSH",40445000000
1.4484536082,219,0,0,325299,0,"2021-11-08T00:00:00",307300,112.97702570777741,112.8,113.3,113.4,112.5,112.5,0,0,0,0,0,418,0,0,351400,"SSH",34717840000
1.4484536082,254,0,0,353883,0,"2021-11-05T00:00:00",329100,112.8,112.2,112.8,113.2,112.2,113,0,0,0,0,0,420,0,0,372410,"SSH",37125000000
1.4484536082,200,0,0,294001,0,"2021-11-04T00:00:00",272600,112.2,112.3,112.2,113,112,112.3,0,0,0,0,0,328,0,0,319101,"SSH",30574780000
1.4484536082,210,0,0,312510,0,"2021-11-03T00:00:00",293700,112.3,112.9,112.2,113,112.1,112.7,0,0,0,0,0,379,0,0,340500,"SSH",32968650000
1.4484536082,245,0,0,378002,0,"2021-11-02T00:00:00",338400,112.9,112.7,113.2,113.5,112.2,112.2,0,0,0,0,0,420,0,0,384104,"SSH",38190000000
1.4484536082,267,0,0,332101,0,"2021-11-01T00:00:00",314800,112.7,112.9,112.4,113.9,112.1,113.8,0,0,0,0,0,480,0,0,352376,"SSH",35486650000
1.4484536082,246,0,0,337813,0,"2021-10-29T00:00:00",305200,112.9,114,113,114,112.8,113.2,0,0,0,0,0,479,0,0,336507,"SSH",34470770000
1.4484536082,248,0,0,305204,0,"2021-10-28T00:00:00",267800,114,114.2,114.3,114.5,113,113,0,0,0,1098000000,10000,436,0,0,316004,"SSH",31625220000
1.4484536082,236,0,0,292301,0,"2021-10-27T00:00:00",280300,114.2,113.3,112.9,115,112.9,113.5,0,0,0,0,0,433,0,0,313886,"SSH",32021990000
1.4484536082,313,0,0,377305,0,"2021-10-26T00:00:00",350600,113.3,110.5,113.5,114,111,111,0,0,0,0,0,486,0,0,387197,"SSH",39726000000
1.4484536082,306,0,0,341702,0,"2021-10-25T00:00:00",252700,110.5,106.1,113.2,113.3,106.2,106.2,0,0,0,0,0,451,0,0,277300,"SSH",27929000000
1.4484536082,285,0,0,349400,0,"2021-10-22T00:00:00",255700,106.1,101.2,106.2,116,101.3,101.3,0,0,0,0,0,438,0,0,312700,"SSH",27130000000
1.4484536082,260,0,0,318300,0,"2021-10-21T00:00:00",274100,101.2,101.2,101,102,100.6,101.3,0,0,0,0,0,448,0,0,320100,"SSH",27733000000
1.4484536082,238,0,0,292200,0,"2021-10-20T00:00:00",250900,101.2,101.1,101,102,100.5,101.2,0,0,0,0,0,443,0,0,315900,"SSH",25385000000
1.4484536082,304,0,0,375000,0,"2021-10-19T00:00:00",315000,101.1,101.4,101.5,101.9,100,101.4,0,0,0,0,0,247,0,0,353200,"SSH",31858000000
1.4484536082,261,0,0,303500,0,"2021-10-18T00:00:00",251500,101.4,101.4,101.4,102.1,101,101.5,,,,0,0,200,0,0,298600,"SSH",25505000000
1.4484536082,283,0,0,349100,0,"2021-10-15T00:00:00",287700,101.4,101,102,102.2,100.7,101.5,0,0,0,0,0,228,0,0,317800,"SSH",29186000000
1.4484536082,254,0,0,275800,0,"2021-10-14T00:00:00",231400,101,101,101.2,102.1,100.2,101,0,0,0,0,0,199,0,0,269900,"SSH",23373000000
1.4484536082,327,0,0,299900,0,"2021-10-13T00:00:00",279300,101,101.2,100.8,102,100.5,100.5,0,0,0,0,0,259,0,0,321000,"SSH",28214000000
1.4484536082,432,0,0,492100,0,"2021-10-12T00:00:00",444600,101.2,101.7,100.1,102.5,99.7,102,0,0,0,0,0,319,0,0,521500,"SSH",44981000000
1.4484536082,348,0,0,316900,0,"2021-10-11T00:00:00",267400,101.7,102.5,100.8,103.1,100.3,102.5,0,0,0,0,0,230,0,0,338800,"SSH",27187000000
1.4484536082,307,0,0,297800,0,"2021-10-08T00:00:00",242100,102.5,103.3,101.4,103.3,101.2,102.5,0,0,0,0,0,223,0,0,298600,"SSH",24823000000
1.4484536082,350,0,0,353546,0,"2021-10-07T00:00:00",307800,103.3,104.5,102.8,104.6,102.4,102.5,0,0,0,0,0,258,0,0,367687,"SSH",31783000000
1.4484536082,288,0,0,276900,0,"2021-10-06T00:00:00",252800,104.5,107.3,102.2,108,102,108,0,0,0,0,0,212,0,0,340700,"SSH",26419000000
1.4484536082,384,0,0,386600,0,"2021-10-05T00:00:00",345100,107.3,107.6,105.8,108,105.5,107.6,0,0,0,0,0,274,0,0,412200,"SSH",37024000000
1.4484536082,303,0,0,305400,0,"2021-10-04T00:00:00",264900,107.6,107.1,106.7,108.5,106.5,107.1,0,0,0,0,0,233,0,0,350300,"SSH",28492000000
1.4484536082,304,0,0,361578,0,"2021-10-01T00:00:00",304200,107.1,105.3,107.9,108,105.3,105.3,0,0,0,0,0,305,0,0,357441,"SSH",32576000000
1.4484536082,431,0,0,513300,0,"2021-09-30T00:00:00",431300,105.3,104,107.4,107.4,102.9,103.5,,,,0,0,423,0,0,454300,"SSH",45406000000
1.4484536082,269,0,0,324200,0,"2021-09-29T00:00:00",285200,104,106.6,103.5,106.7,102.3,106,0,0,0,0,0,321,0,0,358300,"SSH",29657000000
1.4484536082,306,0,0,373300,0,"2021-09-28T00:00:00",331400,106.6,109.3,105.5,109.9,105.1,109.3,0,0,0,0,0,347,0,0,414300,"SSH",35338000000
1.4484536082,290,0,0,362500,0,"2021-09-27T00:00:00",288600,109.3,108.6,109.2,110,108.4,108.6,0,0,0,0,0,310,0,0,342400,"SSH",31546000000
1.4484536082,303,0,0,375800,0,"2021-09-24T00:00:00",303300,108.6,106.5,108.9,109,107.1,108,0,0,0,0,0,305,0,0,357500,"SSH",32929000000
1.4484536082,258,0,0,297600,0,"2021-09-23T00:00:00",237700,106.5,104.9,108.6,108.9,104.9,104.9,0,0,0,0,0,232,0,0,259800,"SSH",25312000000
1.4484536082,368,0,0,431300,0,"2021-09-22T00:00:00",348500,104.9,103.6,106.8,106.8,102.7,103.3,0,0,0,0,0,371,0,0,370200,"SSH",36540000000
1.4484536082,243,0,0,321800,0,"2021-09-21T00:00:00",279900,103.6,103.8,102.8,105,102,103.5,0,0,0,0,0,369,0,0,337200,"SSH",28986000000
1.4484536082,383,0,0,464600,0,"2021-09-20T00:00:00",394000,103.8,101.4,105.2,105.6,101.2,101.3,0,0,0,0,0,495,0,0,427400,"SSH",40914000000
1.4484536082,296,0,0,336600,0,"2021-09-17T00:00:00",297400,101.4,102.5,102.6,102.6,100.5,101.9,0,0,0,0,0,337,0,0,362700,"SSH",30144000000
1.4484536082,239,0,0,265000,0,"2021-09-16T00:00:00",240000,102.5,103,100.6,103.8,100.6,103.5,0,0,0,0,0,272,0,0,311700,"SSH",24588000000
1.4484536082,197,0,0,234000,0,"2021-09-15T00:00:00",198000,103,103.1,102.8,103.8,102,103.6,0,0,0,0,0,224,0,0,234300,"SSH",20402000000
1.4484536082,258,0,0,311500,0,"2021-09-14T00:00:00",259600,103.1,102.9,103.8,103.9,101.8,102.1,0,0,0,0,0,294,0,0,292900,"SSH",26758000000
1.4484536082,278,0,0,339100,0,"2021-09-13T00:00:00",279900,102.9,103.9,103.9,104,101.7,103,0,0,0,0,0,317,0,0,332600,"SSH",28792000000
1.4484536082,226,0,0,294400,0,"2021-09-10T00:00:00",227100,103.9,102.3,105.4,105.4,102,102,0,0,0,0,0,257,0,0,243000,"SSH",23590000000
1.4484536082,261,0,0,310500,0,"2021-09-09T00:00:00",262500,102.3,102.6,103.9,103.9,100.5,103,0,0,0,0,0,297,0,0,289300,"SSH",26855000000
1.4484536082,205,0,0,250000,0,"2021-09-08T00:00:00",205900,102.6,103.3,103,103.5,102,103.5,0,0,0,0,0,233,0,0,244900,"SSH",21133000000
1.4484536082,219,0,0,288100,0,"2021-09-07T00:00:00",220600,103.3,104.4,103.6,104.8,102,104,0,0,0,0,0,250,0,0,257200,"SSH",22797000000
1.4484536082,242,0,0,291300,0,"2021-09-06T00:00:00",243000,104.4,101.2,105.9,105.9,100.1,103.9,0,0,0,0,0,275,0,0,272100,"SSH",25380000000
1.4484536082,205,0,0,297900,0,"2021-09-01T00:00:00",205900,101.2,100.1,103.9,104,97.6,99,0,0,0,0,0,233,0,0,227600,"SSH",20845000000
1.4484536082,297,0,0,340600,0,"2021-08-31T00:00:00",298900,100.1,99.9,99,100.8,99,99.8,0,0,0,0,0,339,0,0,347600,"SSH",29917000000
1.4484536082,197,0,0,231000,0,"2021-08-30T00:00:00",198500,99.9,99.9,100.1,100.4,90,99,0,0,0,0,0,225,0,0,221200,"SSH",19822000000
1.4484536082,237,0,0,279800,0,"2021-08-27T00:00:00",238600,99.9,100.9,99.8,101,98.9,100,0,0,0,0,0,270,0,0,288300,"SSH",23842000000
1.4484536082,296,0,0,361400,0,"2021-08-26T00:00:00",297800,100.9,101.5,100.5,104.5,98.8,101.5,0,0,0,0,0,337,0,0,364200,"SSH",30046000000
1.4484536082,278,0,0,342900,0,"2021-08-25T00:00:00",280000,101.5,100.3,102.5,102.6,98.5,98.5,0,0,0,0,0,317,0,0,296700,"SSH",28415000000
1.4484536082,202,0,0,231200,0,"2021-08-24T00:00:00",203000,100.3,96.8,100.6,102.3,96.4,96.5,0,0,0,0,0,230,0,0,251000,"SSH",20367000000
1.4484536082,197,0,0,284000,0,"2021-08-23T00:00:00",197700,96.8,100.9,100,100.5,90,98,0,0,0,0,0,224,0,0,241600,"SSH",19129000000
1.4484536082,155,0,0,187100,0,"2021-08-20T00:00:00",155400,100.9,110.4,101.3,105,99,105,0,0,0,0,0,176,0,0,227900,"SSH",15674000000
1.4484536082,223,0,0,275300,0,"2021-08-19T00:00:00",224700,110.4,119.8,110.5,115,109,110,0,0,0,0,0,255,0,0,301600,"SSH",24805000000
1.4484536082,333,0,0,390300,0,"2021-08-18T00:00:00",334400,119.8,105.4,112.7,121.2,111.5,121.2,0,0,0,0,0,379,0,0,401500,"SSH",40065000000
1.4484536082,69,0,0,421000,0,"2021-08-17T00:00:00",68900,105.4,91.7,105.4,105.4,105.4,105.4,0,0,0,0,0,78,0,0,68900,"SSH",7262000000
1.4484536082,15,0,0,487600,0,"2021-08-16T00:00:00",15000,91.7,79.8,91.7,91.7,91.7,91.7,0,0,0,0,0,17,0,0,15000,"SSH",1376000000
1.4484536082,3,0,0,442800,0,"2021-08-13T00:00:00",3000,79.8,69.4,79.8,79.8,79.8,79.8,0,0,0,0,0,3,0,0,3000,"SSH",239000000
1.4484536082,0,0,0,580200,0,"2021-08-12T00:00:00",500,69.4,60.4,69.4,69.4,69.4,69.4,0,0,0,0,0,1,0,0,500,"SSH",35000000
1.4484536082,0,0,0,938300,0,"2021-08-11T00:00:00",400,60.4,52.6,60.4,60.4,60.4,60.4,0,0,0,0,0,0,0,0,400,"SSH",24000000
1.4484536082,1,0,0,1378900,0,"2021-08-10T00:00:00",1000,52.6,45.8,52.6,52.6,52.6,52.6,0,0,0,0,0,1,0,0,1000,"SSH",53000000
1.4484536082,0,0,0,1567800,0,"2021-08-09T00:00:00",500,45.8,39.9,45.8,45.8,45.8,45.8,0,0,0,0,0,1,0,0,500,"SSH",23000000
1.4484536082,0,0,0,2193300,0,"2021-08-06T00:00:00",500,39.9,34.7,39.9,39.9,39.9,39.9,0,0,0,0,0,1,0,0,500,"SSH",20000000
1.4484536082,0,0,0,3231800,0,"2021-08-05T00:00:00",500,34.7,30.2,34.7,34.7,34.7,34.7,0,0,0,0,0,1,0,0,500,"SSH",17000000
1.4484536082,1,0,0,5603900,0,"2021-08-04T00:00:00",1000,30.2,21.6,30.2,30.2,30.2,30.2,0,0,0,0,0,1,0,0,1000,"SSH",30000000
