"adjRatio","buyCount","buyForeignQuantity","buyForeignValue","buyQuantity","currentForeignRoom","date","dealVolume","priceAverage","priceBasic","priceClose","priceHigh","priceLow","priceOpen","propTradingNetDealValue","propTradingNetPTValue","propTradingNetValue","putthroughValue","putthroughVolume","sellCount","sellForeignQuantity","sellForeignValue","sellQuantity","symbol","totalValue"
1,0,0,0,9300,11712750,"2022-12-06T00:00:00",9300,7.4,8.2,7.4,7.4,7.4,7.4,,,,0,0,0,0,0,41900,"VTZ",68820000
1,29,0,0,9600,11712750,"2022-12-05T00:00:00",9400,7.27128,7.9,8.2,8.5,7.2,8.5,0,0,0,0,0,18,0,0,28580,"VTZ",68350032
1,3,0,0,2200,11712750,"2022-12-02T00:00:00",1100,7.9,8.6,7.9,7.9,7.9,7.9,0,0,0,0,0,18,0,0,20775,"VTZ",8690000
1,3,0,0,1800,11712750,"2022-12-01T00:00:00",0,8.6,8.6,8.6,8.6,8.6,8.6,0,0,0,0,0,19,0,0,22284,"VTZ",0
1,5,0,0,3400,11712750,"2022-11-30T00:00:00",700,8.51429,8.7,8.6,8.6,8,8,0,0,0,0,0,23,0,0,20405,"VTZ",5960003
1,9,0,0,3890,11712750,"2022-11-29T00:00:00",1300,8.27692,8.6,8.7,8.7,7.9,7.9,0,0,0,0,0,27,0,0,31550,"VTZ",10759996
1,7,0,0,3600,11712750,"2022-11-28T00:00:00",3300,8.3697,8.9,8.6,8.7,8.2,8.2,0,0,0,0,0,25,0,0,37220,"VTZ",27620010
1,5,0,0,2500,11712750,"2022-11-25T00:00:00",800,8.275,8.8,8.9,8.9,8,8,0,0,0,0,0,24,0,0,31955,"VTZ",6620000
1,11,0,0,3710,11712750,"2022-11-24T00:00:00",700,8.685709999999998,8.1,8.8,8.9,8.5,8.9,-7300,0,-7300,0,0,14,0,0,20026,"VTZ",6079997
1,9,0,0,1847,11712750,"2022-11-23T00:00:00",700,8.52857,9,8.1,8.9,8.1,8.9,0,0,0,0,0,17,0,0,17850,"VTZ",5969999
1,2,0,0,1300,11712750,"2022-11-22T00:00:00",0,9,9,9,9,9,9,0,0,0,0,0,23,0,0,46305,"VTZ",0
1,13,0,0,3700,11712750,"2022-11-21T00:00:00",3500,8.474290000000002,8.9,9,9,8.1,8.1,0,0,0,0,0,25,0,0,19900,"VTZ",29660015
1,6,0,0,5700,11712750,"2022-11-18T00:00:00",3200,8.5875,8.5,8.9,8.9,7.9,7.9,0,0,0,0,0,10,0,0,12400,"VTZ",27480000
1,19,0,0,10350,11712750,"2022-11-17T00:00:00",5700,7.70175,8,8.5,8.5,7.2,7.4,-74000,0,-74000,0,0,11,0,0,9510,"VTZ",43899975
1,10,0,0,3700,11712750,"2022-11-16T00:00:00",3700,8.1027,8.8,8,8.8,8,8.7,0,0,0,0,0,16,0,0,30000,"VTZ",29979990
1,1,0,0,2100,11712750,"2022-11-15T00:00:00",2100,8.8,8.8,8.8,8.8,8.8,8.8,0,0,0,0,0,13,0,0,9900,"VTZ",18480000
1,2,0,0,1100,11712750,"2022-11-14T00:00:00",100,8.8,8.4,8.8,8.8,8.8,8.8,0,0,0,0,0,13,0,0,15800,"VTZ",880000
1,7,0,0,5800,11712750,"2022-11-11T00:00:00",4500,8.362219999999999,9.1,8.4,8.4,8.3,8.3,0,0,0,0,0,19,0,0,15000,"VTZ",37629990
1,3,0,0,1700,11712750,"2022-11-10T00:00:00",1700,9.12353,9.2,9.1,9.2,9,9.2,0,0,0,0,0,22,0,0,9850,"VTZ",15510001
1,2,0,0,700,11712750,"2022-11-09T00:00:00",700,9.2,9.2,9.2,9.2,9.2,9.2,0,0,0,0,0,29,0,0,19660,"VTZ",6440000
1,4,0,0,800,11712750,"2022-11-08T00:00:00",800,9.05,9.4,9.2,9.2,8.9,8.9,0,0,0,0,0,26,0,0,52465,"VTZ",7240000
1,1,0,0,200,11712750,"2022-11-07T00:00:00",200,9.4,9.5,9.4,9.4,9.4,9.4,0,0,0,0,0,19,0,0,13500,"VTZ",1880000
1,1,0,0,200,11712750,"2022-11-04T00:00:00",200,9.15,8.8,9.5,9.5,8.8,8.8,0,0,0,0,0,20,0,0,16700,"VTZ",1830000
1,12,0,0,7534,11712750,"2022-11-03T00:00:00",3400,8.77059,8.1,8.8,8.9,7.6,8.9,0,0,0,0,0,11,0,0,10500,"VTZ",29820006
1,8,0,0,3710,11712750,"2022-11-02T00:00:00",1700,7.63529,8.2,8.1,8.1,7.4,7.5,0,0,0,0,0,8,0,0,6700,"VTZ",12979993
1,10,0,0,6399,11712750,"2022-11-01T00:00:00",2500,8.128,8.2,8.2,8.2,7.6,7.6,0,0,0,0,0,13,0,0,13544,"VTZ",20320000
1,0,0,0,0,10185000,"2022-10-31T00:00:00",0,8.2,8.2,8.2,8.2,8.2,8.2,0,0,0,0,0,7,0,0,12300,"VTZ",0
1,0,0,0,0,10185000,"2022-10-28T00:00:00",0,8.2,8.2,8.2,8.2,8.2,8.2,0,0,0,0,0,8,0,0,4544,"VTZ",0
1,7,0,0,2400,10185000,"2022-10-27T00:00:00",400,7.15,7.5,8.2,8.2,6.8,6.8,0,0,0,0,0,7,0,0,4044,"VTZ",2860000
1,6,0,0,2300,10185000,"2022-10-26T00:00:00",2100,6.9619,7.6,7.5,7.5,6.9,7.1,0,0,0,0,0,10,0,0,4344,"VTZ",14619990
1,5,0,0,920,10185000,"2022-10-25T00:00:00",100,7.6,7.6,7.6,7.6,7.6,7.6,0,0,0,0,0,3,0,0,1164,"VTZ",760000
1,1,0,0,100,10185000,"2022-10-24T00:00:00",100,7.6,8.4,7.6,7.6,7.6,7.6,0,0,0,0,0,8,0,0,5664,"VTZ",760000
1,6,0,0,380,10185000,"2022-10-21T00:00:00",200,8.3,8.3,8.4,8.4,8.2,8.2,0,0,0,0,0,12,0,0,22908,"VTZ",1660000
1,1,0,0,100,10185000,"2022-10-20T00:00:00",0,8.3,8.3,8.3,8.3,8.3,8.3,0,0,0,0,0,8,0,0,25700,"VTZ",0
1,0,0,0,0,10185000,"2022-10-19T00:00:00",0,8.3,8.3,8.3,8.3,8.3,8.3,0,0,0,0,0,10,0,0,23200,"VTZ",0
1,7,0,0,2400,10185000,"2022-10-18T00:00:00",100,8.3,7.6,8.3,8.3,8.3,8.3,0,0,0,0,0,5,0,0,10564,"VTZ",830000
1,9,0,0,8300,10185000,"2022-10-17T00:00:00",7800,7.36154,7.7,7.6,7.7,7,7.1,0,0,0,0,0,8,0,0,20000,"VTZ",57420012
1,3,0,0,2900,10185000,"2022-10-14T00:00:00",0,7.7,7.7,7.7,7.7,7.7,7.7,0,0,0,0,0,11,0,0,18264,"VTZ",0
1,7,0,0,5700,10185000,"2022-10-13T00:00:00",1700,7.66471,7.9,7.7,7.9,7.4,7.4,0,0,0,0,0,12,0,0,15364,"VTZ",13030007
1,20,0,0,7901,10185000,"2022-10-12T00:00:00",6700,7.2358199999999995,8,7.9,7.9,7.2,7.3,0,0,0,0,0,12,0,0,17565,"VTZ",48479994
1,9,0,0,3400,10185000,"2022-10-11T00:00:00",3300,7.55758,8,8,8,7.2,8,0,0,0,0,0,8,0,0,12000,"VTZ",24940014
1,3,0,0,1600,10185000,"2022-10-10T00:00:00",0,8,8,8,8,8,8,0,0,0,0,0,9,0,0,21800,"VTZ",0
1,5,0,0,3200,10185000,"2022-10-07T00:00:00",3100,8.02258,8.8,8,8.7,8,8.7,0,0,0,0,0,15,0,0,64400,"VTZ",24869998
1,8,0,0,1300,10185000,"2022-10-06T00:00:00",600,8.51667,8.8,8.8,8.8,8.3,8.3,0,0,0,0,0,12,0,0,7600,"VTZ",5110002
1,6,0,0,4700,10185000,"2022-10-05T00:00:00",0,8.8,8.8,8.8,8.8,8.8,8.8,0,0,0,0,0,9,0,0,28400,"VTZ",0
1,4,0,0,2140,10185000,"2022-10-04T00:00:00",100,8.8,8.8,8.8,8.8,8.8,8.8,0,0,0,0,0,7,0,0,22935,"VTZ",880000
1,9,0,0,3900,10185000,"2022-10-03T00:00:00",3800,8.02105,8.7,8.8,8.8,8,8,0,0,0,0,0,9,0,0,8700,"VTZ",30479990
1,16,0,0,11099,10185000,"2022-09-30T00:00:00",1300,8.82308,8.2,8.7,9,8,8.9,0,0,0,0,0,8,0,0,6200,"VTZ",11470004
1.1463414634,33,0,0,21700,10185000,"2022-09-29T00:00:00",11100,9.359459999999999,9.2,9.4,9.5,9.2,9.4,0,0,0,0,0,15,0,0,14300,"VTZ",103890006
1.1463414634,27,0,0,25300,10185000,"2022-09-28T00:00:00",18400,9.29293,9.8,9.2,9.9,9.2,9.4,0,0,0,0,0,17,0,0,32700,"VTZ",170989912
1.1463414634,20,0,0,21700,10185000,"2022-09-27T00:00:00",10300,9.54078,10.2,9.8,10.2,9.4,10.2,0,0,0,0,0,16,0,0,21700,"VTZ",98270034
1.1463414634,11,0,0,9600,10185000,"2022-09-26T00:00:00",500,10.06,10.3,10.2,10.3,9.8,10.3,0,0,0,0,0,23,0,0,24300,"VTZ",5030000
1.1463414634,25,0,0,13400,10185000,"2022-09-23T00:00:00",4200,10.13571,10.1,10.3,10.4,9.8,9.8,0,0,0,0,0,21,0,0,11100,"VTZ",42569982
1.1463414634,13,0,0,7001,10184600,"2022-09-22T00:00:00",2100,9.647620000000002,10.1,10.1,10.1,9.6,10.1,0,0,0,0,0,14,0,0,17100,"VTZ",20260002
1.1463414634,14,0,0,4400,10184600,"2022-09-21T00:00:00",2400,10,10.1,10.1,10.1,9.5,10.1,0,0,0,0,0,15,0,0,12000,"VTZ",24000000
1.1463414634,14,0,0,21900,10184600,"2022-09-20T00:00:00",15400,10.02208,9.5,10.1,10.1,9.5,9.5,0,0,0,0,0,19,400,4008832,28400,"VTZ",154340032
1.1463414634,23,0,0,12600,10184600,"2022-09-19T00:00:00",5900,9.313559999999999,9.4,9.5,9.5,9.2,9.5,0,0,0,0,0,18,0,0,15600,"VTZ",54950004
1.1463414634,27,0,0,29200,10184600,"2022-09-16T00:00:00",12400,9.01371,9.4,9.4,9.4,8.9,9,0,0,0,0,0,14,0,0,27800,"VTZ",111770004
1.1463414634,36,0,0,34100,10184600,"2022-09-15T00:00:00",12500,8.9248,9.1,9.4,9.4,8.5,9.1,0,0,0,0,0,17,0,0,39600,"VTZ",111560000
1.1463414634,15,0,0,12700,10184600,"2022-09-14T00:00:00",6800,9.144120000000001,9.1,9.1,9.3,9.1,9.2,0,0,0,0,0,16,0,0,15500,"VTZ",62180016
1.1463414634,9,0,0,8700,10184600,"2022-09-13T00:00:00",500,9.1,9.2,9.1,9.1,9.1,9.1,0,0,0,0,0,11,0,0,12100,"VTZ",4550000
1.1463414634,8,0,0,14500,10184600,"2022-09-12T00:00:00",400,8.75,8.8,9.2,9.2,8.2,8.8,0,0,0,0,0,10,0,0,16700,"VTZ",3500000
1.1463414634,14,400,3520860,15300,10184600,"2022-09-09T00:00:00",9300,8.80215,9.2,8.8,9,8.8,8.8,0,0,0,0,0,13,0,0,22100,"VTZ",81859995
1.1463414634,10,0,0,10800,10185000,"2022-09-08T00:00:00",0,9.2,9.2,9.2,9.2,9.2,9.2,0,0,0,0,0,9,0,0,13400,"VTZ",0
1.1463414634,8,0,0,11200,10185000,"2022-09-07T00:00:00",2300,8.98696,9.2,9.2,9.2,8.5,8.5,0,0,0,0,0,17,0,0,17800,"VTZ",20670008
1.1463414634,22,0,0,23700,10185000,"2022-09-06T00:00:00",18300,8.821860000000001,8.9,9.2,9.2,8.8,8.8,0,0,0,0,0,14,0,0,23300,"VTZ",161440038
1.1463414634,20,0,0,21100,10185000,"2022-09-05T00:00:00",4500,8.90222,8.9,8.9,9,8.9,8.9,0,0,0,0,0,14,0,0,32600,"VTZ",40059990
1.1463414634,13,0,0,6600,10185000,"2022-08-31T00:00:00",700,8.585709999999999,9,8.9,8.9,8.5,8.6,0,0,0,0,0,11,0,0,8800,"VTZ",6009997
1.1463414634,17,0,0,10211,10185000,"2022-08-30T00:00:00",1400,8.42143,9,9,9,8.3,8.4,0,0,0,0,0,19,0,0,16208,"VTZ",11790002
1.1463414634,21,0,0,14400,10185000,"2022-08-29T00:00:00",2200,8.77273,8.5,9,9,8.5,8.5,0,0,0,0,0,21,0,0,26708,"VTZ",19300006
1.1463414634,29,0,0,32400,10185000,"2022-08-26T00:00:00",15600,8.640379999999999,8.7,8.5,9.1,8.5,9,0,0,0,0,0,23,0,0,39408,"VTZ",134789928
1.1463414634,36,800,6960000,25900,10185000,"2022-08-25T00:00:00",1300,8.7,9.2,8.7,8.9,8.6,8.6,0,0,0,0,0,15,0,0,25400,"VTZ",11310000
1.1463414634,13,0,0,12500,10185800,"2022-08-24T00:00:00",0,9.2,9.2,9.2,9.2,9.2,9.2,0,0,0,0,0,16,0,0,19200,"VTZ",0
1.1463414634,25,0,0,12700,10185800,"2022-08-23T00:00:00",2500,8.696,8.7,9.2,9.2,8.6,8.6,0,0,0,0,0,17,0,0,11808,"VTZ",21740000
1.1463414634,26,800,6809520,13200,10185800,"2022-08-22T00:00:00",4200,8.511899999999999,9,8.7,8.7,8.4,8.5,0,0,0,0,0,21,0,0,25700,"VTZ",35749980
1.1463414634,28,0,0,21300,10186600,"2022-08-19T00:00:00",800,8.7125,8.6,9,9,8.5,8.6,0,0,0,0,0,21,0,0,30808,"VTZ",6970000
1.1463414634,19,0,0,18100,10186600,"2022-08-18T00:00:00",200,8.65,8.7,8.6,8.7,8.6,8.7,0,0,0,0,0,16,0,0,9108,"VTZ",1730000
1.1463414634,40,0,0,29700,10186600,"2022-08-17T00:00:00",16900,8.68994,8.7,8.7,8.7,8.6,8.7,0,0,0,0,0,25,0,0,33208,"VTZ",146859986
1.1463414634,24,0,0,8806,10186600,"2022-08-16T00:00:00",1400,8.87857,8.9,8.7,8.9,8.7,8.9,0,0,0,0,0,21,0,0,23714,"VTZ",12429998
1.1463414634,23,0,0,13906,10186600,"2022-08-15T00:00:00",4400,8.86818,8.7,8.9,8.9,8.8,8.9,0,0,0,0,0,21,0,0,14520,"VTZ",39019992
1.1463414634,17,0,0,18400,10186600,"2022-08-12T00:00:00",500,8.82,8.9,8.7,8.9,8.7,8.9,0,0,0,0,0,20,0,0,11864,"VTZ",4410000
1.1463414634,16,0,0,4400,10186600,"2022-08-11T00:00:00",500,8.86,8.9,8.9,8.9,8.8,8.8,0,0,0,0,0,18,0,0,22814,"VTZ",4430000
1.1463414634,43,0,0,27300,10186600,"2022-08-10T00:00:00",1800,8.977780000000001,9,8.9,9.3,8.6,9.3,0,0,0,0,0,26,0,0,24014,"VTZ",16160004
1.1463414634,37,0,0,26500,10186600,"2022-08-09T00:00:00",6000,8.84667,8.8,9,9.1,8.6,8.6,0,0,0,0,0,25,0,0,15014,"VTZ",53080020
1.1463414634,38,0,0,28600,10186600,"2022-08-08T00:00:00",6200,8.90968,9,8.8,9,8.8,8.9,0,0,0,0,0,23,0,0,13214,"VTZ",55240016
1.1463414634,25,0,0,17800,10186600,"2022-08-05T00:00:00",1200,8.925,8.7,9,9,8.8,8.8,0,0,0,0,0,13,0,0,9700,"VTZ",10710000
1.1463414634,35,0,0,34500,10186600,"2022-08-04T00:00:00",5100,8.78431,8.6,8.7,8.9,8.6,8.7,0,0,0,0,0,23,0,0,12800,"VTZ",44799981
1.1463414634,62,0,0,46119,10186600,"2022-08-03T00:00:00",21300,8.15869,8.9,8.6,8.6,8.1,8.4,0,0,0,0,0,16,0,0,34414,"VTZ",173780097
1.1463414634,19,0,0,12900,10186600,"2022-08-02T00:00:00",300,8.9,8.9,8.9,8.9,8.9,8.9,0,0,0,0,0,13,0,0,10100,"VTZ",2670000
1.1463414634,38,0,0,33400,10186600,"2022-08-01T00:00:00",14200,8.63099,9.5,8.9,9,8.6,8.6,0,0,0,0,0,34,0,0,31600,"VTZ",122560058
1.1463414634,7,0,0,3300,10186600,"2022-07-29T00:00:00",600,9.7,9.7,9.5,9.9,9.5,9.6,0,0,0,0,0,24,0,0,30300,"VTZ",5820000
1.1463414634,11,0,0,6800,10186600,"2022-07-28T00:00:00",100,9.7,9.8,9.7,9.7,9.7,9.7,0,0,0,0,0,13,0,0,6800,"VTZ",970000
1.1463414634,39,0,0,34700,10186600,"2022-07-27T00:00:00",27600,8.12428,9,9.8,9.8,8.1,9,0,0,0,0,0,9,0,0,31600,"VTZ",224230128
1.1463414634,41,0,0,20800,10186600,"2022-07-26T00:00:00",20800,9.01058,9.9,9,10,9,9,0,0,0,0,0,11,0,0,52200,"VTZ",187420064
1.1463414634,7,0,0,2300,10186600,"2022-07-25T00:00:00",2300,9.94348,10.9,9.9,10,9.9,10,0,0,0,0,0,9,0,0,22600,"VTZ",22870004
1.1463414634,6,0,0,2000,10186600,"2022-07-22T00:00:00",1000,10.9,11,10.9,10.9,10.9,10.9,0,0,0,0,0,17,0,0,16500,"VTZ",10900000
1.1463414634,6,0,0,2900,10186600,"2022-07-21T00:00:00",200,11,10.9,11,11,11,11,0,0,0,0,0,17,0,0,15200,"VTZ",2200000
1.1463414634,8,0,0,4300,10186600,"2022-07-20T00:00:00",500,10.8,10.7,10.9,10.9,10.7,10.8,0,0,0,0,0,17,0,0,15700,"VTZ",5400000
1.1463414634,18,0,0,18000,10186600,"2022-07-19T00:00:00",10400,10.30385,9.8,10.7,10.7,9.8,9.8,0,0,0,0,0,20,0,0,11500,"VTZ",107160040
1.1463414634,7,0,0,6100,10186600,"2022-07-18T00:00:00",2600,9.807690000000001,9.6,9.8,9.9,9.8,9.8,0,0,0,0,0,18,0,0,11200,"VTZ",25499994
1.1463414634,22,0,0,25600,10186600,"2022-07-15T00:00:00",18500,10.18108,9.8,9.6,10.7,9.6,9.8,0,0,0,0,0,24,0,0,27700,"VTZ",188349980
1.1463414634,17,0,0,10500,10186600,"2022-07-14T00:00:00",8900,9.56629,9.1,9.8,10,8.4,8.5,0,0,0,0,0,26,0,0,13900,"VTZ",85139981
1.1463414634,15,0,0,7100,10186600,"2022-07-13T00:00:00",4700,8.885110000000001,8.6,9.1,9.1,8.6,8.6,0,0,0,0,0,10,0,0,6900,"VTZ",41760017
1.1463414634,18,0,0,41800,10186600,"2022-07-12T00:00:00",2700,8.24444,8.2,8.6,8.6,8.1,8.2,0,0,0,0,0,7,0,0,5100,"VTZ",22259988
1.1463414634,30,1900,13818187,20500,10186600,"2022-07-11T00:00:00",4400,7.272729999999999,7.7,8.2,8.2,7.1,7.4,0,0,0,0,0,8,0,0,9300,"VTZ",32000012
1.1463414634,24,0,0,17300,10188500,"2022-07-08T00:00:00",9400,7.74149,8.4,7.7,8.2,7.6,7.7,0,0,0,0,0,7,0,0,12800,"VTZ",72770006
1.1463414634,24,0,0,18600,10188500,"2022-07-07T00:00:00",11300,7.53009,8.1,8.4,8.6,7.3,8,0,0,0,0,0,13,0,0,20500,"VTZ",85090017
1.1463414634,20,0,0,12002,10188500,"2022-07-06T00:00:00",9800,8.19592,9,8.1,8.8,8.1,8.3,0,0,0,0,0,17,0,0,19700,"VTZ",80320016
1.1463414634,21,0,0,8000,10188500,"2022-07-05T00:00:00",5900,8.242370000000001,9,9,9,8.2,8.2,0,0,0,0,0,10,0,0,10400,"VTZ",48629983
1.1463414634,14,0,0,4100,10188500,"2022-07-04T00:00:00",4100,9,9.9,9,9,9,9,0,0,0,0,0,18,0,0,11700,"VTZ",36900000
1.1463414634,27,0,0,21300,10188500,"2022-07-01T00:00:00",19900,9.012559999999999,10,9.9,9.9,9,9.1,0,0,0,0,0,21,0,0,32400,"VTZ",179349944
1.1463414634,15,0,0,10800,10188500,"2022-06-30T00:00:00",5900,9.14068,10.1,10,10,9.1,9.1,0,0,0,0,0,15,0,0,20900,"VTZ",53930012
1.1463414634,5,0,0,2100,10188500,"2022-06-29T00:00:00",200,10.15,9.3,10.1,10.2,10.1,10.2,0,0,0,0,0,9,0,0,12900,"VTZ",2030000
1.1463414634,14,3000,27881820,10900,10188500,"2022-06-28T00:00:00",3300,9.293940000000001,8.5,9.3,9.3,9.2,9.2,0,0,0,0,0,6,0,0,3300,"VTZ",30670002
1.1463414634,14,0,0,5702,10191500,"2022-06-27T00:00:00",2800,8.52143,8.2,8.5,8.6,8.5,8.6,0,0,0,0,0,9,0,0,9302,"VTZ",23860004
1.1463414634,9,0,0,7300,10191500,"2022-06-24T00:00:00",1600,8.25625,9.1,8.2,9.1,8.2,9.1,0,0,0,0,0,6,0,0,4900,"VTZ",13210000
1.1463414634,14,0,0,11200,10191500,"2022-06-23T00:00:00",1900,9.010530000000001,8.3,9.1,9.1,8.9,8.9,0,0,0,0,0,10,0,0,4700,"VTZ",17120007
1.1463414634,10,0,0,5200,10191500,"2022-06-22T00:00:00",5200,8.361540000000002,9.2,8.3,10.1,8.3,9.7,0,0,0,0,0,12,0,0,15400,"VTZ",43480008
1.1463414634,12,0,0,8700,10191200,"2022-06-21T00:00:00",8700,9.26207,10.2,9.2,10.2,9.2,9.2,0,0,0,0,0,15,0,0,20500,"VTZ",80580009
1.1463414634,21,0,0,12101,10191200,"2022-06-20T00:00:00",11500,9.47565,10.4,10.2,10.4,9.4,10.1,0,0,0,0,0,26,0,0,29601,"VTZ",108969975
1.1463414634,12,0,0,3400,10191200,"2022-06-17T00:00:00",2000,10.15,10.4,10.4,10.5,9.4,10.3,0,0,0,0,0,18,300,3045000,18000,"VTZ",20300000
1.1463414634,3,0,0,1600,10191200,"2022-06-16T00:00:00",0,10.4,10.4,10.4,10.4,10.4,10.4,0,0,0,0,0,11,0,0,8400,"VTZ",0
1.1463414634,23,500,4775895,11201,10191200,"2022-06-15T00:00:00",11200,9.55179,10.5,10.4,10.4,9.5,9.8,0,0,0,0,0,10,0,0,14900,"VTZ",106980048
1.1463414634,8,0,0,1400,10191700,"2022-06-14T00:00:00",200,10.5,10.6,10.5,10.5,10.5,10.5,0,0,0,0,0,10,0,0,15000,"VTZ",2100000
1.1463414634,5,0,0,600,10191700,"2022-06-13T00:00:00",100,10.6,10.9,10.6,10.6,10.6,10.6,0,0,0,0,0,8,0,0,9400,"VTZ",1060000
1.1463414634,4,0,0,6200,10191700,"2022-06-10T00:00:00",2500,10.9,11,10.9,10.9,10.9,10.9,0,0,0,0,0,13,0,0,40200,"VTZ",27250000
1.1463414634,5,0,0,900,10191700,"2022-06-09T00:00:00",0,11,11,11,11,11,11,0,0,0,0,0,16,0,0,48800,"VTZ",0
1.1463414634,17,400,4114484,5200,10191700,"2022-06-08T00:00:00",2900,10.286209999999999,11.3,11,11,10.2,10.9,0,0,0,0,0,17,0,0,31100,"VTZ",29830009
1.1463414634,4,0,0,701,10192100,"2022-06-07T00:00:00",0,11.3,11.3,11.3,11.3,11.3,11.3,0,0,0,0,0,17,0,0,32100,"VTZ",0
1.1463414634,7,0,0,6900,10192100,"2022-06-06T00:00:00",5300,10.43208,11.5,11.3,11.3,10.4,10.5,0,0,0,0,0,23,0,0,43500,"VTZ",55290024
1.1463414634,7,0,0,1800,10192100,"2022-06-03T00:00:00",500,11.14,10.9,11.5,11.5,10.9,10.9,0,0,0,0,0,14,0,0,22700,"VTZ",5570000
1.1463414634,29,2500,25395825,14800,10192100,"2022-06-02T00:00:00",6000,10.15833,10.8,10.9,10.9,10.1,10.2,0,0,0,0,0,16,0,0,17800,"VTZ",60949980
1.1463414634,26,900,9368181,16400,10194600,"2022-06-01T00:00:00",8800,10.40909,11.3,10.8,10.8,10.3,10.5,0,0,0,0,0,17,0,0,27500,"VTZ",91599992
1.1463414634,2,0,0,200,10195500,"2022-05-31T00:00:00",100,11.3,11.4,11.3,11.3,11.3,11.3,0,0,0,0,0,17,0,0,22500,"VTZ",1130000
1.1463414634,6,0,0,2400,10195500,"2022-05-30T00:00:00",100,11.4,10.5,11.4,11.4,11.4,11.4,0,0,0,0,0,8,0,0,4300,"VTZ",1140000
1.1463414634,9,0,0,1400,10195500,"2022-05-27T00:00:00",600,10.68333,11.5,10.5,11.6,10.5,11.6,0,0,0,0,0,14,0,0,17700,"VTZ",6409998
1.1463414634,10,0,0,4600,10195500,"2022-05-26T00:00:00",1400,11.46429,11.5,11.5,11.5,11.3,11.3,0,0,0,0,0,20,0,0,35200,"VTZ",16050006
1.1463414634,8,0,0,15600,10195500,"2022-05-25T00:00:00",4900,11.5,11.5,11.5,11.5,11.5,11.5,0,0,0,0,0,16,0,0,23400,"VTZ",56350000
1.1463414634,4,0,0,3200,10195500,"2022-05-24T00:00:00",3000,11.5,11.5,11.5,11.5,11.5,11.5,0,0,0,0,0,17,0,0,40500,"VTZ",34500000
1.1463414634,16,0,0,7400,10195400,"2022-05-23T00:00:00",4600,10.7087,11.1,11.5,11.5,10.1,10.1,0,0,0,0,0,20,0,0,30600,"VTZ",49260020
1.1463414634,3,0,0,1500,10195400,"2022-05-20T00:00:00",0,11.1,11.1,11.1,11.1,11.1,11.1,0,0,0,0,0,10,0,0,23500,"VTZ",0
1.1463414634,17,0,0,11500,10191400,"2022-05-19T00:00:00",500,11.02,10.2,11.1,11.2,10.9,10.9,0,0,0,0,0,12,100,1102000,16500,"VTZ",5510000
1.1463414634,20,0,0,17900,10191400,"2022-05-18T00:00:00",8000,10.8575,11,10.2,11.4,10.2,11,0,0,0,0,0,26,0,0,38100,"VTZ",86860000
1.1463414634,9,0,0,7901,10185900,"2022-05-17T00:00:00",5300,10.92453,11,11,11,10.9,10.9,0,0,0,0,0,12,4000,43698120,21301,"VTZ",57900009
1.1463414634,6,0,0,801,10185900,"2022-05-16T00:00:00",500,11,11,11,11,11,11,,,,0,0,13,0,0,25700,"VTZ",5500000
1.1463414634,17,0,0,11701,10185900,"2022-05-13T00:00:00",9200,10.51304,11.1,11,11,10.1,11,,,,0,0,33,5500,57821720,39800,"VTZ",96719968
1.1463414634,5,0,0,14801,10185900,"2022-05-12T00:00:00",6600,11.1,11.5,11.1,11.1,11.1,11.1,,,,0,0,31,0,0,53900,"VTZ",73260000
1.1463414634,7,0,0,2901,10185900,"2022-05-11T00:00:00",500,11.2,11.5,11.5,11.5,11,11.5,,,,0,0,34,0,0,28600,"VTZ",5600000
1.1463414634,11,2000,22308700,5401,10185900,"2022-05-10T00:00:00",4600,11.15435,11.5,11.5,11.5,11,11.5,,,,0,0,12,0,0,28800,"VTZ",51310010
1.1463414634,15,0,0,15201,10187900,"2022-05-09T00:00:00",14500,11.5131,11.7,11.5,11.7,11.2,11.6,,,,0,0,19,0,0,46500,"VTZ",166939950
1.1463414634,13,0,0,5501,10187900,"2022-05-06T00:00:00",1300,11.65385,11.7,11.7,11.8,11.1,11.1,,,,0,0,18,0,0,34200,"VTZ",15150005
1.1463414634,18,0,0,27700,10187900,"2022-05-05T00:00:00",12600,11.68175,11.7,11.7,12,11.6,12,,,,0,0,23,0,0,30900,"VTZ",147190050
1.1463414634,8,0,0,3400,10187900,"2022-05-04T00:00:00",2300,11.74783,11.8,11.7,11.8,11.7,11.8,,,,0,0,19,0,0,18600,"VTZ",27020009
1.1463414634,10,0,0,3200,10187900,"2022-04-29T00:00:00",400,11.8,11.7,11.8,12.1,11.5,12.1,,,,0,0,20,0,0,27700,"VTZ",4720000
1.1463414634,25,3600,42186240,15700,10187900,"2022-04-28T00:00:00",12500,11.718399999999999,11.7,11.7,11.8,11.7,11.7,,,,0,0,25,0,0,44800,"VTZ",146480000
1.1463414634,26,0,0,16001,10191500,"2022-04-27T00:00:00",7400,11.54459,11.5,11.7,11.7,11.5,11.5,,,,0,0,20,0,0,41600,"VTZ",85429966
1.1463414634,26,0,0,28530,10185500,"2022-04-26T00:00:00",13600,10.81397,11.7,11.5,11.5,10.7,11.1,,,,0,0,25,0,0,55500,"VTZ",147069992
1.1463414634,16,0,0,15400,10185500,"2022-04-25T00:00:00",2200,11.27273,11.7,11.7,11.7,11.1,11.7,,,,0,0,24,0,0,76100,"VTZ",24800006
1.1463414634,38,0,0,42900,10185500,"2022-04-22T00:00:00",28900,11.42872,11.5,11.7,11.8,11,11.5,,,,0,0,33,6000,68572320,60500,"VTZ",330290008
1.1463414634,32,0,0,35000,10185500,"2022-04-21T00:00:00",19300,10.98601,11.7,11.5,11.7,10.8,11.7,,,,0,0,28,0,0,55000,"VTZ",212029993
1.1463414634,21,0,0,16900,10184500,"2022-04-20T00:00:00",10600,11.854719999999999,12.4,11.7,12.5,11.6,12.5,,,,0,0,19,0,0,35000,"VTZ",125660032
1.1463414634,25,0,0,13900,10184500,"2022-04-19T00:00:00",6400,12.028129999999999,11.6,12.4,12.4,11.8,11.8,,,,0,0,21,0,0,22200,"VTZ",76980032
1.1463414634,34,0,0,45400,10184500,"2022-04-18T00:00:00",35900,11.70557,12.7,11.6,12.1,11.5,11.7,,,,0,0,29,1000,11705570,51600,"VTZ",420229963
1.1463414634,16,0,0,8600,10184500,"2022-04-15T00:00:00",2800,12.692860000000001,12.6,12.7,12.9,12.6,12.6,,,,0,0,23,0,0,31300,"VTZ",35540008
1.1463414634,16,0,0,9600,10183500,"2022-04-14T00:00:00",1900,12.631578947368421,13,12.6,13,12.6,13,,,,0,0,21,0,0,28600,"VTZ",24000000
1.1463414634,25,0,0,12900,10183500,"2022-04-13T00:00:00",8400,12.722620000000001,13.1,13,13,12.7,12.8,,,,0,0,24,0,0,40500,"VTZ",106870008
1.1463414634,26,0,0,29200,10183500,"2022-04-12T00:00:00",4600,13.043478260869566,13.3,13.1,13.1,12.8,12.8,,,,0,0,22,1000,12954350,22700,"VTZ",60000000
1.1463414634,26,0,0,23600,10183500,"2022-04-08T00:00:00",14300,12.93916,13.1,13.3,13.3,12.8,12.8,,,,0,0,23,0,0,36300,"VTZ",185029988
1.1463414634,44,0,0,105100,10183500,"2022-04-07T00:00:00",32700,12.79969,12.9,13.1,13.1,12.6,12.8,,,,0,0,30,0,0,48000,"VTZ",418549863
1.1463414634,56,0,0,58000,10183500,"2022-04-06T00:00:00",36400,12.91648,13.2,12.9,13.2,12.6,13.2,,,,0,0,32,0,0,60200,"VTZ",470159872
1.1463414634,25,0,0,32700,10183500,"2022-04-05T00:00:00",19700,13.24873,13.3,13.2,13.3,13,13.1,,,,0,0,32,0,0,40500,"VTZ",260999981
1.1463414634,27,0,0,23200,10183500,"2022-04-04T00:00:00",12300,13.247969999999999,13.4,13.3,13.4,13.1,13.3,,,,0,0,38,0,0,28600,"VTZ",162950031
1.1463414634,19,0,0,11200,10183500,"2022-04-01T00:00:00",3800,13.157894736842104,13.3,13.4,13.4,12.9,12.9,,,,0,0,25,0,0,17000,"VTZ",50000000
1.1463414634,30,1000,13062450,32000,10183500,"2022-03-31T00:00:00",25300,13.06245,13.2,13.3,13.3,12.9,13,,,,0,0,34,0,0,55200,"VTZ",330479985
1.1463414634,41,0,0,65500,10184500,"2022-03-30T00:00:00",31600,13.101265822784809,13.5,13.2,13.4,13,13.4,,,,0,0,46,0,0,64200,"VTZ",414000000
1.1463414634,41,0,0,34400,10184500,"2022-03-29T00:00:00",27400,13.648909999999999,13.6,13.5,14,13.3,14,,,,0,0,79,0,0,58800,"VTZ",373980134
1.1463414634,83,0,0,94700,10184500,"2022-03-28T00:00:00",50100,13.47465,13.1,13.6,14,13,13,,,,0,0,85,0,0,73400,"VTZ",675079965
1.1463414634,40,0,0,56800,10179500,"2022-03-25T00:00:00",37000,13.05838,12.9,13.1,13.2,12.8,12.8,,,,0,0,62,0,0,75200,"VTZ",483160060
1.1463414634,72,0,0,61300,10175500,"2022-03-24T00:00:00",43000,12.8986,12.8,12.9,13,12.8,12.8,,,,0,0,52,0,0,92700,"VTZ",554639800
1.1463414634,44,0,0,55800,10175500,"2022-03-23T00:00:00",30800,12.857142857142858,13.1,12.8,13,12.6,12.6,,,,0,0,59,5000,64300300,97500,"VTZ",396000000
1.1463414634,40,0,0,154500,101716000,"2022-03-22T00:00:00",134800,13.01595,12.7,13.1,13.1,12.7,12.7,,,,0,0,78,4000,52063800,181800,"VTZ",1754550060
1.1463414634,43,0,0,40018,10167800,"2022-03-21T00:00:00",13600,12.720588235294118,12.8,12.7,13,12.6,13,,,,0,0,43,0,0,54318,"VTZ",173000000
1.1463414634,36,0,0,66100,101678000,"2022-03-18T00:00:00",42200,12.89739,12.7,12.8,13,12.5,12.7,,,,0,0,65,3900,50299821,80800,"VTZ",544269858
1.1463414634,37,0,0,40200,10167600,"2022-03-17T00:00:00",16300,12.576687116564417,12.6,12.7,12.7,12.4,12.6,,,,0,0,27,3800,47698170,43318,"VTZ",205000000
1.1463414634,45,0,0,67489,101676000,"2022-03-16T00:00:00",29100,12.54364,12.5,12.6,12.6,12.2,12.3,,,,0,0,30,0,0,53840,"VTZ",365019924
1.1463414634,64,0,0,63771,101676000,"2022-03-15T00:00:00",30800,12.23831,12.6,12.5,12.6,12,12.6,,,,0,0,41,200,2447662,68343,"VTZ",376939948
1.1463414634,43,3500,44509465,30502,101676000,"2022-03-14T00:00:00",20600,12.71699,12.9,12.6,13,12.5,12.9,,,,0,0,51,0,0,57800,"VTZ",261969994
1.1463414634,39,0,0,47702,101711000,"2022-03-11T00:00:00",32800,12.7375,12.9,12.9,12.9,12.6,12.9,,,,0,0,47,0,0,64378,"VTZ",417790000
1.1463414634,70,100,1270557,97910,101711000,"2022-03-10T00:00:00",73600,12.70557,12.5,12.9,13.5,12.4,12.5,,,,0,0,96,0,0,134188,"VTZ",935129952
1.1463414634,63,0,0,170915,101712000,"2022-03-09T00:00:00",153100,12.55199,12.5,12.5,12.6,12.4,12.5,,,,0,0,60,0,0,203400,"VTZ",1921709669
1.1463414634,42,0,0,58810,101712000,"2022-03-08T00:00:00",51200,12.55273,12.6,12.5,12.7,12.4,12.6,,,,0,0,50,0,0,135200,"VTZ",642699776
1.1463414634,39,0,0,19965,101712000,"2022-03-07T00:00:00",6100,12.61311,12.7,12.6,12.7,12.6,12.7,,,,0,0,48,0,0,101600,"VTZ",76939971
1.1463414634,40,0,0,60101,101712000,"2022-03-04T00:00:00",33500,12.71284,12.7,12.7,12.8,12.5,12.7,0,0,0,0,0,52,0,0,72300,"VTZ",425880140
1.1463414634,42,0,0,76400,101712000,"2022-03-03T00:00:00",38800,12.62912,12.3,12.7,12.9,12.3,12.3,,,,0,0,46,0,0,59700,"VTZ",490009856
1.1463414634,43,0,0,48920,101712000,"2022-03-02T00:00:00",29500,12.38407,12.3,12.3,12.5,12,12,0,0,0,0,0,49,0,0,121300,"VTZ",365330065
1.1463414634,44,800,9890968,42500,101712000,"2022-03-01T00:00:00",25900,12.36371,12.6,12.3,12.6,12.3,12.5,0,0,0,0,0,47,0,0,93900,"VTZ",320220089
1.1463414634,31,0,0,23120,101720000,"2022-02-28T00:00:00",5500,12.30909,12.3,12.6,12.7,12.2,12.3,0,0,0,0,0,46,0,0,100500,"VTZ",67699995
1.1463414634,77,0,0,73001,101720000,"2022-02-25T00:00:00",19200,12.350520000000001,12.3,12.3,12.9,12.1,12.3,0,0,0,0,0,44,0,0,89000,"VTZ",237129984
1.1463414634,73,0,0,82601,101720000,"2022-02-24T00:00:00",47000,12.51745,12.6,12.3,12.7,12.3,12.6,0,0,0,0,0,51,0,0,100800,"VTZ",588320150
1.1463414634,73,400,5040152,51601,101720000,"2022-02-23T00:00:00",26300,12.60038,12.7,12.6,12.7,12.5,12.7,0,0,0,0,0,35,0,0,67300,"VTZ",331389994
1.1463414634,65,0,0,77531,101724000,"2022-02-22T00:00:00",54500,12.639629999999999,13,12.7,13,12.5,12.7,0,0,0,0,0,45,0,0,110100,"VTZ",688859835
1.1463414634,57,0,0,68800,101724000,"2022-02-21T00:00:00",27500,12.76145,13,13,13,12.6,12.8,0,0,0,0,0,48,0,0,67200,"VTZ",350939875
1.1463414634,51,0,0,70902,101724000,"2022-02-18T00:00:00",48200,12.90436,13.2,13,13.2,12.7,13.2,0,0,0,0,0,60,0,0,198800,"VTZ",621990152
1.1463414634,89,0,0,69100,101724000,"2022-02-17T00:00:00",37600,12.969149999999999,13.3,13.2,13.4,12.8,13.3,0,0,0,0,0,86,0,0,116800,"VTZ",487640040
1.1463414634,61,400,5222884,58501,10172100,"2022-02-16T00:00:00",21500,13.069767441860465,13.2,13.3,14,13,14,0,0,0,0,0,92,0,0,132600,"VTZ",281000000
1.1463414634,45,0,0,23101,10172500,"2022-02-15T00:00:00",2600,13.076923076923077,13.2,13.2,13.3,12.8,12.8,0,0,0,0,0,54,0,0,78300,"VTZ",34000000
1.1463414634,73,0,0,67406,101725000,"2022-02-14T00:00:00",38600,13.47953,13.6,13.2,13.7,12.5,13.7,0,0,0,0,0,104,300,4043859,151800,"VTZ",520309858
1.1463414634,107,0,0,163201,101725000,"2022-02-11T00:00:00",139700,13.20029,12.4,13.6,13.6,12.2,12.4,0,0,0,0,0,119,0,0,147000,"VTZ",1844080513
1.1463414634,40,0,0,54901,101725000,"2022-02-10T00:00:00",7400,12.28243,12.3,12.4,12.4,12.2,12.3,0,0,0,0,0,49,0,0,31500,"VTZ",90889982
1.1463414634,33,0,0,57701,101720000,"2022-02-09T00:00:00",40300,12.25608,12.2,12.3,12.3,12.2,12.2,0,0,0,0,0,45,0,0,87100,"VTZ",493920024
1.1463414634,96,0,0,159501,101720000,"2022-02-08T00:00:00",110700,12.22421,12.1,12.2,12.4,12.1,12.1,0,0,0,0,0,75,0,0,143000,"VTZ",1353220047
1.1463414634,80,0,0,74940,101720000,"2022-02-07T00:00:00",21000,12.09905,11.9,12.1,12.2,12,12.2,0,0,0,0,0,39,500,6049525,38800,"VTZ",254080050
1.1463414634,164,0,0,143811,101710000,"2022-01-28T00:00:00",50200,11.935459999999999,11.9,11.9,12,11.8,11.8,0,0,0,0,0,52,0,0,84100,"VTZ",599160092
1.1463414634,152,0,0,138759,101710000,"2022-01-27T00:00:00",47400,11.820889999999999,11.9,11.9,12,11.7,11.8,0,0,0,0,0,55,0,0,81300,"VTZ",560310186
1.1463414634,141,0,0,144805,101710000,"2022-01-26T00:00:00",81400,11.931569999999999,11.9,11.9,12,11.8,11.9,0,0,0,0,0,54,1000,11931570,114600,"VTZ",971229798
1.1463414634,115,0,0,134503,101702000,"2022-01-25T00:00:00",64800,11.85108,11.8,11.9,11.9,11.7,11.8,0,0,0,0,0,57,0,0,100100,"VTZ",767949984
1.1463414634,73,2500,29677025,163211,10170200,"2022-01-24T00:00:00",82900,11.86972255729795,11.9,11.8,12,11.7,11.8,0,0,0,0,0,66,0,0,115700,"VTZ",984000000
1.1463414634,61,0,0,44011,101725000,"2022-01-21T00:00:00",21600,11.73287,11.8,11.9,11.9,11.6,11.8,0,0,0,0,0,47,800,9386296,95700,"VTZ",253429992
1.1463414634,102,0,0,106600,101705000,"2022-01-20T00:00:00",71200,11.726120000000002,11.6,11.8,11.9,11.5,11.6,0,0,0,0,0,41,0,0,113100,"VTZ",834899744
1.1463414634,140,0,0,140301,101705000,"2022-01-19T00:00:00",33700,11.655190000000001,11.7,11.6,11.8,11.2,11.2,0,0,0,0,0,48,200,2331038,56200,"VTZ",392779903
1.1463414634,67,0,0,73101,101705000,"2022-01-18T00:00:00",37200,11.90349,11.9,11.7,12,11.7,11.9,0,0,0,0,0,69,2000,23806980,77900,"VTZ",442809828
1.1463414634,52,0,0,91200,101705000,"2022-01-17T00:00:00",69000,11.85971,12,11.9,12.1,11.8,12,0,0,0,0,0,76,0,0,110800,"VTZ",818319990
1.1463414634,59,0,0,82236,101652000,"2022-01-14T00:00:00",47200,11.945969999999999,12,12,12,11.8,12,0,0,0,0,0,42,0,0,71800,"VTZ",563849784
1.1463414634,88,0,0,114738,10165200,"2022-01-13T00:00:00",64400,11.940993788819876,12,12,12.2,11.8,12,0,0,0,0,0,79,0,0,118500,"VTZ",769000000
1.1463414634,113,0,0,2032512,10165200,"2022-01-12T00:00:00",88500,12.011299435028247,12.3,12,12.8,11.8,12.4,0,0,0,20829283200,1876512,107,5300,64009661.83574879,2025512,"VTZ",21892283200
1.1463414634,109,200,2432000,193016,10165200,"2022-01-11T00:00:00",137000,12.16058394160584,12.1,12.3,12.5,12.1,12.4,0,0,0,0,0,83,0,0,171588,"VTZ",1666000000
1.1463414634,110,0,0,243505,10165400,"2022-01-10T00:00:00",209100,12.534672405547584,12.2,12.1,12.8,12.1,12.1,0,0,0,0,0,177,0,0,281510,"VTZ",2621000000
1.1463414634,140,4000,48015640,190500,10165400,"2022-01-07T00:00:00",120200,12.004991680532447,12,12.2,12.2,11.9,12.2,0,0,0,0,0,81,0,0,217510,"VTZ",1443000000
1.1463414634,141,0,0,160715,10169000,"2022-01-06T00:00:00",92400,12.067099567099568,12.4,12,12.4,12,12.4,0,0,0,0,0,82,0,0,224010,"VTZ",1115000000
1.1463414634,144,5100,63967576.79180887,220821,10169000,"2022-01-05T00:00:00",88300,12.502831257078142,12.2,12.4,12.8,12.3,12.3,0,0,0,0,0,140,0,0,216510,"VTZ",1104000000
1.1463414634,223,0,0,380862,101741000,"2022-01-04T00:00:00",181800,11.972389999999999,12,12.2,12.2,11.8,11.9,0,0,0,0,0,101,400,4788956,213810,"VTZ",2176580502
1.1463414634,101,700,8429120,120870,10174100,"2021-12-31T00:00:00",25000,12.04,12.3,12,12.2,12,12.2,0,0,0,0,0,80,0,0,81200,"VTZ",301000000
1.1463414634,109,700,8432242,117509,101748000,"2021-12-30T00:00:00",40600,12.046059999999999,12.3,12.3,12.4,12,12.3,0,0,0,0,0,69,0,0,80810,"VTZ",489070036
1.1463414634,87,700,8495193,115111,101755000,"2021-12-29T00:00:00",36400,12.13599,12.2,12.3,12.5,12,12.2,0,0,0,0,0,95,0,0,87910,"VTZ",441750036
1.1463414634,161,2900,34706881,255088,101762000,"2021-12-28T00:00:00",163500,11.967889999999999,11.9,12.2,12.2,11.8,12.2,0,0,0,0,0,88,0,0,210810,"VTZ",1956750015
1.1463414634,106,500,6008105.369807498,170611,10179100,"2021-12-27T00:00:00",98700,12.016210739614994,12.2,11.9,12.3,11.9,12.2,0,0,0,0,0,87,0,0,132900,"VTZ",1186000000
1.1463414634,125,2200,26529411.76470588,107046,10179600,"2021-12-24T00:00:00",58000,12.068965517241379,12.3,12.2,12.4,12,12,,,,0,0,64,0,0,84510,"VTZ",700000000
1.1463414634,119,1600,19501779.359430604,85910,10181800,"2021-12-23T00:00:00",56600,12.190812720848056,12.2,12.3,12.6,12,12.6,0,0,0,0,0,89,0,0,99410,"VTZ",690000000
1.1463414634,154,1800,22019417.475728154,152875,10183400,"2021-12-22T00:00:00",82400,12.233009708737864,12.6,12.2,13,12.1,12.8,0,0,0,0,0,79,0,0,219310,"VTZ",1008000000
1.1463414634,166,500,6095617.529880478,230183,10185100,"2021-12-21T00:00:00",77800,12.262210796915168,12.2,12.6,12.6,12,12.1,0,0,0,0,0,89,0,0,99478,"VTZ",954000000
1.1463414634,139,0,0,93870,10185600,"2021-12-20T00:00:00",45400,12.22466960352423,12.7,12.2,12.7,11.9,12.7,0,0,0,0,0,79,0,0,105800,"VTZ",555000000
1.1463414634,174,400,4966126.656848307,154993,10185600,"2021-12-17T00:00:00",92200,12.440347071583513,12.8,12.7,12.8,12.3,12.8,0,0,0,0,0,97,100,1250000,179600,"VTZ",1147000000
1.1463414634,144,1200,15272727.272727273,150706,10186000,"2021-12-16T00:00:00",112000,12.607142857142858,12.9,12.8,12.9,12.4,12.9,0,0,0,0,0,90,0,0,227578,"VTZ",1412000000
1.1463414634,158,400,5333333.333333333,181158,10187200,"2021-12-15T00:00:00",120400,12.674418604651162,12.9,12.9,12.9,12.6,12.8,0,0,0,0,0,92,0,0,190089,"VTZ",1526000000
1.1463414634,178,0,0,272014,10187600,"2021-12-14T00:00:00",154400,12.797927461139896,12.9,12.9,13.2,12.6,13,0,0,0,0,0,119,0,0,265511,"VTZ",1976000000
1.1463414634,203,500,6484848.484848484,182671,10187100,"2021-12-13T00:00:00",93100,12.824919441460796,13.2,12.9,13.5,12.6,13.3,0,0,0,0,0,109,0,0,286300,"VTZ",1194000000
1.1463414634,160,400,5062937.062937063,175615,10187600,"2021-12-10T00:00:00",65800,13.009118541033434,13.3,13.2,13.5,12.5,13.1,0,0,0,0,0,93,0,0,233100,"VTZ",856000000
1.1463414634,268,5000,65065502.183406115,278821,10184700,"2021-12-09T00:00:00",244100,13.02744776730848,14.3,13.3,14,12.9,14,0,0,0,0,0,140,500,6739130.434782608,794700,"VTZ",3180000000
1.1463414634,101,0,0,193248,10189700,"2021-12-08T00:00:00",138100,14.4243301955105,13.5,14.3,14.7,14,14,0,0,0,0,0,74,0,0,218900,"VTZ",1992000000
1.1463414634,131,700,9222841.22562674,144834,10189700,"2021-12-07T00:00:00",58000,13.275862068965518,12.5,13.5,13.6,12.5,12.5,0,0,0,0,0,94,3300,43426086.95652174,146200,"VTZ",770000000
1.1463414634,232,500,6292903.972232935,596488,10190400,"2021-12-06T00:00:00",596300,12.574207613617308,13.8,12.5,13.5,12.5,12.5,0,0,0,0,0,253,0,0,904000,"VTZ",7498000000
1.1463414634,105,0,0,59163,10190900,"2021-12-03T00:00:00",59100,13.8,15.3,13.8,13.8,13.8,13.8,0,0,0,0,0,203,0,0,422400,"VTZ",816000000
1.1463414634,148,0,0,96630,10190900,"2021-12-02T00:00:00",96600,15.331262939958592,17,15.3,16.5,15.3,15.3,0,0,0,0,0,196,0,0,427900,"VTZ",1481000000
1.1463414634,56,0,0,23601,10190900,"2021-12-01T00:00:00",16700,16.706586826347305,17,17,17.5,15.5,17.5,0,0,0,0,0,14,0,0,91100,"VTZ",279000000
1.1463414634,422,700,13474800.853485065,430053,10190900,"2021-11-30T00:00:00",421800,19.249715504978663,17.9,17,19.6,17,19.6,0,0,0,0,0,18,0,0,849900,"VTZ",8119530000
1.1463414634,693,8400,150354932.97587132,1128062,10191600,"2021-11-29T00:00:00",1110100,17.89928835240068,16.3,17.9,17.9,17.8,17.9,0,0,0,0,0,45,0,0,1125400,"VTZ",19870000000
1.1463414634,273,0,0,445104,10200000,"2021-11-26T00:00:00",100,16.3,14.9,16.3,16.3,16.3,16.3,0,0,0,0,0,1,0,0,100,"VTZ",2000000
1.1463414634,587,0,0,1013400,10200000,"2021-11-25T00:00:00",100,14.9,11.5,14.9,14.9,14.9,14.9,0,0,0,0,0,1,0,0,100,"VTZ",1000000
"adjRatio","buyCount","buyForeignQuantity","buyForeignValue","buyQuantity","currentForeignRoom","date","dealVolume","priceAverage","priceBasic","priceClose","priceHigh","priceLow","priceOpen","propTradingNetDealValue","propTradingNetPTValue","propTradingNetValue","putthroughValue","putthroughVolume","sellCount","sellForeignQuantity","sellForeignValue","sellQuantity","symbol","totalValue"
1,0,0,0,9300,11712750,"2022-12-06T00:00:00",9300,7.4,8.2,7.4,7.4,7.4,7.4,,,,0,0,0,0,0,41900,"VTZ",68820000
1,29,0,0,9600,11712750,"2022-12-05T00:00:00",9400,7.27128,7.9,8.2,8.5,7.2,8.5,0,0,0,0,0,18,0,0,28580,"VTZ",68350032
1,3,0,0,2200,11712750,"2022-12-02T00:00:00",1100,7.9,8.6,7.9,7.9,7.9,7.9,0,0,0,0,0,18,0,0,20775,"VTZ",8690000
1,3,0,0,1800,11712750,"2022-12-01T00:00:00",0,8.6,8.6,8.6,8.6,8.6,8.6,0,0,0,0,0,19,0,0,22284,"VTZ",0
1,5,0,0,3400,11712750,"2022-11-30T00:00:00",700,8.51429,8.7,8.6,8.6,8,8,0,0,0,0,0,23,0,0,20405,"VTZ",5960003
1,9,0,0,3890,11712750,"2022-11-29T00:00:00",1300,8.27692,8.6,8.7,8.7,7.9,7.9,0,0,0,0,0,27,0,0,31550,"VTZ",10759996
1,7,0,0,3600,11712750,"2022-11-28T00:00:00",3300,8.3697,8.9,8.6,8.7,8.2,8.2,0,0,0,0,0,25,0,0,37220,"VTZ",27620010
1,5,0,0,2500,11712750,"2022-11-25T00:00:00",800,8.275,8.8,8.9,8.9,8,8,0,0,0,0,0,24,0,0,31955,"VTZ",6620000
1,11,0,0,3710,11712750,"2022-11-24T00:00:00",700,8.685709999999998,8.1,8.8,8.9,8.5,8.9,-7300,0,-7300,0,0,14,0,0,20026,"VTZ",6079997
1,9,0,0,1847,11712750,"2022-11-23T00:00:00",700,8.52857,9,8.1,8.9,8.1,8.9,0,0,0,0,0,17,0,0,17850,"VTZ",5969999
1,2,0,0,1300,11712750,"2022-11-22T00:00:00",0,9,9,9,9,9,9,0,0,0,0,0,23,0,0,46305,"VTZ",0
1,13,0,0,3700,11712750,"2022-11-21T00:00:00",3500,8.474290000000002,8.9,9,9,8.1,8.1,0,0,0,0,0,25,0,0,19900,"VTZ",29660015
1,6,0,0,5700,11712750,"2022-11-18T00:00:00",3200,8.5875,8.5,8.9,8.9,7.9,7.9,0,0,0,0,0,10,0,0,12400,"VTZ",27480000
1,19,0,0,10350,11712750,"2022-11-17T00:00:00",5700,7.70175,8,8.5,8.5,7.2,7.4,-74000,0,-74000,0,0,11,0,0,9510,"VTZ",43899975
1,10,0,0,3700,11712750,"2022-11-16T00:00:00",3700,8.1027,8.8,8,8.8,8,8.7,0,0,0,0,0,16,0,0,30000,"VTZ",29979990
1,1,0,0,2100,11712750,"2022-11-15T00:00:00",2100,8.8,8.8,8.8,8.8,8.8,8.8,0,0,0,0,0,13,0,0,9900,"VTZ",18480000
1,2,0,0,1100,11712750,"2022-11-14T00:00:00",100,8.8,8.4,8.8,8.8,8.8,8.8,0,0,0,0,0,13,0,0,15800,"VTZ",880000
1,7,0,0,5800,11712750,"2022-11-11T00:00:00",4500,8.362219999999999,9.1,8.4,8.4,8.3,8.3,0,0,0,0,0,19,0,0,15000,"VTZ",37629990
1,3,0,0,1700,11712750,"2022-11-10T00:00:00",1700,9.12353,9.2,9.1,9.2,9,9.2,0,0,0,0,0,22,0,0,9850,"VTZ",15510001
1,2,0,0,700,11712750,"2022-11-09T00:00:00",700,9.2,9.2,9.2,9.2,9.2,9.2,0,0,0,0,0,29,0,0,19660,"VTZ",6440000
1,4,0,0,800,11712750,"2022-11-08T00:00:00",800,9.05,9.4,9.2,9.2,8.9,8.9,0,0,0,0,0,26,0,0,52465,"VTZ",7240000
1,1,0,0,200,11712750,"2022-11-07T00:00:00",200,9.4,9.5,9.4,9.4,9.4,9.4,0,0,0,0,0,19,0,0,13500,"VTZ",1880000
1,1,0,0,200,11712750,"2022-11-04T00:00:00",200,9.15,8.8,9.5,9.5,8.8,8.8,0,0,0,0,0,20,0,0,16700,"VTZ",1830000
1,12,0,0,7534,11712750,"2022-11-03T00:00:00",3400,8.77059,8.1,8.8,8.9,7.6,8.9,0,0,0,0,0,11,0,0,10500,"VTZ",29820006
1,8,0,0,3710,11712750,"2022-11-02T00:00:00",1700,7.63529,8.2,8.1,8.1,7.4,7.5,0,0,0,0,0,8,0,0,6700,"VTZ",12979993
1,10,0,0,6399,11712750,"2022-11-01T00:00:00",2500,8.128,8.2,8.2,8.2,7.6,7.6,0,0,0,0,0,13,0,0,13544,"VTZ",20320000
1,0,0,0,0,10185000,"2022-10-31T00:00:00",0,8.2,8.2,8.2,8.2,8.2,8.2,0,0,0,0,0,7,0,0,12300,"VTZ",0
1,0,0,0,0,10185000,"2022-10-28T00:00:00",0,8.2,8.2,8.2,8.2,8.2,8.2,0,0,0,0,0,8,0,0,4544,"VTZ",0
1,7,0,0,2400,10185000,"2022-10-27T00:00:00",400,7.15,7.5,8.2,8.2,6.8,6.8,0,0,0,0,0,7,0,0,4044,"VTZ",2860000
1,6,0,0,2300,10185000,"2022-10-26T00:00:00",2100,6.9619,7.6,7.5,7.5,6.9,7.1,0,0,0,0,0,10,0,0,4344,"VTZ",14619990
1,5,0,0,920,10185000,"2022-10-25T00:00:00",100,7.6,7.6,7.6,7.6,7.6,7.6,0,0,0,0,0,3,0,0,1164,"VTZ",760000
1,1,0,0,100,10185000,"2022-10-24T00:00:00",100,7.6,8.4,7.6,7.6,7.6,7.6,0,0,0,0,0,8,0,0,5664,"VTZ",760000
1,6,0,0,380,10185000,"2022-10-21T00:00:00",200,8.3,8.3,8.4,8.4,8.2,8.2,0,0,0,0,0,12,0,0,22908,"VTZ",1660000
1,1,0,0,100,10185000,"2022-10-20T00:00:00",0,8.3,8.3,8.3,8.3,8.3,8.3,0,0,0,0,0,8,0,0,25700,"VTZ",0
1,0,0,0,0,10185000,"2022-10-19T00:00:00",0,8.3,8.3,8.3,8.3,8.3,8.3,0,0,0,0,0,10,0,0,23200,"VTZ",0
1,7,0,0,2400,10185000,"2022-10-18T00:00:00",100,8.3,7.6,8.3,8.3,8.3,8.3,0,0,0,0,0,5,0,0,10564,"VTZ",830000
1,9,0,0,8300,10185000,"2022-10-17T00:00:00",7800,7.36154,7.7,7.6,7.7,7,7.1,0,0,0,0,0,8,0,0,20000,"VTZ",57420012
1,3,0,0,2900,10185000,"2022-10-14T00:00:00",0,7.7,7.7,7.7,7.7,7.7,7.7,0,0,0,0,0,11,0,0,18264,"VTZ",0
1,7,0,0,5700,10185000,"2022-10-13T00:00:00",1700,7.66471,7.9,7.7,7.9,7.4,7.4,0,0,0,0,0,12,0,0,15364,"VTZ",13030007
1,20,0,0,7901,10185000,"2022-10-12T00:00:00",6700,7.2358199999999995,8,7.9,7.9,7.2,7.3,0,0,0,0,0,12,0,0,17565,"VTZ",48479994
1,9,0,0,3400,10185000,"2022-10-11T00:00:00",3300,7.55758,8,8,8,7.2,8,0,0,0,0,0,8,0,0,12000,"VTZ",24940014
1,3,0,0,1600,10185000,"2022-10-10T00:00:00",0,8,8,8,8,8,8,0,0,0,0,0,9,0,0,21800,"VTZ",0
1,5,0,0,3200,10185000,"2022-10-07T00:00:00",3100,8.02258,8.8,8,8.7,8,8.7,0,0,0,0,0,15,0,0,64400,"VTZ",24869998
1,8,0,0,1300,10185000,"2022-10-06T00:00:00",600,8.51667,8.8,8.8,8.8,8.3,8.3,0,0,0,0,0,12,0,0,7600,"VTZ",5110002
1,6,0,0,4700,10185000,"2022-10-05T00:00:00",0,8.8,8.8,8.8,8.8,8.8,8.8,0,0,0,0,0,9,0,0,28400,"VTZ",0
1,4,0,0,2140,10185000,"2022-10-04T00:00:00",100,8.8,8.8,8.8,8.8,8.8,8.8,0,0,0,0,0,7,0,0,22935,"VTZ",880000
1,9,0,0,3900,10185000,"2022-10-03T00:00:00",3800,8.02105,8.7,8.8,8.8,8,8,0,0,0,0,0,9,0,0,8700,"VTZ",30479990
1,16,0,0,11099,10185000,"2022-09-30T00:00:00",1300,8.82308,8.2,8.7,9,8,8.9,0,0,0,0,0,8,0,0,6200,"VTZ",11470004
1.1463414634,33,0,0,21700,10185000,"2022-09-29T00:00:00",11100,9.359459999999999,9.2,9.4,9.5,9.2,9.4,0,0,0,0,0,15,0,0,14300,"VTZ",103890006
1.1463414634,27,0,0,25300,10185000,"2022-09-28T00:00:00",18400,9.29293,9.8,9.2,9.9,9.2,9.4,0,0,0,0,0,17,0,0,32700,"VTZ",170989912
1.1463414634,20,0,0,21700,10185000,"2022-09-27T00:00:00",10300,9.54078,10.2,9.8,10.2,9.4,10.2,0,0,0,0,0,16,0,0,21700,"VTZ",98270034
1.1463414634,11,0,0,9600,10185000,"2022-09-26T00:00:00",500,10.06,10.3,10.2,10.3,9.8,10.3,0,0,0,0,0,23,0,0,24300,"VTZ",5030000
1.1463414634,25,0,0,13400,10185000,"2022-09-23T00:00:00",4200,10.13571,10.1,10.3,10.4,9.8,9.8,0,0,0,0,0,21,0,0,11100,"VTZ",42569982
1.1463414634,13,0,0,7001,10184600,"2022-09-22T00:00:00",2100,9.647620000000002,10.1,10.1,10.1,9.6,10.1,0,0,0,0,0,14,0,0,17100,"VTZ",20260002
1.1463414634,14,0,0,4400,10184600,"2022-09-21T00:00:00",2400,10,10.1,10.1,10.1,9.5,10.1,0,0,0,0,0,15,0,0,12000,"VTZ",24000000
1.1463414634,14,0,0,21900,10184600,"2022-09-20T00:00:00",15400,10.02208,9.5,10.1,10.1,9.5,9.5,0,0,0,0,0,19,400,4008832,28400,"VTZ",154340032
1.1463414634,23,0,0,12600,10184600,"2022-09-19T00:00:00",5900,9.313559999999999,9.4,9.5,9.5,9.2,9.5,0,0,0,0,0,18,0,0,15600,"VTZ",54950004
1.1463414634,27,0,0,29200,10184600,"2022-09-16T00:00:00",12400,9.01371,9.4,9.4,9.4,8.9,9,0,0,0,0,0,14,0,0,27800,"VTZ",111770004
1.1463414634,36,0,0,34100,10184600,"2022-09-15T00:00:00",12500,8.9248,9.1,9.4,9.4,8.5,9.1,0,0,0,0,0,17,0,0,39600,"VTZ",111560000
1.1463414634,15,0,0,12700,10184600,"2022-09-14T00:00:00",6800,9.144120000000001,9.1,9.1,9.3,9.1,9.2,0,0,0,0,0,16,0,0,15500,"VTZ",62180016
1.1463414634,9,0,0,8700,10184600,"2022-09-13T00:00:00",500,9.1,9.2,9.1,9.1,9.1,9.1,0,0,0,0,0,11,0,0,12100,"VTZ",4550000
1.1463414634,8,0,0,14500,10184600,"2022-09-12T00:00:00",400,8.75,8.8,9.2,9.2,8.2,8.8,0,0,0,0,0,10,0,0,16700,"VTZ",3500000
1.1463414634,14,400,3520860,15300,10184600,"2022-09-09T00:00:00",9300,8.80215,9.2,8.8,9,8.8,8.8,0,0,0,0,0,13,0,0,22100,"VTZ",81859995
1.1463414634,10,0,0,10800,10185000,"2022-09-08T00:00:00",0,9.2,9.2,9.2,9.2,9.2,9.2,0,0,0,0,0,9,0,0,13400,"VTZ",0
1.1463414634,8,0,0,11200,10185000,"2022-09-07T00:00:00",2300,8.98696,9.2,9.2,9.2,8.5,8.5,0,0,0,0,0,17,0,0,17800,"VTZ",20670008
1.1463414634,22,0,0,23700,10185000,"2022-09-06T00:00:00",18300,8.821860000000001,8.9,9.2,9.2,8.8,8.8,0,0,0,0,0,14,0,0,23300,"VTZ",161440038
1.1463414634,20,0,0,21100,10185000,"2022-09-05T00:00:00",4500,8.90222,8.9,8.9,9,8.9,8.9,0,0,0,0,0,14,0,0,32600,"VTZ",40059990
1.1463414634,13,0,0,6600,10185000,"2022-08-31T00:00:00",700,8.585709999999999,9,8.9,8.9,8.5,8.6,0,0,0,0,0,11,0,0,8800,"VTZ",6009997
1.1463414634,17,0,0,10211,10185000,"2022-08-30T00:00:00",1400,8.42143,9,9,9,8.3,8.4,0,0,0,0,0,19,0,0,16208,"VTZ",11790002
1.1463414634,21,0,0,14400,10185000,"2022-08-29T00:00:00",2200,8.77273,8.5,9,9,8.5,8.5,0,0,0,0,0,21,0,0,26708,"VTZ",19300006
1.1463414634,29,0,0,32400,10185000,"2022-08-26T00:00:00",15600,8.640379999999999,8.7,8.5,9.1,8.5,9,0,0,0,0,0,23,0,0,39408,"VTZ",134789928
1.1463414634,36,800,6960000,25900,10185000,"2022-08-25T00:00:00",1300,8.7,9.2,8.7,8.9,8.6,8.6,0,0,0,0,0,15,0,0,25400,"VTZ",11310000
1.1463414634,13,0,0,12500,10185800,"2022-08-24T00:00:00",0,9.2,9.2,9.2,9.2,9.2,9.2,0,0,0,0,0,16,0,0,19200,"VTZ",0
1.1463414634,25,0,0,12700,10185800,"2022-08-23T00:00:00",2500,8.696,8.7,9.2,9.2,8.6,8.6,0,0,0,0,0,17,0,0,11808,"VTZ",21740000
1.1463414634,26,800,6809520,13200,10185800,"2022-08-22T00:00:00",4200,8.511899999999999,9,8.7,8.7,8.4,8.5,0,0,0,0,0,21,0,0,25700,"VTZ",35749980
1.1463414634,28,0,0,21300,10186600,"2022-08-19T00:00:00",800,8.7125,8.6,9,9,8.5,8.6,0,0,0,0,0,21,0,0,30808,"VTZ",6970000
1.1463414634,19,0,0,18100,10186600,"2022-08-18T00:00:00",200,8.65,8.7,8.6,8.7,8.6,8.7,0,0,0,0,0,16,0,0,9108,"VTZ",1730000
1.1463414634,40,0,0,29700,10186600,"2022-08-17T00:00:00",16900,8.68994,8.7,8.7,8.7,8.6,8.7,0,0,0,0,0,25,0,0,33208,"VTZ",146859986
1.1463414634,24,0,0,8806,10186600,"2022-08-16T00:00:00",1400,8.87857,8.9,8.7,8.9,8.7,8.9,0,0,0,0,0,21,0,0,23714,"VTZ",12429998
1.1463414634,23,0,0,13906,10186600,"2022-08-15T00:00:00",4400,8.86818,8.7,8.9,8.9,8.8,8.9,0,0,0,0,0,21,0,0,14520,"VTZ",39019992
1.1463414634,17,0,0,18400,10186600,"2022-08-12T00:00:00",500,8.82,8.9,8.7,8.9,8.7,8.9,0,0,0,0,0,20,0,0,11864,"VTZ",4410000
1.1463414634,16,0,0,4400,10186600,"2022-08-11T00:00:00",500,8.86,8.9,8.9,8.9,8.8,8.8,0,0,0,0,0,18,0,0,22814,"VTZ",4430000
1.1463414634,43,0,0,27300,10186600,"2022-08-10T00:00:00",1800,8.977780000000001,9,8.9,9.3,8.6,9.3,0,0,0,0,0,26,0,0,24014,"VTZ",16160004
1.1463414634,37,0,0,26500,10186600,"2022-08-09T00:00:00",6000,8.84667,8.8,9,9.1,8.6,8.6,0,0,0,0,0,25,0,0,15014,"VTZ",53080020
1.1463414634,38,0,0,28600,10186600,"2022-08-08T00:00:00",6200,8.90968,9,8.8,9,8.8,8.9,0,0,0,0,0,23,0,0,13214,"VTZ",55240016
1.1463414634,25,0,0,17800,10186600,"2022-08-05T00:00:00",1200,8.925,8.7,9,9,8.8,8.8,0,0,0,0,0,13,0,0,9700,"VTZ",10710000
1.1463414634,35,0,0,34500,10186600,"2022-08-04T00:00:00",5100,8.78431,8.6,8.7,8.9,8.6,8.7,0,0,0,0,0,23,0,0,12800,"VTZ",44799981
1.1463414634,62,0,0,46119,10186600,"2022-08-03T00:00:00",21300,8.15869,8.9,8.6,8.6,8.1,8.4,0,0,0,0,0,16,0,0,34414,"VTZ",173780097
1.1463414634,19,0,0,12900,10186600,"2022-08-02T00:00:00",300,8.9,8.9,8.9,8.9,8.9,8.9,0,0,0,0,0,13,0,0,10100,"VTZ",2670000
1.1463414634,38,0,0,33400,10186600,"2022-08-01T00:00:00",14200,8.63099,9.5,8.9,9,8.6,8.6,0,0,0,0,0,34,0,0,31600,"VTZ",122560058
1.1463414634,7,0,0,3300,10186600,"2022-07-29T00:00:00",600,9.7,9.7,9.5,9.9,9.5,9.6,0,0,0,0,0,24,0,0,30300,"VTZ",5820000
1.1463414634,11,0,0,6800,10186600,"2022-07-28T00:00:00",100,9.7,9.8,9.7,9.7,9.7,9.7,0,0,0,0,0,13,0,0,6800,"VTZ",970000
1.1463414634,39,0,0,34700,10186600,"2022-07-27T00:00:00",27600,8.12428,9,9.8,9.8,8.1,9,0,0,0,0,0,9,0,0,31600,"VTZ",224230128
1.1463414634,41,0,0,20800,10186600,"2022-07-26T00:00:00",20800,9.01058,9.9,9,10,9,9,0,0,0,0,0,11,0,0,52200,"VTZ",187420064
1.1463414634,7,0,0,2300,10186600,"2022-07-25T00:00:00",2300,9.94348,10.9,9.9,10,9.9,10,0,0,0,0,0,9,0,0,22600,"VTZ",22870004
1.1463414634,6,0,0,2000,10186600,"2022-07-22T00:00:00",1000,10.9,11,10.9,10.9,10.9,10.9,0,0,0,0,0,17,0,0,16500,"VTZ",10900000
1.1463414634,6,0,0,2900,10186600,"2022-07-21T00:00:00",200,11,10.9,11,11,11,11,0,0,0,0,0,17,0,0,15200,"VTZ",2200000
1.1463414634,8,0,0,4300,10186600,"2022-07-20T00:00:00",500,10.8,10.7,10.9,10.9,10.7,10.8,0,0,0,0,0,17,0,0,15700,"VTZ",5400000
1.1463414634,18,0,0,18000,10186600,"2022-07-19T00:00:00",10400,10.30385,9.8,10.7,10.7,9.8,9.8,0,0,0,0,0,20,0,0,11500,"VTZ",107160040
1.1463414634,7,0,0,6100,10186600,"2022-07-18T00:00:00",2600,9.807690000000001,9.6,9.8,9.9,9.8,9.8,0,0,0,0,0,18,0,0,11200,"VTZ",25499994
1.1463414634,22,0,0,25600,10186600,"2022-07-15T00:00:00",18500,10.18108,9.8,9.6,10.7,9.6,9.8,0,0,0,0,0,24,0,0,27700,"VTZ",188349980
1.1463414634,17,0,0,10500,10186600,"2022-07-14T00:00:00",8900,9.56629,9.1,9.8,10,8.4,8.5,0,0,0,0,0,26,0,0,13900,"VTZ",85139981
1.1463414634,15,0,0,7100,10186600,"2022-07-13T00:00:00",4700,8.885110000000001,8.6,9.1,9.1,8.6,8.6,0,0,0,0,0,10,0,0,6900,"VTZ",41760017
1.1463414634,18,0,0,41800,10186600,"2022-07-12T00:00:00",2700,8.24444,8.2,8.6,8.6,8.1,8.2,0,0,0,0,0,7,0,0,5100,"VTZ",22259988
1.1463414634,30,1900,13818187,20500,10186600,"2022-07-11T00:00:00",4400,7.272729999999999,7.7,8.2,8.2,7.1,7.4,0,0,0,0,0,8,0,0,9300,"VTZ",32000012
1.1463414634,24,0,0,17300,10188500,"2022-07-08T00:00:00",9400,7.74149,8.4,7.7,8.2,7.6,7.7,0,0,0,0,0,7,0,0,12800,"VTZ",72770006
1.1463414634,24,0,0,18600,10188500,"2022-07-07T00:00:00",11300,7.53009,8.1,8.4,8.6,7.3,8,0,0,0,0,0,13,0,0,20500,"VTZ",85090017
1.1463414634,20,0,0,12002,10188500,"2022-07-06T00:00:00",9800,8.19592,9,8.1,8.8,8.1,8.3,0,0,0,0,0,17,0,0,19700,"VTZ",80320016
1.1463414634,21,0,0,8000,10188500,"2022-07-05T00:00:00",5900,8.242370000000001,9,9,9,8.2,8.2,0,0,0,0,0,10,0,0,10400,"VTZ",48629983
1.1463414634,14,0,0,4100,10188500,"2022-07-04T00:00:00",4100,9,9.9,9,9,9,9,0,0,0,0,0,18,0,0,11700,"VTZ",36900000
1.1463414634,27,0,0,21300,10188500,"2022-07-01T00:00:00",19900,9.012559999999999,10,9.9,9.9,9,9.1,0,0,0,0,0,21,0,0,32400,"VTZ",179349944
1.1463414634,15,0,0,10800,10188500,"2022-06-30T00:00:00",5900,9.14068,10.1,10,10,9.1,9.1,0,0,0,0,0,15,0,0,20900,"VTZ",53930012
1.1463414634,5,0,0,2100,10188500,"2022-06-29T00:00:00",200,10.15,9.3,10.1,10.2,10.1,10.2,0,0,0,0,0,9,0,0,12900,"VTZ",2030000
1.1463414634,14,3000,27881820,10900,10188500,"2022-06-28T00:00:00",3300,9.293940000000001,8.5,9.3,9.3,9.2,9.2,0,0,0,0,0,6,0,0,3300,"VTZ",30670002
1.1463414634,14,0,0,5702,10191500,"2022-06-27T00:00:00",2800,8.52143,8.2,8.5,8.6,8.5,8.6,0,0,0,0,0,9,0,0,9302,"VTZ",23860004
1.1463414634,9,0,0,7300,10191500,"2022-06-24T00:00:00",1600,8.25625,9.1,8.2,9.1,8.2,9.1,0,0,0,0,0,6,0,0,4900,"VTZ",13210000
1.1463414634,14,0,0,11200,10191500,"2022-06-23T00:00:00",1900,9.010530000000001,8.3,9.1,9.1,8.9,8.9,0,0,0,0,0,10,0,0,4700,"VTZ",17120007
1.1463414634,10,0,0,5200,10191500,"2022-06-22T00:00:00",5200,8.361540000000002,9.2,8.3,10.1,8.3,9.7,0,0,0,0,0,12,0,0,15400,"VTZ",43480008
1.1463414634,12,0,0,8700,10191200,"2022-06-21T00:00:00",8700,9.26207,10.2,9.2,10.2,9.2,9.2,0,0,0,0,0,15,0,0,20500,"VTZ",80580009
1.1463414634,21,0,0,12101,10191200,"2022-06-20T00:00:00",11500,9.47565,10.4,10.2,10.4,9.4,10.1,0,0,0,0,0,26,0,0,29601,"VTZ",108969975
1.1463414634,12,0,0,3400,10191200,"2022-06-17T00:00:00",2000,10.15,10.4,10.4,10.5,9.4,10.3,0,0,0,0,0,18,300,3045000,18000,"VTZ",20300000
1.1463414634,3,0,0,1600,10191200,"2022-06-16T00:00:00",0,10.4,10.4,10.4,10.4,10.4,10.4,0,0,0,0,0,11,0,0,8400,"VTZ",0
1.1463414634,23,500,4775895,11201,10191200,"2022-06-15T00:00:00",11200,9.55179,10.5,10.4,10.4,9.5,9.8,0,0,0,0,0,10,0,0,14900,"VTZ",106980048
1.1463414634,8,0,0,1400,10191700,"2022-06-14T00:00:00",200,10.5,10.6,10.5,10.5,10.5,10.5,0,0,0,0,0,10,0,0,15000,"VTZ",2100000
1.1463414634,5,0,0,600,10191700,"2022-06-13T00:00:00",100,10.6,10.9,10.6,10.6,10.6,10.6,0,0,0,0,0,8,0,0,9400,"VTZ",1060000
1.1463414634,4,0,0,6200,10191700,"2022-06-10T00:00:00",2500,10.9,11,10.9,10.9,10.9,10.9,0,0,0,0,0,13,0,0,40200,"VTZ",27250000
1.1463414634,5,0,0,900,10191700,"2022-06-09T00:00:00",0,11,11,11,11,11,11,0,0,0,0,0,16,0,0,48800,"VTZ",0
1.1463414634,17,400,4114484,5200,10191700,"2022-06-08T00:00:00",2900,10.286209999999999,11.3,11,11,10.2,10.9,0,0,0,0,0,17,0,0,31100,"VTZ",29830009
1.1463414634,4,0,0,701,10192100,"2022-06-07T00:00:00",0,11.3,11.3,11.3,11.3,11.3,11.3,0,0,0,0,0,17,0,0,32100,"VTZ",0
1.1463414634,7,0,0,6900,10192100,"2022-06-06T00:00:00",5300,10.43208,11.5,11.3,11.3,10.4,10.5,0,0,0,0,0,23,0,0,43500,"VTZ",55290024
1.1463414634,7,0,0,1800,10192100,"2022-06-03T00:00:00",500,11.14,10.9,11.5,11.5,10.9,10.9,0,0,0,0,0,14,0,0,22700,"VTZ",5570000
1.1463414634,29,2500,25395825,14800,10192100,"2022-06-02T00:00:00",6000,10.15833,10.8,10.9,10.9,10.1,10.2,0,0,0,0,0,16,0,0,17800,"VTZ",60949980
1.1463414634,26,900,9368181,16400,10194600,"2022-06-01T00:00:00",8800,10.40909,11.3,10.8,10.8,10.3,10.5,0,0,0,0,0,17,0,0,27500,"VTZ",91599992
1.1463414634,2,0,0,200,10195500,"2022-05-31T00:00:00",100,11.3,11.4,11.3,11.3,11.3,11.3,0,0,0,0,0,17,0,0,22500,"VTZ",1130000
1.1463414634,6,0,0,2400,10195500,"2022-05-30T00:00:00",100,11.4,10.5,11.4,11.4,11.4,11.4,0,0,0,0,0,8,0,0,4300,"VTZ",1140000
1.1463414634,9,0,0,1400,10195500,"2022-05-27T00:00:00",600,10.68333,11.5,10.5,11.6,10.5,11.6,0,0,0,0,0,14,0,0,17700,"VTZ",6409998
1.1463414634,10,0,0,4600,10195500,"2022-05-26T00:00:00",1400,11.46429,11.5,11.5,11.5,11.3,11.3,0,0,0,0,0,20,0,0,35200,"VTZ",16050006
1.1463414634,8,0,0,15600,10195500,"2022-05-25T00:00:00",4900,11.5,11.5,11.5,11.5,11.5,11.5,0,0,0,0,0,16,0,0,23400,"VTZ",56350000
1.1463414634,4,0,0,3200,10195500,"2022-05-24T00:00:00",3000,11.5,11.5,11.5,11.5,11.5,11.5,0,0,0,0,0,17,0,0,40500,"VTZ",34500000
1.1463414634,16,0,0,7400,10195400,"2022-05-23T00:00:00",4600,10.7087,11.1,11.5,11.5,10.1,10.1,0,0,0,0,0,20,0,0,30600,"VTZ",49260020
1.1463414634,3,0,0,1500,10195400,"2022-05-20T00:00:00",0,11.1,11.1,11.1,11.1,11.1,11.1,0,0,0,0,0,10,0,0,23500,"VTZ",0
1.1463414634,17,0,0,11500,10191400,"2022-05-19T00:00:00",500,11.02,10.2,11.1,11.2,10.9,10.9,0,0,0,0,0,12,100,1102000,16500,"VTZ",5510000
1.1463414634,20,0,0,17900,10191400,"2022-05-18T00:00:00",8000,10.8575,11,10.2,11.4,10.2,11,0,0,0,0,0,26,0,0,38100,"VTZ",86860000
1.1463414634,9,0,0,7901,10185900,"2022-05-17T00:00:00",5300,10.92453,11,11,11,10.9,10.9,0,0,0,0,0,12,4000,43698120,21301,"VTZ",57900009
1.1463414634,6,0,0,801,10185900,"2022-05-16T00:00:00",500,11,11,11,11,11,11,,,,0,0,13,0,0,25700,"VTZ",5500000
1.1463414634,17,0,0,11701,10185900,"2022-05-13T00:00:00",9200,10.51304,11.1,11,11,10.1,11,,,,0,0,33,5500,57821720,39800,"VTZ",96719968
1.1463414634,5,0,0,14801,10185900,"2022-05-12T00:00:00",6600,11.1,11.5,11.1,11.1,11.1,11.1,,,,0,0,31,0,0,53900,"VTZ",73260000
1.1463414634,7,0,0,2901,10185900,"2022-05-11T00:00:00",500,11.2,11.5,11.5,11.5,11,11.5,,,,0,0,34,0,0,28600,"VTZ",5600000
1.1463414634,11,2000,22308700,5401,10185900,"2022-05-10T00:00:00",4600,11.15435,11.5,11.5,11.5,11,11.5,,,,0,0,12,0,0,28800,"VTZ",51310010
1.1463414634,15,0,0,15201,10187900,"2022-05-09T00:00:00",14500,11.5131,11.7,11.5,11.7,11.2,11.6,,,,0,0,19,0,0,46500,"VTZ",166939950
1.1463414634,13,0,0,5501,10187900,"2022-05-06T00:00:00",1300,11.65385,11.7,11.7,11.8,11.1,11.1,,,,0,0,18,0,0,34200,"VTZ",15150005
1.1463414634,18,0,0,27700,10187900,"2022-05-05T00:00:00",12600,11.68175,11.7,11.7,12,11.6,12,,,,0,0,23,0,0,30900,"VTZ",147190050
1.1463414634,8,0,0,3400,10187900,"2022-05-04T00:00:00",2300,11.74783,11.8,11.7,11.8,11.7,11.8,,,,0,0,19,0,0,18600,"VTZ",27020009
1.1463414634,10,0,0,3200,10187900,"2022-04-29T00:00:00",400,11.8,11.7,11.8,12.1,11.5,12.1,,,,0,0,20,0,0,27700,"VTZ",4720000
1.1463414634,25,3600,42186240,15700,10187900,"2022-04-28T00:00:00",12500,11.718399999999999,11.7,11.7,11.8,11.7,11.7,,,,0,0,25,0,0,44800,"VTZ",146480000
1.1463414634,26,0,0,16001,10191500,"2022-04-27T00:00:00",7400,11.54459,11.5,11.7,11.7,11.5,11.5,,,,0,0,20,0,0,41600,"VTZ",85429966
1.1463414634,26,0,0,28530,10185500,"2022-04-26T00:00:00",13600,10.81397,11.7,11.5,11.5,10.7,11.1,,,,0,0,25,0,0,55500,"VTZ",147069992
1.1463414634,16,0,0,15400,10185500,"2022-04-25T00:00:00",2200,11.27273,11.7,11.7,11.7,11.1,11.7,,,,0,0,24,0,0,76100,"VTZ",24800006
1.1463414634,38,0,0,42900,10185500,"2022-04-22T00:00:00",28900,11.42872,11.5,11.7,11.8,11,11.5,,,,0,0,33,6000,68572320,60500,"VTZ",330290008
1.1463414634,32,0,0,35000,10185500,"2022-04-21T00:00:00",19300,10.98601,11.7,11.5,11.7,10.8,11.7,,,,0,0,28,0,0,55000,"VTZ",212029993
1.1463414634,21,0,0,16900,10184500,"2022-04-20T00:00:00",10600,11.854719999999999,12.4,11.7,12.5,11.6,12.5,,,,0,0,19,0,0,35000,"VTZ",125660032
1.1463414634,25,0,0,13900,10184500,"2022-04-19T00:00:00",6400,12.028129999999999,11.6,12.4,12.4,11.8,11.8,,,,0,0,21,0,0,22200,"VTZ",76980032
1.1463414634,34,0,0,45400,10184500,"2022-04-18T00:00:00",35900,11.70557,12.7,11.6,12.1,11.5,11.7,,,,0,0,29,1000,11705570,51600,"VTZ",420229963
1.1463414634,16,0,0,8600,10184500,"2022-04-15T00:00:00",2800,12.692860000000001,12.6,12.7,12.9,12.6,12.6,,,,0,0,23,0,0,31300,"VTZ",35540008
1.1463414634,16,0,0,9600,10183500,"2022-04-14T00:00:00",1900,12.631578947368421,13,12.6,13,12.6,13,,,,0,0,21,0,0,28600,"VTZ",24000000
1.1463414634,25,0,0,12900,10183500,"2022-04-13T00:00:00",8400,12.722620000000001,13.1,13,13,12.7,12.8,,,,0,0,24,0,0,40500,"VTZ",106870008
1.1463414634,26,0,0,29200,10183500,"2022-04-12T00:00:00",4600,13.043478260869566,13.3,13.1,13.1,12.8,12.8,,,,0,0,22,1000,12954350,22700,"VTZ",60000000
1.1463414634,26,0,0,23600,10183500,"2022-04-08T00:00:00",14300,12.93916,13.1,13.3,13.3,12.8,12.8,,,,0,0,23,0,0,36300,"VTZ",185029988
1.1463414634,44,0,0,105100,10183500,"2022-04-07T00:00:00",32700,12.79969,12.9,13.1,13.1,12.6,12.8,,,,0,0,30,0,0,48000,"VTZ",418549863
1.1463414634,56,0,0,58000,10183500,"2022-04-06T00:00:00",36400,12.91648,13.2,12.9,13.2,12.6,13.2,,,,0,0,32,0,0,60200,"VTZ",470159872
1.1463414634,25,0,0,32700,10183500,"2022-04-05T00:00:00",19700,13.24873,13.3,13.2,13.3,13,13.1,,,,0,0,32,0,0,40500,"VTZ",260999981
1.1463414634,27,0,0,23200,10183500,"2022-04-04T00:00:00",12300,13.247969999999999,13.4,13.3,13.4,13.1,13.3,,,,0,0,38,0,0,28600,"VTZ",162950031
1.1463414634,19,0,0,11200,10183500,"2022-04-01T00:00:00",3800,13.157894736842104,13.3,13.4,13.4,12.9,12.9,,,,0,0,25,0,0,17000,"VTZ",50000000
1.1463414634,30,1000,13062450,32000,10183500,"2022-03-31T00:00:00",25300,13.06245,13.2,13.3,13.3,12.9,13,,,,0,0,34,0,0,55200,"VTZ",330479985
1.1463414634,41,0,0,65500,10184500,"2022-03-30T00:00:00",31600,13.101265822784809,13.5,13.2,13.4,13,13.4,,,,0,0,46,0,0,64200,"VTZ",414000000
1.1463414634,41,0,0,34400,10184500,"2022-03-29T00:00:00",27400,13.648909999999999,13.6,13.5,14,13.3,14,,,,0,0,79,0,0,58800,"VTZ",373980134
1.1463414634,83,0,0,94700,10184500,"2022-03-28T00:00:00",50100,13.47465,13.1,13.6,14,13,13,,,,0,0,85,0,0,73400,"VTZ",675079965
1.1463414634,40,0,0,56800,10179500,"2022-03-25T00:00:00",37000,13.05838,12.9,13.1,13.2,12.8,12.8,,,,0,0,62,0,0,75200,"VTZ",483160060
1.1463414634,72,0,0,61300,10175500,"2022-03-24T00:00:00",43000,12.8986,12.8,12.9,13,12.8,12.8,,,,0,0,52,0,0,92700,"VTZ",554639800
1.1463414634,44,0,0,55800,10175500,"2022-03-23T00:00:00",30800,12.857142857142858,13.1,12.8,13,12.6,12.6,,,,0,0,59,5000,64300300,97500,"VTZ",396000000
1.1463414634,40,0,0,154500,101716000,"2022-03-22T00:00:00",134800,13.01595,12.7,13.1,13.1,12.7,12.7,,,,0,0,78,4000,52063800,181800,"VTZ",1754550060
1.1463414634,43,0,0,40018,10167800,"2022-03-21T00:00:00",13600,12.720588235294118,12.8,12.7,13,12.6,13,,,,0,0,43,0,0,54318,"VTZ",173000000
1.1463414634,36,0,0,66100,101678000,"2022-03-18T00:00:00",42200,12.89739,12.7,12.8,13,12.5,12.7,,,,0,0,65,3900,50299821,80800,"VTZ",544269858
1.1463414634,37,0,0,40200,10167600,"2022-03-17T00:00:00",16300,12.576687116564417,12.6,12.7,12.7,12.4,12.6,,,,0,0,27,3800,47698170,43318,"VTZ",205000000
1.1463414634,45,0,0,67489,101676000,"2022-03-16T00:00:00",29100,12.54364,12.5,12.6,12.6,12.2,12.3,,,,0,0,30,0,0,53840,"VTZ",365019924
1.1463414634,64,0,0,63771,101676000,"2022-03-15T00:00:00",30800,12.23831,12.6,12.5,12.6,12,12.6,,,,0,0,41,200,2447662,68343,"VTZ",376939948
1.1463414634,43,3500,44509465,30502,101676000,"2022-03-14T00:00:00",20600,12.71699,12.9,12.6,13,12.5,12.9,,,,0,0,51,0,0,57800,"VTZ",261969994
1.1463414634,39,0,0,47702,101711000,"2022-03-11T00:00:00",32800,12.7375,12.9,12.9,12.9,12.6,12.9,,,,0,0,47,0,0,64378,"VTZ",417790000
1.1463414634,70,100,1270557,97910,101711000,"2022-03-10T00:00:00",73600,12.70557,12.5,12.9,13.5,12.4,12.5,,,,0,0,96,0,0,134188,"VTZ",935129952
1.1463414634,63,0,0,170915,101712000,"2022-03-09T00:00:00",153100,12.55199,12.5,12.5,12.6,12.4,12.5,,,,0,0,60,0,0,203400,"VTZ",1921709669
1.1463414634,42,0,0,58810,101712000,"2022-03-08T00:00:00",51200,12.55273,12.6,12.5,12.7,12.4,12.6,,,,0,0,50,0,0,135200,"VTZ",642699776
1.1463414634,39,0,0,19965,101712000,"2022-03-07T00:00:00",6100,12.61311,12.7,12.6,12.7,12.6,12.7,,,,0,0,48,0,0,101600,"VTZ",76939971
1.1463414634,40,0,0,60101,101712000,"2022-03-04T00:00:00",33500,12.71284,12.7,12.7,12.8,12.5,12.7,0,0,0,0,0,52,0,0,72300,"VTZ",425880140
1.1463414634,42,0,0,76400,101712000,"2022-03-03T00:00:00",38800,12.62912,12.3,12.7,12.9,12.3,12.3,,,,0,0,46,0,0,59700,"VTZ",490009856
1.1463414634,43,0,0,48920,101712000,"2022-03-02T00:00:00",29500,12.38407,12.3,12.3,12.5,12,12,0,0,0,0,0,49,0,0,121300,"VTZ",365330065
1.1463414634,44,800,9890968,42500,101712000,"2022-03-01T00:00:00",25900,12.36371,12.6,12.3,12.6,12.3,12.5,0,0,0,0,0,47,0,0,93900,"VTZ",320220089
1.1463414634,31,0,0,23120,101720000,"2022-02-28T00:00:00",5500,12.30909,12.3,12.6,12.7,12.2,12.3,0,0,0,0,0,46,0,0,100500,"VTZ",67699995
1.1463414634,77,0,0,73001,101720000,"2022-02-25T00:00:00",19200,12.350520000000001,12.3,12.3,12.9,12.1,12.3,0,0,0,0,0,44,0,0,89000,"VTZ",237129984
1.1463414634,73,0,0,82601,101720000,"2022-02-24T00:00:00",47000,12.51745,12.6,12.3,12.7,12.3,12.6,0,0,0,0,0,51,0,0,100800,"VTZ",588320150
1.1463414634,73,400,5040152,51601,101720000,"2022-02-23T00:00:00",26300,12.60038,12.7,12.6,12.7,12.5,12.7,0,0,0,0,0,35,0,0,67300,"VTZ",331389994
1.1463414634,65,0,0,77531,101724000,"2022-02-22T00:00:00",54500,12.639629999999999,13,12.7,13,12.5,12.7,0,0,0,0,0,45,0,0,110100,"VTZ",688859835
1.1463414634,57,0,0,68800,101724000,"2022-02-21T00:00:00",27500,12.76145,13,13,13,12.6,12.8,0,0,0,0,0,48,0,0,67200,"VTZ",350939875
1.1463414634,51,0,0,70902,101724000,"2022-02-18T00:00:00",48200,12.90436,13.2,13,13.2,12.7,13.2,0,0,0,0,0,60,0,0,198800,"VTZ",621990152
1.1463414634,89,0,0,69100,101724000,"2022-02-17T00:00:00",37600,12.969149999999999,13.3,13.2,13.4,12.8,13.3,0,0,0,0,0,86,0,0,116800,"VTZ",487640040
1.1463414634,61,400,5222884,58501,10172100,"2022-02-16T00:00:00",21500,13.069767441860465,13.2,13.3,14,13,14,0,0,0,0,0,92,0,0,132600,"VTZ",281000000
1.1463414634,45,0,0,23101,10172500,"2022-02-15T00:00:00",2600,13.076923076923077,13.2,13.2,13.3,12.8,12.8,0,0,0,0,0,54,0,0,78300,"VTZ",34000000
1.1463414634,73,0,0,67406,101725000,"2022-02-14T00:00:00",38600,13.47953,13.6,13.2,13.7,12.5,13.7,0,0,0,0,0,104,300,4043859,151800,"VTZ",520309858
1.1463414634,107,0,0,163201,101725000,"2022-02-11T00:00:00",139700,13.20029,12.4,13.6,13.6,12.2,12.4,0,0,0,0,0,119,0,0,147000,"VTZ",1844080513
1.1463414634,40,0,0,54901,101725000,"2022-02-10T00:00:00",7400,12.28243,12.3,12.4,12.4,12.2,12.3,0,0,0,0,0,49,0,0,31500,"VTZ",90889982
1.1463414634,33,0,0,57701,101720000,"2022-02-09T00:00:00",40300,12.25608,12.2,12.3,12.3,12.2,12.2,0,0,0,0,0,45,0,0,87100,"VTZ",493920024
1.1463414634,96,0,0,159501,101720000,"2022-02-08T00:00:00",110700,12.22421,12.1,12.2,12.4,12.1,12.1,0,0,0,0,0,75,0,0,143000,"VTZ",1353220047
1.1463414634,80,0,0,74940,101720000,"2022-02-07T00:00:00",21000,12.09905,11.9,12.1,12.2,12,12.2,0,0,0,0,0,39,500,6049525,38800,"VTZ",254080050
1.1463414634,164,0,0,143811,101710000,"2022-01-28T00:00:00",50200,11.935459999999999,11.9,11.9,12,11.8,11.8,0,0,0,0,0,52,0,0,84100,"VTZ",599160092
1.1463414634,152,0,0,138759,101710000,"2022-01-27T00:00:00",47400,11.820889999999999,11.9,11.9,12,11.7,11.8,0,0,0,0,0,55,0,0,81300,"VTZ",560310186
1.1463414634,141,0,0,144805,101710000,"2022-01-26T00:00:00",81400,11.931569999999999,11.9,11.9,12,11.8,11.9,0,0,0,0,0,54,1000,11931570,114600,"VTZ",971229798
1.1463414634,115,0,0,134503,101702000,"2022-01-25T00:00:00",64800,11.85108,11.8,11.9,11.9,11.7,11.8,0,0,0,0,0,57,0,0,100100,"VTZ",767949984
1.1463414634,73,2500,29677025,163211,10170200,"2022-01-24T00:00:00",82900,11.86972255729795,11.9,11.8,12,11.7,11.8,0,0,0,0,0,66,0,0,115700,"VTZ",984000000
1.1463414634,61,0,0,44011,101725000,"2022-01-21T00:00:00",21600,11.73287,11.8,11.9,11.9,11.6,11.8,0,0,0,0,0,47,800,9386296,95700,"VTZ",253429992
1.1463414634,102,0,0,106600,101705000,"2022-01-20T00:00:00",71200,11.726120000000002,11.6,11.8,11.9,11.5,11.6,0,0,0,0,0,41,0,0,113100,"VTZ",834899744
1.1463414634,140,0,0,140301,101705000,"2022-01-19T00:00:00",33700,11.655190000000001,11.7,11.6,11.8,11.2,11.2,0,0,0,0,0,48,200,2331038,56200,"VTZ",392779903
1.1463414634,67,0,0,73101,101705000,"2022-01-18T00:00:00",37200,11.90349,11.9,11.7,12,11.7,11.9,0,0,0,0,0,69,2000,23806980,77900,"VTZ",442809828
1.1463414634,52,0,0,91200,101705000,"2022-01-17T00:00:00",69000,11.85971,12,11.9,12.1,11.8,12,0,0,0,0,0,76,0,0,110800,"VTZ",818319990
1.1463414634,59,0,0,82236,101652000,"2022-01-14T00:00:00",47200,11.945969999999999,12,12,12,11.8,12,0,0,0,0,0,42,0,0,71800,"VTZ",563849784
1.1463414634,88,0,0,114738,10165200,"2022-01-13T00:00:00",64400,11.940993788819876,12,12,12.2,11.8,12,0,0,0,0,0,79,0,0,118500,"VTZ",769000000
1.1463414634,113,0,0,2032512,10165200,"2022-01-12T00:00:00",88500,12.011299435028247,12.3,12,12.8,11.8,12.4,0,0,0,20829283200,1876512,107,5300,64009661.83574879,2025512,"VTZ",21892283200
1.1463414634,109,200,2432000,193016,10165200,"2022-01-11T00:00:00",137000,12.16058394160584,12.1,12.3,12.5,12.1,12.4,0,0,0,0,0,83,0,0,171588,"VTZ",1666000000
1.1463414634,110,0,0,243505,10165400,"2022-01-10T00:00:00",209100,12.534672405547584,12.2,12.1,12.8,12.1,12.1,0,0,0,0,0,177,0,0,281510,"VTZ",2621000000
1.1463414634,140,4000,48015640,190500,10165400,"2022-01-07T00:00:00",120200,12.004991680532447,12,12.2,12.2,11.9,12.2,0,0,0,0,0,81,0,0,217510,"VTZ",1443000000
1.1463414634,141,0,0,160715,10169000,"2022-01-06T00:00:00",92400,12.067099567099568,12.4,12,12.4,12,12.4,0,0,0,0,0,82,0,0,224010,"VTZ",1115000000
1.1463414634,144,5100,63967576.79180887,220821,10169000,"2022-01-05T00:00:00",88300,12.502831257078142,12.2,12.4,12.8,12.3,12.3,0,0,0,0,0,140,0,0,216510,"VTZ",1104000000
1.1463414634,223,0,0,380862,101741000,"2022-01-04T00:00:00",181800,11.972389999999999,12,12.2,12.2,11.8,11.9,0,0,0,0,0,101,400,4788956,213810,"VTZ",2176580502
1.1463414634,101,700,8429120,120870,10174100,"2021-12-31T00:00:00",25000,12.04,12.3,12,12.2,12,12.2,0,0,0,0,0,80,0,0,81200,"VTZ",301000000
1.1463414634,109,700,8432242,117509,101748000,"2021-12-30T00:00:00",40600,12.046059999999999,12.3,12.3,12.4,12,12.3,0,0,0,0,0,69,0,0,80810,"VTZ",489070036
1.1463414634,87,700,8495193,115111,101755000,"2021-12-29T00:00:00",36400,12.13599,12.2,12.3,12.5,12,12.2,0,0,0,0,0,95,0,0,87910,"VTZ",441750036
1.1463414634,161,2900,34706881,255088,101762000,"2021-12-28T00:00:00",163500,11.967889999999999,11.9,12.2,12.2,11.8,12.2,0,0,0,0,0,88,0,0,210810,"VTZ",1956750015
1.1463414634,106,500,6008105.369807498,170611,10179100,"2021-12-27T00:00:00",98700,12.016210739614994,12.2,11.9,12.3,11.9,12.2,0,0,0,0,0,87,0,0,132900,"VTZ",1186000000
1.1463414634,125,2200,26529411.76470588,107046,10179600,"2021-12-24T00:00:00",58000,12.068965517241379,12.3,12.2,12.4,12,12,,,,0,0,64,0,0,84510,"VTZ",700000000
1.1463414634,119,1600,19501779.359430604,85910,10181800,"2021-12-23T00:00:00",56600,12.190812720848056,12.2,12.3,12.6,12,12.6,0,0,0,0,0,89,0,0,99410,"VTZ",690000000
1.1463414634,154,1800,22019417.475728154,152875,10183400,"2021-12-22T00:00:00",82400,12.233009708737864,12.6,12.2,13,12.1,12.8,0,0,0,0,0,79,0,0,219310,"VTZ",1008000000
1.1463414634,166,500,6095617.529880478,230183,10185100,"2021-12-21T00:00:00",77800,12.262210796915168,12.2,12.6,12.6,12,12.1,0,0,0,0,0,89,0,0,99478,"VTZ",954000000
1.1463414634,139,0,0,93870,10185600,"2021-12-20T00:00:00",45400,12.22466960352423,12.7,12.2,12.7,11.9,12.7,0,0,0,0,0,79,0,0,105800,"VTZ",555000000
1.1463414634,174,400,4966126.656848307,154993,10185600,"2021-12-17T00:00:00",92200,12.440347071583513,12.8,12.7,12.8,12.3,12.8,0,0,0,0,0,97,100,1250000,179600,"VTZ",1147000000
1.1463414634,144,1200,15272727.272727273,150706,10186000,"2021-12-16T00:00:00",112000,12.607142857142858,12.9,12.8,12.9,12.4,12.9,0,0,0,0,0,90,0,0,227578,"VTZ",1412000000
1.1463414634,158,400,5333333.333333333,181158,10187200,"2021-12-15T00:00:00",120400,12.674418604651162,12.9,12.9,12.9,12.6,12.8,0,0,0,0,0,92,0,0,190089,"VTZ",1526000000
1.1463414634,178,0,0,272014,10187600,"2021-12-14T00:00:00",154400,12.797927461139896,12.9,12.9,13.2,12.6,13,0,0,0,0,0,119,0,0,265511,"VTZ",1976000000
1.1463414634,203,500,6484848.484848484,182671,10187100,"2021-12-13T00:00:00",93100,12.824919441460796,13.2,12.9,13.5,12.6,13.3,0,0,0,0,0,109,0,0,286300,"VTZ",1194000000
1.1463414634,160,400,5062937.062937063,175615,10187600,"2021-12-10T00:00:00",65800,13.009118541033434,13.3,13.2,13.5,12.5,13.1,0,0,0,0,0,93,0,0,233100,"VTZ",856000000
1.1463414634,268,5000,65065502.183406115,278821,10184700,"2021-12-09T00:00:00",244100,13.02744776730848,14.3,13.3,14,12.9,14,0,0,0,0,0,140,500,6739130.434782608,794700,"VTZ",3180000000
1.1463414634,101,0,0,193248,10189700,"2021-12-08T00:00:00",138100,14.4243301955105,13.5,14.3,14.7,14,14,0,0,0,0,0,74,0,0,218900,"VTZ",1992000000
1.1463414634,131,700,9222841.22562674,144834,10189700,"2021-12-07T00:00:00",58000,13.275862068965518,12.5,13.5,13.6,12.5,12.5,0,0,0,0,0,94,3300,43426086.95652174,146200,"VTZ",770000000
1.1463414634,232,500,6292903.972232935,596488,10190400,"2021-12-06T00:00:00",596300,12.574207613617308,13.8,12.5,13.5,12.5,12.5,0,0,0,0,0,253,0,0,904000,"VTZ",7498000000
1.1463414634,105,0,0,59163,10190900,"2021-12-03T00:00:00",59100,13.8,15.3,13.8,13.8,13.8,13.8,0,0,0,0,0,203,0,0,422400,"VTZ",816000000
1.1463414634,148,0,0,96630,10190900,"2021-12-02T00:00:00",96600,15.331262939958592,17,15.3,16.5,15.3,15.3,0,0,0,0,0,196,0,0,427900,"VTZ",1481000000
1.1463414634,56,0,0,23601,10190900,"2021-12-01T00:00:00",16700,16.706586826347305,17,17,17.5,15.5,17.5,0,0,0,0,0,14,0,0,91100,"VTZ",279000000
1.1463414634,422,700,13474800.853485065,430053,10190900,"2021-11-30T00:00:00",421800,19.249715504978663,17.9,17,19.6,17,19.6,0,0,0,0,0,18,0,0,849900,"VTZ",8119530000
1.1463414634,693,8400,150354932.97587132,1128062,10191600,"2021-11-29T00:00:00",1110100,17.89928835240068,16.3,17.9,17.9,17.8,17.9,0,0,0,0,0,45,0,0,1125400,"VTZ",19870000000
1.1463414634,273,0,0,445104,10200000,"2021-11-26T00:00:00",100,16.3,14.9,16.3,16.3,16.3,16.3,0,0,0,0,0,1,0,0,100,"VTZ",2000000
1.1463414634,587,0,0,1013400,10200000,"2021-11-25T00:00:00",100,14.9,11.5,14.9,14.9,14.9,14.9,0,0,0,0,0,1,0,0,100,"VTZ",1000000
