"symbol","time","close","open","high","low","vol"
"BID",1696817700,42,42.2,42.2,42,5000
"BID",1696818000,42,42,42,41.9,3300
"BID",1696818300,42.05,42,42.05,42,2700
"BID",1696818600,42.05,42.1,42.1,42.05,2300
"BID",1696818900,41.9,42.05,42.05,41.9,7500
"BID",1696819200,41.9,41.9,41.95,41.9,7700
"BID",1696819500,41.85,41.9,41.95,41.85,14900
"BID",1696819800,41.85,41.85,41.9,41.85,3000
"BID",1696820100,41.9,41.85,41.9,41.85,9200
"BID",1696820400,41.85,41.85,41.85,41.85,15700
"BID",1696820700,42,41.8,42,41.8,32300
"BID",1696821000,41.95,42.1,42.1,41.9,33500
"BID",1696821300,41.85,42,42.05,41.85,33200
"BID",1696821600,42.1,41.85,42.1,41.85,28300
"BID",1696821900,42.25,42.1,42.25,42.1,27800
"BID",1696822200,42.25,42.25,42.25,42.2,8500
"BID",1696822500,42.2,42.2,42.3,42.2,4600
"BID",1696822800,42,42.25,42.25,42,18000
"BID",1696823100,42,42,42.05,42,5600
"BID",1696823400,42,42.05,42.2,42,6400
"BID",1696823700,42.05,42,42.1,42,7700
"BID",1696824000,42,42.05,42.05,42,6900
"BID",1696824300,42,42,42,42,3000
"BID",1696824600,42,42,42,42,2300
"BID",1696824900,42.15,42,42.15,42,1700
"BID",1696825500,42.05,42.1,42.1,42.05,1500
"BID",1696833300,41.95,42.05,42.15,41.9,130600
"BID",1696833600,41.95,41.95,42,41.9,16200
"BID",1696833900,42,41.95,42.05,41.95,22000
"BID",1696834200,41.9,41.95,42,41.9,13400
"BID",1696834500,42,41.95,42.05,41.95,17500
"BID",1696834800,41.95,42,42.2,41.95,51200
"BID",1696835100,42,42,42.1,42,19900
"BID",1696835400,42,42,42.1,41.95,37100
"BID",1696835700,42,42,42.05,41.95,19800
"BID",1696836000,42,42,42.1,41.95,35800
"BID",1696836300,41.95,42,42,41.95,15800
"BID",1696837500,41.95,41.95,41.95,41.95,27900
"BID",1696904100,42.45,42.2,42.5,42.2,5500
"BID",1696904400,42.45,42.5,42.5,42.45,10500
"BID",1696904700,42.4,42.45,42.5,42.3,13200
"BID",1696905000,42.4,42.4,42.5,42.4,13000
"BID",1696905300,42.35,42.4,42.4,42.35,5500
"BID",1696905600,42.3,42.35,42.4,42.3,26400
"BID",1696905900,42.25,42.3,42.3,42.25,16100
"BID",1696906200,42.2,42.25,42.3,42.2,16000
"BID",1696906500,42.3,42.2,42.3,42.2,6200
"BID",1696906800,42.3,42.3,42.3,42.3,12400
"BID",1696907100,42.3,42.3,42.3,42.3,17100
"BID",1696907400,42.3,42.3,42.3,42.25,13600
"BID",1696907700,42.3,42.3,42.3,42.2,4100
"BID",1696908000,42.15,42.3,42.3,42.15,22200
"BID",1696908300,42.2,42.15,42.2,42.1,28000
"BID",1696908600,42.3,42.2,42.4,42.2,12400
"BID",1696908900,42.3,42.2,42.3,42.2,13100
"BID",1696909200,42.25,42.3,42.3,42.2,17700
"BID",1696909500,42.2,42.25,42.3,42.2,11400
"BID",1696909800,42.3,42.2,42.3,42.2,16000
"BID",1696910100,42.3,42.3,42.3,42.25,8100
"BID",1696910400,42.2,42.3,42.3,42.2,11500
"BID",1696910700,42.2,42.2,42.3,42.2,18500
"BID",1696911000,42.1,42.2,42.2,42.1,7800
"BID",1696911300,42.3,42.2,42.3,42.2,7500
"BID",1696911600,42.3,42.3,42.3,42.3,21200
"BID",1696911900,42.15,42.3,42.3,42.15,4000
"BID",1696917600,42.3,42.2,42.3,42.1,53300
"BID",1696917900,42.1,42.3,42.3,42.1,29000
"BID",1696918200,42.05,42.1,42.1,42,48500
"BID",1696918500,42.05,42.05,42.05,42.05,14000
"BID",1696918800,42.1,42.1,42.15,42.1,46000
"BID",1696919100,42.05,42.1,42.1,42.05,24100
"BID",1696919400,42.1,42.05,42.1,42.05,13000
"BID",1696919700,42,42.1,42.1,42,56000
"BID",1696920000,42,42,42.05,42,13800
"BID",1696920300,42.05,42,42.05,42,30400
"BID",1696920600,42,42.05,42.05,42,28100
"BID",1696920900,42,42.05,42.05,42,42200
"BID",1696921200,41.95,42,42,41.95,23900
"BID",1696921500,41.95,41.95,42.05,41.95,23200
"BID",1696921800,41.95,42.05,42.05,41.9,45000
"BID",1696922100,42.05,42,42.05,42,3300
"BID",1696922400,42,42.05,42.05,42,1800
"BID",1696922700,42,42,42,42,11800
"BID",1696923900,42.05,42.05,42.05,42.05,11100
"BID",1696990500,42.4,42.5,42.5,42.1,10100
"BID",1696990800,42.1,42.2,42.4,42.1,2900
"BID",1696991100,42.1,42.1,42.1,42.1,28300
"BID",1696991400,42.2,42.1,42.2,42.1,5400
"BID",1696992000,42.4,42.2,42.4,42.2,17500
"BID",1696992300,42.4,42.4,42.4,42.35,5000
"BID",1696992600,42.3,42.35,42.45,42.3,23400
"BID",1696992900,42.2,42.2,42.3,42.2,1200
"BID",1696993200,42.1,42.2,42.2,42.1,10400
"BID",1696993500,42.05,42.1,42.1,42.05,6000
"BID",1696993800,42.05,42.1,42.1,42.05,14000
"BID",1696994100,42,42.15,42.15,42,6800
"BID",1696994400,42,42.05,42.05,42,7800
"BID",1696994700,42.1,42.1,42.1,42.1,900
"BID",1696995000,42,42.05,42.05,42,11400
"BID",1696995300,42,42,42.1,42,5700
"BID",1696995600,42.1,42.05,42.1,41.9,50100
"BID",1696995900,42.1,41.95,42.1,41.9,40900
"BID",1696996200,42.1,41.9,42.2,41.9,22400
"BID",1696996500,41.9,42,42,41.9,40000
"BID",1696996800,42.05,42.1,42.1,41.9,16700
"BID",1696997100,41.9,42.05,42.05,41.85,30600
"BID",1696997400,41.9,41.9,41.9,41.9,6500
"BID",1696997700,41.9,41.9,41.9,41.85,24000
"BID",1696998000,41.8,41.9,41.9,41.8,52800
"BID",1696998300,41.75,41.85,41.85,41.75,30700
"BID",1697004000,41.9,41.75,41.9,41.75,8500
"BID",1697004300,42.05,41.9,42.05,41.9,5700
"BID",1697004600,42.05,42.05,42.05,42.05,1300
"BID",1697004900,42.2,42,42.2,42,11700
"BID",1697005200,41.9,42.05,42.05,41.9,24200
"BID",1697005500,41.9,41.9,41.9,41.9,10700
"BID",1697005800,41.9,41.9,41.9,41.9,18300
"BID",1697006100,41.9,41.95,42,41.9,23900
"BID",1697006400,41.9,41.9,41.9,41.9,12900
"BID",1697006700,41.9,41.9,41.95,41.9,30500
"BID",1697007000,41.95,41.9,42,41.9,38300
"BID",1697007300,41.9,41.9,41.95,41.9,26000
"BID",1697007600,41.9,41.9,42.2,41.9,27800
"BID",1697007900,41.9,41.9,42,41.9,34100
"BID",1697008200,42,41.9,42.05,41.9,5600
"BID",1697008500,41.9,42,42,41.9,25400
"BID",1697008800,42,41.9,42,41.8,83100
"BID",1697009100,41.85,42,42,41.75,90300
"BID",1697010300,42,42,42,42,167700
"BID",1697076900,42.1,42.05,42.15,42.05,23200
"BID",1697077200,42.25,42.25,42.25,42.25,2300
"BID",1697077500,42.2,42.25,42.25,42.2,3800
"BID",1697077800,42.25,42.2,42.25,42.2,4500
"BID",1697078100,42.15,42.25,42.25,42.15,14300
"BID",1697078400,42.3,42.2,42.3,42.2,1800
"BID",1697078700,42.35,42.3,42.35,42.25,5500
"BID",1697079000,42.3,42.35,42.35,42.3,18800
"BID",1697079300,42.25,42.25,42.3,42.25,5200
"BID",1697079600,42.3,42.25,42.3,42.25,19600
"BID",1697079900,42.35,42.3,42.35,42.3,5000
"BID",1697080200,42.35,42.35,42.35,42.35,8500
"BID",1697080500,42.35,42.35,42.4,42.35,4600
"BID",1697080800,42.35,42.35,42.35,42.3,24500
"BID",1697081100,42.3,42.35,42.35,42.3,8000
"BID",1697081400,42.3,42.3,42.35,42.3,29700
"BID",1697081700,42.3,42.3,42.35,42.3,12800
"BID",1697082000,42.3,42.3,42.3,42.3,13300
"BID",1697082300,42.3,42.3,42.3,42.3,18800
"BID",1697082600,42.3,42.3,42.3,42.3,5000
"BID",1697082900,42.3,42.3,42.3,42.3,8800
"BID",1697083200,42.25,42.3,42.3,42.25,9300
"BID",1697083500,42.35,42.25,42.35,42.25,33000
"BID",1697083800,42.3,42.3,42.3,42.3,7800
"BID",1697084100,42.3,42.3,42.3,42.3,4400
"BID",1697084400,42.3,42.3,42.3,42.3,2000
"BID",1697084700,42.25,42.3,42.3,42.25,11800
"BID",1697090400,42.3,42.25,42.3,42.25,24300
"BID",1697090700,42.3,42.3,42.3,42.25,12700
"BID",1697091000,42.3,42.25,42.3,42.25,48100
"BID",1697091300,42.25,42.25,42.3,42.25,16200
"BID",1697091600,42.25,42.25,42.3,42.25,4000
"BID",1697091900,42.3,42.25,42.3,42.25,2000
"BID",1697092200,42.2,42.25,42.3,42.2,55100
"BID",1697092500,42.1,42.2,42.2,42.1,16200
"BID",1697092800,42.05,42.1,42.1,42.05,39300
"BID",1697093100,42,42.05,42.1,42,26300
"BID",1697093400,42,42.05,42.05,42,62300
"BID",1697093700,41.95,42,42.05,41.9,53000
"BID",1697094000,41.95,41.95,42,41.9,85000
"BID",1697094300,42.05,41.95,42.05,41.95,14700
"BID",1697094600,42.1,42.05,42.1,42.05,7300
"BID",1697094900,42,42.1,42.1,42,21300
"BID",1697095200,42.15,42,42.15,42,41700
"BID",1697095500,42.1,42.1,42.2,42.1,73400
"BID",1697096700,42.15,42.15,42.15,42.15,106700
