"symbol","time","close","open","high","low","vol"
"HAR",1696817700,3.64,3.65,3.65,3.64,4200
"HAR",1696818300,3.65,3.65,3.65,3.65,400
"HAR",1696818600,3.65,3.65,3.65,3.65,100
"HAR",1696818900,3.65,3.65,3.65,3.64,11500
"HAR",1696819200,3.69,3.67,3.69,3.67,12400
"HAR",1696819500,3.67,3.69,3.69,3.67,3400
"HAR",1696819800,3.68,3.68,3.68,3.68,500
"HAR",1696820100,3.7,3.69,3.7,3.68,7300
"HAR",1696820400,3.69,3.7,3.7,3.69,2100
"HAR",1696820700,3.69,3.69,3.7,3.69,8300
"HAR",1696821600,3.71,3.71,3.71,3.71,100
"HAR",1696821900,3.71,3.71,3.71,3.71,600
"HAR",1696822200,3.71,3.71,3.71,3.71,10000
"HAR",1696822500,3.71,3.71,3.71,3.71,12500
"HAR",1696823100,3.72,3.7,3.72,3.7,7500
"HAR",1696823400,3.68,3.71,3.71,3.68,3200
"HAR",1696823700,3.68,3.68,3.68,3.68,7600
"HAR",1696824300,3.68,3.68,3.68,3.68,800
"HAR",1696824600,3.67,3.68,3.68,3.67,2300
"HAR",1696824900,3.69,3.69,3.69,3.69,400
"HAR",1696825500,3.69,3.69,3.69,3.69,100
"HAR",1696833300,3.66,3.68,3.69,3.65,22300
"HAR",1696833600,3.65,3.65,3.65,3.65,1500
"HAR",1696833900,3.65,3.66,3.66,3.65,4900
"HAR",1696834200,3.65,3.65,3.65,3.65,9300
"HAR",1696834500,3.65,3.65,3.65,3.65,1700
"HAR",1696834800,3.65,3.65,3.65,3.65,2100
"HAR",1696835100,3.64,3.65,3.65,3.64,2300
"HAR",1696835400,3.65,3.67,3.67,3.65,1300
"HAR",1696835700,3.65,3.65,3.65,3.65,3800
"HAR",1696836000,3.64,3.65,3.66,3.64,6600
"HAR",1696836300,3.67,3.64,3.67,3.64,9700
"HAR",1696837500,3.67,3.67,3.67,3.67,1400
"HAR",1696904100,3.75,3.71,3.78,3.71,36100
"HAR",1696904400,3.72,3.75,3.75,3.72,19300
"HAR",1696904700,3.71,3.72,3.72,3.71,6700
"HAR",1696905300,3.74,3.74,3.74,3.74,10000
"HAR",1696905600,3.75,3.75,3.75,3.75,5000
"HAR",1696905900,3.75,3.75,3.76,3.75,18500
"HAR",1696906200,3.75,3.75,3.75,3.75,13300
"HAR",1696906500,3.73,3.74,3.74,3.72,5800
"HAR",1696906800,3.76,3.75,3.76,3.75,16800
"HAR",1696907100,3.76,3.76,3.76,3.76,400
"HAR",1696907400,3.76,3.76,3.76,3.76,800
"HAR",1696907700,3.77,3.76,3.77,3.76,14600
"HAR",1696908000,3.8,3.78,3.8,3.78,41700
"HAR",1696908300,3.8,3.8,3.82,3.8,16300
"HAR",1696908600,3.8,3.8,3.8,3.79,11000
"HAR",1696908900,3.83,3.81,3.83,3.81,17900
"HAR",1696909200,3.85,3.84,3.85,3.84,38600
"HAR",1696909500,3.85,3.85,3.88,3.85,32600
"HAR",1696909800,3.87,3.88,3.89,3.85,14600
"HAR",1696910100,3.88,3.87,3.88,3.86,11400
"HAR",1696910400,3.88,3.86,3.88,3.86,3500
"HAR",1696910700,3.85,3.87,3.87,3.85,4300
"HAR",1696911000,3.85,3.85,3.85,3.85,20300
"HAR",1696911300,3.81,3.85,3.85,3.81,1600
"HAR",1696911600,3.84,3.81,3.84,3.81,2500
"HAR",1696911900,3.82,3.84,3.84,3.82,200
"HAR",1696917600,3.83,3.83,3.84,3.82,1800
"HAR",1696917900,3.81,3.82,3.82,3.81,3500
"HAR",1696918200,3.82,3.82,3.82,3.82,600
"HAR",1696918500,3.83,3.81,3.83,3.81,19600
"HAR",1696918800,3.82,3.83,3.83,3.82,5700
"HAR",1696919100,3.82,3.82,3.82,3.82,3400
"HAR",1696919400,3.82,3.82,3.83,3.82,5100
"HAR",1696919700,3.82,3.82,3.82,3.82,7500
"HAR",1696920000,3.83,3.82,3.83,3.82,5900
"HAR",1696920300,3.82,3.83,3.83,3.82,9600
"HAR",1696920600,3.82,3.83,3.83,3.82,13200
"HAR",1696920900,3.81,3.82,3.82,3.81,1500
"HAR",1696921200,3.82,3.82,3.82,3.82,1600
"HAR",1696921500,3.82,3.82,3.82,3.82,5100
"HAR",1696921800,3.82,3.83,3.83,3.82,2100
"HAR",1696922100,3.82,3.83,3.85,3.82,8100
"HAR",1696922400,3.84,3.84,3.84,3.83,4000
"HAR",1696922700,3.9,3.84,3.9,3.84,55100
"HAR",1696923900,3.89,3.89,3.89,3.89,51000
"HAR",1696990500,3.95,3.94,3.97,3.93,38800
"HAR",1696990800,3.93,3.96,3.99,3.92,32400
"HAR",1696991100,3.9,3.92,3.92,3.9,17600
"HAR",1696991400,3.91,3.9,3.91,3.9,4300
"HAR",1696991700,3.9,3.91,3.91,3.9,4800
"HAR",1696992000,3.9,3.91,3.91,3.9,17400
"HAR",1696992300,3.89,3.9,3.91,3.89,45200
"HAR",1696992600,3.89,3.9,3.9,3.89,3700
"HAR",1696992900,3.9,3.89,3.9,3.89,2000
"HAR",1696993200,3.89,3.89,3.89,3.89,13300
"HAR",1696993500,3.89,3.89,3.89,3.89,5700
"HAR",1696993800,3.9,3.89,3.9,3.89,4100
"HAR",1696994100,3.89,3.89,3.89,3.89,3300
"HAR",1696994400,3.89,3.89,3.89,3.89,100
"HAR",1696994700,3.89,3.89,3.89,3.89,900
"HAR",1696995000,3.89,3.89,3.89,3.89,400
"HAR",1696995300,3.89,3.88,3.89,3.88,14300
"HAR",1696995600,3.89,3.89,3.89,3.89,200
"HAR",1696995900,3.89,3.89,3.89,3.88,4600
"HAR",1696996200,3.89,3.89,3.89,3.89,400
"HAR",1696996500,3.88,3.89,3.89,3.88,16600
"HAR",1696996800,3.88,3.88,3.88,3.88,1900
"HAR",1696997100,3.88,3.88,3.88,3.88,5700
"HAR",1696997400,3.89,3.89,3.89,3.89,100
"HAR",1696997700,3.89,3.89,3.89,3.89,3000
"HAR",1696998000,3.88,3.88,3.89,3.87,16300
"HAR",1696998300,3.88,3.88,3.88,3.88,6900
"HAR",1697004000,3.87,3.87,3.87,3.86,19000
"HAR",1697004300,3.87,3.87,3.87,3.87,100
"HAR",1697004600,3.87,3.87,3.87,3.86,5300
"HAR",1697004900,3.87,3.87,3.87,3.87,2700
"HAR",1697005200,3.85,3.87,3.87,3.85,14500
"HAR",1697005500,3.83,3.85,3.85,3.83,11100
"HAR",1697005800,3.84,3.83,3.84,3.82,15400
"HAR",1697006100,3.84,3.84,3.84,3.84,3100
"HAR",1697006400,3.81,3.86,3.86,3.81,20400
"HAR",1697006700,3.81,3.82,3.82,3.81,30000
"HAR",1697007000,3.86,3.85,3.86,3.85,1500
"HAR",1697007300,3.86,3.86,3.86,3.86,1000
"HAR",1697007600,3.86,3.86,3.86,3.86,5300
"HAR",1697007900,3.89,3.86,3.89,3.86,11700
"HAR",1697008500,3.88,3.88,3.88,3.88,800
"HAR",1697008800,3.88,3.88,3.88,3.88,1100
"HAR",1697009100,3.89,3.89,3.89,3.88,1500
"HAR",1697010300,3.89,3.89,3.89,3.89,10900
"HAR",1697076900,3.93,3.93,3.93,3.93,4800
"HAR",1697077200,3.91,3.92,3.92,3.91,700
"HAR",1697077500,3.93,3.93,3.93,3.93,200
"HAR",1697077800,3.91,3.92,3.92,3.91,12200
"HAR",1697078100,3.91,3.91,3.91,3.91,18200
"HAR",1697078400,3.93,3.92,3.94,3.92,2400
"HAR",1697078700,3.94,3.93,3.94,3.93,4600
"HAR",1697079000,3.95,3.94,3.95,3.94,3900
"HAR",1697079300,3.96,3.95,3.96,3.95,24400
"HAR",1697079600,4,3.96,4,3.96,20300
"HAR",1697079900,4,4,4,4,11900
"HAR",1697080200,3.97,3.98,3.98,3.97,6000
"HAR",1697080500,3.97,3.97,3.97,3.97,3600
"HAR",1697080800,3.98,3.98,3.98,3.98,1100
"HAR",1697081100,3.97,3.97,3.98,3.97,7400
"HAR",1697081400,3.96,3.97,3.97,3.96,1400
"HAR",1697082000,3.96,3.96,3.96,3.96,4400
"HAR",1697082300,3.93,3.95,3.95,3.93,25000
"HAR",1697082600,3.93,3.93,3.93,3.92,6400
"HAR",1697083500,3.99,3.95,3.99,3.95,20600
"HAR",1697083800,3.98,3.98,3.98,3.98,1800
"HAR",1697084100,3.95,3.97,3.97,3.95,2700
"HAR",1697084400,3.96,3.96,3.96,3.96,600
"HAR",1697084700,3.96,3.96,3.96,3.96,900
"HAR",1697090400,3.93,3.94,3.96,3.93,9300
"HAR",1697090700,3.92,3.93,3.93,3.92,31600
"HAR",1697091000,3.92,3.92,3.92,3.92,6700
"HAR",1697091300,3.93,3.93,3.93,3.92,3100
"HAR",1697091600,3.96,3.95,3.96,3.95,1600
"HAR",1697091900,3.93,3.93,3.93,3.93,300
"HAR",1697092500,3.9,3.93,3.93,3.9,78600
"HAR",1697092800,3.93,3.9,3.93,3.89,19800
"HAR",1697093100,3.93,3.9,3.93,3.9,200
"HAR",1697093400,3.9,3.9,3.9,3.9,200
"HAR",1697093700,3.91,3.91,3.91,3.9,9400
"HAR",1697094000,3.93,3.93,3.93,3.93,3000
"HAR",1697094300,3.89,3.91,3.91,3.89,7100
"HAR",1697094600,3.92,3.91,3.92,3.9,4100
"HAR",1697094900,3.95,3.92,3.95,3.92,2400
"HAR",1697095200,3.93,3.93,3.94,3.91,16300
"HAR",1697095500,3.9,3.9,3.91,3.9,17200
"HAR",1697096700,3.89,3.89,3.89,3.89,26800
